1.0,1.0,0.9,0.7,0.48,0.2,0.12,0.08,0.04,0.04,0.04,0.02,0.0,0.0,0.0,0.0,0.0,0.0,0.0,0.0,0.0,0.0,0.0,0.0,0.0,0.0,0.0,0.0,0.0,0.0,0.0,0.0,0.0,0.0,0.0,0.0,0.0,0.0,0.0,0.0,0.0,0.0,0.0,0.0,0.0,0.0,0.0,0.0,0.0,0.0
1.0,0.994,0.96,0.858,0.688,0.568,0.408,0.262,0.202,0.158,0.11,0.088,0.052,0.038,0.028,0.016,0.012,0.012,0.008,0.008,0.008,0.006,0.004,0.004,0.002,0.002,0.002,0.002,0.002,0.002,0.002,0.002,0.0,0.0,0.0,0.0,0.0,0.0,0.0,0.0,0.0,0.0,0.0,0.0,0.0,0.0,0.0,0.0,0.0,0.0
1.0,1.0,1.0,1.0,0.98,0.82,0.68,0.54,0.42,0.22,0.12,0.06,0.04,0.04,0.04,0.04,0.02,0.02,0.02,0.0,0.0,0.0,0.0,0.0,0.0,0.0,0.0,0.0,0.0,0.0,0.0,0.0,0.0,0.0,0.0,0.0,0.0,0.0,0.0,0.0,0.0,0.0,0.0,0.0,0.0,0.0,0.0,0.0,0.0,0.0
1.0,1.0,1.0,0.998,0.988,0.962,0.908,0.794,0.68,0.56,0.436,0.34,0.27,0.21,0.164,0.12,0.088,0.062,0.042,0.028,0.018,0.012,0.012,0.012,0.012,0.006,0.004,0.004,0.002,0.002,0.002,0.002,0.002,0.0,0.0,0.0,0.0,0.0,0.0,0.0,0.0,0.0,0.0,0.0,0.0,0.0,0.0,0.0,0.0,0.0
1.0,1.0,1.0,1.0,1.0,1.0,1.0,1.0,1.0,1.0,1.0,1.0,1.0,0.94,0.8,0.66,0.5,0.4,0.28,0.18,0.1,0.08,0.06,0.02,0.02,0.02,0.02,0.02,0.0,0.0,0.0,0.0,0.0,0.0,0.0,0.0,0.0,0.0,0.0,0.0,0.0,0.0,0.0,0.0,0.0,0.0,0.0,0.0,0.0,0.0
1.0,1.0,1.0,1.0,1.0,1.0,1.0,1.0,1.0,1.0,1.0,1.0,0.998,0.986,0.952,0.896,0.792,0.704,0.572,0.476,0.358,0.286,0.212,0.16,0.126,0.1,0.07,0.048,0.028,0.02,0.016,0.006,0.006,0.004,0.004,0.002,0.002,0.002,0.002,0.002,0.002,0.002,0.0,0.0,0.0,0.0,0.0,0.0,0.0,0.0
1.0,1.0,1.0,1.0,1.0,1.0,1.0,1.0,1.0,1.0,1.0,1.0,1.0,1.0,1.0,1.0,1.0,1.0,1.0,1.0,1.0,1.0,0.98,0.98,0.98,0.98,0.98,0.94,0.86,0.7,0.54,0.28,0.14,0.08,0.06,0.02,0.02,0.02,0.0,0.0,0.0,0.0,0.0,0.0,0.0,0.0,0.0,0.0,0.0,0.0
1.0,1.0,1.0,1.0,1.0,1.0,1.0,1.0,1.0,1.0,1.0,1.0,1.0,1.0,1.0,1.0,1.0,1.0,1.0,1.0,1.0,1.0,1.0,1.0,1.0,1.0,0.994,0.974,0.934,0.856,0.722,0.594,0.446,0.342,0.246,0.174,0.116,0.078,0.048,0.028,0.01,0.01,0.006,0.004,0.0,0.0,0.0,0.0,0.0,0.0
1.0,1.0,1.0,1.0,1.0,1.0,1.0,1.0,1.0,1.0,1.0,1.0,1.0,1.0,1.0,1.0,1.0,1.0,1.0,1.0,1.0,1.0,1.0,1.0,1.0,1.0,1.0,1.0,0.98,0.98,0.98,0.98,0.98,0.84,0.76,0.52,0.3,0.16,0.04,0.02,0.02,0.0,0.0,0.0,0.0,0.0,0.0,0.0,0.0,0.0
1.0,1.0,1.0,1.0,1.0,1.0,1.0,1.0,1.0,1.0,1.0,1.0,1.0,1.0,1.0,1.0,1.0,1.0,1.0,1.0,1.0,1.0,1.0,1.0,1.0,1.0,1.0,1.0,1.0,1.0,1.0,1.0,0.978,0.94,0.834,0.702,0.544,0.416,0.276,0.178,0.12,0.074,0.036,0.016,0.008,0.002,0.002,0.0,0.0,0.0
1.0,1.0,1.0,1.0,1.0,1.0,1.0,1.0,1.0,1.0,1.0,1.0,1.0,1.0,1.0,1.0,1.0,1.0,1.0,1.0,1.0,1.0,1.0,1.0,1.0,1.0,1.0,1.0,1.0,1.0,1.0,1.0,1.0,1.0,1.0,1.0,0.98,0.98,0.92,0.7,0.32,0.14,0.06,0.04,0.02,0.0,0.0,0.0,0.0,0.0
1.0,1.0,1.0,1.0,1.0,1.0,1.0,1.0,1.0,1.0,1.0,1.0,1.0,1.0,1.0,1.0,1.0,1.0,1.0,1.0,1.0,1.0,1.0,1.0,1.0,1.0,1.0,1.0,1.0,1.0,1.0,1.0,1.0,1.0,1.0,0.998,0.992,0.974,0.926,0.822,0.588,0.39,0.232,0.126,0.054,0.028,0.01,0.002,0.0,0.0
1.0,1.0,1.0,1.0,1.0,1.0,1.0,1.0,1.0,1.0,1.0,1.0,1.0,1.0,1.0,1.0,1.0,1.0,1.0,1.0,1.0,1.0,1.0,1.0,1.0,1.0,1.0,1.0,1.0,1.0,1.0,1.0,1.0,1.0,1.0,1.0,1.0,1.0,1.0,1.0,1.0,0.98,0.98,0.86,0.26,0.12,0.04,0.02,0.0,0.0
1.0,1.0,1.0,1.0,1.0,1.0,1.0,1.0,1.0,1.0,1.0,1.0,1.0,1.0,1.0,1.0,1.0,1.0,1.0,1.0,1.0,1.0,1.0,1.0,1.0,1.0,1.0,1.0,1.0,1.0,1.0,1.0,1.0,1.0,1.0,1.0,1.0,0.998,0.998,0.996,0.996,0.988,0.958,0.84,0.586,0.302,0.138,0.048,0.016,0.002
1.0,1.0,1.0,1.0,1.0,1.0,1.0,1.0,1.0,1.0,1.0,1.0,1.0,1.0,1.0,1.0,1.0,1.0,1.0,1.0,1.0,1.0,1.0,1.0,1.0,1.0,1.0,1.0,1.0,1.0,1.0,1.0,1.0,1.0,1.0,1.0,1.0,1.0,1.0,1.0,1.0,1.0,1.0,1.0,1.0,1.0,0.98,0.74,0.14,0.0
1.0,1.0,1.0,1.0,1.0,1.0,1.0,1.0,1.0,1.0,1.0,1.0,1.0,1.0,1.0,1.0,1.0,1.0,1.0,1.0,1.0,1.0,1.0,1.0,1.0,1.0,1.0,1.0,1.0,1.0,1.0,1.0,1.0,1.0,1.0,1.0,1.0,1.0,1.0,1.0,1.0,1.0,1.0,0.998,0.998,0.996,0.97,0.748,0.28,0.056
