13
210
67.0218794443 168.347438284 2.22881960869 4.87451171875 49.7263717651 15597824 0.201302959653 0.0 0.201302959653 2.22075840434 0.189391017764 -0.189391017764 2.22075840434 
174.717528805 165.852705519 1.98294889927 150.647491455 48.6139411926 23855104 0.254317915291 0.0 0.254317915291 -1.72837873894 0.972004769477 -0.972004769477 -1.72837873894 
74.2693530969 236.039457301 2.32271313667 121.897796631 47.774269104 18612480 0.18535693846 0.0 0.18535693846 -1.22733482892 1.97196489142 -1.97196489142 -1.22733482892 
171.239394177 157.900691281 2.19143342972 159.636367798 47.4920082092 14418176 0.208230065238 0.0 0.208230065238 -2.05447552977 0.762568537563 -0.762568537563 -2.05447552977 
167.611913034 150.043614613 1.97070884705 155.120941162 43.9200515747 23396352 0.257486857831 0.0 0.257486857831 -1.78782280738 0.829085622376 -0.829085622376 -1.78782280738 
67.2771676745 177.052453846 1.58462786674 359.224060059 43.5972862244 8388608 0.398240497646 0.0 0.398240497646 1.5844825547 -0.0214594945704 0.0214594945704 1.5844825547 
68.3240660627 192.8521708 1.70573318005 354.204650879 43.0882415771 12976128 0.343698633202 0.0 0.343698633202 1.69701502187 -0.17223732767 0.17223732767 1.69701502187 
173.586275564 187.859595248 1.89911830425 219.828598022 41.8911552429 20774912 0.277265580946 0.0 0.277265580946 -1.4584543568 -1.21637215632 1.21637215632 -1.4584543568 
88.9589300874 247.140016676 1.39348602295 122.97895813 41.7976150513 8388608 0.514985221201 0.0 0.514985221201 -0.758517635619 1.16895435865 -1.16895435865 -0.758517635619 
67.3884730006 184.357664839 1.93329560757 358.658111572 41.1817703247 22020096 0.267549085915 0.0 0.267549085915 1.93276541215 -0.0452743616812 0.0452743616812 1.93276541215 
106.251309305 63.4663211589 4.16242027283 20.4567260742 40.9593658447 10682625 0.0577175840172 0.0 0.0577175840172 3.89992316588 1.45476521399 -1.45476521399 3.89992316588 
69.3046591678 199.541983981 3.69444894791 350.305450439 39.3912315369 18743297 0.0732656928263 0.0 0.0732656928263 3.64169034276 -0.622128986748 0.622128986748 3.64169034276 
119.439335506 88.6657172001 2.93097853661 339.609649658 39.1856689453 18743808 0.116405827836 0.0 0.116405827836 2.74732542076 -1.02119450375 1.02119450375 2.74732542076 
146.697614039 131.54277695 2.25323033333 121.702438354 38.8610343933 16384256 0.196964891756 0.0 0.196964891756 -1.18409024792 1.91702300972 -1.91702300972 -1.18409024792 
138.546667801 128.176878472 1.2959895134 110.179367065 37.7859458923 8388608 0.59538381584 0.0 0.59538381584 -0.447064819124 1.21643818846 -1.21643818846 -0.447064819124 
76.5730718653 120.13865479 4.00386428833 116.151443481 37.6037445068 24576001 0.0623794157574 0.0 0.0623794157574 -1.76468434201 3.5939975532 -3.5939975532 -1.76468434201 
76.4285592982 121.437476178 1.94770908356 104.211288452 37.2825546265 22609920 0.263603893506 0.0 0.263603893506 -0.47815942838 1.88810334336 -1.88810334336 -0.47815942838 
92.5688786912 237.685624183 2.31396389008 337.270446777 36.0579681396 18350336 0.186761281466 0.0 0.186761281466 2.13425894605 -0.89407361877 0.89407361877 2.13425894605 
151.772769229 234.433584922 1.30430567265 109.533874512 35.6137199402 8388608 0.587815770799 0.0 0.587815770799 -0.436113006739 1.22923501945 -1.22923501945 -0.436113006739 
104.271894889 70.8511852508 1.54191792011 15.2105407715 34.5326957703 8388608 0.420607960882 0.0 0.420607960882 1.48790182606 0.404547930887 -0.404547930887 1.48790182606 
133.798839474 144.071124811 1.56901860237 347.156433105 34.3222312927 8388608 0.406203643664 0.0 0.406203643664 1.52976271418 -0.348777024585 0.348777024585 1.52976271418 
14.9091322269 178.264444413 1.44775176048 149.60218811 34.1252059937 8388608 0.477102614605 0.0 0.477102614605 -1.24873366035 0.732563584603 -0.732563584603 -1.24873366035 
131.376233689 131.713221164 4.17404460907 350.899780273 33.9628486633 10879233 0.0573965551693 0.0 0.0573965551693 4.12150674528 -0.66017463379 0.66017463379 4.12150674528 
60.7387104869 225.892267855 3.21763157845 129.19519043 33.9270248413 8781825 0.0965889330963 0.0 0.0965889330963 -2.03342812531 2.49365655891 -2.49365655891 -2.03342812531 
121.93109299 219.263094444 2.26285099983 122.182525635 32.9414749146 16711936 0.19529363252 0.0 0.19529363252 -1.20523556959 1.91517672011 -1.91517672011 -1.20523556959 
12.3343419272 172.264597286 1.45905137062 158.200256348 32.6623916626 8388608 0.469741396092 0.0 0.469741396092 -1.35471094257 0.541838688343 -0.541838688343 -1.35471094257 
18.4328972143 185.353946679 1.59038639069 145.233428955 32.1687393188 8388608 0.395361793872 0.0 0.395361793872 -1.30647387175 0.906892989344 -0.906892989344 -1.30647387175 
67.1184619466 118.048994553 1.74693202972 112.037200928 32.0974655151 14680064 0.327678528553 0.0 0.327678528553 -0.655463772883 1.61930193569 -1.61930193569 -0.655463772883 
70.2540912009 210.248266924 2.55093717575 347.607910156 32.0064048767 8651264 0.153674027714 0.0 0.153674027714 2.49150522464 -0.547432361332 0.547432361332 2.49150522464 
101.942090816 79.815133209 3.61853837967 356.55859375 31.8946743011 17235969 0.0763719067169 0.0 0.0763719067169 3.61201309836 -0.217212758424 0.217212758424 3.61201309836 
106.668177582 121.844290701 1.70084524155 32.5571899414 31.6597747803 12779520 0.345676934019 0.0 0.345676934019 1.43356543756 0.915294855184 -0.915294855184 1.43356543756 
57.0238600427 112.89466224 1.60037791729 114.417037964 31.3518486023 8388608 0.390440535431 0.0 0.390440535431 -0.661556574045 1.45724135869 -1.45724135869 -0.661556574045 
10.9762020716 168.271327236 1.38123738766 162.928436279 31.269651413 8388608 0.524159364451 0.0 0.524159364451 -1.32037845405 0.405484227982 -0.405484227982 -1.32037845405 
53.8792034812 74.9399916224 1.2903996706 181.131729126 30.8558940887 8388608 0.600553238091 0.0 0.600553238091 -1.29014794937 -0.0254868324065 0.0254868324065 -1.29014794937 
156.271477135 136.975358407 1.79024028778 137.829040527 30.5316867828 16449536 0.312016346582 0.0 0.312016346582 -1.32682757469 1.20186890925 -1.20186890925 -1.32682757469 
103.520070723 194.737226182 4.71721124649 135.728210449 29.9827213287 19726593 0.0449396152017 0.0 0.0449396152017 -3.37769553606 3.29290977855 -3.29290977855 -3.37769553606 
115.389384391 99.6853114189 8.36404418945 323.425323486 29.1291980743 11010306 0.0142944471304 0.0 0.0142944471304 6.71700426223 -4.9838829184 4.9838829184 6.71700426223 
19.544393947 101.264185242 1.34367573261 218.047302246 28.9810523987 8388608 0.553874093992 0.0 0.553874093992 -1.0581476054 -0.828123251452 0.828123251452 -1.0581476054 
163.625453099 188.295012246 1.78955554962 313.062530518 28.9518737793 16449536 0.312255166073 0.0 0.312255166073 1.2219015973 -1.30746531568 1.30746531568 1.2219015973 
160.831738384 187.334674404 2.87344527245 313.577636719 28.5297088623 17302016 0.121113942085 0.0 0.121113942085 1.98077167713 -2.08164149095 2.08164149095 1.98077167713 
102.1175863 80.2923974991 2.13384580612 359.423309326 28.2610740662 12452096 0.219621034385 0.0 0.219621034385 2.13373771999 -0.0214771176646 0.0214771176646 2.13373771999 
58.3404642166 60.035882889 2.02577733994 199.623855591 28.2470703125 8716544 0.243678146307 0.0 0.243678146307 -1.9081155388 -0.680344707917 0.680344707917 -1.9081155388 
112.805339604 51.6657674238 1.73391401768 31.033203125 27.8994827271 14155776 0.332617338955 0.0 0.332617338955 1.48573663332 0.893892877875 -0.893892877875 1.48573663332 
108.660545735 207.026100169 1.95595431328 130.661453247 27.8443717957 22872064 0.261386159119 0.0 0.261386159119 -1.27447676584 1.48373388752 -1.48373388752 -1.27447676584 
56.0363680555 67.8567120978 1.97982025146 189.496841431 27.6066074371 23789568 0.255122331625 0.0 0.255122331625 -1.95268621838 -0.326656946453 0.326656946453 -1.95268621838 
55.8505193257 75.5500063482 2.16943693161 185.55480957 27.3582992554 13697280 0.21247407231 0.0 0.21247407231 -2.15924937765 -0.209996965095 0.209996965095 -2.15924937765 
23.2649069835 151.734939497 1.45432162285 310.343688965 26.4047203064 8388608 0.472801752329 0.0 0.472801752329 0.941485844645 -1.10844746696 1.10844746696 0.941485844645 
24.3421902983 193.353870617 2.2804710865 138.082717896 26.0067977905 17301760 0.192287414255 0.0 0.192287414255 -1.6969215096 1.52348474447 -1.52348474447 -1.6969215096 
55.1761457308 65.1601549332 1.56869661808 191.136306763 25.9826431274 8388608 0.406370412195 0.0 0.406370412195 -1.53915879978 -0.302983941241 0.302983941241 -1.53915879978 
88.36186058 186.092815477 1.3153179884 139.183029175 25.2728214264 8388608 0.578014164049 0.0 0.578014164049 -0.995434602092 0.859750756647 -0.859750756647 -0.995434602092 
84.0698100536 122.966281117 1.26882696152 118.26550293 25.0977478027 8388608 0.621148159994 0.0 0.621148159994 -0.600863156689 1.11753537985 -1.11753537985 -0.600863156689 
67.3563823665 73.2881044839 6.09843635559 192.06741333 25.0329437256 21561857 0.0268882791585 0.0 0.0268882791585 -5.96367492666 -1.27495386281 1.27495386281 -5.96367492666 
53.288876023 83.9926004393 1.3660261631 188.361801147 24.9189224243 8388608 0.535897789095 0.0 0.535897789095 -1.35150463021 -0.198652240827 0.198652240827 -1.35150463021 
101.45709086 92.3244307922 3.54995083809 348.838989258 24.6472148895 15859713 0.0793515332217 0.0 0.0793515332217 3.48281098327 -0.687152535925 0.687152535925 3.48281098327 
24.1359552282 93.3098402144 1.7439353466 281.008178711 24.2283782959 14614528 0.328805625818 0.0 0.328805625818 0.333002913198 -1.7118468252 1.7118468252 0.333002913198 
84.408712781 146.164648363 5.39563131332 213.674179077 24.1806640625 12714497 0.0343491082902 0.0 0.0343491082902 -4.49026641414 -2.99171268663 2.99171268663 -4.49026641414 
96.8215957608 194.919430865 1.39098572731 139.962753296 22.4172935486 8388608 0.516838256098 0.0 0.516838256098 -1.0649754219 0.894800896479 -0.894800896479 -1.0649754219 
19.9814706428 121.069200989 2.64729547501 209.744384766 22.3323554993 11338240 0.142690534698 0.0 0.142690534698 -2.29850752356 -1.31340644743 1.31340644743 -2.29850752356 
16.3936326221 150.476085481 1.27618861198 278.635101318 21.4674873352 8388608 0.614002684885 0.0 0.614002684885 0.19160831186 -1.26172248462 1.26172248462 0.19160831186 
172.131624935 194.103973929 1.2654863596 127.522674561 20.7003688812 8388608 0.624431873802 0.0 0.624431873802 -0.77077654427 1.00367287755 -1.00367287755 -0.77077654427 
35.0242890641 208.030977604 1.34187364578 129.689468384 20.4509963989 8388608 0.555362757905 0.0 0.555362757905 -0.856955911954 1.03259452168 -1.03259452168 -0.856955911954 
135.523136844 99.7865538677 2.69350814819 271.776611328 20.0459251404 12583424 0.137836238429 0.0 0.137836238429 0.0835061558821 -2.69221337682 2.69221337682 0.0835061558821 
181.317829441 225.904449808 1.38735020161 193.187927246 19.6657676697 8388608 0.519550535488 0.0 0.519550535488 -1.35076161046 -0.316518014673 0.316518014673 -1.35076161046 
63.6634607559 38.1972950578 1.48105692863 210.974914551 19.4565620422 8388608 0.455886252099 0.0 0.455886252099 -1.26984742023 -0.762244813156 0.762244813156 -1.26984742023 
32.5082972913 203.788574607 2.3791975975 129.942596436 19.3159980774 20316416 0.176660304527 0.0 0.176660304527 -1.52749196971 1.82410237937 -1.82410237937 -1.52749196971 
116.112092915 128.32771779 2.05339384079 265.993347168 18.9626197815 9699584 0.237167671639 0.0 0.237167671639 -0.143475359188 -2.04837523093 2.04837523093 -0.143475359188 
132.025167754 113.916833408 3.32431173325 274.913604736 18.9564914703 11141121 0.0904891513252 0.0 0.0904891513252 0.284738936273 -3.31209484133 3.31209484133 0.284738936273 
86.8378907003 51.3357227644 1.50223743916 272.086120605 18.8454284668 8388608 0.443121515283 0.0 0.443121515283 0.054683890218 -1.50124181788 1.50124181788 0.054683890218 
39.0459698258 211.656753668 1.27503991127 129.951965332 18.6670379639 8388608 0.615109509897 0.0 0.615109509897 -0.818760708424 0.97742400097 -0.97742400097 -0.818760708424 
64.6672921327 231.126299637 1.28849983215 133.642028809 18.0546188354 8388608 0.602325524354 0.0 0.602325524354 -0.889258890989 0.9324432649 -0.9324432649 -0.889258890989 
68.892133769 226.217770991 1.53681015968 153.866897583 18.0070610046 8388608 0.423408482274 0.0 0.423408482274 -1.37970705589 0.676900219267 -0.676900219267 -1.37970705589 
58.7767976674 176.622021115 1.66540265083 2.22418212891 17.8006744385 11272192 0.360546676669 0.0 0.360546676669 1.66414797901 0.0646335313341 -0.0646335313341 1.66414797901 
57.3639199576 158.859101716 1.30697655678 300.74017334 17.1920623779 8388608 0.585415752795 0.0 0.585415752795 0.668055425889 -1.12333862566 1.12333862566 0.668055425889 
36.0642232992 188.954006184 2.59612488747 128.722473145 16.7538928986 9961984 0.148370936862 0.0 0.148370936862 -1.62400259184 2.02545797612 -2.02545797612 -1.62400259184 
61.059505904 217.662016321 2.10758018494 153.333435059 16.6675415039 11600128 0.225129178428 0.0 0.225129178428 -1.88340412471 0.945876915335 -0.945876915335 -1.88340412471 
68.1218435679 30.5528395151 1.77115082741 222.626541138 16.4795608521 15728640 0.318778415261 0.0 0.318778415261 -1.30318348173 -1.19945323642 1.19945323642 -1.30318348173 
57.9929576408 152.73115881 1.22625100613 312.674621582 16.3698959351 8388608 0.665030014489 0.0 0.665030014489 0.83119472568 -0.901558017006 0.901558017006 0.83119472568 
90.7153112645 37.7585083767 1.77469336987 46.1879272461 16.180311203 15859712 0.317507030602 0.0 0.317507030602 1.2286117726 1.28064423994 -1.28064423994 1.2286117726 
56.9671832118 92.7568961854 3.14042234421 165.518890381 16.0770015717 23724544 0.101396714392 0.0 0.101396714392 -3.04065155933 0.785296501154 -0.785296501154 -3.04065155933 
24.7794900943 160.012003897 1.66262090206 297.040100098 16.0398445129 11141120 0.36175415493 0.0 0.36175415493 0.75585071386 -1.48087742988 1.48087742988 0.75585071386 
85.3996902419 233.078462503 1.64205574989 306.459472656 15.8757610321 10223616 0.370872134853 0.0 0.370872134853 0.975798265633 -1.32066832723 1.32066832723 0.975798265633 
106.669919999 29.6211459078 2.38306355476 238.203125 15.6035385132 20447488 0.176087590288 0.0 0.176087590288 -1.25565868374 -2.02541679069 2.02541679069 -1.25565868374 
49.6642009248 207.788133601 2.07103395462 133.388305664 15.4957332611 10289408 0.233144707698 0.0 0.233144707698 -1.42267440633 1.50505121998 -1.50505121998 -1.42267440633 
66.3170866628 55.6921167253 1.57485306263 142.333679199 15.1734447479 8388608 0.403199440968 0.0 0.403199440968 -1.246626691 0.962332615144 -0.962332615144 -1.246626691 
91.5316602626 68.4353291998 2.05471849442 46.8179931641 14.8622922897 9765120 0.236861971615 0.0 0.236861971615 1.4060811525 1.49826696015 -1.49826696015 1.4060811525 
44.8414131273 112.726061453 1.12640964985 98.9829101562 14.8471069336 8388608 0.788147087929 0.0 0.788147087929 -0.175877440853 1.11259418706 -1.11259418706 -0.175877440853 
36.722079418 80.8968594011 1.72320127487 288.516296387 14.818107605 13697024 0.336765803778 0.0 0.336765803778 0.547244561139 -1.63399694737 1.63399694737 0.547244561139 
154.873471901 120.476269047 2.95437979698 278.151977539 14.7442874908 19268096 0.114569060137 0.0 0.114569060137 0.41892899512 -2.92452705268 2.92452705268 0.41892899512 
83.8477693218 99.1735400591 1.51759123802 35.6897583008 14.5637235641 8388608 0.434200559877 0.0 0.434200559877 1.23256912337 0.885356720102 -0.885356720102 1.23256912337 
117.073332336 26.0938184426 1.42535066605 261.822753906 14.5052242279 8388608 0.492216937513 0.0 0.492216937513 -0.202735966467 -1.41085883387 1.41085883387 -0.202735966467 
148.652372115 115.814990879 3.39358139038 272.185882568 14.4737052917 12582913 0.0868327310863 0.0 0.0868327310863 0.129436603173 -3.39111203278 3.39111203278 0.129436603173 
152.590456837 120.479581648 1.52405309677 136.674499512 14.4642314911 8388608 0.43052641672 0.0 0.43052641672 -1.10869902019 1.04571713404 -1.04571713404 -1.10869902019 
67.3781388214 18.3724230975 1.32780456543 220.13772583 14.4139289856 8388608 0.567194074202 0.0 0.567194074202 -1.01510276408 -0.855938866004 0.855938866004 -1.01510276408 
104.78141736 42.7039608871 1.7941275835 243.830535889 14.3544149399 16646144 0.310665733795 0.0 0.310665733795 -0.79125977265 -1.61021792254 1.61021792254 -0.79125977265 
19.5601833983 83.8869087544 2.01091647148 225.205780029 14.341545105 24903680 0.247293064871 0.0 0.247293064871 -1.41681658679 -1.42703041827 1.42703041827 -1.41681658679 
59.1662007443 203.331484003 2.05918931961 177.913360596 14.1656236649 9896192 0.235834558674 0.0 0.235834558674 -2.05782389469 0.0749764791272 -0.0749764791272 -2.05782389469 
75.2891434583 22.5572123157 2.25942325592 230.037384033 14.1181983948 16580864 0.195886637253 0.0 0.195886637253 -1.45119964992 -1.73176586913 1.73176586913 -1.45119964992 
60.8588942975 191.564079958 1.44527292252 187.297988892 14.0739450455 8388608 0.478740608741 0.0 0.478740608741 -1.43356462494 -0.183592719552 0.183592719552 -1.43356462494 
45.4826439106 83.5155876758 1.5986238718 194.266067505 14.0379600525 8388608 0.391297805471 0.0 0.391297805471 -1.54932525725 -0.393941024462 0.393941024462 -1.54932525725 
151.093841968 212.937166517 1.44469439983 91.4691772461 13.9046440125 8388608 0.479124105424 0.0 0.479124105424 -0.0370407658221 1.44421947452 -1.44421947452 -0.0370407658221 
28.3039075985 86.7023623628 1.37406897545 299.232452393 13.8687095642 8388608 0.529642628338 0.0 0.529642628338 0.671032087145 -1.19907526341 1.19907526341 0.671032087145 
36.2894275998 199.788312463 1.56297910213 124.851989746 13.8185157776 8388608 0.409348927983 0.0 0.409348927983 -0.893177594858 1.28262911933 -1.28262911933 -0.893177594858 
117.489869283 143.460717511 3.40729236603 344.964599609 13.7448549271 12910593 0.08613530573 0.0 0.08613530573 3.29064619822 -0.883905461996 0.883905461996 3.29064619822 
60.1648476817 25.2323390146 1.79414129257 216.419677734 13.6714859009 16646144 0.310660986207 0.0 0.310660986207 -1.44372745869 -1.06517322663 1.06517322663 -1.44372745869 
83.5100912794 93.3836504926 1.35781383514 3.09423828125 13.6494989395 8388608 0.542399825306 0.0 0.542399825306 1.3558342831 0.0732926168289 -0.0732926168289 1.3558342831 
25.0023373674 166.501802613 1.27929031849 295.988250732 13.5622425079 8388608 0.611028930817 0.0 0.611028930817 0.560568166503 -1.14993349794 1.14993349794 0.560568166503 
173.09087526 116.440927651 1.78324627876 329.089660645 13.5612182617 16187392 0.31446864341 0.0 0.31446864341 1.52997576906 -0.916046634632 0.916046634632 1.52997576906 
146.380616716 99.4238119987 2.35940623283 286.920074463 13.4090690613 19726592 0.179636487805 0.0 0.179636487805 0.686675479596 -2.25727148506 2.25727148506 0.686675479596 
156.870953885 219.176643514 4.16181755066 111.970901489 13.3909893036 10682625 0.0577343027638 0.0 0.0577343027638 -1.55708436055 3.8595613247 -3.8595613247 -1.55708436055 
73.0670795083 47.8233120831 1.45475494862 143.796813965 13.282787323 8388608 0.472520128721 0.0 0.472520128721 -1.173881729 0.85925179479 -0.85925179479 -1.173881729 
41.3044613581 197.568998627 2.35462069511 131.780792236 12.8324432373 19595520 0.180367417228 0.0 0.180367417228 -1.56884261128 1.75583925201 -1.75583925201 -1.56884261128 
117.221174981 141.593493141 2.43384385109 338.415405273 12.7704658508 21954816 0.168816377471 0.0 0.168816377471 2.26317159987 -0.8953492062 0.8953492062 2.26317159987 
81.6637704043 97.9792845528 3.83981084824 215.284622192 12.4477672577 21561345 0.0678235218522 0.0 0.0678235218522 -3.13440938755 -2.21802280003 2.21802280003 -3.13440938755 
92.8173114088 128.637401233 1.35295629501 151.350082397 12.373301506 8388608 0.546301590177 0.0 0.546301590177 -1.18730789365 0.648683822752 -0.648683822752 -1.18730789365 
96.8048330183 23.4749934085 1.56436955929 269.757995605 12.3632888794 8388608 0.408621568916 0.0 0.408621568916 -0.00660752302461 -1.56435560493 1.56435560493 -0.00660752302461 
55.4498230737 213.775058497 1.19538128376 152.613693237 12.2174053192 8388608 0.699821203034 0.0 0.699821203034 -1.06140933745 0.549860556805 -0.549860556805 -1.06140933745 
73.5507307477 58.1759920995 1.97665309906 269.092559814 12.0356311798 23658496 0.255940541595 0.0 0.255940541595 -0.0313045652544 -1.97640519586 1.97640519586 -0.0313045652544 
183.610069664 144.735923668 1.42995238304 341.221221924 12.0342979431 8388608 0.489054037103 0.0 0.489054037103 1.3538339585 -0.460323180586 0.460323180586 1.3538339585 
49.7581569068 38.015628744 2.98784685135 201.134765625 11.7729644775 20120064 0.112016844376 0.0 0.112016844376 -2.78686911229 -1.07730652931 1.07730652931 -2.78686911229 
59.8324487949 146.570882402 1.10816633701 198.191055298 11.7394199371 8388608 0.814310609647 0.0 0.814310609647 -1.05278106998 -0.345954692392 0.345954692392 -1.05278106998 
11.4529307485 100.951587104 1.27272677422 189.171722412 11.7187080383 8388608 0.61734742239 0.0 0.61734742239 -1.25645502876 -0.202864985939 0.202864985939 -1.25645502876 
149.626164741 111.076911997 1.93328070641 350.67376709 11.6616783142 22020096 0.267553210311 0.0 0.267553210311 1.90772587233 -0.313299035767 0.313299035767 1.90772587233 
69.0641866177 70.5545570243 1.75765228271 45.3320617676 11.6565189362 15138816 0.323693571853 0.0 0.323693571853 1.23562400252 1.25002994817 -1.25002994817 1.23562400252 
74.8390939692 38.805635632 1.99872779846 247.141891479 11.6424217224 24444928 0.25031835411 0.0 0.25031835411 -0.776406466466 -1.84176703499 1.84176703499 -0.776406466466 
78.4405915839 78.8854452245 2.04270386696 92.9959106445 11.6347007751 9306368 0.23965648092 0.0 0.23965648092 -0.106761266406 2.03991203734 -2.03991203734 -0.106761266406 
93.0860908018 79.337736878 1.63529479504 100.665771484 11.4615974426 9961472 0.373945138159 0.0 0.373945138159 -0.30265965604 1.60704268745 -1.60704268745 -0.30265965604 
65.2284516865 108.978170929 1.61175537109 276.643585205 11.1445245743 8912896 0.384947716457 0.0 0.384947716457 0.186468461376 -1.60093250612 1.60093250612 0.186468461376 
166.152478615 119.046707999 1.38323152065 157.239776611 10.939868927 8388608 0.522649147207 0.0 0.522649147207 -1.27552198699 0.535138393711 -0.535138393711 -1.27552198699 
109.459568515 20.1092757398 1.3408010006 253.577850342 10.8330192566 8388608 0.556251697386 0.0 0.556251697386 -0.379060923477 -1.28610269399 1.28610269399 -0.379060923477 
57.152244832 120.502018353 1.50513923168 120.389709473 10.4845046997 8388608 0.441414554004 0.0 0.441414554004 -0.761418096711 1.29833993574 -1.29833993574 -0.761418096711 
126.938063245 210.329226669 2.28357052803 50.5114440918 10.3078784943 17367296 0.191765793283 0.0 0.191765793283 1.45217749982 1.76234924618 -1.76234924618 1.45217749982 
58.2370660201 164.632640757 1.28954720497 292.209106445 10.2067518234 8388608 0.601347501701 0.0 0.601347501701 0.487433288392 -1.19387636848 1.19387636848 0.487433288392 
50.9587372667 49.8830415525 1.49036622047 193.275512695 10.0503120422 8388608 0.450208823957 0.0 0.450208823957 -1.45053931821 -0.34223845118 0.34223845118 -1.45053931821 
78.1127911086 87.0825234208 1.30509364605 144.893280029 10.0393123627 8388608 0.587106176713 0.0 0.587106176713 -1.06767397507 0.750560928847 -0.750560928847 -1.06767397507 
80.8812934347 32.9796228493 1.34604740143 148.434570312 9.94569396973 8388608 0.551924016066 0.0 0.551924016066 -1.14689017755 0.704618001134 -0.704618001134 -1.14689017755 
98.7965525791 107.850707739 2.62313771248 350.149536133 9.93892478943 10682880 0.145330851278 0.0 0.145330851278 2.58446637354 -0.448759426296 0.448759426296 2.58446637354 
66.0435521065 83.363190418 1.64389288425 69.5509033203 9.93552017212 10289152 0.370043660891 0.0 0.370043660891 0.574335199695 1.54029961153 -1.54029961153 0.574335199695 
47.1060439926 49.6881354591 2.76502537727 196.947174072 9.92237091064 14483968 0.130798196806 0.0 0.130798196806 -2.64495114245 -0.805976917163 0.805976917163 -2.64495114245 
92.6483735147 115.253604017 1.23286879063 82.2023010254 9.86968708038 8388608 0.657909689181 0.0 0.657909689181 0.167270439031 1.22146881054 -1.22146881054 0.167270439031 
43.790812885 223.625487317 1.27732384205 130.518218994 9.86326599121 8388608 0.612911771935 0.0 0.612911771935 -0.829864284852 0.971020837157 -0.971020837157 -0.829864284852 
151.129846016 189.064047303 1.68240976334 132.750732422 9.79146194458 11993088 0.353294144949 0.0 0.353294144949 -1.14203679428 1.23541676056 -1.23541676056 -1.14203679428 
55.5899660517 148.568466535 3.25676512718 267.874450684 9.68313026428 9633793 0.094281638601 0.0 0.094281638601 -0.120791221094 -3.25452432385 3.25452432385 -0.120791221094 
144.404525783 115.575084003 1.38813436031 121.361404419 9.62937927246 8388608 0.518963711886 0.0 0.518963711886 -0.722433073955 1.18533010421 -1.18533010421 -0.722433073955 
114.751914313 111.103744452 1.41568684578 37.3846740723 9.6116733551 8388608 0.498959856977 0.0 0.498959856977 1.12487228869 0.859553127768 -0.859553127768 1.12487228869 
58.0649029495 105.827142571 1.30926716328 246.064620972 9.58957862854 8388608 0.583369135969 0.0 0.583369135969 -0.53117760073 -1.19667491881 1.19667491881 -0.53117760073 
54.634091012 131.514547241 1.94225382805 47.7154846191 9.50815200806 22347776 0.265086754377 0.0 0.265086754377 1.30677284406 1.43690454331 -1.43690454331 1.30677284406 
137.494574942 86.6632506613 2.53218483925 270.443603516 9.49292373657 24838400 0.155958550993 0.0 0.155958550993 0.0196048449665 -2.53210894516 2.53210894516 0.0196048449665 
95.8023781451 217.450270832 4.59571743011 132.487487793 9.27546310425 17826049 0.0473470978443 0.0 0.0473470978443 -3.10408168045 3.38899625531 -3.38899625531 -3.10408168045 
145.039771166 138.535523335 1.48572874069 121.259979248 9.19414901733 8388608 0.453023729117 0.0 0.453023729117 -0.770977553804 1.27003287455 -1.27003287455 -0.770977553804 
116.722191618 223.709221428 1.36899459362 120.644851685 9.16471481323 8388608 0.53357630339 0.0 0.53357630339 -0.69779715706 1.17780530011 -1.17780530011 -0.69779715706 
65.1926641566 91.6243650152 2.00800347328 206.694976807 9.01912307739 24772608 0.248011078337 0.0 0.248011078337 -1.7939719438 -0.902076833513 0.902076833513 -1.7939719438 
118.625175807 14.0563538048 1.38700854778 303.086364746 9.0101890564 8388608 0.519806522791 0.0 0.519806522791 0.757171551914 -1.16210324524 1.16210324524 0.757171551914 
126.406060668 201.623346778 1.74215817451 29.5971984863 8.79668045044 14483456 0.329476795902 0.0 0.329476795902 1.51483977324 0.860450792577 -0.860450792577 1.51483977324 
157.877551949 194.500453361 1.56859219074 148.174224854 8.77712917328 8388608 0.406424521342 0.0 0.406424521342 -1.33276306062 0.827178387714 -0.827178387714 -1.33276306062 
76.6465864481 110.915146119 1.31338274479 133.581390381 8.7740240097 8388608 0.579718803974 0.0 0.579718803974 -0.905425440177 0.951408958645 -0.951408958645 -0.905425440177 
18.6809912704 198.568892142 1.32807552814 139.382232666 8.64593887329 8388608 0.566962652472 0.0 0.566962652472 -1.00810158294 0.864589964629 -0.864589964629 -1.00810158294 
157.388953999 216.044791728 1.35087347031 311.075317383 8.4596862793 8388608 0.547987503275 0.0 0.547987503275 0.887592163424 -1.01835125777 1.01835125777 0.887592163424 
81.5938826428 67.6231385193 1.500218153 156.410308838 8.41199111938 8388608 0.444315196789 0.0 0.444315196789 -1.37485204318 0.600363528168 -0.600363528168 -1.37485204318 
49.4138255299 184.986029536 1.51389312744 134.056625366 8.39693641663 8388608 0.436324465283 0.0 0.436324465283 -1.05271428043 1.08796371497 -1.08796371497 -1.05271428043 
45.7320678284 130.820303091 1.35932481289 30.5356445312 8.22881698608 8388608 0.541194670271 0.0 0.541194670271 1.17080446803 0.690637998221 -0.690637998221 1.17080446803 
145.370208237 103.935891661 1.30567216873 251.330474854 8.13984680176 8388608 0.586586017058 0.0 0.586586017058 -0.417957590965 -1.23696857856 1.23696857856 -0.417957590965 
88.386498228 27.9153554389 2.09234857559 272.109466553 8.09536361694 11075840 0.22841884156 0.0 0.22841884156 0.077016881584 -2.09093064489 2.09093064489 0.077016881584 
36.5999843632 178.278007664 1.82800853252 77.4614562988 8.02070999146 18022400 0.299256479771 0.0 0.299256479771 0.396853949809 1.78441086566 -1.78441086566 0.396853949809 
128.8591099 159.074767976 1.40496659279 109.161895752 7.97623634338 8388608 0.506603288431 0.0 0.506603288431 -0.461164157406 1.32712423939 -1.32712423939 -0.461164157406 
66.1889542094 76.999093355 1.50698244572 357.09286499 7.9683380127 8388608 0.440335412137 0.0 0.440335412137 1.50504303335 -0.0764300952898 0.0764300952898 1.50504303335 
46.3328104678 156.361447459 1.31160569191 301.093292236 7.80526542664 8388608 0.581290753322 0.0 0.581290753322 0.677356567148 -1.12316408952 1.12316408952 0.677356567148 
121.498531771 104.846106369 1.28618919849 39.9675292969 7.66386985779 8388608 0.604491619003 0.0 0.604491619003 0.985746464386 0.826187970302 -0.826187970302 0.985746464386 
20.3024405571 206.484313488 2.05923366547 137.779632568 7.61166381836 9896192 0.23582440133 0.0 0.23582440133 -1.5249979591 1.3837718431 -1.3837718431 -1.5249979591 
143.391046934 177.459058841 1.348747015 125.795516968 7.60990715027 8388608 0.549716796484 0.0 0.549716796484 -0.788874323314 1.09398163261 -1.09398163261 -0.788874323314 
97.5159368816 112.888103799 1.25065660477 358.292694092 7.39633274078 8388608 0.63932816612 0.0 0.63932816612 1.25010139976 -0.0372616875271 0.0372616875271 1.25010139976 
155.031470514 222.386052294 1.27132058144 106.939712524 7.17446327209 8388608 0.618713859154 0.0 0.618713859154 -0.370418708836 1.21616035165 -1.21616035165 -0.370418708836 
47.0453568915 70.5915581392 1.3450782299 188.483886719 7.09061813354 8388608 0.552719660123 0.0 0.552719660123 -1.330359567 -0.198441092168 0.198441092168 -1.330359567 
151.114582848 199.378427552 2.60418319702 292.566345215 6.90253829956 10158592 0.147454128018 0.0 0.147454128018 0.999363049019 -2.40479596222 2.40479596222 0.999363049019 
38.1100595265 124.171584518 4.49085998535 122.407501221 6.75959014893 16187649 0.0495839327709 0.0 0.0495839327709 -2.40681951284 3.79144342443 -3.79144342443 -2.40681951284 
83.9402258806 191.661882906 1.34462082386 138.462554932 6.38808441162 8388608 0.55309576662 0.0 0.55309576662 -1.00647895723 0.891630679493 -0.891630679493 -1.00647895723 
98.6299714481 207.912184656 1.27958405018 133.234100342 6.31837844849 8388608 0.610748436604 0.0 0.610748436604 -0.876490557534 0.932255138911 -0.932255138911 -0.876490557534 
135.910781652 172.67199706 1.93632042408 119.192382812 5.96213340759 22151168 0.266713836985 0.0 0.266713836985 -0.944427902528 1.69038241875 -1.69038241875 -0.944427902528 
107.178468596 11.9675772711 1.31757211685 261.047973633 5.78408432007 8388608 0.576038099696 0.0 0.576038099696 -0.205023999059 -1.30152274007 1.30152274007 -0.205023999059 
116.237371494 19.6009699424 1.2336165905 260.165649414 5.67529678345 8388608 0.657112300967 0.0 0.657112300967 -0.210702023234 -1.21548942807 1.21548942807 -0.210702023234 
14.2869696594 112.251764006 1.36657500267 152.510131836 5.61345291138 8388608 0.535467424353 0.0 0.535467424353 -1.21227839745 0.630799750316 -0.630799750316 -1.21227839745 
148.710186893 217.694699783 1.37284290791 107.618652344 5.60760307312 8388608 0.530589084203 0.0 0.530589084203 -0.415532339848 1.3084458431 -1.3084458431 -0.415532339848 
112.356894604 146.558263969 1.42230701447 110.774932861 5.51040267944 8388608 0.494325820906 0.0 0.494325820906 -0.504489365754 1.32982996027 -1.32982996027 -0.504489365754 
109.0172363 86.2765691387 1.47277581692 187.932495117 5.19175720215 8388608 0.461027372219 0.0 0.461027372219 -1.45868334459 -0.203252323785 0.203252323785 -1.45868334459 
122.386933144 163.332448918 2.59524321556 100.73840332 5.01707172394 9896448 0.148471764951 0.0 0.148471764951 -0.483559169639 2.54979565404 -2.54979565404 -0.483559169639 
142.000085169 208.621782311 1.77327120304 130.837799072 4.96740531921 15794176 0.318016517291 0.0 0.318016517291 -1.1595772661 1.34159283073 -1.34159283073 -1.1595772661 
90.609078471 200.181959859 1.73012363911 139.091674805 4.75272369385 14024704 0.334076340652 0.0 0.334076340652 -1.30755534525 1.13297256176 -1.13297256176 -1.30755534525 
147.800117578 172.506952668 2.38444447517 320.052642822 4.50689315796 20513024 0.175883691613 0.0 0.175883691613 1.82799789133 -1.53101246385 1.53101246385 1.82799789133 
120.616787321 194.099819319 1.31420207024 359.016448975 4.41159820557 8388608 0.578996190125 0.0 0.578996190125 1.31400844141 -0.022558752544 0.022558752544 1.31400844141 
128.041642088 48.6127257501 1.39092576504 4.32073974609 4.37748336792 8388608 0.516882818453 0.0 0.516882818453 1.38697265336 0.104791901826 -0.104791901826 1.38697265336 
150.364729965 61.7848292374 5.04492950439 273.896484375 4.34833908081 24576257 0.0392907026968 0.0 0.0392907026968 0.342823509822 -5.03326789923 5.03326789923 0.342823509822 
140.460423055 163.421575352 2.62605762482 321.474822998 4.29692459106 10748416 0.145007844332 0.0 0.145007844332 2.05445557063 -1.6356622381 1.6356622381 2.05445557063 
159.39991911 82.9172864091 1.31101036072 25.8753051758 4.2403678894 8388608 0.581818802681 0.0 0.581818802681 1.17957627503 0.572143318847 -0.572143318847 1.17957627503 
81.0782530735 207.90311344 1.42545723915 32.6936340332 4.20704650879 8388608 0.492143339898 0.0 0.492143339898 1.19962319094 0.769956193828 -0.769956193828 1.19962319094 
90.6327799054 215.082090848 1.65664482117 175.829803467 4.16132354736 10878976 0.364368802765 0.0 0.364368802765 -1.65225875214 0.120470243158 -0.120470243158 -1.65225875214 
121.456322084 66.2970246334 1.21430718899 72.7057189941 4.04246520996 8388608 0.678176704653 0.0 0.678176704653 0.36098872249 1.15940894057 -1.15940894057 0.36098872249 
139.84261537 26.2420910271 2.21009683609 4.85974121094 3.72646713257 15008000 0.204728070942 0.0 0.204728070942 2.20215168891 0.187232379512 -0.187232379512 2.20215168891 
107.403158469 235.364795396 1.63053786755 283.333007812 3.70762252808 9699328 0.376130214286 0.0 0.376130214286 0.376018896048 -1.58658864465 1.58658864465 0.376018896048 
105.315161679 231.184825869 1.6277602911 89.6786499023 3.6689453125 9568256 0.377414951091 0.0 0.377414951091 0.00912943659315 1.62773468927 -1.62773468927 0.00912943659315 
167.226666523 226.361923691 1.24753797054 306.999359131 3.66766738892 8388608 0.642528586254 0.0 0.642528586254 0.750775948373 -0.996336521107 0.996336521107 0.750775948373 
142.718369087 19.7780484191 2.52622652054 356.502685547 3.64631271362 24707328 0.156695101419 0.0 0.156695101419 2.52152182473 -0.154104251931 0.154104251931 2.52152182473 
183.052257473 89.462274242 1.25232374668 335.467163086 3.55577087402 8388608 0.637627102263 0.0 0.637627102263 1.13926828644 -0.519983209357 0.519983209357 1.13926828644 
135.312387641 39.0358529562 1.2455343008 0.56640625 3.55307769775 8388608 0.644597498535 0.0 0.644597498535 1.24547344066 0.0123127205529 -0.0123127205529 1.24547344066 
160.154241064 71.2544515223 1.59156620502 276.303894043 3.55099487305 8388608 0.394775854534 0.0 0.394775854534 0.174756936424 -1.58194279231 1.58194279231 0.174756936424 
137.619412491 58.6059668404 1.65921092033 3.52481079102 3.54880523682 11010048 0.363242624725 0.0 0.363242624725 1.65607213959 0.102009541916 -0.102009541916 1.65607213959 
135.335107532 61.8497157627 1.25537145138 355.489685059 3.54763031006 8388608 0.634534885679 0.0 0.634534885679 1.25148380779 -0.0987206147178 0.0987206147178 1.25148380779 
168.99411476 71.7554374218 1.63595068455 336.590393066 3.544506073 9961472 0.373645352194 0.0 0.373645352194 1.50129234772 -0.649966098311 0.649966098311 1.50129234772 
135.15688829 53.7061852354 1.22748315334 4.97338867188 3.54145431519 8388608 0.663695570729 0.0 0.663695570729 1.22286176592 0.106414252817 -0.106414252817 1.22286176592 
137.82724429 200.920664779 1.6052942276 315.60723877 2.61054801941 8585216 0.388052702144 0.0 0.388052702144 1.14708076038 -1.12302060815 1.12302060815 1.14708076038 
129.419095699 193.336592705 1.91196119785 327.153961182 1.52193260193 21233664 0.273553232736 0.0 0.273553232736 1.60629797626 -1.03701612021 1.03701612021 1.60629797626 
106.661562677 157.61374861 1.38446247578 350.900726318 1.35214710236 8388608 0.521720163366 0.0 0.521720163366 1.36704013913 -0.218946579888 0.218946579888 1.36704013913 
