13
153
67.0218794443 168.347438284 2.22881960869 132.22114436 49.7263717651 15597824 0.201302959653 0.0 0.201302959653 -1.49775324619 1.65056719391 -1.65056719391 -1.49775324619 
74.2693530969 236.039457301 2.32271313667 156.686497105 47.774269104 18612480 0.18535693846 0.0 0.18535693846 -2.13307089691 0.919241461227 -0.919241461227 -2.13307089691 
67.2771676745 177.052453846 1.58462786674 132.474034268 43.5972862244 8388608 0.398240497646 0.0 0.398240497646 -1.07002949596 1.16879525745 -1.16879525745 -1.07002949596 
68.3240660627 192.8521708 1.70573318005 131.79884474 43.0882415771 12976128 0.343698633202 0.0 0.343698633202 -1.13690091081 1.27160607128 -1.27160607128 -1.13690091081 
88.9589300874 247.140016676 1.39348602295 152.635437659 41.7976150513 8388608 0.514985221201 0.0 0.514985221201 -1.23755472884 0.640516658081 -0.640516658081 -1.23755472884 
67.3884730006 184.357664839 1.93329560757 131.328661123 41.1817703247 22020096 0.267549085915 0.0 0.267549085915 -1.27670470927 1.45177718386 -1.45177718386 -1.27670470927 
69.3046591678 199.541983981 3.69444894791 129.377915216 39.3912315369 18743297 0.0732656928263 0.0 0.0732656928263 -2.34387890408 2.85572840299 -2.85572840299 -2.34387890408 
119.439335506 88.6657172001 2.93097853661 128.753077575 39.1856689453 18743808 0.116405827836 0.0 0.116405827836 -1.83469104026 2.285726136 -2.285726136 -1.83469104026 
146.697614039 131.54277695 2.25323033333 149.093499285 38.8610343933 16384256 0.196964891756 0.0 0.196964891756 -1.9332865748 1.15734608252 -1.15734608252 -1.9332865748 
138.546667801 128.176878472 1.2959895134 144.257635022 37.7859458923 8388608 0.59538381584 0.0 0.59538381584 -1.05189225981 0.757041275346 -0.757041275346 -1.05189225981 
76.5730718653 120.13865479 4.00386428833 141.166050903 37.6037445068 24576001 0.0623794157574 0.0 0.0623794157574 -3.11887635395 2.51068507148 -2.51068507148 -3.11887635395 
76.4285592982 121.437476178 1.94770908356 140.099375866 37.2825546265 22609920 0.263603893506 0.0 0.263603893506 -1.49420092519 1.24937355075 -1.24937355075 -1.49420092519 
92.5688786912 237.685624183 2.31396389008 144.393077402 36.0579681396 18350336 0.186761281466 0.0 0.186761281466 -1.88132303752 1.34723884781 -1.34723884781 -1.88132303752 
151.772769229 234.433584922 1.30430567265 143.761874519 35.6137199402 8388608 0.587815770799 0.0 0.587815770799 -1.05201009026 0.771030516699 -0.771030516699 -1.05201009026 
104.271894889 70.8511852508 1.54191792011 130.485457579 34.5326957703 8388608 0.420607960882 0.0 0.420607960882 -1.00109795992 1.1727377145 -1.1727377145 -1.00109795992 
133.798839474 144.071124811 1.56901860237 130.650211096 34.3222312927 8388608 0.406203643664 0.0 0.406203643664 -1.02212046457 1.1904155285 -1.1904155285 -1.02212046457 
60.7387104869 225.892267855 3.21763157845 156.381375964 33.9270248413 8781825 0.0965889330963 0.0 0.0965889330963 -2.94809877772 1.28913403935 -1.28913403935 -2.94809877772 
121.93109299 219.263094444 2.26285099983 152.041137222 32.9414749146 16711936 0.19529363252 0.0 0.19529363252 -1.99874107012 1.06090941276 -1.06090941276 -1.99874107012 
67.1184619466 118.048994553 1.74693202972 143.225748757 32.0974655151 14680064 0.327678528553 0.0 0.327678528553 -1.39929341467 1.04582477315 -1.04582477315 -1.39929341467 
70.2540912009 210.248266924 2.55093717575 132.451374756 32.0064048767 8651264 0.153674027714 0.0 0.153674027714 -1.72179142005 1.88221007873 -1.88221007873 -1.72179142005 
101.942090816 79.815133209 3.61853837967 133.344340914 31.8946743011 17235969 0.0763719067169 0.0 0.0763719067169 -2.48369732013 2.6315523227 -2.6315523227 -2.48369732013 
106.668177582 121.844290701 1.70084524155 129.20434949 31.6597747803 12779520 0.345676934019 0.0 0.345676934019 -1.0750840867 1.31797903709 -1.31797903709 -1.0750840867 
57.0238600427 112.89466224 1.60037791729 143.695690425 31.3518486023 8388608 0.390440535431 0.0 0.390440535431 -1.28971855891 0.947541828604 -0.947541828604 -1.28971855891 
53.8792034812 74.9399916224 1.2903996706 132.482614956 30.8558940887 8388608 0.600553238091 0.0 0.600553238091 -0.871492666823 0.951646910131 -0.951646910131 -0.871492666823 
156.271477135 136.975358407 1.79024028778 147.122242455 30.5316867828 16449536 0.312016346582 0.0 0.312016346582 -1.50349868925 0.971829192518 -0.971829192518 -1.50349868925 
103.520070723 194.737226182 4.71721124649 142.903972541 29.9827213287 19726593 0.0449396152017 0.0 0.0449396152017 -3.76256915689 2.84519863693 -2.84519863693 -3.76256915689 
102.1175863 80.2923974991 2.13384580612 131.804743865 28.2610740662 12452096 0.219621034385 0.0 0.219621034385 -1.42240921766 1.59061307106 -1.59061307106 -1.42240921766 
58.3404642166 60.035882889 2.02577733994 133.275236248 28.2470703125 8716544 0.243678146307 0.0 0.243678146307 -1.38867794079 1.47490589793 -1.47490589793 -1.38867794079 
112.805339604 51.6657674238 1.73391401768 129.699307572 27.8994827271 14155776 0.332617338955 0.0 0.332617338955 -1.10755235029 1.33408605872 -1.33408605872 -1.10755235029 
108.660545735 207.026100169 1.95595431328 152.623277896 27.8443717957 22872064 0.261386159119 0.0 0.261386159119 -1.73689188968 0.899424170901 -0.899424170901 -1.73689188968 
56.0363680555 67.8567120978 1.97982025146 134.234364081 27.6066074371 23789568 0.255122331625 0.0 0.255122331625 -1.38111262179 1.41852604983 -1.41852604983 -1.38111262179 
55.8505193257 75.5500063482 2.16943693161 130.403726712 27.3582992554 13697280 0.21247407231 0.0 0.21247407231 -1.40616270529 1.65201787111 -1.65201787111 -1.40616270529 
55.1761457308 65.1601549332 1.56869661808 133.207049631 25.9826431274 8388608 0.406370412195 0.0 0.406370412195 -1.07398742104 1.14339848654 -1.14339848654 -1.07398742104 
88.36186058 186.092815477 1.3153179884 144.893775508 25.2728214264 8388608 0.578014164049 0.0 0.578014164049 -1.07604486975 0.756431655125 -0.756431655125 -1.07604486975 
84.0698100536 122.966281117 1.26882696152 141.324932967 25.0977478027 8388608 0.621148159994 0.0 0.621148159994 -0.990576273716 0.792893753427 -0.792893753427 -0.990576273716 
53.288876023 83.9926004393 1.3660261631 130.248553146 24.9189224243 8388608 0.535897789095 0.0 0.535897789095 -0.882595932513 1.04261781022 -1.04261781022 -0.882595932513 
101.45709086 92.3244307922 3.54995083809 127.888297228 24.6472148895 15859713 0.0793515332217 0.0 0.0793515332217 -2.18011006303 2.80165505834 -2.80165505834 -2.18011006303 
96.8215957608 194.919430865 1.39098572731 144.066390332 22.4172935486 8388608 0.516838256098 0.0 0.516838256098 -1.12627771524 0.816296393315 -0.816296393315 -1.12627771524 
35.0242890641 208.030977604 1.34187364578 139.657222371 20.4509963989 8388608 0.555362757905 0.0 0.555362757905 -1.0227562561 0.868674002054 -0.868674002054 -1.0227562561 
135.523136844 99.7865538677 2.69350814819 135.183276154 20.0459251404 12583424 0.137836238429 0.0 0.137836238429 -1.91068049732 1.89849576812 -1.89849576812 -1.91068049732 
63.6634607559 38.1972950578 1.48105692863 124.537982953 19.4565620422 8388608 0.455886252099 0.0 0.455886252099 -0.839688851933 1.22002141694 -1.22002141694 -0.839688851933 
116.112092915 128.32771779 2.05339384079 124.861227979 18.9626197815 9699584 0.237167671639 0.0 0.237167671639 -1.17370091768 1.68488943887 -1.68488943887 -1.17370091768 
132.025167754 113.916833408 3.32431173325 134.799093657 18.9564914703 11141121 0.0904891513252 0.0 0.0904891513252 -2.34238645792 2.35887137876 -2.35887137876 -2.34238645792 
86.8378907003 51.3357227644 1.50223743916 141.475197943 18.8454284668 8388608 0.443121515283 0.0 0.443121515283 -1.17525835142 0.935673624193 -0.935673624193 -1.17525835142 
39.0459698258 211.656753668 1.27503991127 142.543591346 18.6670379639 8388608 0.615109509897 0.0 0.615109509897 -1.01214741875 0.775425288496 -0.775425288496 -1.01214741875 
64.6672921327 231.126299637 1.28849983215 149.069645731 18.0546188354 8388608 0.602325524354 0.0 0.602325524354 -1.10526577631 0.662283459846 -0.662283459846 -1.10526577631 
68.892133769 226.217770991 1.53681015968 153.709045283 18.0070610046 8388608 0.423408482274 0.0 0.423408482274 -1.3778369333 0.680698796932 -0.680698796932 -1.3778369333 
58.7767976674 176.622021115 1.66540265083 129.93212282 17.8006744385 11272192 0.360546676669 0.0 0.360546676669 -1.0689880558 1.27703975113 -1.27703975113 -1.0689880558 
57.3639199576 158.859101716 1.30697655678 136.210589905 17.1920623779 8388608 0.585415752795 0.0 0.585415752795 -0.943490880424 0.904440533437 -0.904440533437 -0.943490880424 
61.059505904 217.662016321 2.10758018494 149.982613849 16.6675415039 11600128 0.225129178428 0.0 0.225129178428 -1.82489812869 1.05434389827 -1.05434389827 -1.82489812869 
57.9929576408 152.73115881 1.22625100613 135.247988708 16.3698959351 8388608 0.665030014489 0.0 0.665030014489 -0.870835225903 0.863329334236 -0.863329334236 -0.870835225903 
90.7153112645 37.7585083767 1.77469336987 134.325982811 16.180311203 15859712 0.317507030602 0.0 0.317507030602 -1.240048837 1.26957293564 -1.26957293564 -1.240048837 
56.9671832118 92.7568961854 3.14042234421 131.78120244 16.0770015717 23724544 0.101396714392 0.0 0.101396714392 -2.0924252805 2.34179609392 -2.34179609392 -2.0924252805 
85.3996902419 233.078462503 1.64205574989 162.53646484 15.8757610321 10223616 0.370872134853 0.0 0.370872134853 -1.56637033997 0.492778899516 -0.492778899516 -1.56637033997 
49.6642009248 207.788133601 2.07103395462 147.346555182 15.4957332611 10289408 0.233144707698 0.0 0.233144707698 -1.74370594382 1.11743958346 -1.11743958346 -1.74370594382 
66.3170866628 55.6921167253 1.57485306263 141.087305718 15.1734447479 8388608 0.403199440968 0.0 0.403199440968 -1.22539946714 0.989221064685 -0.989221064685 -1.22539946714 
91.5316602626 68.4353291998 2.05471849442 131.30190036 14.8622922897 9765120 0.236861971615 0.0 0.236861971615 -1.35616883136 1.54359132938 -1.54359132938 -1.35616883136 
44.8414131273 112.726061453 1.12640964985 132.729647721 14.8471069336 8388608 0.788147087929 0.0 0.788147087929 -0.7643138471 0.827419508112 -0.827419508112 -0.7643138471 
36.722079418 80.8968594011 1.72320127487 133.937699561 14.818107605 13697024 0.336765803778 0.0 0.336765803778 -1.19568764147 1.24086812263 -1.24086812263 -1.19568764147 
83.8477693218 99.1735400591 1.51759123802 136.58110268 14.5637235641 8388608 0.434200559877 0.0 0.434200559877 -1.10229938475 1.04308160376 -1.04308160376 -1.10229938475 
117.073332336 26.0938184426 1.42535066605 126.601194438 14.5052242279 8388608 0.492216937513 0.0 0.492216937513 -0.849853377459 1.14427870644 -1.14427870644 -0.849853377459 
152.590456837 120.479581648 1.52405309677 126.404334478 14.4642314911 8388608 0.43052641672 0.0 0.43052641672 -0.904494690258 1.2266324621 -1.2266324621 -0.904494690258 
104.78141736 42.7039608871 1.7941275835 128.780787581 14.3544149399 16646144 0.310665733795 0.0 0.310665733795 -1.12373826368 1.39860863026 -1.39860863026 -1.12373826368 
59.1662007443 203.331484003 2.05918931961 127.777795292 14.1656236649 9896192 0.235834558674 0.0 0.235834558674 -1.26146099736 1.62756775778 -1.62756775778 -1.26146099736 
60.8588942975 191.564079958 1.44527292252 133.113544655 14.0739450455 8388608 0.478740608741 0.0 0.478740608741 -0.987766524022 1.05505029007 -1.05505029007 -0.987766524022 
45.4826439106 83.5155876758 1.5986238718 135.601964449 14.0379600525 8388608 0.391297805471 0.0 0.391297805471 -1.14221142969 1.11845935705 -1.11845935705 -1.14221142969 
151.093841968 212.937166517 1.44469439983 135.584608692 13.9046440125 8388608 0.479124105424 0.0 0.479124105424 -1.03192311175 1.01107695076 -1.01107695076 -1.03192311175 
28.3039075985 86.7023623628 1.37406897545 126.01357196 13.8687095642 8388608 0.529642628338 0.0 0.529642628338 -0.807920778108 1.11145380722 -1.11145380722 -0.807920778108 
36.2894275998 199.788312463 1.56297910213 125.447893338 13.8185157776 8388608 0.409348927983 0.0 0.409348927983 -0.906469005426 1.273270441 -1.273270441 -0.906469005426 
117.489869283 143.460717511 3.40729236603 128.253598052 13.7448549271 12910593 0.08613530573 0.0 0.08613530573 -2.10960211797 2.67567191028 -2.67567191028 -2.10960211797 
83.5100912794 93.3836504926 1.35781383514 134.546837734 13.6494989395 8388608 0.542399825306 0.0 0.542399825306 -0.95249566884 0.967683012018 -0.967683012018 -0.95249566884 
25.0023373674 166.501802613 1.27929031849 132.653409722 13.5622425079 8388608 0.611028930817 0.0 0.611028930817 -0.866798311255 0.940874277777 -0.940874277777 -0.866798311255 
146.380616716 99.4238119987 2.35940623283 147.957749821 13.4090690613 19726592 0.179636487805 0.0 0.179636487805 -1.99996744659 1.25176994058 -1.25176994058 -1.99996744659 
73.0670795083 47.8233120831 1.45475494862 146.291489988 13.282787323 8388608 0.472520128721 0.0 0.472520128721 -1.2101694768 0.807342429172 -0.807342429172 -1.2101694768 
41.3044613581 197.568998627 2.35462069511 139.003082803 12.8324432373 19595520 0.180367417228 0.0 0.180367417228 -1.77713791027 1.5446745501 -1.5446745501 -1.77713791027 
117.221174981 141.593493141 2.43384385109 124.583819494 12.7704658508 21954816 0.168816377471 0.0 0.168816377471 -1.38147718993 2.0037756025 -2.0037756025 -1.38147718993 
81.6637704043 97.9792845528 3.83981084824 128.455985036 12.4477672577 21561345 0.0678235218522 0.0 0.0678235218522 -2.38802923899 3.00690267617 -3.00690267617 -2.38802923899 
92.8173114088 128.637401233 1.35295629501 134.565598754 12.373301506 8388608 0.546301590177 0.0 0.546301590177 -0.949403818053 0.963910331143 -0.963910331143 -0.949403818053 
55.4498230737 213.775058497 1.19538128376 137.750469191 12.2174053192 8388608 0.699821203034 0.0 0.699821203034 -0.884849477192 0.80372745149 -0.80372745149 -0.884849477192 
73.5507307477 58.1759920995 1.97665309906 150.448530083 12.0356311798 23658496 0.255940541595 0.0 0.255940541595 -1.71951620982 0.974895624252 -0.974895624252 -1.71951620982 
59.8324487949 146.570882402 1.10816633701 126.000057288 11.7394199371 8388608 0.814310609647 0.0 0.814310609647 -0.651364726387 0.896524747961 -0.896524747961 -0.651364726387 
149.626164741 111.076911997 1.93328070641 133.806929241 11.6616783142 22020096 0.267553210311 0.0 0.267553210311 -1.33827578709 1.39520328535 -1.39520328535 -1.33827578709 
69.0641866177 70.5545570243 1.75765228271 146.590129745 11.6565189362 15138816 0.323693571853 0.0 0.323693571853 -1.46720555183 0.967806496984 -0.967806496984 -1.46720555183 
74.8390939692 38.805635632 1.99872779846 132.100068359 11.6424217224 24444928 0.25031835411 0.0 0.25031835411 -1.3400020895 1.48300614041 -1.48300614041 -1.3400020895 
78.4405915839 78.8854452245 2.04270386696 141.856457602 11.6347007751 9306368 0.23965648092 0.0 0.23965648092 -1.6065168806 1.26164281809 -1.26164281809 -1.6065168806 
93.0860908018 79.337736878 1.63529479504 136.555170611 11.4615974426 9961472 0.373945138159 0.0 0.373945138159 -1.18728429377 1.12451992977 -1.12451992977 -1.18728429377 
65.2284516865 108.978170929 1.61175537109 143.182418931 11.1445245743 8912896 0.384947716457 0.0 0.384947716457 -1.29028677217 0.965875469104 -0.965875469104 -1.29028677217 
166.152478615 119.046707999 1.38323152065 132.842008514 10.939868927 8388608 0.522649147207 0.0 0.522649147207 -0.940568500589 1.0142289364 -1.0142289364 -0.940568500589 
57.152244832 120.502018353 1.50513923168 135.302574463 10.4845046997 8388608 0.441414554004 0.0 0.441414554004 -1.06989974363 1.05865888997 -1.05865888997 -1.06989974363 
126.938063245 210.329226669 2.28357052803 142.92943929 10.3078784943 17367296 0.191765793283 0.0 0.191765793283 -1.82204667336 1.37653197441 -1.37653197441 -1.82204667336 
58.2370660201 164.632640757 1.28954720497 134.117144878 10.2067518234 8388608 0.601347501701 0.0 0.601347501701 -0.897689470059 0.92578918183 -0.92578918183 -0.897689470059 
50.9587372667 49.8830415525 1.49036622047 128.075600617 10.0503120422 8388608 0.450208823957 0.0 0.450208823957 -0.919109896274 1.17321288337 -1.17321288337 -0.919109896274 
78.1127911086 87.0825234208 1.30509364605 136.958253838 10.0393123627 8388608 0.587106176713 0.0 0.587106176713 -0.953836302346 0.890766935447 -0.890766935447 -0.953836302346 
80.8812934347 32.9796228493 1.34604740143 130.440923172 9.94569396973 8388608 0.551924016066 0.0 0.551924016066 -0.873132033851 1.02444329192 -1.02444329192 -0.873132033851 
98.7965525791 107.850707739 2.62313771248 125.994733566 9.93892478943 10682880 0.145330851278 0.0 0.145330851278 -1.54164659359 2.12230469987 -2.12230469987 -1.54164659359 
66.0435521065 83.363190418 1.64389288425 133.75161996 9.93552017212 10289152 0.370043660891 0.0 0.370043660891 -1.13680696595 1.18745683587 -1.18745683587 -1.13680696595 
92.6483735147 115.253604017 1.23286879063 123.798927415 9.86968708038 8388608 0.657909689181 0.0 0.657909689181 -0.685820323899 1.0245076565 -1.0245076565 -0.685820323899 
43.790812885 223.625487317 1.27732384205 135.545819278 9.86326599121 8388608 0.612911771935 0.0 0.612911771935 -0.911767472122 0.894559262568 -0.894559262568 -0.911767472122 
151.129846016 189.064047303 1.68240976334 132.338730993 9.79146194458 11993088 0.353294144949 0.0 0.353294144949 -1.1331237332 1.24359688687 -1.24359688687 -1.1331237332 
144.404525783 115.575084003 1.38813436031 131.323870594 9.62937927246 8388608 0.518963711886 0.0 0.518963711886 -0.916605388594 1.04247377132 -1.04247377132 -0.916605388594 
114.751914313 111.103744452 1.41568684578 132.327396625 9.6116733551 8388608 0.498959856977 0.0 0.498959856977 -0.9532755295 1.04663031208 -1.04663031208 -0.9532755295 
58.0649029495 105.827142571 1.30926716328 142.368704419 9.58957862854 8388608 0.583369135969 0.0 0.583369135969 -1.03688232233 0.799409503616 -0.799409503616 -1.03688232233 
54.634091012 131.514547241 1.94225382805 124.232237617 9.50815200806 22347776 0.265086754377 0.0 0.265086754377 -1.09261226477 1.60578590461 -1.60578590461 -1.09261226477 
137.494574942 86.6632506613 2.53218483925 132.802774998 9.49292373657 24838400 0.155958550993 0.0 0.155958550993 -1.72056095311 1.8578563095 -1.8578563095 -1.72056095311 
95.8023781451 217.450270832 4.59571743011 146.301417431 9.27546310425 17826049 0.0473470978443 0.0 0.0473470978443 -3.8234891407 2.54981361836 -2.54981361836 -3.8234891407 
145.039771166 138.535523335 1.48572874069 139.797852167 9.19414901733 8388608 0.453023729117 0.0 0.453023729117 -1.1347577621 0.959017576625 -0.959017576625 -1.1347577621 
116.722191618 223.709221428 1.36899459362 139.478401214 9.16471481323 8388608 0.53357630339 0.0 0.53357630339 -1.04065642139 0.889483226366 -0.889483226366 -1.04065642139 
65.1926641566 91.6243650152 2.00800347328 136.6553527 9.01912307739 24772608 0.248011078337 0.0 0.248011078337 -1.46029666688 1.37826397813 -1.37826397813 -1.46029666688 
126.406060668 201.623346778 1.74215817451 131.401790651 8.79668045044 14483456 0.329476795902 0.0 0.329476795902 -1.15215071301 1.3067761245 -1.3067761245 -1.15215071301 
157.877551949 194.500453361 1.56859219074 134.235176908 8.77712917328 8388608 0.406424521342 0.0 0.406424521342 -1.09425794464 1.12386876968 -1.12386876968 -1.09425794464 
76.6465864481 110.915146119 1.31338274479 134.987598345 8.7740240097 8388608 0.579718803974 0.0 0.579718803974 -0.928500806126 0.928902840631 -0.928902840631 -0.928500806126 
157.388953999 216.044791728 1.35087347031 132.652761253 8.4596862793 8388608 0.547987503275 0.0 0.547987503275 -0.915289079185 0.993531597033 -0.993531597033 -0.915289079185 
81.5938826428 67.6231385193 1.500218153 143.434390775 8.41199111938 8388608 0.444315196789 0.0 0.444315196789 -1.20493802101 0.893744299064 -0.893744299064 -1.20493802101 
49.4138255299 184.986029536 1.51389312744 138.004378694 8.39693641663 8388608 0.436324465283 0.0 0.436324465283 -1.12511925623 1.01290624471 -1.01290624471 -1.12511925623 
45.7320678284 130.820303091 1.35932481289 125.502696277 8.22881698608 8388608 0.541194670271 0.0 0.541194670271 -0.789416013372 1.10661027682 -1.10661027682 -0.789416013372 
145.370208237 103.935891661 1.30567216873 134.563929288 8.13984680176 8388608 0.586586017058 0.0 0.586586017058 -0.916196239973 0.930249569772 -0.930249569772 -0.916196239973 
36.5999843632 178.278007664 1.82800853252 134.924902765 8.02070999146 18022400 0.299256479771 0.0 0.299256479771 -1.29090192017 1.29429031808 -1.29429031808 -1.29090192017 
128.8591099 159.074767976 1.40496659279 131.501248636 7.97623634338 8388608 0.506603288431 0.0 0.506603288431 -0.930981962893 1.05223747872 -1.05223747872 -0.930981962893 
66.1889542094 76.999093355 1.50698244572 139.536847529 7.9683380127 8388608 0.440335412137 0.0 0.440335412137 -1.14654762158 0.977969653487 -0.977969653487 -1.14654762158 
46.3328104678 156.361447459 1.31160569191 139.345361358 7.80526542664 8388608 0.581290753322 0.0 0.581290753322 -0.995050141036 0.854508459803 -0.854508459803 -0.995050141036 
121.498531771 104.846106369 1.28618919849 126.952087647 7.66386985779 8388608 0.604491619003 0.0 0.604491619003 -0.773188741051 1.02784328817 -1.02784328817 -0.773188741051 
143.391046934 177.459058841 1.348747015 129.475944133 7.60990715027 8388608 0.549716796484 0.0 0.549716796484 -0.857471572087 1.04108645824 -1.04108645824 -0.857471572087 
97.5159368816 112.888103799 1.25065660477 123.810123323 7.39633274078 8388608 0.63932816612 0.0 0.63932816612 -0.695918399723 1.03915327261 -1.03915327261 -0.695918399723 
155.031470514 222.386052294 1.27132058144 127.858676737 7.17446327209 8388608 0.618713859154 0.0 0.618713859154 -0.78022969505 1.00374182126 -1.00374182126 -0.78022969505 
47.0453568915 70.5915581392 1.3450782299 127.751689624 7.09061813354 8388608 0.552719660123 0.0 0.552719660123 -0.823511498231 1.06351504777 -1.06351504777 -0.823511498231 
83.9402258806 191.661882906 1.34462082386 134.218924278 6.38808441162 8388608 0.55309576662 0.0 0.55309576662 -0.937741055374 0.963663257068 -0.963663257068 -0.937741055374 
98.6299714481 207.912184656 1.27958405018 132.352627394 6.31837844849 8388608 0.610748436604 0.0 0.610748436604 -0.862045021524 0.945628744454 -0.945628744454 -0.862045021524 
135.910781652 172.67199706 1.93632042408 132.894872681 5.96213340759 22151168 0.266713836985 0.0 0.266713836985 -1.31796678239 1.41855572511 -1.41855572511 -1.31796678239 
148.710186893 217.694699783 1.37284290791 131.184811997 5.60760307312 8388608 0.530589084203 0.0 0.530589084203 -0.904003307664 1.03318714158 -1.03318714158 -0.904003307664 
112.356894604 146.558263969 1.42230701447 131.084491142 5.51040267944 8388608 0.494325820906 0.0 0.494325820906 -0.934699273875 1.07205154298 -1.07205154298 -0.934699273875 
109.0172363 86.2765691387 1.47277581692 126.093027203 5.19175720215 8388608 0.461027372219 0.0 0.461027372219 -0.867609320627 1.19009355668 -1.19009355668 -0.867609320627 
122.386933144 163.332448918 2.59524321556 129.858344658 5.01707172394 9896448 0.148471764951 0.0 0.148471764951 -1.66326987651 1.99218991711 -1.99218991711 -1.66326987651 
142.000085169 208.621782311 1.77327120304 130.53486411 4.96740531921 15794176 0.318016517291 0.0 0.318016517291 -1.15246780502 1.34770498178 -1.34770498178 -1.15246780502 
90.609078471 200.181959859 1.73012363911 137.035955723 4.75272369385 14024704 0.334076340652 0.0 0.334076340652 -1.26607254579 1.17914719835 -1.17914719835 -1.26607254579 
147.800117578 172.506952668 2.38444447517 161.062323125 4.50689315796 20513024 0.175883691613 0.0 0.175883691613 -2.2553796244 0.773846370427 -0.773846370427 -2.2553796244 
120.616787321 194.099819319 1.31420207024 126.837398302 4.41159820557 8388608 0.578996190125 0.0 0.578996190125 -0.787924761381 1.05180875249 -1.05180875249 -0.787924761381 
128.041642088 48.6127257501 1.39092576504 124.954156411 4.37748336792 8388608 0.516882818453 0.0 0.516882818453 -0.796890346001 1.14001765789 -1.14001765789 -0.796890346001 
140.460423055 163.421575352 2.62605762482 145.547939557 4.29692459106 10748416 0.145007844332 0.0 0.145007844332 -2.16544662885 1.48560410152 -1.48560410152 -2.16544662885 
159.39991911 82.9172864091 1.31101036072 124.947607297 4.2403678894 8388608 0.581818802681 0.0 0.581818802681 -0.750982319893 1.07460398339 -1.07460398339 -0.750982319893 
81.0782530735 207.90311344 1.42545723915 124.863061325 4.20704650879 8388608 0.492143339898 0.0 0.492143339898 -0.814815592721 1.16961698453 -1.16961698453 -0.814815592721 
90.6327799054 215.082090848 1.65664482117 125.001205848 4.16132354736 10878976 0.364368802765 0.0 0.364368802765 -0.95024099299 1.35702399343 -1.35702399343 -0.95024099299 
121.456322084 66.2970246334 1.21430718899 124.975657057 4.04246520996 8388608 0.678176704653 0.0 0.678176704653 -0.69607531358 0.994998043743 -0.994998043743 -0.69607531358 
107.403158469 235.364795396 1.63053786755 124.973529124 3.70762252808 9699328 0.376130214286 0.0 0.376130214286 -0.934620920156 1.33609036862 -1.33609036862 -0.934620920156 
105.315161679 231.184825869 1.6277602911 124.930531333 3.6689453125 9568256 0.377414951091 0.0 0.377414951091 -0.93202759143 1.33451419404 -1.33451419404 -0.93202759143 
167.226666523 226.361923691 1.24753797054 123.742051785 3.66766738892 8388608 0.642528586254 0.0 0.642528586254 -0.692951058852 1.0373860506 -1.0373860506 -0.692951058852 
135.312387641 39.0358529562 1.2455343008 124.952169396 3.55307769775 8388608 0.644597498535 0.0 0.644597498535 -0.713557143827 1.02087800298 -1.02087800298 -0.713557143827 
160.154241064 71.2544515223 1.59156620502 124.951272543 3.55099487305 8388608 0.394775854534 0.0 0.394775854534 -0.911775774954 1.30451060601 -1.30451060601 -0.911775774954 
137.619412491 58.6059668404 1.65921092033 124.951272543 3.54880523682 11010048 0.363242624725 0.0 0.363242624725 -0.950528050875 1.35995488993 -1.35995488993 -0.950528050875 
135.335107532 61.8497157627 1.25537145138 124.951272543 3.54763031006 8388608 0.634534885679 0.0 0.634534885679 -0.719176666558 1.02895208985 -1.02895208985 -0.719176666558 
135.15688829 53.7061852354 1.22748315334 124.951272543 3.54145431519 8388608 0.663695570729 0.0 0.663695570729 -0.703200030165 1.00609373784 -1.00609373784 -0.703200030165 
137.82724429 200.920664779 1.6052942276 126.373554667 2.61054801941 8585216 0.388052702144 0.0 0.388052702144 -0.952015436478 1.29253091486 -1.29253091486 -0.952015436478 
129.419095699 193.336592705 1.91196119785 126.695131222 1.52193260193 21233664 0.273553232736 0.0 0.273553232736 -1.14250582229 1.53306101253 -1.53306101253 -1.14250582229 
106.661562677 157.61374861 1.38446247578 126.795807025 1.35214710236 8388608 0.521720163366 0.0 0.521720163366 -0.829244564599 1.10864322436 -1.10864322436 -0.829244564599 
