13
121
19.9123774996 33.8124327306 1.57221877575 197.649520874 33.6220321655 8388608 0.40455171183 0.0 0.40455171183 -1.498212823 -0.476686706134 0.476686706134 -1.498212823 
93.9609383027 134.959743546 1.44997608662 115.840393066 23.4809398651 8388608 0.475639945205 0.0 0.475639945205 -0.631994854586 1.30499546188 -1.30499546188 -0.631994854586 
99.208622185 137.465859257 1.24041986465 117.016311646 22.991109848 8388608 0.649924000221 0.0 0.649924000221 -0.563453459245 1.10506182628 -1.10506182628 -0.563453459245 
28.5765129259 71.4900570049 1.47879266739 150.518661499 22.9322910309 8388608 0.457283386207 0.0 0.457283386207 -1.2873127285 0.727773104861 -0.727773104861 -1.2873127285 
87.5805993956 131.326760997 1.29472982883 119.452911377 22.8992805481 8388608 0.596542915804 0.0 0.596542915804 -0.636629132157 1.12739907653 -1.12739907653 -0.636629132157 
27.7787393849 66.6448078612 2.58799004555 154.993286133 22.8704090118 9699840 0.149305153022 0.0 0.149305153022 -2.34538735245 1.09400669231 -1.09400669231 -2.34538735245 
48.2750164998 97.1586734679 3.07240629196 138.101364136 22.3692874908 22151680 0.105935789688 0.0 0.105935789688 -2.28687632904 2.05179849853 -2.05179849853 -2.28687632904 
80.7460600221 127.336702382 1.29518640041 120.2527771 22.1460647583 8388608 0.596122410254 0.0 0.596122410254 -0.652535432254 1.11879637176 -1.11879637176 -0.652535432254 
202.779148781 146.220805422 1.27846682072 69.7221069336 20.9745521545 8388608 0.61181634745 0.0 0.61181634745 0.443083042655 1.1992309323 -1.1992309323 0.443083042655 
67.2448868787 117.22574579 1.29647123814 129.466827393 20.560798645 8388608 0.594941449175 0.0 0.594941449175 -0.824077783125 1.00086636404 -1.00086636404 -0.824077783125 
213.466189452 142.566675836 1.5558129549 65.5403442383 19.5277519226 8388608 0.413128573207 0.0 0.413128573207 0.644188087872 1.4161834832 -1.4161834832 0.644188087872 
254.518306246 117.39332675 2.22442007065 42.3212280273 16.277633667 15466752 0.202100035588 0.0 0.202100035588 1.64469547951 1.49767200361 -1.49767200361 1.64469547951 
13.1951896943 25.6928329917 1.83385872841 204.94102478 16.2386283875 18219008 0.297350208007 0.0 0.297350208007 -1.66283730474 -0.77331102004 0.77331102004 -1.66283730474 
260.936826202 42.0997943032 2.78867125511 92.168762207 15.1059265137 15139328 0.128589456222 0.0 0.128589456222 -0.10553169448 2.78667372158 -2.78667372158 -0.10553169448 
251.584057576 34.9741977912 1.70992159843 215.046813965 14.4174575806 13172736 0.342016929669 0.0 0.342016929669 -1.39988395908 -0.981914850637 0.981914850637 -1.39988395908 
264.287705833 105.903932529 1.75269436836 37.3330688477 12.9594459534 14942208 0.325527451026 0.0 0.325527451026 1.39360864878 1.06291696898 -1.06291696898 1.39360864878 
265.773153498 30.0985703825 2.45636320114 202.355285645 12.0870094299 22675712 0.165735229816 0.0 0.165735229816 -2.27175066626 -0.934274631069 0.934274631069 -2.27175066626 
275.552188429 83.1848606871 1.30870449543 15.1767272949 11.3463630676 8388608 0.583870874321 0.0 0.583870874321 1.26306069392 0.342615148294 -0.342615148294 1.26306069392 
269.661433649 97.7835614097 2.03733110428 28.5518798828 10.725643158 9109760 0.240922171331 0.0 0.240922171331 1.7895604652 0.973751184768 -0.973751184768 1.7895604652 
244.368821857 57.8983566656 4.69819068909 241.723358154 10.3914108276 19398913 0.0453042265436 0.0 0.0453042265436 -2.22567020848 -4.1375582019 4.1375582019 -2.22567020848 
249.855099663 50.0169417689 2.76141190529 240.612747192 10.099899292 14418432 0.131140735241 0.0 0.131140735241 -1.35505219691 -2.40608172228 2.40608172228 -1.35505219691 
235.742812587 45.0250965231 1.83545267582 244.153930664 9.81923294067 18284544 0.296833981355 0.0 0.296833981355 -0.800174533322 -1.65184964249 1.65184964249 -0.800174533322 
191.286228017 81.1016759174 2.76046919823 251.266448975 9.5251159668 14352896 0.131230320306 0.0 0.131230320306 -0.886573264669 -2.6142260883 2.6142260883 -0.886573264669 
38.2971928683 108.017300496 1.31863617897 132.838516235 8.14965057373 8388608 0.57510881681 0.0 0.57510881681 -0.896586085571 0.966920246789 -0.966920246789 -0.896586085571 
64.7241038104 131.626344702 1.36822533607 122.112487793 7.81616973877 8388608 0.534176457432 0.0 0.534176457432 -0.727325602125 1.15889518023 -1.15889518023 -0.727325602125 
21.4906284781 71.7910676014 1.53937780857 152.417541504 7.72692108154 8388608 0.421997187881 0.0 0.421997187881 -1.36442040719 0.712769941816 -0.712769941816 -1.36442040719 
29.0044930327 85.2211846269 1.57521283627 143.343215942 7.69798278809 8388608 0.403015283044 0.0 0.403015283044 -1.26367697816 0.940433928783 -0.940433928783 -1.26367697816 
30.8949011885 100.497115481 1.429479599 138.047668457 7.66007232666 8388608 0.489377588668 0.0 0.489377588668 -1.06310578725 0.955624407946 -0.955624407946 -1.06310578725 
56.6933539726 115.913608765 1.63845133781 129.535079956 7.62313079834 10092544 0.372505685208 0.0 0.372505685208 -1.04295707805 1.26363100616 -1.26363100616 -1.04295707805 
23.8057865211 93.3382609226 1.47584855556 143.773071289 7.60615158081 8388608 0.459109638979 0.0 0.459109638979 -1.19054141127 0.872204165894 -0.872204165894 -1.19054141127 
204.461063585 74.6093244267 1.79746162891 249.483581543 7.51794815063 16777216 0.309514317778 0.0 0.309514317778 -0.629966759292 -1.68345186733 1.68345186733 -0.629966759292 
46.4633257446 117.797519858 1.53104376793 130.73046875 7.41779708862 8388608 0.426603867062 0.0 0.426603867062 -0.999008312714 1.16020576211 -1.16020576211 -0.999008312714 
128.104786912 77.1915811475 1.79787623882 288.232147217 7.3832321167 16777216 0.30937157947 0.0 0.30937157947 0.562497717779 -1.7076168445 1.7076168445 0.562497717779 
18.5732047295 65.3539618892 1.6123970747 160.292037964 7.15705871582 8912896 0.384641373576 0.0 0.384641373576 -1.51794880655 0.543742353678 -0.543742353678 -1.51794880655 
255.639859666 102.815828497 1.4417154789 229.271514893 7.11671447754 8388608 0.481106115591 0.0 0.481106115591 -0.940683648013 -1.09254647336 1.09254647336 -0.940683648013 
226.501090755 64.2414247294 2.30199122429 237.683319092 6.80796813965 17957120 0.188709025821 0.0 0.188709025821 -1.23064085649 -1.94542711995 1.94542711995 -1.23064085649 
78.6261398536 140.841314427 1.34592854977 120.178451538 6.69508361816 8388608 0.552021495212 0.0 0.552021495212 -0.676591370035 1.16350667341 -1.16350667341 -0.676591370035 
215.938939372 149.365681345 1.56245911121 62.0623779297 6.54257202148 8388608 0.409621438342 0.0 0.409621438342 0.732027748636 1.38036728788 -1.38036728788 0.732027748636 
228.387078204 121.190772909 2.04668903351 258.832397461 6.36361312866 9437440 0.238724105603 0.0 0.238724105603 -0.396402008706 -2.00793462229 2.00793462229 -0.396402008706 
208.765305204 127.131650583 2.75086164474 270.087768555 6.3472328186 14156288 0.132148580981 0.0 0.132148580981 0.00421390647498 -2.75085841721 2.75085841721 0.00421390647498 
91.25012948 147.371437597 1.27141368389 112.128921509 6.25192260742 8388608 0.618623248724 0.0 0.618623248724 -0.478931241599 1.17775957708 -1.17775957708 -0.478931241599 
32.3687967699 91.9042479654 1.75134980679 143.622421265 6.08429336548 14876672 0.326027476452 0.0 0.326027476452 -1.41005718626 1.03873234147 -1.03873234147 -1.41005718626 
43.6201217848 30.2169333564 1.23983490467 306.242095947 5.82314300537 8388608 0.650537419341 0.0 0.650537419341 0.732988402356 -0.999959295598 0.999959295598 0.732988402356 
16.4278725343 84.670042957 1.53572392464 148.274841309 5.81043624878 8388608 0.424007657398 0.0 0.424007657398 -1.30625650387 0.807553043948 -0.807553043948 -1.30625650387 
59.1540954975 96.325828816 1.98072683811 309.718475342 5.7451133728 23789568 0.254888844035 0.0 0.254888844035 1.26571590638 -1.52356229002 1.52356229002 1.26571590638 
130.392672589 133.017861295 2.07481098175 293.333892822 5.72772216797 10420480 0.232296637808 0.0 0.232296637808 0.821809251588 -1.90511683736 1.90511683736 0.821809251588 
215.550558261 95.3575012544 1.21111643314 338.801330566 5.41541671753 8388608 0.68175480281 0.0 0.68175480281 1.12916284722 -0.43794323729 0.43794323729 1.12916284722 
104.26380025 156.454474674 1.37398540974 106.145477295 5.34593200684 8388608 0.529707055964 0.0 0.529707055964 -0.382073965697 1.31979369255 -1.31979369255 -0.382073965697 
264.347921513 90.5977328622 1.29036295414 231.47177124 5.29354858398 8388608 0.600587415302 0.0 0.600587415302 -0.803767265059 -1.00945269183 1.00945269183 -0.803767265059 
184.165583307 135.701304633 1.71925675869 274.066040039 5.27928543091 13565952 0.33831286999 0.0 0.33831286999 0.121906024716 -1.71492936398 1.71492936398 0.121906024716 
95.6119160642 75.429553569 9.10606575012 302.138092041 5.2737197876 17170690 0.0120597536512 0.0 0.0120597536512 4.84407781065 -7.7107291231 7.7107291231 4.84407781065 
190.693104415 135.748259791 1.4081223011 262.375 5.26682281494 8388608 0.504335160425 0.0 0.504335160425 -0.186842166844 -1.39567131501 1.39567131501 -0.186842166844 
64.1326793116 139.691063873 1.8060529232 124.732131958 5.22386169434 17104896 0.306576636503 0.0 0.306576636503 -1.02898149409 1.4842588205 -1.4842588205 -1.02898149409 
204.26197987 83.3663274606 1.66896748543 50.9700012207 5.1800994873 11403264 0.35900810073 0.0 0.35900810073 1.05099422297 1.29648124194 -1.29648124194 1.05099422297 
49.234292059 32.9294954742 2.80099487305 307.183502197 5.04848098755 15467008 0.127460427928 0.0 0.127460427928 1.69283653252 -2.23156374612 2.23156374612 1.69283653252 
263.829914624 51.9936599749 1.51218271255 121.13420105 4.56538391113 8388608 0.437312068062 0.0 0.437312068062 -0.781865543653 1.29436580139 -1.29436580139 -0.781865543653 
215.18390775 154.771985056 1.21048164368 55.7426147461 4.44901275635 8388608 0.682470029257 0.0 0.682470029257 0.681393998975 1.00048389684 -1.00048389684 0.681393998975 
257.275000106 81.1289903762 3.41890501976 7.91906738281 4.40798187256 13172737 0.0855511650575 0.0 0.0855511650575 3.38630120782 0.471036796919 -0.471036796919 3.38630120782 
116.337382787 65.2709894899 1.27924060822 289.769775391 4.30787277222 8388608 0.611076419937 0.0 0.611076419937 0.432692314252 -1.20384130802 1.20384130802 0.432692314252 
208.381234142 91.4062856566 1.51497018337 56.5171203613 4.30697250366 8388608 0.435704283043 0.0 0.435704283043 0.835790552421 1.26356195297 -1.26356195297 0.835790552421 
67.5331235236 41.5278367083 1.9332369566 308.26373291 4.28290939331 22020096 0.267565320088 0.0 0.267565320088 1.19721915792 -1.51791680215 1.51791680215 1.19721915792 
268.486744172 67.2293712387 1.62858819962 182.533172607 4.27140045166 9633792 0.377031323566 0.0 0.377031323566 -1.62699674285 -0.0719800158399 0.0719800158399 -1.62699674285 
268.614431685 58.8175243674 1.29713737965 181.722183228 4.26906585693 8388608 0.594330544828 0.0 0.594330544828 -1.2965514618 -0.0389831833211 0.0389831833211 -1.2965514618 
227.36160761 150.857510032 2.59983658791 61.3900146484 4.1848449707 10027520 0.147947590749 0.0 0.147947590749 1.24491839512 2.28239533677 -2.28239533677 1.24491839512 
175.645094558 95.1485871021 1.23284101486 59.6846923828 4.12153244019 8388608 0.657939334772 0.0 0.657939334772 0.622286707395 1.06426322953 -1.06426322953 0.622286707395 
75.235298704 48.1955226232 2.51017308235 310.351989746 4.05320739746 24248576 0.158705750709 0.0 0.158705750709 1.62529076434 -1.91295552345 1.91295552345 1.62529076434 
101.324509446 64.5952362506 1.5070977211 303.104431152 4.04790878296 8388608 0.440268053676 0.0 0.440268053676 0.8231266598 -1.26246031338 1.26246031338 0.8231266598 
184.685131849 91.8291581565 1.96432363987 81.1118164062 3.99996566772 23199744 0.259163545986 0.0 0.259163545986 0.303501027624 1.94073555344 -1.94073555344 0.303501027624 
171.734099296 107.628267891 1.74038600922 278.098144531 3.85849380493 14417920 0.330148123546 0.0 0.330148123546 0.245166734163 -1.72303126308 1.72303126308 0.245166734163 
232.845785307 101.79357266 2.46057510376 281.062133789 3.85441970825 22806784 0.165168319102 0.0 0.165168319102 0.472118906106 -2.41485684456 2.41485684456 0.472118906106 
121.381477215 60.548204421 1.33989369869 285.844665527 3.75098419189 8388608 0.557005278208 0.0 0.557005278208 0.36583154018 -1.28898503017 1.28898503017 0.36583154018 
166.981254679 94.7907705561 1.82441043854 83.8046875 3.70381164551 17825792 0.300438028288 0.0 0.300438028288 0.196886765039 1.81375550998 -1.81375550998 0.196886765039 
86.6935187616 67.5414655809 1.73507606983 359.194488525 3.65295410156 14221312 0.332171952993 0.0 0.332171952993 1.73490460322 -0.024392331437 0.024392331437 1.73490460322 
238.442602001 149.406278689 1.48484694958 53.728302002 3.64390563965 8388608 0.453561954171 0.0 0.453561954171 0.87845773957 1.19711422323 -1.19711422323 0.87845773957 
224.720582757 156.868260464 1.3744392395 89.0388183594 3.62543869019 8388608 0.52935730294 0.0 0.52935730294 0.0230562147929 1.37424584192 -1.37424584192 0.0230562147929 
126.629694789 38.6538979145 4.03601694107 282.824707031 3.62153244019 8454401 0.0613894919137 0.0 0.0613894919137 0.895870563591 -3.9353333635 3.9353333635 0.895870563591 
276.714139702 118.133261783 1.73065984249 59.0744628906 3.60892486572 14024704 0.333869361661 0.0 0.333869361661 0.889427016694 1.48462219854 -1.48462219854 0.889427016694 
183.65927235 107.429750399 1.49313914776 260.988830566 3.60273361206 8388608 0.448538199853 0.0 0.448538199853 -0.233865913332 -1.47471056453 1.47471056453 -0.233865913332 
246.385983907 90.0118766642 2.36234927177 345.452209473 3.59842300415 19857664 0.179189180653 0.0 0.179189180653 2.28660871881 -0.593392491471 0.593392491471 2.28660871881 
271.152793427 119.788054279 1.47855162621 16.8433227539 3.5827293396 8388608 0.457432495797 0.0 0.457432495797 1.41512276658 0.428418565037 -0.428418565037 1.41512276658 
278.444189411 108.635405939 1.30440342426 10.8526916504 3.57624816895 8388608 0.58772767261 0.0 0.58772767261 1.28107353182 0.245599062113 -0.245599062113 1.28107353182 
104.549837959 41.0515392477 1.515660882 331.845703125 3.56581115723 8388608 0.435307265766 0.0 0.435307265766 1.33632805501 -0.71516098789 0.71516098789 1.33632805501 
64.6704491131 16.3657079539 1.29306161404 277.972930908 3.55964660645 8388608 0.598083141965 0.0 0.598083141965 0.179354419529 -1.28056250526 1.28056250526 0.179354419529 
262.013216333 136.474895224 1.91795837879 56.8947143555 3.55826950073 21495808 0.271845183832 0.0 0.271845183832 1.04754904936 1.60661300006 -1.60661300006 1.04754904936 
254.932754696 152.584260124 2.28182291985 34.8727111816 3.55317306519 17301760 0.192059645889 0.0 0.192059645889 1.87206293597 1.3046440899 -1.3046440899 1.87206293597 
55.9876163974 150.636478096 1.46397542953 118.772186279 3.5509262085 8388608 0.466586774321 0.0 0.466586774321 -0.704652690785 1.28323366682 -1.28323366682 -0.704652690785 
70.0170215678 13.3621750602 1.7110158205 286.746826172 3.55070114136 13238272 0.341579618919 0.0 0.341579618919 0.493017615216 -1.63844706021 1.63844706021 0.493017615216 
105.556438903 47.5366569393 1.61921072006 286.105529785 3.55046463013 9240576 0.381411039575 0.0 0.381411039575 0.449181002952 -1.55566056148 1.55566056148 0.449181002952 
137.749588535 54.4596930963 1.73975145817 330.127227783 3.55004119873 14417920 0.330389001681 0.0 0.330389001681 1.50859683999 -0.866527962946 0.866527962946 1.50859683999 
94.959200632 33.2961480962 1.26571977139 331.453948975 3.54523468018 8388608 0.624201591673 0.0 0.624201591673 1.11185041628 -0.604843113115 0.604843113115 1.11185041628 
228.568722354 91.7005812119 1.48438823223 263.081573486 3.53016281128 8388608 0.453842324062 0.0 0.453842324062 -0.178803627266 -1.47357988818 1.47357988818 -0.178803627266 
77.0674593094 63.069430894 1.93812727928 316.58215332 3.52312088013 22216704 0.266216770923 0.0 0.266216770923 1.40777933111 -1.33210161234 1.33210161234 1.40777933111 
160.996314446 95.3096260012 1.77073907852 83.7429504395 3.50471496582 15663104 0.318926683201 0.0 0.318926683201 0.192991401532 1.76019067238 -1.76019067238 0.192991401532 
199.381419904 94.9050072126 1.34091567993 9.609375 3.47002410889 8388608 0.556156556657 0.0 0.556156556657 1.32210093856 0.22383915865 -0.22383915865 1.32210093856 
123.849158064 92.8579561761 1.96695685387 2.89978027344 3.42889785767 23265280 0.258470113102 0.0 0.258470113102 1.96443826632 0.0995065967155 -0.0995065967155 1.96443826632 
247.284680275 77.6728920965 1.26692914963 11.7739562988 3.38425445557 8388608 0.623010466626 0.0 0.623010466626 1.24027326562 0.258518271641 -0.258518271641 1.24027326562 
147.501945957 90.6234111198 1.3126077652 89.6504516602 3.37534332275 8388608 0.580403552123 0.0 0.580403552123 0.00800786764627 1.31258333804 -1.31258333804 0.00800786764627 
150.376295134 90.5336549603 1.30661594868 88.7155761719 3.35573577881 8388608 0.58573893084 0.0 0.58573893084 0.0292885115048 1.30628764843 -1.30628764843 0.0292885115048 
92.2224824682 73.4052980022 1.9473439455 356.053924561 3.31113433838 22544384 0.263702757229 0.0 0.263702757229 1.94272730033 -0.134011487008 0.134011487008 1.94272730033 
239.813536193 76.8984253863 2.16139173508 17.5955810547 3.29891204834 13369600 0.214058770746 0.0 0.214058770746 2.06026882954 0.653380886215 -0.653380886215 2.06026882954 
104.848873267 59.2424068067 1.27285683155 304.741271973 3.27956390381 8388608 0.617221270797 0.0 0.617221270797 0.725364949229 -1.0459494271 1.0459494271 0.725364949229 
103.222886522 78.6268755587 2.04315829277 359.597564697 3.26065444946 9306368 0.239549887143 0.0 0.239549887143 2.04310789433 -0.0143506602468 0.0143506602468 2.04310789433 
239.896676518 96.4351316156 1.32658588886 342.968811035 3.24517059326 8388608 0.568236665764 0.0 0.568236665764 1.26840907721 -0.388546693962 0.388546693962 1.26840907721 
253.198598444 91.7348227685 1.42953193188 269.634521484 3.2353553772 8388608 0.489341758662 0.0 0.489341758662 -0.00911864137031 -1.42950284877 1.42950284877 -0.00911864137031 
263.242986365 82.6088758634 1.24433231354 230.755737305 3.23302459717 8388608 0.645843423265 0.0 0.645843423265 -0.787199191203 -0.963680621307 0.963680621307 -0.787199191203 
37.6637882793 36.2927685039 1.44139838219 11.5353088379 3.21687698364 8388608 0.481317818267 0.0 0.481317818267 1.41228452323 0.288239000878 -0.288239000878 1.41228452323 
155.376098466 87.2011171904 1.25252771378 90.8596496582 3.18808364868 8388608 0.637419451196 0.0 0.637419451196 -0.0187918662258 1.25238673721 -1.25238673721 -0.0187918662258 
115.985922698 87.933423537 1.41850376129 255.388336182 3.17769622803 8388608 0.496980119982 0.0 0.496980119982 -0.35784076851 -1.37262628023 1.37262628023 -0.35784076851 
191.736714403 107.554494705 1.47470569611 260.514038086 3.16376495361 8388608 0.459821511333 0.0 0.459821511333 -0.243040273608 -1.45454058573 1.45454058573 -0.243040273608 
112.118405648 79.5574087843 1.53343260288 281.43536377 3.10105895996 8388608 0.425275745509 0.0 0.425275745509 0.304021936071 -1.50299241847 1.50299241847 0.304021936071 
144.389073081 96.276902435 1.23758482933 16.5047607422 2.97759246826 8388608 0.6529050774 0.0 0.6529050774 1.18659154806 0.351591677751 -0.351591677751 1.18659154806 
143.582070516 101.321829819 1.36497926712 290.118865967 2.97064971924 8388608 0.536720137685 0.0 0.536720137685 0.469510409601 -1.28168965625 1.28168965625 0.469510409601 
143.520538726 99.164651262 1.99692499638 286.936126709 2.95233917236 24379392 0.250770527481 0.0 0.250770527481 0.581715105649 -1.9103185538 1.9103185538 0.581715105649 
155.628361387 101.414553189 1.49022316933 268.465881348 2.92866134644 8388608 0.45029526199 0.0 0.45029526199 -0.0398965861062 -1.48968901346 1.48968901346 -0.0398965861062 
45.2916623047 36.317685889 1.27491736412 50.0128479004 2.79558563232 8388608 0.615227766251 0.0 0.615227766251 0.819282063715 0.976827101083 -0.976827101083 0.819282063715 
208.977273487 111.407878651 1.47349226475 268.478851318 2.77372360229 8388608 0.460579155736 0.0 0.460579155736 -0.0391152286411 -1.47297299811 1.47297299811 -0.0391152286411 
187.585040246 128.706537066 1.40108060837 272.755310059 2.41798591614 8388608 0.509417377164 0.0 0.509417377164 0.0673509250288 -1.39946086906 1.39946086906 0.0673509250288 
172.287125762 130.308986106 1.32938468456 291.949249268 2.23185157776 8388608 0.565846531112 0.0 0.565846531112 0.496904290093 -1.23302464129 1.23302464129 0.496904290093 
148.278492214 130.458839782 1.32932162285 291.50390625 1.93588066101 8388608 0.565900218795 0.0 0.565900218795 0.487282327222 -1.23679097286 1.23679097286 0.487282327222 
155.496496834 127.49619647 1.26803541183 287.115875244 1.92778205872 8388608 0.621923884524 0.0 0.621923884524 0.373189340114 -1.21187603413 1.21187603413 0.373189340114 
115.224809481 118.855477216 1.22901964188 297.753601074 1.91688728333 8388608 0.662037138007 0.0 0.662037138007 0.572317750429 -1.08763122089 1.08763122089 0.572317750429 
