13
93
93.9609383027 134.959743546 1.44997608662 144.167913142 23.4809398651 8388608 0.475639945205 0.0 0.475639945205 -1.17554796198 0.848833105406 -0.848833105406 -1.17554796198 
99.208622185 137.465859257 1.24041986465 143.307008138 22.991109848 8388608 0.649924000221 0.0 0.649924000221 -0.994629101588 0.741184451337 -0.741184451337 -0.994629101588 
28.5765129259 71.4900570049 1.47879266739 127.166749465 22.9322910309 8388608 0.457283386207 0.0 0.457283386207 -0.893393013496 1.17842126447 -1.17842126447 -0.893393013496 
87.5805993956 131.326760997 1.29472982883 145.279600364 22.8992805481 8388608 0.596542915804 0.0 0.596542915804 -1.06419192149 0.737442122415 -0.737442122415 -1.06419192149 
80.7460600221 127.336702382 1.29518640041 146.773452195 22.1460647583 8388608 0.596122410254 0.0 0.596122410254 -1.08343703905 0.709698523478 -0.709698523478 -1.08343703905 
202.779148781 146.220805422 1.27846682072 129.86398199 20.9745521545 8388608 0.61181634745 0.0 0.61181634745 -0.819455349038 0.981310523029 -0.981310523029 -0.819455349038 
67.2448868787 117.22574579 1.29647123814 152.112755935 20.560798645 8388608 0.594941449175 0.0 0.594941449175 -1.1459117543 0.606402442831 -0.606402442831 -1.1459117543 
213.466189452 142.566675836 1.5558129549 127.433657077 19.5277519226 8388608 0.413128573207 0.0 0.413128573207 -0.945689073218 1.23540524826 -1.23540524826 -0.945689073218 
251.584057576 34.9741977912 1.70992159843 123.365557637 14.4174575806 13172736 0.342016929669 0.0 0.342016929669 -0.940420605482 1.42808996831 -1.42808996831 -0.940420605482 
235.742812587 45.0250965231 1.83545267582 123.481467518 9.81923294067 18284544 0.296833981355 0.0 0.296833981355 -1.01255910028 1.53088555863 -1.53088555863 -1.01255910028 
191.286228017 81.1016759174 2.76046919823 123.828832944 9.5251159668 14352896 0.131230320306 0.0 0.131230320306 -1.5367910796 2.29313396295 -2.29313396295 -1.5367910796 
38.2971928683 108.017300496 1.31863617897 125.613906071 8.14965057373 8388608 0.57510881681 0.0 0.57510881681 -0.767868612739 1.07199774536 -1.07199774536 -0.767868612739 
64.7241038104 131.626344702 1.36822533607 126.198938312 7.81616973877 8388608 0.534176457432 0.0 0.534176457432 -0.808061178936 1.10411851781 -1.10411851781 -0.808061178936 
29.0044930327 85.2211846269 1.57521283627 129.783725738 7.69798278809 8388608 0.403015283044 0.0 0.403015283044 -1.00796522716 1.21049641898 -1.21049641898 -1.00796522716 
30.8949011885 100.497115481 1.429479599 125.670004503 7.66007232666 8388608 0.489377588668 0.0 0.489377588668 -0.833552410537 1.16129337501 -1.16129337501 -0.833552410537 
56.6933539726 115.913608765 1.63845133781 140.096858127 7.62313079834 10092544 0.372505685208 0.0 0.372505685208 -1.25690513563 1.05105293226 -1.05105293226 -1.25690513563 
204.461063585 74.6093244267 1.79746162891 121.988338961 7.51794815063 16777216 0.309514317778 0.0 0.309514317778 -0.952199286355 1.52452773884 -1.52452773884 -0.952199286355 
46.4633257446 117.797519858 1.53104376793 126.459765263 7.41779708862 8388608 0.426603867062 0.0 0.426603867062 -0.909835235316 1.23137925266 -1.23137925266 -0.909835235316 
128.104786912 77.1915811475 1.79787623882 138.027852445 7.3832321167 16777216 0.30937157947 0.0 0.30937157947 -1.33666707125 1.20236438352 -1.20236438352 -1.33666707125 
255.639859666 102.815828497 1.4417154789 123.852638357 7.11671447754 8388608 0.481106115591 0.0 0.481106115591 -0.803120318496 1.19730584067 -1.19730584067 -0.803120318496 
226.501090755 64.2414247294 2.30199122429 120.915250737 6.80796813965 17957120 0.188709025821 0.0 0.188709025821 -1.18269317906 1.97494314878 -1.97494314878 -1.18269317906 
78.6261398536 140.841314427 1.34592854977 126.594224229 6.69508361816 8388608 0.552021495212 0.0 0.552021495212 -0.802367152566 1.08061584921 -1.08061584921 -0.802367152566 
215.938939372 149.365681345 1.56245911121 126.64978421 6.54257202148 8388608 0.409621438342 0.0 0.409621438342 -0.932666556026 1.25355955961 -1.25355955961 -0.932666556026 
228.387078204 121.190772909 2.04668903351 122.786793633 6.36361312866 9437440 0.238724105603 0.0 0.238724105603 -1.10831168598 1.72063395485 -1.72063395485 -1.10831168598 
208.765305204 127.131650583 2.75086164474 121.08531714 6.3472328186 14156288 0.132148580981 0.0 0.132148580981 -1.42030805262 2.35583633222 -2.35583633222 -1.42030805262 
91.25012948 147.371437597 1.27141368389 126.251924893 6.25192260742 8388608 0.618623248724 0.0 0.618623248724 -0.751833624448 1.02529944735 -1.02529944735 -0.751833624448 
32.3687967699 91.9042479654 1.75134980679 131.946096898 6.08429336548 14876672 0.326027476452 0.0 0.326027476452 -1.17065679982 1.30260846104 -1.30260846104 -1.17065679982 
43.6201217848 30.2169333564 1.23983490467 134.721486324 5.82314300537 8388608 0.650537419341 0.0 0.650537419341 -0.872423726984 0.880946894787 -0.880946894787 -0.872423726984 
59.1540954975 96.325828816 1.98072683811 136.318106936 5.7451133728 23789568 0.254888844035 0.0 0.254888844035 -1.43243282255 1.36799671641 -1.36799671641 -1.43243282255 
130.392672589 133.017861295 2.07481098175 132.537536606 5.72772216797 10420480 0.232296637808 0.0 0.232296637808 -1.40272385195 1.52879246635 -1.52879246635 -1.40272385195 
215.550558261 95.3575012544 1.21111643314 124.51146388 5.41541671753 8388608 0.68175480281 0.0 0.68175480281 -0.686183592489 0.997975496707 -0.997975496707 -0.686183592489 
104.26380025 156.454474674 1.37398540974 125.812214828 5.34593200684 8388608 0.529707055964 0.0 0.529707055964 -0.803960868092 1.1142184834 -1.1142184834 -0.803960868092 
264.347921513 90.5977328622 1.29036295414 125.189636678 5.29354858398 8388608 0.600587415302 0.0 0.600587415302 -0.743616178108 1.05454802312 -1.05454802312 -0.743616178108 
184.165583307 135.701304633 1.71925675869 125.185018539 5.27928543091 13565952 0.33831286999 0.0 0.33831286999 -0.990667778994 1.40514097299 -1.40514097299 -0.990667778994 
190.693104415 135.748259791 1.4081223011 127.115002304 5.26682281494 8388608 0.504335160425 0.0 0.504335160425 -0.849684661569 1.12287327457 -1.12287327457 -0.849684661569 
64.1326793116 139.691063873 1.8060529232 125.803845904 5.22386169434 17104896 0.306576636503 0.0 0.306576636503 -1.05656284087 1.4647532641 -1.4647532641 -1.05656284087 
204.26197987 83.3663274606 1.66896748543 125.059077937 5.1800994873 11403264 0.35900810073 0.0 0.35900810073 -0.958689575852 1.36615034479 -1.36615034479 -0.958689575852 
263.829914624 51.9936599749 1.51218271255 125.197194393 4.56538391113 8388608 0.437312068062 0.0 0.437312068062 -0.871610475154 1.23571507062 -1.23571507062 -0.871610475154 
215.18390775 154.771985056 1.21048164368 125.273242234 4.44901275635 8388608 0.682470029257 0.0 0.682470029257 -0.699024601297 0.988246131518 -0.988246131518 -0.699024601297 
116.337382787 65.2709894899 1.27924060822 129.533929038 4.30787277222 8388608 0.611076419937 0.0 0.611076419937 -0.814281477224 0.986611478524 -0.986611478524 -0.814281477224 
208.381234142 91.4062856566 1.51497018337 124.969950229 4.30697250366 8388608 0.435704283043 0.0 0.435704283043 -0.86830022013 1.24144648867 -1.24144648867 -0.86830022013 
67.5331235236 41.5278367083 1.9332369566 139.61908687 4.28290939331 22020096 0.267565320088 0.0 0.267565320088 -1.47265131837 1.2524788321 -1.2524788321 -1.47265131837 
268.614431685 58.8175243674 1.29713737965 124.455954523 4.26906585693 8388608 0.594330544828 0.0 0.594330544828 -0.733884699662 1.06956936628 -1.06956936628 -0.733884699662 
227.36160761 150.857510032 2.59983658791 125.924187883 4.1848449707 10027520 0.147947590749 0.0 0.147947590749 -1.52536122629 2.10533213844 -2.10533213844 -1.52536122629 
175.645094558 95.1485871021 1.23284101486 124.934551189 4.12153244019 8388608 0.657939334772 0.0 0.657939334772 -0.705974506816 1.01069132956 -1.01069132956 -0.705974506816 
75.235298704 48.1955226232 2.51017308235 141.074174983 4.05320739746 24248576 0.158705750709 0.0 0.158705750709 -1.95281431819 1.57717631926 -1.57717631926 -1.95281431819 
101.324509446 64.5952362506 1.5070977211 134.912374864 4.04790878296 8388608 0.440268053676 0.0 0.440268053676 -1.06404797973 1.06730756475 -1.06730756475 -1.06404797973 
184.685131849 91.8291581565 1.96432363987 124.828939516 3.99996566772 23199744 0.259163545986 0.0 0.259163545986 -1.12188072089 1.61243635851 -1.61243635851 -1.12188072089 
171.734099296 107.628267891 1.74038600922 124.414221002 3.85849380493 14417920 0.330148123546 0.0 0.330148123546 -0.983617062046 1.43577189565 -1.43577189565 -0.983617062046 
232.845785307 101.79357266 2.46057510376 123.919439705 3.85441970825 22806784 0.165168319102 0.0 0.165168319102 -1.3730665785 2.04184181862 -2.04184181862 -1.3730665785 
121.381477215 60.548204421 1.33989369869 124.95164681 3.75098419189 8388608 0.557005278208 0.0 0.557005278208 -0.767604909725 1.09822485237 -1.09822485237 -0.767604909725 
166.981254679 94.7907705561 1.82441043854 124.823956891 3.70381164551 17825792 0.300438028288 0.0 0.300438028288 -1.04184210026 1.49767769776 -1.49767769776 -1.04184210026 
86.6935187616 67.5414655809 1.73507606983 124.877028047 3.65295410156 14221312 0.332171952993 0.0 0.332171952993 -0.992145991091 1.4234237951 -1.4234237951 -0.992145991091 
238.442602001 149.406278689 1.48484694958 125.025075928 3.64390563965 8388608 0.453561954171 0.0 0.453561954171 -0.852205469852 1.21594255655 -1.21594255655 -0.852205469852 
224.720582757 156.868260464 1.3744392395 124.995644875 3.62543869019 8388608 0.52935730294 0.0 0.52935730294 -0.78826037953 1.12593463271 -1.12593463271 -0.78826037953 
183.65927235 107.429750399 1.49313914776 124.13535654 3.60273361206 8388608 0.448538199853 0.0 0.448538199853 -0.837874844487 1.23589249514 -1.23589249514 -0.837874844487 
246.385983907 90.0118766642 2.36234927177 124.447913499 3.59842300415 19857664 0.179189180653 0.0 0.179189180653 -1.33627894271 1.94808949207 -1.94808949207 -1.33627894271 
104.549837959 41.0515392477 1.515660882 124.950337864 3.56581115723 8388608 0.435307265766 0.0 0.435307265766 -0.868270899613 1.24230976576 -1.24230976576 -0.868270899613 
55.9876163974 150.636478096 1.46397542953 124.95457073 3.5509262085 8388608 0.466586774321 0.0 0.466586774321 -0.838750697189 1.19988388032 -1.19988388032 -0.838750697189 
105.556438903 47.5366569393 1.61921072006 124.902438058 3.55046463013 9240576 0.381411039575 0.0 0.381411039575 -0.926481240073 1.32795928693 -1.32795928693 -0.926481240073 
137.749588535 54.4596930963 1.73975145817 124.95064136 3.55004119873 14417920 0.330389001681 0.0 0.330389001681 -0.996652371301 1.42598007944 -1.42598007944 -0.996652371301 
94.959200632 33.2961480962 1.26571977139 124.951272543 3.54523468018 8388608 0.624201591673 0.0 0.624201591673 -0.72510500775 1.03743398219 -1.03743398219 -0.72510500775 
228.568722354 91.7005812119 1.48438823223 124.652377257 3.53016281128 8388608 0.453842324062 0.0 0.453842324062 -0.844017185161 1.22108288627 -1.22108288627 -0.844017185161 
77.0674593094 63.069430894 1.93812727928 124.785052192 3.52312088013 22216704 0.266216770923 0.0 0.266216770923 -1.10570029472 1.59178020121 -1.59178020121 -1.10570029472 
160.996314446 95.3096260012 1.77073907852 124.74489312 3.50471496582 15663104 0.318926683201 0.0 0.318926683201 -1.00918585821 1.45501229816 -1.45501229816 -1.00918585821 
199.381419904 94.9050072126 1.34091567993 125.042544528 3.47002410889 8388608 0.556156556657 0.0 0.556156556657 -0.769933043532 1.09784241545 -1.09784241545 -0.769933043532 
123.849158064 92.8579561761 1.96695685387 124.654463765 3.42889785767 23265280 0.258470113102 0.0 0.258470113102 -1.1184626876 1.61801127358 -1.61801127358 -1.1184626876 
247.284680275 77.6728920965 1.26692914963 124.639943221 3.38425445557 8388608 0.623010466626 0.0 0.623010466626 -0.720144635173 1.0423536706 -1.0423536706 -0.720144635173 
147.501945957 90.6234111198 1.3126077652 124.790320234 3.37534332275 8388608 0.580403552123 0.0 0.580403552123 -0.748940954426 1.0779733726 -1.0779733726 -0.748940954426 
150.376295134 90.5336549603 1.30661594868 124.780909754 3.35573577881 8388608 0.58573893084 0.0 0.58573893084 -0.745345922361 1.07317505252 -1.07317505252 -0.745345922361 
92.2224824682 73.4052980022 1.9473439455 124.850535749 3.31113433838 22544384 0.263702757229 0.0 0.263702757229 -1.11278557335 1.5980790687 -1.5980790687 -1.11278557335 
239.813536193 76.8984253863 2.16139173508 124.919997033 3.29891204834 13369600 0.214058770746 0.0 0.214058770746 -1.23724997338 1.77223777632 -1.77223777632 -1.23724997338 
104.848873267 59.2424068067 1.27285683155 128.868847945 3.27956390381 8388608 0.617221270797 0.0 0.617221270797 -0.798768358976 0.991026549758 -0.991026549758 -0.798768358976 
103.222886522 78.6268755587 2.04315829277 124.633536398 3.26065444946 9306368 0.239549887143 0.0 0.239549887143 -1.1611788488 1.6811185236 -1.6811185236 -1.1611788488 
239.896676518 96.4351316156 1.32658588886 124.744195627 3.24517059326 8388608 0.568236665764 0.0 0.568236665764 -0.756039236669 1.09006182996 -1.09006182996 -0.756039236669 
253.198598444 91.7348227685 1.42953193188 124.786966479 3.2353553772 8388608 0.489341758662 0.0 0.489341758662 -0.815586220921 1.17404457347 -1.17404457347 -0.815586220921 
263.242986365 82.6088758634 1.24433231354 124.599459506 3.23302459717 8388608 0.645843423265 0.0 0.645843423265 -0.706576658778 1.02426184728 -1.02426184728 -0.706576658778 
37.6637882793 36.2927685039 1.44139838219 126.153574442 3.21687698364 8388608 0.481317818267 0.0 0.481317818267 -0.850355297571 1.16384069531 -1.16384069531 -0.850355297571 
155.376098466 87.2011171904 1.25252771378 124.763707549 3.18808364868 8388608 0.637419451196 0.0 0.637419451196 -0.714182933786 1.02896472771 -1.02896472771 -0.714182933786 
115.985922698 87.933423537 1.41850376129 124.773551915 3.17769622803 8388608 0.496980119982 0.0 0.496980119982 -0.809021575794 1.16517681521 -1.16517681521 -0.809021575794 
191.736714403 107.554494705 1.47470569611 124.107201618 3.16376495361 8388608 0.459821511333 0.0 0.459821511333 -0.826931000347 1.22104136326 -1.22104136326 -0.826931000347 
112.118405648 79.5574087843 1.53343260288 124.891729859 3.10105895996 8388608 0.425275745509 0.0 0.425275745509 -0.877165596449 1.25777425001 -1.25777425001 -0.877165596449 
144.389073081 96.276902435 1.23758482933 124.728157815 2.97759246826 8388608 0.6529050774 0.0 0.6529050774 -0.705031650375 1.01712663015 -1.01712663015 -0.705031650375 
143.582070516 101.321829819 1.36497926712 124.622415947 2.97064971924 8388608 0.536720137685 0.0 0.536720137685 -0.775534453937 1.12326074908 -1.12326074908 -0.775534453937 
143.520538726 99.164651262 1.99692499638 124.557638544 2.95233917236 24379392 0.250770527481 0.0 0.250770527481 -1.13272576349 1.64457951644 -1.64457951644 -1.13272576349 
155.628361387 101.414553189 1.49022316933 124.767268324 2.92866134644 8388608 0.45029526199 0.0 0.45029526199 -0.849791375553 1.22418124166 -1.22418124166 -0.849791375553 
45.2916623047 36.317685889 1.27491736412 126.796955145 2.79558563232 8388608 0.615227766251 0.0 0.615227766251 -0.763651334543 1.02090691279 -1.02090691279 -0.763651334543 
208.977273487 111.407878651 1.47349226475 123.199478202 2.77372360229 8388608 0.460579155736 0.0 0.460579155736 -0.806818945511 1.23297309112 -1.23297309112 -0.806818945511 
187.585040246 128.706537066 1.40108060837 123.908461741 2.41798591614 8388608 0.509417377164 0.0 0.509417377164 -0.781617593336 1.16279869665 -1.16279869665 -0.781617593336 
172.287125762 130.308986106 1.32938468456 123.919779102 2.23185157776 8388608 0.565846531112 0.0 0.565846531112 -0.741838668732 1.10314959508 -1.10314959508 -0.741838668732 
148.278492214 130.458839782 1.32932162285 124.228274948 1.93588066101 8388608 0.565900218795 0.0 0.565900218795 -0.747732068645 1.09908722606 -1.09908722606 -0.747732068645 
155.496496834 127.49619647 1.26803541183 123.009547816 1.92778205872 8388608 0.621923884524 0.0 0.621923884524 -0.690798789998 1.0633488785 -1.0633488785 -0.690798789998 
115.224809481 118.855477216 1.22901964188 122.787842089 1.91688728333 8388608 0.662037138007 0.0 0.662037138007 -0.665550802129 1.03321411619 -1.03321411619 -0.665550802129 
