13
90
93.7577053444 24.0566766709 1.45733356476 0.222717285156 108.050239563 8388608 0.470849447285 0.0 0.470849447285 1.45732255466 0.00566485979401 -0.00566485979401 1.45732255466 
137.024526765 30.9199134086 2.91673231125 79.1168823242 99.387512207 18350592 0.117545729212 0.0 0.117545729212 0.550696848191 2.86427309398 -2.86427309398 0.550696848191 
74.0144920045 32.0432956574 3.78481197357 38.3934936523 99.1202011108 20512769 0.0698089944048 0.0 0.0698089944048 2.9663993265 2.35059071534 -2.35059071534 2.9663993265 
23.845816048 96.3496059042 1.32552278042 41.0406188965 97.1313858032 8388608 0.569148516482 0.0 0.569148516482 0.99976798627 0.870330175875 -0.870330175875 0.99976798627 
60.5199598144 81.1185552239 2.33315181732 43.0334777832 91.2191390991 18940160 0.183702049587 0.0 0.183702049587 1.70542918922 1.59220246301 -1.59220246301 1.70542918922 
114.547192049 66.9992451836 2.24041676521 49.5093078613 88.4033966064 15991040 0.199224328768 0.0 0.199224328768 1.45475751751 1.70386262565 -1.70386262565 1.45475751751 
47.341264948 71.2395537545 1.85797333717 276.41619873 88.1632614136 19136512 0.289681689857 0.0 0.289681689857 0.207628310455 -1.84633567001 1.84633567001 0.207628310455 
94.4039714522 70.0472962515 3.09149694443 69.6129760742 87.5448608398 22544896 0.10463147721 0.0 0.10463147721 1.07695315599 2.8978483841 -2.8978483841 1.07695315599 
103.103952212 28.9780283076 1.2860789299 69.4543762207 86.1665344238 8388608 0.604595281844 0.0 0.604595281844 0.451353423718 1.20427534262 -1.20427534262 0.451353423718 
99.61939065 32.0292532698 2.10865664482 99.6356506348 85.0658874512 11600128 0.224899382199 0.0 0.224899382199 -0.352951634205 2.07890788388 -2.07890788388 -0.352951634205 
59.0287766964 79.0105958492 4.71337842941 52.3992614746 81.0321502686 19661057 0.0450127327585 0.0 0.0450127327585 2.87589318889 3.73432384575 -3.73432384575 2.87589318889 
41.529721605 44.9349085166 3.88031697273 20.687286377 79.2058181763 22282241 0.0664149107246 0.0 0.0664149107246 3.63012360988 1.37078896474 -1.37078896474 3.63012360988 
95.8165508784 31.2943483112 3.43366193771 102.46282959 77.8313064575 13434881 0.0848173952969 0.0 0.0848173952969 -0.741005535776 3.3527518695 -3.3527518695 -0.741005535776 
76.9313762442 62.2372792794 1.91883325577 36.9725952148 77.7100143433 21495808 0.271597348984 0.0 0.271597348984 1.53300053747 1.1540495724 -1.1540495724 1.53300053747 
122.910660711 22.2098553904 1.58008682728 33.9141235352 76.2238464355 8388608 0.400532807688 0.0 0.400532807688 1.31127419946 0.881608958422 -0.881608958422 1.31127419946 
159.381763563 29.6366084277 1.46986699104 63.7043457031 74.6983108521 8388608 0.462853898436 0.0 0.462853898436 0.651155771637 1.31776520383 -1.31776520383 0.651155771637 
30.1532335369 83.371884691 1.78506469727 47.6523132324 74.0157012939 16252928 0.313828280805 0.0 0.313828280805 1.20246932754 1.31928900918 -1.31928900918 1.20246932754 
48.2491187772 34.7376940994 1.78058314323 55.8996887207 73.7302322388 16121856 0.315410019166 0.0 0.315410019166 0.998272353501 1.47442484997 -1.47442484997 0.998272353501 
164.416498271 53.5604273683 1.31879937649 341.646362305 71.3892745972 8388608 0.574966489591 0.0 0.574966489591 1.2517135243 -0.415265034053 0.415265034053 1.2517135243 
111.489508418 37.2339813214 2.34352755547 42.2226257324 71.1569442749 19267840 0.18207900492 0.0 0.18207900492 1.73547420957 1.57488116096 -1.57488116096 1.73547420957 
134.236624779 60.242203611 2.03271007538 53.9853820801 69.7901763916 8978688 0.242018809549 0.0 0.242018809549 1.19521652749 1.64419211255 -1.64419211255 1.19521652749 
132.897808089 60.8344748257 1.29269623756 45.4031066895 69.3374099731 8388608 0.598421282334 0.0 0.598421282334 0.907620700764 0.920482605026 -0.920482605026 0.907620700764 
135.168465099 60.5242116098 3.07404756546 53.5391845703 67.5437469482 22151680 0.105822698927 0.0 0.105822698927 1.82682313124 2.47234416736 -2.47234416736 1.82682313124 
54.9861859425 38.3855666913 1.45630669594 46.8604125977 67.0434112549 8388608 0.471513690717 0.0 0.471513690717 0.995790628398 1.06265244414 -1.06265244414 0.995790628398 
62.7197780657 37.3804846728 1.62813675404 4.01364135742 66.0579071045 9633792 0.377240437108 0.0 0.377240437108 1.62414360847 0.113959768793 -0.113959768793 1.62414360847 
42.2323810496 47.8523332007 1.82480108738 112.424407959 65.8974151611 17891328 0.300309408017 0.0 0.300309408017 -0.696096282715 1.68681622404 -1.68681622404 -0.696096282715 
91.2767616869 31.6155608624 1.82174241543 91.9840698242 64.1839370728 17760256 0.301318682509 0.0 0.301318682509 -0.063071693156 1.82065026562 -1.82065026562 -0.063071693156 
156.132062316 58.323134993 2.06502866745 70.0445861816 61.8471412659 10092800 0.234502690523 0.0 0.234502690523 0.704771143299 1.94104122392 -1.94104122392 0.704771143299 
40.9965672373 95.2169594851 2.26691555977 25.0642700195 61.1199951172 16843008 0.194593940775 0.0 0.194593940775 2.05344727619 0.960343917048 -0.960343917048 2.05344727619 
126.339228662 34.9570356124 1.52247393131 74.2897033691 60.9235458374 8388608 0.431419995292 0.0 0.431419995292 0.412245514418 1.4655990268 -1.4655990268 0.412245514418 
151.040108836 51.0294705472 1.26588559151 308.456634521 60.9205055237 8388608 0.624038072307 0.0 0.624038072307 0.787282257653 -0.991288544053 0.991288544053 0.787282257653 
164.919709735 61.650263282 1.37137186527 123.676879883 59.3856811523 8388608 0.531727998901 0.0 0.531727998901 -0.760437589572 1.14122542262 -1.14122542262 -0.760437589572 
122.549066035 50.152546019 1.78287935257 117.276153564 57.9394798279 16187392 0.314598095417 0.0 0.314598095417 -0.817057367285 1.58463751198 -1.58463751198 -0.817057367285 
57.7379727948 55.210389413 3.6049580574 264.388641357 56.9298477173 16973825 0.0769483953386 0.0 0.0769483953386 -0.352493510487 -3.58768322469 3.58768322469 -0.352493510487 
27.6879148199 76.6249034658 1.38228416443 277.097045898 52.5294036865 8388608 0.523365793765 0.0 0.523365793765 0.170781641355 -1.37169353072 1.37169353072 0.170781641355 
13.7436256926 76.7930030258 1.673391819 291.837860107 51.9568023682 11599872 0.35711222458 0.0 0.35711222458 0.622470435076 -1.55330960769 1.55330960769 0.622470435076 
68.5628589804 89.497667707 1.69837605953 36.5132446289 51.8204803467 12648448 0.346682788667 0.0 0.346682788667 1.36501768307 1.01054834842 -1.01054834842 1.36501768307 
89.9749069986 67.4739433746 1.54495465755 259.844787598 51.5119628906 8388608 0.418956105741 0.0 0.418956105741 -0.272399220259 -1.52075098511 1.52075098511 -0.272399220259 
59.1478273405 73.3114076047 1.33173894882 101.431793213 48.2819900513 8388608 0.563847678757 0.0 0.563847678757 -0.263952335936 1.30531903846 -1.30531903846 -0.263952335936 
94.4095583856 44.4448607649 1.27370607853 257.026641846 46.2015380859 8388608 0.616398477279 0.0 0.616398477279 -0.28594441592 -1.24119416913 1.24119416913 -0.28594441592 
107.858349391 80.6862281905 1.50627028942 133.314605713 46.0536155701 8388608 0.440751886882 0.0 0.440751886882 -1.03330722199 1.09595910954 -1.09595910954 -1.03330722199 
117.93938874 28.448794187 1.74384772778 307.838989258 44.5862884521 14614528 0.328838668023 0.0 0.328838668023 1.06975398057 -1.37718238397 1.37718238397 1.06975398057 
36.6201783016 81.1900219809 2.5889108181 272.751861572 41.7055244446 9765376 0.149198968105 0.0 0.149198968105 0.124295114203 -2.58592535636 2.58592535636 0.124295114203 
21.8819751717 103.875277837 1.46534895897 278.720245361 41.4261474609 8388608 0.465712483855 0.0 0.465712483855 0.222161692454 -1.44841007797 1.44841007797 0.222161692454 
154.465445074 80.1775095262 1.81752288342 99.0759887695 41.045375824 17563648 0.302719379796 0.0 0.302719379796 -0.286703789389 1.79476749717 -1.79476749717 -0.286703789389 
62.5002323438 29.4742143743 2.36534357071 277.59576416 40.8861312866 19923200 0.178735795046 0.0 0.178735795046 0.312658469332 -2.34458842637 2.34458842637 0.312658469332 
68.0209553401 18.5949955364 2.21545505524 265.602355957 40.5019721985 15204608 0.203738972733 0.0 0.203738972733 -0.169876729285 -2.20893254732 2.20893254732 -0.169876729285 
45.4110592058 88.1478669837 1.28722345829 75.9094543457 40.3884658813 8388608 0.603520613999 0.0 0.603520613999 0.313380948951 1.24849373743 -1.24849373743 0.313380948951 
153.790718755 43.7332764979 2.79571795464 298.775817871 40.3176231384 15270400 0.127942045212 0.0 0.127942045212 1.34581327447 -2.45047454835 2.45047454835 1.34581327447 
86.7373103199 42.8591747043 1.51081681252 272.493591309 39.725402832 8388608 0.438103156142 0.0 0.438103156142 0.0657320751723 -1.50938621144 1.50938621144 0.0657320751723 
81.1188567243 50.8860343314 1.93827927113 112.280822754 38.838634491 22216704 0.266175021324 0.0 0.266175021324 -0.734891733746 1.79356089179 -1.79356089179 -0.734891733746 
120.345439561 15.3433729019 1.29059696198 247.433944702 37.0699615479 8388608 0.600369641011 0.0 0.600369641011 -0.495264393106 -1.19178592842 1.19178592842 -0.495264393106 
152.797292277 42.7024633903 1.42486917973 358.146759033 37.0361213684 8388608 0.492549649832 0.0 0.492549649832 1.42412388911 -0.046079581106 0.046079581106 1.42412388911 
91.1401037174 83.2631398314 2.66689229012 62.8206481934 36.5313529968 11862528 0.140601206797 0.0 0.140601206797 1.21817604752 2.3724168277 -2.3724168277 1.21817604752 
135.950031976 12.8287000747 1.26023948193 116.605957031 36.0993919373 8388608 0.629642213596 0.0 0.629642213596 -0.564400836056 1.12678979764 -1.12678979764 -0.564400836056 
134.670107965 45.3030800726 2.98565936089 261.286468506 34.7401847839 20054528 0.112181046326 0.0 0.112181046326 -0.452310278669 -2.95119928691 2.95119928691 -0.452310278669 
56.7356985587 13.9396953328 1.23787474632 148.812408447 34.4346694946 8388608 0.65259928538 0.0 0.65259928538 -1.05897266668 0.641023227983 -0.641023227983 -1.05897266668 
38.6966942842 15.5681929714 1.57757163048 351.533874512 31.4281520844 8388608 0.401811002484 0.0 0.401811002484 1.56038095649 -0.232257443183 0.232257443183 1.56038095649 
55.0992447916 66.4204912291 1.47563529015 260.824066162 31.3474006653 8388608 0.45924235373 0.0 0.45924235373 -0.235314458502 -1.45675207745 1.45675207745 -0.235314458502 
76.262234992 90.7731765416 1.28254640102 149.561950684 31.3382415771 8388608 0.607930352682 0.0 0.607930352682 -1.10578255884 0.649746260738 -0.649746260738 -1.10578255884 
133.174513899 20.110241604 1.30664932728 269.967956543 31.3257293701 8388608 0.585709005602 0.0 0.585709005602 -0.000730761667731 -1.30664912293 1.30664912293 -0.000730761667731 
83.3981121753 87.9705529416 2.02445363998 34.5938110352 30.4397964478 8651008 0.243996911031 0.0 0.243996911031 1.66652558216 1.14939332887 -1.14939332887 1.66652558216 
114.858085923 95.7109952607 2.27471375465 87.9372558594 30.0979423523 17105152 0.193262010243 0.0 0.193262010243 0.0818758200902 2.27323976203 -2.27323976203 0.0818758200902 
110.580850615 87.0727549806 1.60174262524 132.332443237 29.8894958496 8454144 0.389775496866 0.0 0.389775496866 -1.07866348267 1.18408805781 -1.18408805781 -1.07866348267 
78.6508018651 40.0433127233 1.66004312038 91.3792114258 29.8000164032 11010048 0.362878520015 0.0 0.362878520015 -0.0399563345017 1.6595621871 -1.6595621871 -0.0399563345017 
134.90867006 67.5256158656 1.84041392803 350.71673584 28.896314621 18481152 0.295235772094 0.0 0.295235772094 1.81630980239 -0.296887399919 0.296887399919 1.81630980239 
157.182419156 90.4964335624 2.06311845779 255.337249756 28.8941745758 10027264 0.234937136423 0.0 0.234937136423 -0.522235195372 -1.9959278974 1.9959278974 -0.522235195372 
117.89906357 80.2221142907 1.44362652302 347.786224365 28.6685829163 8388608 0.479833201236 0.0 0.479833201236 1.41095011921 -0.305413324954 0.305413324954 1.41095011921 
147.692552571 97.2179613239 1.73547518253 267.428131104 28.4831600189 14221312 0.332019189298 0.0 0.332019189298 -0.0778751235483 -1.73372707608 1.73372707608 -0.0778751235483 
156.376934934 16.3760257237 2.0428583622 130.052368164 27.3481884003 9306368 0.239620233292 0.0 0.239620233292 -1.31455382716 1.56371945166 -1.56371945166 -1.31455382716 
85.0434414531 94.8709332869 2.27016615868 26.5712890625 26.8399543762 16974080 0.194037070536 0.0 0.194037070536 2.03038779653 1.01547022787 -1.01547022787 2.03038779653 
133.152671048 83.5683651557 2.94042420387 97.3562927246 26.2165908813 18940416 0.115659156877 0.0 0.115659156877 -0.376489200611 2.91622193609 -2.91622193609 -0.376489200611 
100.371680808 87.2226023167 1.9709918499 1.47143554688 26.1707439423 23461888 0.257412921164 0.0 0.257412921164 1.9703419175 0.0506122564402 -0.0506122564402 1.9703419175 
79.0399262434 97.4718492887 1.79329490662 106.333389282 25.7065601349 16580608 0.31095430232 0.0 0.31095430232 -0.504321136477 1.72092033906 -1.72092033906 -0.504321136477 
50.9659028137 79.7589342435 1.51490938663 132.037734985 25.1182537079 8388608 0.43573925534 0.0 0.43573925534 -1.01441346622 1.12512922336 -1.12512922336 -1.01441346622 
92.3300631311 15.9974468476 1.33643651009 297.432891846 23.6956672668 8388608 0.559890807029 0.0 0.559890807029 0.615708833291 -1.1861556298 1.1861556298 0.615708833291 
145.696025134 20.0968576626 1.41098296642 218.64163208 22.1757125854 8388608 0.502292227776 0.0 0.502292227776 -1.10207215462 -0.881084500801 0.881084500801 -1.10207215462 
24.7323258258 13.8634157693 1.68771755695 339.360687256 21.0594024658 12189696 0.351075451813 0.0 0.351075451813 1.57939630653 -0.594893149192 0.594893149192 1.57939630653 
93.7337494239 89.1834976455 1.33817923069 123.922058105 20.6975383759 8388608 0.558433456817 0.0 0.558433456817 -0.746790472117 1.11041777913 -1.11041777913 -0.746790472117 
26.1455082411 65.3063686672 1.71405661106 136.986236572 19.2717037201 13303808 0.340368747873 0.0 0.340368747873 -1.25330080119 1.16928489585 -1.16928489585 -1.25330080119 
137.759421249 50.3175257566 1.25845909119 252.655639648 18.9851646423 8388608 0.63142503219 0.0 0.63142503219 -0.375164265118 -1.2012373031 1.2012373031 -0.375164265118 
13.0449834463 66.3811180938 1.61748754978 312.412902832 17.2773838043 9109504 0.382224135487 0.0 0.382224135487 1.09094467376 -1.19419667245 1.19419667245 1.09094467376 
47.9303385074 97.4274396116 1.45844876766 140.790039062 16.2388916016 8388608 0.470129652492 0.0 0.470129652492 -1.13005656455 0.92197883317 -0.92197883317 -1.13005656455 
11.7539841345 11.6656440094 1.47514629364 108.685638428 15.5935955048 8388608 0.459546872852 0.0 0.459546872852 -0.472600813849 1.39739223498 -1.39739223498 -0.472600813849 
35.0395040975 71.6160739886 1.31176400185 276.657653809 15.2381820679 8388608 0.581150455907 0.0 0.581150455907 0.152081553184 -1.3029182621 1.3029182621 0.152081553184 
38.8819732316 53.4486769479 1.29444158077 110.828918457 14.5450248718 8388608 0.596808623407 0.0 0.596808623407 -0.460275912137 1.2098450689 -1.2098450689 -0.460275912137 
89.8470374797 9.93946671872 1.32323539257 161.395294189 12.6200466156 8388608 0.571117914564 0.0 0.571117914564 -1.25408603541 0.422161248731 -0.422161248731 -1.25408603541 
118.032690469 86.806012191 1.37654268742 319.863037109 10.4180355072 8388608 0.527740753315 0.0 0.527740753315 1.05237473367 -0.88734276929 0.88734276929 1.05237473367 
100.481874588 41.5552764963 1.2351770401 145.619445801 8.09070396423 8388608 0.655453036124 0.0 0.655453036124 -1.01939803009 0.697488334413 -0.697488334413 -1.01939803009 
62.1536956516 54.010178739 1.31315910816 329.987121582 7.02028846741 8388608 0.579916277984 0.0 0.579916277984 1.13708153824 -0.656835153394 0.656835153394 1.13708153824 
