13
85
131.500605268 140.509616947 3.03775310516 99.9389343262 35.74061203 21299712 0.108366501553 0.0 0.108366501553 -0.524311550413 2.99216331874 -2.99216331874 -0.524311550413 
37.9560886043 25.7792645678 2.42572832108 119.312286377 33.5839881897 21758208 0.169947853047 0.0 0.169947853047 -1.187562468 2.11514852251 -2.11514852251 -1.187562468 
97.4822472295 132.301345688 1.41190159321 110.468200684 29.6924133301 8388608 0.501638826732 0.0 0.501638826732 -0.493724298402 1.32276317838 -1.32276317838 -0.493724298402 
81.1917740956 122.740573662 1.80119276047 121.942779541 25.9734954834 16908288 0.308233341581 0.0 0.308233341581 -0.952960776578 1.52845056141 -1.52845056141 -0.952960776578 
56.5245021428 39.7202213189 4.76057720184 320.245422363 22.4491577148 20381953 0.044124599354 0.0 0.044124599354 3.65988767815 -3.04439115063 3.04439115063 3.65988767815 
57.1852743139 89.8938292019 1.50400412083 152.716339111 20.4743385315 8388608 0.442081099426 0.0 0.442081099426 -1.33668063965 0.689429665056 -0.689429665056 -1.33668063965 
55.0834301203 80.8079217926 1.93006849289 168.042160034 20.3427124023 21889024 0.268444529166 0.0 0.268444529166 -1.88818663167 0.399894525107 -0.399894525107 -1.88818663167 
242.479537663 100.822180143 4.39533615112 266.297393799 19.7264480591 14614785 0.0517625674927 0.0 0.0517625674927 -0.283840700095 -4.3861616863 4.3861616863 -0.283840700095 
56.6049638777 55.6638932071 2.57693362236 183.123016357 19.6559333801 9437696 0.150589099421 0.0 0.150589099421 -2.57310652983 -0.140391168498 0.140391168498 -2.57310652983 
66.8154205752 107.429793014 1.84275531769 143.352035522 19.6500816345 18546688 0.294486000467 0.0 0.294486000467 -1.47847589257 1.09993463259 -1.09993463259 -1.47847589257 
54.3637553646 82.5760190721 1.54575002193 164.473571777 19.4732933044 8388608 0.418525069637 0.0 0.418525069637 -1.48934109694 0.413770742408 -0.413770742408 -1.48934109694 
67.137789508 60.9838569416 7.05089521408 307.918060303 18.650970459 15335426 0.0201146036301 0.0 0.0201146036301 4.33301412136 -5.56238365668 5.56238365668 4.33301412136 
27.1040232326 19.8105156595 2.05245423317 197.851898193 15.1698913574 9634048 0.237384870694 0.0 0.237384870694 -1.95363288248 -0.629195470232 0.629195470232 -1.95363288248 
255.836019203 96.6905017737 1.85099899769 284.585418701 13.353017807 18874368 0.291868773314 0.0 0.291868773314 0.46612426156 -1.79134738737 1.79134738737 0.46612426156 
256.506570354 107.860451001 1.86151587963 162.050338745 13.2589416504 19333120 0.288580186253 0.0 0.288580186253 -1.77091151674 0.573684381867 -0.573684381867 -1.77091151674 
232.172350626 77.1683537306 5.04187917709 269.604553223 13.08228302 24510721 0.0393382586787 0.0 0.0393382586787 -0.03479800886 -5.04175909133 5.04175909133 -0.03479800886 
75.0332858534 126.652449071 1.34587419033 122.978637695 9.47800827026 8388608 0.552066088063 0.0 0.552066088063 -0.73259472514 1.12901829254 -1.12901829254 -0.73259472514 
145.263377211 92.7125793465 1.86882770061 280.01449585 9.4662399292 19595264 0.286326453751 0.0 0.286326453751 0.324984145063 -1.84035384642 1.84035384642 0.324984145063 
51.4474882535 95.2768696079 1.76623296738 150.914123535 8.30158615112 15532032 0.320556085819 0.0 0.320556085819 -1.54349700026 0.858601132804 -0.858601132804 -1.54349700026 
84.5155386243 136.316156459 2.41005396843 118.163635254 8.24220657349 21299456 0.172165633241 0.0 0.172165633241 -1.13752455393 2.1247112792 -2.1247112792 -1.13752455393 
59.4990789769 109.679309078 1.52141809464 144.179962158 8.17855834961 8388608 0.432018998437 0.0 0.432018998437 -1.23365585041 0.890396687678 -0.890396687678 -1.23365585041 
139.28597729 90.6128947296 1.31600260735 286.716186523 8.14462280273 8388608 0.577412924331 0.0 0.577412924331 0.378523278895 -1.26039001499 1.26039001499 0.378523278895 
114.586696569 93.3476652998 8.20803928375 290.108032227 7.99842834473 9634050 0.0148429815419 0.0 0.0148429815419 2.82185283812 -7.70772699592 7.70772699592 2.82185283812 
130.721758199 88.936719235 1.9859110117 289.657623291 7.6985244751 23986176 0.253559818436 0.0 0.253559818436 0.668058165325 -1.87017133817 1.87017133817 0.668058165325 
108.002281259 142.11996077 1.25366282463 101.928466797 7.65514373779 8388608 0.636265689333 0.0 0.636265689333 -0.259119972498 1.22659174859 -1.22659174859 -0.259119972498 
199.58059306 151.990366108 1.24412548542 83.5451049805 7.51806259155 8388608 0.646058176012 0.0 0.646058176012 0.139865842124 1.23623855695 -1.23623855695 0.139865842124 
139.284201447 149.922746059 1.45124959946 102.225646973 7.13599395752 8388608 0.474805536288 0.0 0.474805536288 -0.307319938826 1.41833700337 -1.41833700337 -0.307319938826 
113.482535014 83.7914335981 3.22287034988 294.310119629 6.84384155273 8847361 0.0962751779451 0.0 0.0962751779451 1.32677619873 -2.93710030654 2.93710030654 1.32677619873 
113.746493572 80.554144061 1.4747133255 297.162384033 6.68262863159 8388608 0.459816753594 0.0 0.459816753594 0.673227141568 -1.31207644909 1.31207644909 0.673227141568 
239.123865503 143.577078521 1.54016900063 70.7417297363 6.38070297241 8388608 0.421563735365 0.0 0.421563735365 0.507989189719 1.45398333334 -1.45398333334 0.507989189719 
254.524179817 114.442530314 1.44769585133 190.33102417 6.2947807312 8388608 0.477139466158 0.0 0.477139466158 -1.42422591761 -0.259622444234 0.259622444234 -1.42422591761 
240.275137059 122.793409748 1.95389914513 142.732681274 6.06753158569 22806528 0.261936315486 0.0 0.261936315486 -1.55495007295 1.1831534727 -1.1831534727 -1.55495007295 
60.6659172621 40.4992165409 1.34365689754 325.022399902 5.68580245972 8388608 0.553889622256 0.0 0.553889622256 1.10096051313 -0.77025957108 0.77025957108 1.10096051313 
247.257926946 117.799504109 1.82780659199 193.652557373 5.64560699463 17956864 0.299322608598 0.0 0.299322608598 -1.77616172666 -0.431423757404 0.431423757404 -1.77616172666 
207.595785939 130.48792868 1.23294365406 350.597900391 5.21035766602 8388608 0.65782979602 0.0 0.65782979602 1.21638050582 -0.201416283205 0.201416283205 1.21638050582 
120.320359979 75.6282123463 1.60433781147 296.077606201 5.18227386475 8519680 0.388515510521 0.0 0.388515510521 0.705247884432 -1.44101534857 1.44101534857 0.705247884432 
79.0839201469 57.8974738112 1.74529767036 309.616363525 5.11834335327 14614528 0.328292515761 0.0 0.328292515761 1.11287862319 -1.3444571872 1.3444571872 1.11287862319 
64.1096159227 46.2490610618 1.30362677574 312.958251953 5.08736801147 8388608 0.588428170339 0.0 0.588428170339 0.888376392091 -0.954059828526 0.954059828526 0.888376392091 
83.555372848 70.2987870507 1.63777279854 276.737915039 4.15880966187 10027008 0.372814411911 0.0 0.372814411911 0.192156499639 -1.62646107217 1.62646107217 0.192156499639 
99.2592750981 78.2349752043 1.27790725231 292.41607666 3.89827346802 8388608 0.612352267489 0.0 0.612352267489 0.487304091794 -1.18134739498 1.18134739498 0.487304091794 
71.2323341575 43.1400881381 1.45947241783 310.226928711 3.76097869873 8388608 0.469470401213 0.0 0.469470401213 0.942551509545 -1.11429636554 1.11429636554 0.942551509545 
203.108645863 136.046481074 1.59668588638 51.4243774414 3.74283599854 8388608 0.392248261239 0.0 0.392248261239 0.995608741309 1.24826641948 -1.24826641948 0.995608741309 
63.3170349197 25.0873892527 1.25853812695 274.675872803 3.70651245117 8388608 0.631345728133 0.0 0.631345728133 0.102594540943 -1.25434946372 1.25434946372 0.102594540943 
255.293269535 140.750060119 1.23576438427 84.8592224121 3.68723678589 8388608 0.654830126067 0.0 0.654830126067 0.110728393694 1.23079357987 -1.23079357987 0.110728393694 
97.6547272775 33.800285612 3.31497907639 282.827087402 3.68362808228 10878977 0.0909993765455 0.0 0.0909993765455 0.735956809802 -3.23225213295 3.23225213295 0.735956809802 
126.865923415 48.5108460873 3.97292494774 284.364440918 3.67725372314 23986177 0.063354764103 0.0 0.063354764103 0.985637842149 -3.84872065555 3.84872065555 0.985637842149 
91.4496639656 46.2966757025 1.71423745155 274.177276611 3.67140197754 13369344 0.340296938445 0.0 0.340296938445 0.124869613274 -1.70968348532 1.70968348532 0.124869613274 
123.692116301 94.8237443828 1.78185856342 295.665710449 3.66484069824 16121856 0.314958651877 0.0 0.314958651877 0.771758123757 -1.60605396499 1.60605396499 0.771758123757 
139.008733827 66.0720061478 2.77794551849 273.693908691 3.64856338501 14811648 0.129584349196 0.0 0.129584349196 0.178972518276 -2.77217426246 2.77217426246 0.178972518276 
88.9730766015 26.6866085366 3.40484762192 312.029388428 3.64792251587 12845057 0.0862590436499 0.0 0.0862590436499 2.27958530512 -2.52912596862 2.52912596862 2.27958530512 
104.788188948 39.3266058978 3.31327581406 296.04006958 3.64701461792 10878977 0.0910929610572 0.0 0.0910929610572 1.45452678241 -2.97693608586 2.97693608586 1.45452678241 
143.341533969 51.8412491319 4.49589061737 280.286773682 3.63311004639 16253185 0.0494730319561 0.0 0.0494730319561 0.80285406072 -4.42362496156 4.42362496156 0.80285406072 
150.480533864 80.4840661325 1.24951314926 280.206176758 3.63297271729 8388608 0.640498826562 0.0 0.640498826562 0.221402284837 -1.22974149253 1.22974149253 0.221402284837 
267.951897564 132.552824712 1.29580724239 61.05078125 3.60987472534 8388608 0.595551323528 0.0 0.595551323528 0.627215092517 1.13389489687 -1.13389489687 0.627215092517 
79.7306871544 38.9846829095 1.5595908165 285.285369873 3.58053207397 8388608 0.411129520342 0.0 0.411129520342 0.411149854426 -1.50441992546 1.50441992546 0.411149854426 
72.9187369854 29.9015712535 1.79863989353 354.003753662 3.57830810547 16842752 0.309108933332 0.0 0.309108933332 1.78879906934 -0.187891873488 0.187891873488 1.78879906934 
116.923473416 60.0091915911 2.04071235657 273.241821289 3.57703781128 9240832 0.240124465794 0.0 0.240124465794 0.115402837069 -2.03744671279 2.03744671279 0.115402837069 
128.376043016 71.6530254384 1.41607892513 270.621612549 3.57518386841 8388608 0.498683594445 0.0 0.498683594445 0.0153630017647 -1.41599558629 1.41599558629 0.0153630017647 
220.643047284 157.974149968 1.51624107361 63.8911743164 3.57244110107 8388608 0.434974187725 0.0 0.434974187725 0.667263572463 1.36152352832 -1.36152352832 0.667263572463 
228.261104996 115.540210435 1.54027438164 225.67388916 3.54190826416 8388608 0.421506053054 0.0 0.421506053054 -1.07625342926 -1.10187282694 1.10187282694 -1.07625342926 
63.2105385619 140.343220799 2.31992006302 113.099456787 3.53981018066 18546944 0.185803529049 0.0 0.185803529049 -0.910170516924 2.13392097532 -2.13392097532 -0.910170516924 
103.216382298 53.319168943 1.8443031311 341.343963623 3.50688171387 18612224 0.293991918873 0.0 0.293991918873 1.74739608292 -0.589966921775 0.589966921775 1.74739608292 
208.038989083 120.193228421 1.51307141781 286.630310059 3.29187011719 8388608 0.436798506847 0.0 0.436798506847 0.433033913115 -1.44978161993 1.44978161993 0.433033913115 
147.663942758 119.728806815 1.51866233349 274.788970947 3.20405769348 8388608 0.433588302318 0.0 0.433588302318 0.126787079415 -1.51336060463 1.51336060463 0.126787079415 
167.946499867 111.456909329 1.80695521832 279.924926758 3.2035369873 17170432 0.306270537567 0.0 0.306270537567 0.311442572691 -1.77991311162 1.77991311162 0.311442572691 
221.125806613 131.655474519 1.75829899311 54.1139526367 3.17472076416 15204352 0.323455503696 0.0 0.323455503696 1.03067105024 1.42454643146 -1.42454643146 1.03067105024 
77.5055718208 66.3961816405 1.31929075718 181.112747192 3.17050933838 8388608 0.574538267359 0.0 0.574538267359 -1.31904196048 -0.0256204700362 0.0256204700362 -1.31904196048 
160.238177022 102.702384394 1.7017108202 275.024871826 3.15790176392 12845056 0.345325364911 0.0 0.345325364911 0.149049750082 -1.6951707547 1.6951707547 0.149049750082 
199.978900064 127.111262079 1.43491721153 307.208862305 3.11417198181 8388608 0.485675627777 0.0 0.485675627777 0.867726453696 -1.14282028574 1.14282028574 0.867726453696 
143.94362156 99.2067959616 1.49882864952 289.660583496 3.05184936523 8388608 0.445139391983 0.0 0.445139391983 0.504277146275 -1.41145027556 1.41145027556 0.504277146275 
90.8111419038 111.735011679 1.29417610168 283.256774902 3.04770851135 8388608 0.597053499602 0.0 0.597053499602 0.296774621624 -1.25968909106 1.25968909106 0.296774621624 
109.014452115 86.1403925445 1.35451865196 298.477294922 3.04028320312 8388608 0.545042064008 0.0 0.545042064008 0.645848670447 -1.1906302001 1.1906302001 0.645848670447 
132.254278543 98.0384456671 1.79387462139 296.432891846 2.93559265137 16646144 0.310753356642 0.0 0.310753356642 0.798542046423 -1.60633643966 1.60633643966 0.798542046423 
94.9993356657 59.2729523124 1.83240127563 308.247955322 2.89071655273 18153472 0.297823408108 0.0 0.297823408108 1.1343771885 -1.43905622863 1.43905622863 1.1343771885 
93.0919008987 85.5580405085 2.23378014565 281.651672363 2.77398872375 15794432 0.200409888763 0.0 0.200409888763 0.451137079596 -2.1877497742 2.1877497742 0.451137079596 
92.7661169334 87.3263075194 1.36113774776 281.020080566 2.75416183472 8388608 0.539753967765 0.0 0.539753967765 0.260185586347 -1.33603870791 1.33603870791 0.260185586347 
115.746626174 94.1215054279 1.9165418148 270.2371521 2.51200485229 21430272 0.272247187491 0.0 0.272247187491 0.00793270676215 -1.91652539771 1.91652539771 0.00793270676215 
172.346244399 124.090653376 1.51127529144 357.203338623 2.50757026672 8388608 0.437837379816 0.0 0.437837379816 1.50947533555 -0.0737374931356 0.0737374931356 1.50947533555 
200.774732516 111.143899172 1.56566286087 263.700439453 2.46891593933 8388608 0.407946771466 0.0 0.407946771466 -0.171794999469 -1.55620907081 1.55620907081 -0.171794999469 
131.531541869 107.540106193 1.46644437313 286.534637451 2.40389633179 8388608 0.465016981834 0.0 0.465016981834 0.417342641521 -1.40580376264 1.40580376264 0.417342641521 
190.084260663 111.789137076 2.24828028679 297.553436279 2.38142204285 16253184 0.19783316312 0.0 0.19783316312 1.03999976722 -1.99327989308 1.99327989308 1.03999976722 
122.277388031 114.881309475 1.70894896984 284.583007812 2.1522731781 13107200 0.342406350435 0.0 0.342406350435 0.43028319453 -1.65389327165 1.65389327165 0.43028319453 
120.969484647 102.33721622 1.64419233799 281.233825684 2.13604545593 10354688 0.369908882419 0.0 0.369908882419 0.320310770962 -1.61269012966 1.61269012966 0.320310770962 
156.125979229 115.854372091 1.46369457245 286.484710693 2.0112953186 8388608 0.46676585099 0.0 0.46676585099 0.415337203081 -1.40353012406 1.40353012406 0.415337203081 
140.272326444 111.587823706 1.39579975605 289.497924805 1.98969841003 8388608 0.513279316358 0.0 0.513279316358 0.465879877651 -1.31575563787 1.31575563787 0.465879877651 
