13
68
131.500605268 140.509616947 3.03775310516 141.659014032 35.74061203 21299712 0.108366501553 0.0 0.108366501553 -2.38260945032 1.88444053639 -1.88444053639 -2.38260945032 
97.4822472295 132.301345688 1.41190159321 143.220378711 29.6924133301 8388608 0.501638826732 0.0 0.501638826732 -1.1308546439 0.845360209187 -0.845360209187 -1.1308546439 
81.1917740956 122.740573662 1.80119276047 150.027157132 25.9734954834 16908288 0.308233341581 0.0 0.308233341581 -1.56030537835 0.899856925649 -0.899856925649 -1.56030537835 
57.1852743139 89.8938292019 1.50400412083 128.234183152 20.4743385315 8388608 0.442081099426 0.0 0.442081099426 -0.930793760137 1.18137689649 -1.18137689649 -0.930793760137 
55.0834301203 80.8079217926 1.93006849289 127.766015103 20.3427124023 21889024 0.268444529166 0.0 0.268444529166 -1.18204780244 1.52575469194 -1.52575469194 -1.18204780244 
56.6049638777 55.6638932071 2.57693362236 128.05256278 19.6559333801 9437696 0.150589099421 0.0 0.150589099421 -1.58838099442 2.02919508934 -2.02919508934 -1.58838099442 
66.8154205752 107.429793014 1.84275531769 133.654521873 19.6500816345 18546688 0.294486000467 0.0 0.294486000467 -1.27206937055 1.33326166875 -1.33326166875 -1.27206937055 
54.3637553646 82.5760190721 1.54575002193 127.297005826 19.4732933044 8388608 0.418525069637 0.0 0.418525069637 -0.936642324878 1.2296520994 -1.2296520994 -0.936642324878 
75.0332858534 126.652449071 1.34587419033 136.328942532 9.47800827026 8388608 0.552066088063 0.0 0.552066088063 -0.973492400062 0.92934917185 -0.92934917185 -0.973492400062 
145.263377211 92.7125793465 1.86882770061 144.736300367 9.4662399292 19595264 0.286326453751 0.0 0.286326453751 -1.5259044225 1.07894979864 -1.07894979864 -1.5259044225 
51.4474882535 95.2768696079 1.76623296738 124.714152197 8.30158615112 15532032 0.320556085819 0.0 0.320556085819 -1.00583890297 1.45184950884 -1.45184950884 -1.00583890297 
84.5155386243 136.316156459 2.41005396843 140.374747741 8.24220657349 21299456 0.172165633241 0.0 0.172165633241 -1.85630124939 1.53704450236 -1.53704450236 -1.85630124939 
59.4990789769 109.679309078 1.52141809464 129.608646709 8.17855834961 8388608 0.432018998437 0.0 0.432018998437 -0.969965292762 1.17212642216 -1.17212642216 -0.969965292762 
139.28597729 90.6128947296 1.31600260735 142.676839434 8.14462280273 8388608 0.577412924331 0.0 0.577412924331 -1.04652272458 0.797905413869 -0.797905413869 -1.04652272458 
130.721758199 88.936719235 1.9859110117 146.328665609 7.6985244751 23986176 0.253559818436 0.0 0.253559818436 -1.65273792215 1.10104491601 -1.10104491601 -1.65273792215 
108.002281259 142.11996077 1.25366282463 135.171907264 7.65514373779 8388608 0.636265689333 0.0 0.636265689333 -0.889129219311 0.883809769819 -0.883809769819 -0.889129219311 
199.58059306 151.990366108 1.24412548542 129.003719918 7.51806259155 8388608 0.646058176012 0.0 0.646058176012 -0.783016309021 0.966816261386 -0.966816261386 -0.783016309021 
139.284201447 149.922746059 1.45124959946 133.812117197 7.13599395752 8388608 0.474805536288 0.0 0.474805536288 -1.00469400223 1.04724178766 -1.04724178766 -1.00469400223 
113.482535014 83.7914335981 3.22287034988 150.208274822 6.84384155273 8847361 0.0962751779451 0.0 0.0962751779451 -2.79692684079 1.60127872009 -1.60127872009 -2.79692684079 
113.746493572 80.554144061 1.4747133255 146.103569292 6.68262863159 8388608 0.459816753594 0.0 0.459816753594 -1.22408141403 0.8224378908 -0.8224378908 -1.22408141403 
239.123865503 143.577078521 1.54016900063 125.438774369 6.38070297241 8388608 0.421563735365 0.0 0.421563735365 -0.893040303205 1.25483049347 -1.25483049347 -0.893040303205 
240.275137059 122.793409748 1.95389914513 118.653007871 6.06753158569 22806528 0.261936315486 0.0 0.261936315486 -0.936902317626 1.71462413273 -1.71462413273 -0.936902317626 
60.6659172621 40.4992165409 1.34365689754 130.041561113 5.68580245972 8388608 0.553889622256 0.0 0.553889622256 -0.864432410614 1.02867413003 -1.02867413003 -0.864432410614 
247.257926946 117.799504109 1.82780659199 117.938243063 5.64560699463 17956864 0.299322608598 0.0 0.299322608598 -0.856363203662 1.6147814097 -1.6147814097 -0.856363203662 
207.595785939 130.48792868 1.23294365406 124.869342385 5.21035766602 8388608 0.65782979602 0.0 0.65782979602 -0.704882453164 1.01157836143 -1.01157836143 -0.704882453164 
120.320359979 75.6282123463 1.60433781147 137.952592341 5.18227386475 8519680 0.388515510521 0.0 0.388515510521 -1.19136669026 1.07449766061 -1.07449766061 -1.19136669026 
79.0839201469 57.8974738112 1.74529767036 146.200476507 5.11834335327 14614528 0.328292515761 0.0 0.328292515761 -1.4503233329 0.970889380012 -0.970889380012 -1.4503233329 
64.1096159227 46.2490610618 1.30362677574 136.647858616 5.08736801147 8388608 0.588428170339 0.0 0.588428170339 -0.947930039519 0.894914191757 -0.894914191757 -0.947930039519 
83.555372848 70.2987870507 1.63777279854 126.803221716 4.15880966187 10027008 0.372814411911 0.0 0.372814411911 -0.981138294108 1.31136089139 -1.31136089139 -0.981138294108 
99.2592750981 78.2349752043 1.27790725231 126.029289461 3.89827346802 8388608 0.612352267489 0.0 0.612352267489 -0.751663439434 1.03346457091 -1.03346457091 -0.751663439434 
71.2323341575 43.1400881381 1.45947241783 133.700102232 3.76097869873 8388608 0.469470401213 0.0 0.469470401213 -1.00832570562 1.05514880931 -1.05514880931 -1.00832570562 
203.108645863 136.046481074 1.59668588638 124.686843955 3.74283599854 8388608 0.392248261239 0.0 0.392248261239 -0.908659137859 1.31291446445 -1.31291446445 -0.908659137859 
63.3170349197 25.0873892527 1.25853812695 124.937150488 3.70651245117 8388608 0.631345728133 0.0 0.631345728133 -0.720736516338 1.03172529822 -1.03172529822 -0.720736516338 
255.293269535 140.750060119 1.23576438427 124.997947793 3.68723678589 8388608 0.654830126067 0.0 0.654830126067 -0.708769073677 1.01230430881 -1.01230430881 -0.708769073677 
91.4496639656 46.2966757025 1.71423745155 124.974348997 3.67140197754 13369344 0.340296938445 0.0 0.340296938445 -0.982617447995 1.40466116598 -1.40466116598 -0.982617447995 
123.692116301 94.8237443828 1.78185856342 124.700375648 3.66484069824 16121856 0.314958651877 0.0 0.314958651877 -1.0143851984 1.4649377493 -1.4649377493 -1.0143851984 
139.008733827 66.0720061478 2.77794551849 125.002475322 3.64856338501 14811648 0.129584349196 0.0 0.129584349196 -1.5934623993 2.27549091094 -2.27549091094 -1.5934623993 
150.480533864 80.4840661325 1.24951314926 125.001588006 3.63297271729 8388608 0.640498826562 0.0 0.640498826562 -0.716719667455 1.02352138642 -1.02352138642 -0.716719667455 
79.7306871544 38.9846829095 1.5595908165 124.950359107 3.58053207397 8388608 0.411129520342 0.0 0.411129520342 -0.893437348497 1.27831655673 -1.27831655673 -0.893437348497 
116.923473416 60.0091915911 2.04071235657 124.952199012 3.57703781128 9240832 0.240124465794 0.0 0.240124465794 -1.16910947892 1.67262965074 -1.67262965074 -1.16910947892 
128.376043016 71.6530254384 1.41607892513 124.994185749 3.57518386841 8388608 0.498683594445 0.0 0.498683594445 -0.812111786638 1.16006636371 -1.16006636371 -0.812111786638 
220.643047284 157.974149968 1.51624107361 124.946287666 3.57244110107 8388608 0.434974187725 0.0 0.434974187725 -0.868515417997 1.24284671702 -1.24284671702 -0.868515417997 
228.261104996 115.540210435 1.54027438164 123.631806322 3.54190826416 8388608 0.421506053054 0.0 0.421506053054 -0.853086879979 1.28245387673 -1.28245387673 -0.853086879979 
63.2105385619 140.343220799 2.31992006302 124.950966475 3.53981018066 18546944 0.185803529049 0.0 0.185803529049 -1.32902466774 1.90150533298 -1.90150533298 -1.32902466774 
103.216382298 53.319168943 1.8443031311 124.922169572 3.50688171387 18612224 0.293991918873 0.0 0.293991918873 -1.05579562358 1.51220026473 -1.51220026473 -1.05579562358 
208.038989083 120.193228421 1.51307141781 123.675555557 3.29187011719 8388608 0.436798506847 0.0 0.436798506847 -0.838982116133 1.2591640577 -1.2591640577 -0.838982116133 
147.663942758 119.728806815 1.51866233349 123.808472292 3.20405769348 8388608 0.433588302318 0.0 0.433588302318 -0.845011797226 1.26185987562 -1.26185987562 -0.845011797226 
167.946499867 111.456909329 1.80695521832 122.873724648 3.2035369873 17170432 0.306270537567 0.0 0.306270537567 -0.980796049148 1.51760543982 -1.51760543982 -0.980796049148 
221.125806613 131.655474519 1.75829899311 122.418230664 3.17472076416 15204352 0.323455503696 0.0 0.323455503696 -0.942616037957 1.48428109001 -1.48428109001 -0.942616037957 
77.5055718208 66.3961816405 1.31929075718 124.856122988 3.17050933838 8388608 0.574538267359 0.0 0.574538267359 -0.75399793316 1.08259651707 -1.08259651707 -0.75399793316 
160.238177022 102.702384394 1.7017108202 124.492386679 3.15790176392 12845056 0.345325364911 0.0 0.345325364911 -0.963673262802 1.40255251529 -1.40255251529 -0.963673262802 
199.978900064 127.111262079 1.43491721153 124.199878363 3.11417198181 8388608 0.485675627777 0.0 0.485675627777 -0.806540593668 1.18679386362 -1.18679386362 -0.806540593668 
143.94362156 99.2067959616 1.49882864952 124.298092612 3.05184936523 8388608 0.445139391983 0.0 0.445139391983 -0.844587767185 1.23820790829 -1.23820790829 -0.844587767185 
90.8111419038 111.735011679 1.29417610168 123.851214947 3.04770851135 8388608 0.597053499602 0.0 0.597053499602 -0.720905506488 1.07479627506 -1.07479627506 -0.720905506488 
109.014452115 86.1403925445 1.35451865196 124.757356657 3.04028320312 8388608 0.545042064008 0.0 0.545042064008 -0.772214138778 1.11283696128 -1.11283696128 -0.772214138778 
132.254278543 98.0384456671 1.79387462139 124.250439515 2.93559265137 16646144 0.310753356642 0.0 0.310753356642 -1.00961285108 1.48279062858 -1.48279062858 -1.00961285108 
94.9993356657 59.2729523124 1.83240127563 135.96037137 2.89071655273 18153472 0.297823408108 0.0 0.297823408108 -1.3172384561 1.27380425683 -1.27380425683 -1.3172384561 
93.0919008987 85.5580405085 2.23378014565 123.788164925 2.77398872375 15794432 0.200409888763 0.0 0.200409888763 -1.24225864836 1.85649325063 -1.85649325063 -1.24225864836 
92.7661169334 87.3263075194 1.36113774776 124.141036325 2.75416183472 8388608 0.539753967765 0.0 0.539753967765 -0.76391395599 1.12655733819 -1.12655733819 -0.76391395599 
115.746626174 94.1215054279 1.9165418148 124.348518246 2.51200485229 21430272 0.272247187491 0.0 0.272247187491 -1.08136155184 1.58233679162 -1.58233679162 -1.08136155184 
172.346244399 124.090653376 1.51127529144 124.455389378 2.50757026672 8388608 0.437837379816 0.0 0.437837379816 -0.855025756706 1.24614764851 -1.24614764851 -0.855025756706 
200.774732516 111.143899172 1.56566286087 124.059670032 2.46891593933 8388608 0.407946771466 0.0 0.407946771466 -0.876858866256 1.29708084659 -1.29708084659 -0.876858866256 
131.531541869 107.540106193 1.46644437313 123.376817545 2.40389633179 8388608 0.465016981834 0.0 0.465016981834 -0.806753970538 1.22458447259 -1.22458447259 -0.806753970538 
190.084260663 111.789137076 2.24828028679 123.744705487 2.38142204285 16253184 0.19783316312 0.0 0.19783316312 -1.24890485458 1.86949215355 -1.86949215355 -1.24890485458 
122.277388031 114.881309475 1.70894896984 123.251628413 2.1522731781 13107200 0.342406350435 0.0 0.342406350435 -0.937045768078 1.42914373317 -1.42914373317 -0.937045768078 
120.969484647 102.33721622 1.64419233799 123.391755579 2.13604545593 10354688 0.369908882419 0.0 0.369908882419 -0.904898691868 1.37278068232 -1.37278068232 -0.904898691868 
156.125979229 115.854372091 1.46369457245 123.475835626 2.0112953186 8388608 0.46676585099 0.0 0.46676585099 -0.807352331777 1.22089475951 -1.22089475951 -0.807352331777 
140.272326444 111.587823706 1.39579975605 123.218421175 1.98969841003 8388608 0.513279316358 0.0 0.513279316358 -0.764664083793 1.16770963769 -1.16770963769 -0.764664083793 
