13
88
32.5910625033 51.8029254964 2.18782091141 115.938858032 72.3928909302 14287104 0.208918289729 0.0 0.208918289729 -0.956978614008 1.96742274886 -1.96742274886 -0.956978614008 
25.8341351486 46.4931926199 1.65829634666 131.988998413 59.0049514771 10944512 0.363643402006 0.0 0.363643402006 -1.10938019033 1.23256738829 -1.23256738829 -1.10938019033 
23.5832168769 40.051869464 1.31064879894 170.725341797 47.2954826355 8388608 0.582139853531 0.0 0.582139853531 -1.29351481418 0.211233755965 -0.211233755965 -1.29351481418 
55.2989782095 76.489286448 6.16786384583 320.946136475 44.9096717834 22413825 0.026286359528 0.0 0.026286359528 4.78967932017 -3.88606696167 3.88606696167 4.78967932017 
271.010328235 67.1251217732 1.82068538666 315.831695557 39.1201248169 17694720 0.30166865508 0.0 0.30166865508 1.30597064364 -1.26859605672 1.26859605672 1.30597064364 
43.628374344 70.2420151172 1.74438595772 154.075836182 38.6998825073 14614528 0.328635773117 0.0 0.328635773117 -1.56885447443 0.762612619582 -0.762612619582 -1.56885447443 
64.5360546528 117.242301125 5.8868894577 132.979400635 21.9981689453 19005953 0.0288554757015 0.0 0.0288554757015 -4.0133007907 4.30684156321 -4.30684156321 -4.0133007907 
59.7575529614 107.163723096 5.93574476242 143.651611328 21.440486908 19595777 0.0283824292577 0.0 0.0283824292577 -4.78081512219 3.51807797696 -3.51807797696 -4.78081512219 
246.412897002 77.2643394415 1.53829455376 237.432449341 18.6092910767 8388608 0.422591731284 0.0 0.422591731284 -0.828054078643 -1.29640910864 1.29640910864 -0.828054078643 
253.170095209 72.4992611267 1.38490438461 228.938659668 18.2508811951 8388608 0.521387265342 0.0 0.521387265342 -0.90969748702 -1.04422729165 1.04422729165 -0.90969748702 
239.202509863 80.3899889779 1.5343631506 240.154556274 17.7265930176 8388608 0.424760066583 0.0 0.424760066583 -0.763594336161 -1.33086211446 1.33086211446 -0.763594336161 
259.124846312 58.8038479204 1.79585719109 241.795028687 16.8289146423 16711680 0.310067611564 0.0 0.310067611564 -0.84877100984 -1.58262150359 1.58262150359 -0.84877100984 
262.504362582 106.729117686 2.62221336365 31.3284301758 16.3945655823 10682880 0.145433329651 0.0 0.145433329651 2.23989711874 1.36340156298 -1.36340156298 2.23989711874 
270.153292444 58.7975954996 1.60422158241 296.792144775 16.2191543579 8519680 0.38857181001 0.0 0.38857181001 0.723111161436 -1.43200458578 1.43200458578 0.723111161436 
262.96115581 50.8266921196 3.94925355911 252.2706604 15.7796974182 23592961 0.0641165231156 0.0 0.0641165231156 -1.20263006213 -3.76168640477 3.76168640477 -1.20263006213 
225.224456746 87.9906818728 1.85143280029 239.860733032 14.7885627747 18939904 0.291732015878 0.0 0.291732015878 -0.929610963789 -1.60113299573 1.60113299573 -0.929610963789 
51.5905002749 109.318562446 1.43089032173 148.885726929 14.6654777527 8388608 0.488413104171 0.0 0.488413104171 -1.22504012678 0.739407736371 -0.739407736371 -1.22504012678 
235.432583113 73.7791040043 1.29129505157 243.838165283 14.1081047058 8388608 0.599720682411 0.0 0.599720682411 -0.569342424806 -1.15900479444 1.15900479444 -0.569342424806 
16.264802182 32.5287504095 2.06855034828 200.958114624 14.0204315186 10223872 0.233704894485 0.0 0.233704894485 -1.93169952014 -0.739890199464 0.739890199464 -1.93169952014 
230.914622244 84.6659477604 1.68867492676 240.659194946 13.2091445923 12255232 0.350677490364 0.0 0.350677490364 -0.827456455769 -1.47205258808 1.47205258808 -0.827456455769 
218.007770256 82.2489460801 1.61444199085 240.019866943 11.9569358826 8978432 0.383667586696 0.0 0.383667586696 -0.806736148152 -1.39842759165 1.39842759165 -0.806736148152 
203.460453891 90.2390905677 1.2874597311 249.094619751 11.7366867065 8388608 0.603299119804 0.0 0.603299119804 -0.459398748618 -1.20270750766 1.20270750766 -0.459398748618 
36.6094482424 71.7549615584 1.36851656437 155.26550293 8.45386123657 8388608 0.533949129901 0.0 0.533949129901 -1.24296395594 0.572606488954 -0.572606488954 -1.24296395594 
261.408355209 78.7357115626 2.24287676811 220.278656006 8.41346168518 16056576 0.198787547163 0.0 0.198787547163 -1.71111136756 -1.45003244265 1.45003244265 -1.71111136756 
248.632102763 83.0310411656 4.05228853226 234.90335083 8.01563644409 8716545 0.0608974740316 0.0 0.0608974740316 -2.32989329151 -3.31551498245 3.31551498245 -2.32989329151 
260.03060306 77.7165743096 1.31529033184 216.788803101 7.78677749634 8388608 0.578038472064 0.0 0.578038472064 -1.05334818213 -0.787684114504 0.787684114504 -1.05334818213 
116.005784096 100.611122342 1.72860002518 288.331207275 7.66541671753 13959168 0.334665519965 0.0 0.334665519965 0.543661186079 -1.64088103219 1.64088103219 0.543661186079 
200.687043591 109.748436304 1.76364684105 251.436645508 7.45379066467 15400960 0.321496870919 0.0 0.321496870919 -0.561462378948 -1.67188820708 1.67188820708 -0.561462378948 
173.340616297 116.476216652 2.12155795097 260.69619751 7.2315788269 12058880 0.222172448714 0.0 0.222172448714 -0.34299081937 -2.0936488333 2.0936488333 -0.34299081937 
52.9066035595 126.780551494 2.07757902145 131.140075684 7.2017250061 10551552 0.231678054391 0.0 0.231678054391 -1.36684374 1.56463183555 -1.56463183555 -1.36684374 
195.234774315 115.239113086 6.28366041183 251.603134155 6.81402206421 23724545 0.0253264656315 0.0 0.0253264656315 -1.98310520253 -5.96252311752 5.96252311752 -1.98310520253 
223.246813336 101.680954346 2.10192298889 240.054534912 6.74059486389 11403520 0.226342651816 0.0 0.226342651816 -1.04922841423 -1.8213182001 1.8213182001 -1.04922841423 
245.686857171 84.9108427165 1.34097778797 237.014251709 6.73630523682 8388608 0.556105040526 0.0 0.556105040526 -0.730069084069 -1.12482023467 1.12482023467 -0.730069084069 
240.139126244 88.9830854321 1.74054288864 240.262176514 6.55784606934 14417920 0.330088612098 0.0 0.330088612098 -0.863364939918 -1.51132078915 1.51132078915 -0.863364939918 
12.3437182141 31.8264467402 1.33751904964 184.175888062 6.54568099976 8388608 0.558984863046 0.0 0.558984863046 -1.33396821737 -0.0973961149936 0.0973961149936 -1.33396821737 
216.022661488 104.113255389 1.6267952919 244.910064697 6.41257667542 9568256 0.377862841675 0.0 0.377862841675 -0.689826832071 -1.47329625789 1.47329625789 -0.689826832071 
80.1529407974 108.915038111 1.42019879818 104.709640503 5.79216957092 8388608 0.495794515648 0.0 0.495794515648 -0.360617861654 1.37365184243 -1.37365184243 -0.360617861654 
116.043142483 109.433782516 1.81212925911 289.716186523 5.75975418091 17367040 0.304524090429 0.0 0.304524090429 0.611342134116 -1.7058936798 1.7058936798 0.611342134116 
72.2683779045 104.594970989 1.72189640999 140.633621216 5.59579086304 13697024 0.337276404034 0.0 0.337276404034 -1.33120827527 1.09215922584 -1.09215922584 -1.33120827527 
112.675126207 91.230076972 1.55347681046 291.849243164 5.58640670776 8388608 0.414372046819 0.0 0.414372046819 0.578150769688 -1.44188483872 1.44188483872 0.578150769688 
232.72872466 114.398784974 3.08443951607 48.9818725586 5.50943565369 22413824 0.10511083428 0.0 0.10511083428 2.02431078793 2.32721571027 -2.32721571027 2.02431078793 
68.0730768385 81.4611770869 1.14684021473 315.113433838 5.05792999268 8388608 0.760316076036 0.0 0.760316076036 0.812542393579 -0.809331413426 0.809331413426 0.812542393579 
92.5437700181 88.9282232414 1.40881824493 300.298278809 4.94804382324 8388608 0.503837009222 0.0 0.503837009222 0.71075118095 -1.21638875613 1.21638875613 0.71075118095 
98.0436290995 100.482278809 1.26942944527 298.235687256 4.92554092407 8388608 0.62055869381 0.0 0.62055869381 0.600566565246 -1.11837870027 1.11837870027 0.600566565246 
266.187703069 79.4952670448 1.24282729626 81.574798584 4.88489341736 8388608 0.647408554715 0.0 0.647408554715 0.182096748218 1.22941468293 -1.22941468293 0.182096748218 
63.5333720098 88.1044764807 1.39059305191 263.529602051 4.81604194641 8388608 0.517130186685 0.0 0.517130186685 -0.156705745448 -1.38173526602 1.38173526602 -0.156705745448 
29.4866492252 63.3052908847 1.30123400688 159.312667847 4.6420249939 8388608 0.590594217517 0.0 0.590594217517 -1.21733324841 0.459684351474 -0.459684351474 -1.21733324841 
83.4649976177 101.367571273 1.71037137508 305.561950684 4.36785125732 13172736 0.341837072821 0.0 0.341837072821 0.994722698434 -1.39136515478 1.39136515478 0.994722698434 
107.884181873 106.625758036 1.76725006104 289.597381592 4.32372283936 15532032 0.320187216977 0.0 0.320187216977 0.592750723061 -1.66487818129 1.66487818129 0.592750723061 
156.110348385 121.782882184 1.25860691071 268.870513916 4.09326553345 8388608 0.631276723036 0.0 0.631276723036 -0.0248096270071 -1.25836236358 1.25836236358 -0.0248096270071 
68.6103183896 146.973164018 1.2925208807 244.769485474 4.05540847778 8388608 0.598583669495 0.0 0.598583669495 -0.550951402113 -1.16921459944 1.16921459944 -0.550951402113 
238.965634353 141.948257501 1.74142408371 275.46295166 4.02653884888 14483456 0.329754633871 0.0 0.329754633871 0.165787219145 -1.73351447565 1.73351447565 0.165787219145 
137.006099552 92.2465250115 1.3775960207 274.737365723 3.95138168335 8388608 0.526934022791 0.0 0.526934022791 0.11377352435 -1.37288979215 1.37288979215 0.11377352435 
95.2052956047 122.333980747 1.22949302197 106.566925049 3.797290802 8388608 0.661527440332 0.0 0.661527440332 -0.350571630559 1.1784534878 -1.1784534878 -0.350571630559 
247.32610538 142.308368957 1.48462915421 278.441894531 3.78067016602 8388608 0.453695039177 0.0 0.453695039177 0.217952976709 -1.46854357288 1.46854357288 0.217952976709 
127.261174687 130.562991804 1.33674561977 104.955810547 3.7276134491 8388608 0.559631898139 0.0 0.559631898139 -0.344979284404 1.29146356717 -1.29146356717 -0.344979284404 
220.136847878 111.863069964 1.55558180809 227.785217285 3.68075752258 8388608 0.413251357425 0.0 0.413251357425 -1.0452136168 -1.1521125192 1.1521125192 -1.0452136168 
56.5071187999 43.7699157526 1.42325985432 289.404663086 3.63632965088 8388608 0.493664162848 0.0 0.493664162848 0.472860859593 -1.34241246283 1.34241246283 0.472860859593 
114.169209221 65.2513792853 3.61681580544 287.428497314 3.60932540894 17235969 0.0764446710565 0.0 0.0764446710565 1.08329191564 -3.45077313018 3.45077313018 1.08329191564 
284.690877554 94.4257489442 1.7435696125 69.6838989258 3.60148239136 14548992 0.328943581929 0.0 0.328943581929 0.605365975266 1.63510459287 -1.63510459287 0.605365975266 
280.164651636 97.5221303615 1.43384456635 0.358306884766 3.58605575562 8388608 0.486402558016 0.0 0.486402558016 1.43381652908 0.00896668193571 -0.00896668193571 1.43381652908 
255.022118611 140.031535631 1.31658947468 276.671630859 3.58197784424 8388608 0.576898277564 0.0 0.576898277564 0.152960008236 -1.30767391987 1.30767391987 0.152960008236 
254.621011211 135.448587105 1.25992107391 6.61395263672 3.58103942871 8388608 0.629960500929 0.0 0.629960500929 1.25153598005 0.145116515735 -0.145116515735 1.25153598005 
268.17421495 134.868246225 2.17714571953 28.3768310547 3.57060241699 13893888 0.210972089419 0.0 0.210972089419 1.91554169948 1.03472869951 -1.03472869951 1.91554169948 
262.429782256 135.107960001 1.91155683994 68.4540100098 3.5704460144 21233664 0.273668976208 0.0 0.273668976208 0.702015298529 1.77798314755 -1.77798314755 0.702015298529 
76.0539248274 63.4093686663 1.62424147129 275.198822021 3.56248855591 9437184 0.379052015289 0.0 0.379052015289 0.147175939051 -1.61755976706 1.61755976706 0.147175939051 
72.6283362981 64.5856717126 1.21444749832 276.221405029 3.56174850464 8388608 0.678020009489 0.0 0.678020009489 0.131610587768 -1.20729506723 1.20729506723 0.131610587768 
56.3960141164 24.7963649773 1.45159447193 323.761993408 3.56029891968 8388608 0.474579952749 0.0 0.474579952749 1.17081017576 -0.858096756356 0.858096756356 1.17081017576 
39.7839673853 139.46405797 2.20943117142 112.135238647 3.55886459351 15008000 0.204851451816 0.0 0.204851451816 -0.832500486669 2.04658961224 -2.04658961224 -0.832500486669 
273.778882925 122.337862943 1.89409840107 13.635925293 3.55458831787 20578304 0.278737194847 0.0 0.278737194847 1.840710154 0.446536540381 -0.446536540381 1.840710154 
101.369006898 71.5155331344 1.44327962399 297.60836792 3.55151367188 8388608 0.480063889281 0.0 0.480063889281 0.668852521086 -1.27894189784 1.27894189784 0.668852521086 
97.645614623 70.3722442351 1.44548118114 284.726074219 3.55113983154 8388608 0.478602668958 0.0 0.478602668958 0.367438574802 -1.39800026423 1.39800026423 0.367438574802 
280.765419802 108.296774909 1.45746588707 5.50112915039 3.55093383789 8388608 0.47076395498 0.0 0.47076395498 1.45075324999 0.139720505309 -0.139720505309 1.45075324999 
278.830125594 111.932393273 1.32325792313 5.29943847656 3.55066680908 8388608 0.57109846636 0.0 0.57109846636 1.31760179397 0.122217198641 -0.122217198641 1.31760179397 
286.826967019 66.4390485633 1.20826566219 357.154174805 3.54224014282 8388608 0.684975650042 0.0 0.684975650042 1.20677556593 -0.0599886982816 0.0599886982816 1.20677556593 
60.4339121008 37.8907310662 2.10722708702 350.495574951 3.53936386108 11534592 0.225204632378 0.0 0.225204632378 2.07830086828 -0.347953297405 0.347953297405 2.07830086828 
227.215958038 130.183372087 1.24230587482 47.0552368164 3.50603866577 8388608 0.647952130248 0.0 0.647952130248 0.846374260642 0.90938138179 -0.90938138179 0.846374260642 
188.013705322 125.436615942 2.30594587326 260.375274658 2.89813041687 18088192 0.188062316774 0.0 0.188062316774 -0.385540836738 -2.27348732867 2.27348732867 -0.385540836738 
236.205368467 122.356288079 1.44465506077 51.4219360352 2.89563941956 8388608 0.479150199613 0.0 0.479150199613 0.900858495654 1.12937248745 -1.12937248745 0.900858495654 
171.883203356 131.188476116 1.62175810337 270.183837891 2.72061729431 9306112 0.380213774654 0.0 0.380213774654 0.00520352598052 -1.62174975541 1.62174975541 0.00520352598052 
191.243263442 135.445030472 1.52609181404 57.9107971191 2.72006607056 8388608 0.42937689825 0.0 0.42937689825 0.810719388412 1.29293862891 -1.29293862891 0.810719388412 
187.156874576 127.933919484 1.57417237759 267.10736084 2.60854721069 8388608 0.403548209845 0.0 0.403548209845 -0.0794400317763 -1.57216664375 1.57216664375 -0.0794400317763 
198.778521303 127.235687315 1.26810109615 252.66569519 2.59664535522 8388608 0.621859458133 0.0 0.621859458133 -0.377826240722 -1.21050721678 1.21050721678 -0.377826240722 
223.704560006 119.751484956 1.53638589382 36.5492248535 2.53289985657 8388608 0.423642359152 0.0 0.423642359152 1.23424874089 0.914938063662 -0.914938063662 1.23424874089 
210.787804158 122.255482605 1.32782399654 238.989562988 2.32601928711 8388608 0.567177473911 0.0 0.567177473911 -0.684087232458 -1.13804271633 1.13804271633 -0.684087232458 
250.800418535 104.608468301 1.73222458363 31.4144287109 2.21565437317 14090240 0.333266456963 0.0 0.333266456963 1.47831435087 0.90287800291 -0.90287800291 1.47831435087 
156.968163749 135.105167393 1.22590577602 269.142150879 2.02750968933 8388608 0.665404628447 0.0 0.665404628447 -0.0183539330621 -1.22576837324 1.22576837324 -0.0183539330621 
138.909493239 129.858177102 1.81027126312 289.542663574 2.01799583435 17301504 0.305149515922 0.0 0.305149515922 0.605551443763 -1.70598637012 1.70598637012 0.605551443763 
