13
67
23.5832168769 40.051869464 1.31064879894 129.484640847 47.2954826355 8388608 0.582139853531 0.0 0.582139853531 -0.833404020796 1.01155227857 -1.01155227857 -0.833404020796 
43.628374344 70.2420151172 1.74438595772 126.21291311 38.6998825073 14614528 0.328635773117 0.0 0.328635773117 -1.03056145796 1.40741800857 -1.40741800857 -1.03056145796 
246.412897002 77.2643394415 1.53829455376 120.514889475 18.6092910767 8388608 0.422591731284 0.0 0.422591731284 -0.781087915618 1.32523650802 -1.32523650802 -0.781087915618 
253.170095209 72.4992611267 1.38490438461 118.00636436 18.2508811951 8388608 0.521387265342 0.0 0.521387265342 -0.650309048973 1.22272576457 -1.22272576457 -0.650309048973 
239.202509863 80.3899889779 1.5343631506 120.954680949 17.7265930176 8388608 0.424760066583 0.0 0.424760066583 -0.789214912174 1.31583057432 -1.31583057432 -0.789214912174 
259.124846312 58.8038479204 1.79585719109 125.0426677 16.8289146423 16711680 0.310067611564 0.0 0.310067611564 -1.03115658348 1.4703126032 -1.4703126032 -1.03115658348 
270.153292444 58.7975954996 1.60422158241 140.265016449 16.2191543579 8519680 0.38857181001 0.0 0.38857181001 -1.2336614669 1.02547855685 -1.02547855685 -1.2336614669 
225.224456746 87.9906818728 1.85143280029 118.855843653 14.7885627747 18939904 0.291732015878 0.0 0.291732015878 -0.893515433616 1.62155283105 -1.62155283105 -0.893515433616 
51.5905002749 109.318562446 1.43089032173 130.468746296 14.6654777527 8388608 0.488413104171 0.0 0.488413104171 -0.92869527493 1.08856428342 -1.08856428342 -0.92869527493 
235.432583113 73.7791040043 1.29129505157 121.800910697 14.1081047058 8388608 0.599720682411 0.0 0.599720682411 -0.680472854828 1.09745141308 -1.09745141308 -0.680472854828 
230.914622244 84.6659477604 1.68867492676 119.075084469 13.2091445923 12255232 0.350677490364 0.0 0.350677490364 -0.820620644722 1.47587423777 -1.47587423777 -0.820620644722 
218.007770256 82.2489460801 1.61444199085 122.928200139 11.9569358826 8978432 0.383667586696 0.0 0.383667586696 -0.877590699894 1.35508579259 -1.35508579259 -0.877590699894 
203.460453891 90.2390905677 1.2874597311 122.726272881 11.7366867065 8388608 0.603299119804 0.0 0.603299119804 -0.696034380948 1.08309219356 -1.08309219356 -0.696034380948 
36.6094482424 71.7549615584 1.36851656437 125.414809065 8.45386123657 8388608 0.533949129901 0.0 0.533949129901 -0.793044177276 1.11531095209 -1.11531095209 -0.793044177276 
260.03060306 77.7165743096 1.31529033184 123.126498245 7.78677749634 8388608 0.578038472064 0.0 0.578038472064 -0.718792134968 1.10151101844 -1.10151101844 -0.718792134968 
116.005784096 100.611122342 1.72860002518 144.138018401 7.66541671753 13959168 0.334665519965 0.0 0.334665519965 -1.40091026444 1.01267392483 -1.01267392483 -1.40091026444 
200.687043591 109.748436304 1.76364684105 122.848933132 7.45379066467 15400960 0.321496870919 0.0 0.321496870919 -0.956647713975 1.4816461559 -1.4816461559 -0.956647713975 
173.340616297 116.476216652 2.12155795097 126.144973049 7.2315788269 12058880 0.222172448714 0.0 0.222172448714 -1.25135935255 1.71321566364 -1.71321566364 -1.25135935255 
52.9066035595 126.780551494 2.07757902145 132.643189665 7.2017250061 10551552 0.231678054391 0.0 0.231678054391 -1.40741570419 1.52823938766 -1.52823938766 -1.40741570419 
223.246813336 101.680954346 2.10192298889 119.278035686 6.74059486389 11403520 0.226342651816 0.0 0.226342651816 -1.02794146171 1.83341664728 -1.83341664728 -1.02794146171 
245.686857171 84.9108427165 1.34097778797 120.045432424 6.73630523682 8388608 0.556105040526 0.0 0.556105040526 -0.671409547101 1.16078880417 -1.16078880417 -0.671409547101 
240.139126244 88.9830854321 1.74054288864 119.382183461 6.55784606934 14417920 0.330088612098 0.0 0.330088612098 -0.853967465131 1.51665062414 -1.51665062414 -0.853967465131 
216.022661488 104.113255389 1.6267952919 121.086522277 6.41257667542 9568256 0.377862841675 0.0 0.377862841675 -0.839966294741 1.39316888619 -1.39316888619 -0.839966294741 
80.1529407974 108.915038111 1.42019879818 125.571561447 5.79216957092 8388608 0.495794515648 0.0 0.495794515648 -0.826157077495 1.155174926 -1.155174926 -0.826157077495 
116.043142483 109.433782516 1.81212925911 135.235734481 5.75975418091 17367040 0.304524090429 0.0 0.304524090429 -1.28663001818 1.27608606608 -1.27608606608 -1.28663001818 
72.2683779045 104.594970989 1.72189640999 125.020168347 5.59579086304 13697024 0.337276404034 0.0 0.337276404034 -0.988135645357 1.41014722391 -1.41014722391 -0.988135645357 
112.675126207 91.230076972 1.55347681046 133.996291676 5.58640670776 8388608 0.414372046819 0.0 0.414372046819 -1.07906334154 1.11754754063 -1.11754754063 -1.07906334154 
232.72872466 114.398784974 3.08443951607 121.943352649 5.50943565369 22413824 0.10511083428 0.0 0.10511083428 -1.63191697045 2.6173677865 -2.6173677865 -1.63191697045 
68.0730768385 81.4611770869 1.14684021473 127.579452762 5.05792999268 8388608 0.760316076036 0.0 0.760316076036 -0.699413115801 0.908880504558 -0.908880504558 -0.699413115801 
92.5437700181 88.9282232414 1.40881824493 141.928705127 4.94804382324 8388608 0.503837009222 0.0 0.503837009222 -1.10908379147 0.868735857874 -0.868735857874 -1.10908379147 
98.0436290995 100.482278809 1.26942944527 128.016858048 4.92554092407 8388608 0.62055869381 0.0 0.62055869381 -0.781833095054 1.00009405957 -1.00009405957 -0.781833095054 
266.187703069 79.4952670448 1.24282729626 126.933784116 4.88489341736 8388608 0.647408554715 0.0 0.647408554715 -0.746804545001 0.993429745823 -0.993429745823 -0.746804545001 
63.5333720098 88.1044764807 1.39059305191 123.63418645 4.81604194641 8388608 0.517130186685 0.0 0.517130186685 -0.770233397548 1.15779512407 -1.15779512407 -0.770233397548 
29.4866492252 63.3052908847 1.30123400688 125.142559428 4.6420249939 8388608 0.590594217517 0.0 0.590594217517 -0.749006971907 1.06404816465 -1.06404816465 -0.749006971907 
83.4649976177 101.367571273 1.71037137508 124.659173911 4.36785125732 13172736 0.341837072821 0.0 0.341837072821 -0.972677187059 1.40686507188 -1.40686507188 -0.972677187059 
107.884181873 106.625758036 1.76725006104 135.180465667 4.32372283936 15532032 0.320187216977 0.0 0.320187216977 -1.25356429594 1.2456923112 -1.2456923112 -1.25356429594 
156.110348385 121.782882184 1.25860691071 124.457604365 4.09326553345 8388608 0.631276723036 0.0 0.631276723036 -0.712115101976 1.03777812523 -1.03777812523 -0.712115101976 
68.6103183896 146.973164018 1.2925208807 124.922352456 4.05540847778 8388608 0.598583669495 0.0 0.598583669495 -0.739923988079 1.0597748435 -1.0597748435 -0.739923988079 
238.965634353 141.948257501 1.74142408371 125.077895988 4.02653884888 14483456 0.329754633871 0.0 0.329754633871 -1.00077827021 1.42513181608 -1.42513181608 -1.00077827021 
137.006099552 92.2465250115 1.3775960207 125.107947397 3.95138168335 8388608 0.526934022791 0.0 0.526934022791 -0.792281274737 1.12696990996 -1.12696990996 -0.792281274737 
95.2052956047 122.333980747 1.22949302197 125.959884533 3.797290802 8388608 0.661527440332 0.0 0.661527440332 -0.721981266303 0.995186486126 -0.995186486126 -0.721981266303 
247.32610538 142.308368957 1.48462915421 124.818304509 3.78067016602 8388608 0.453695039177 0.0 0.453695039177 -0.847687429379 1.21883130399 -1.21883130399 -0.847687429379 
127.261174687 130.562991804 1.33674561977 124.497384274 3.7276134491 8388608 0.559631898139 0.0 0.559631898139 -0.757090761909 1.10168163741 -1.10168163741 -0.757090761909 
220.136847878 111.863069964 1.55558180809 122.457080565 3.68075752258 8388608 0.413251357425 0.0 0.413251357425 -0.834830488379 1.31259011779 -1.31259011779 -0.834830488379 
56.5071187999 43.7699157526 1.42325985432 124.850301044 3.63632965088 8388608 0.493664162848 0.0 0.493664162848 -0.813299427429 1.16799514308 -1.16799514308 -0.813299427429 
114.169209221 65.2513792853 3.61681580544 124.946614602 3.60932540894 17235969 0.0764446710565 0.0 0.0764446710565 -2.07175890136 2.96465371082 -2.96465371082 -2.07175890136 
255.022118611 140.031535631 1.31658947468 124.950628029 3.58197784424 8388608 0.576898277564 0.0 0.576898277564 -0.754235082828 1.07913728722 -1.07913728722 -0.754235082828 
254.621011211 135.448587105 1.25992107391 124.998830475 3.58103942871 8388608 0.629960500929 0.0 0.629960500929 -0.722639972899 1.03208167412 -1.03208167412 -0.722639972899 
262.429782256 135.107960001 1.91155683994 124.943943343 3.5704460144 21233664 0.273668976208 0.0 0.273668976208 -1.09489144432 1.56692765548 -1.56692765548 -1.09489144432 
76.0539248274 63.4093686663 1.62424147129 124.977374807 3.56248855591 9437184 0.379052015289 0.0 0.379052015289 -0.931101168666 1.33086850243 -1.33086850243 -0.931101168666 
72.6283362981 64.5856717126 1.21444749832 124.951496864 3.56174850464 8388608 0.678020009489 0.0 0.678020009489 -0.695736066791 0.99540647554 -0.99540647554 -0.695736066791 
39.7839673853 139.46405797 2.20943117142 124.956906655 3.55886459351 15008000 0.204851451816 0.0 0.204851451816 -1.26591606604 1.81081269461 -1.81081269461 -1.26591606604 
101.369006898 71.5155331344 1.44327962399 124.950321018 3.55151367188 8388608 0.480063889281 0.0 0.480063889281 -0.826805775108 1.18298279077 -1.18298279077 -0.826805775108 
97.645614623 70.3722442351 1.44548118114 124.951199493 3.55113983154 8388608 0.478602668958 0.0 0.478602668958 -0.828085137684 1.18477459873 -1.18477459873 -0.828085137684 
60.4339121008 37.8907310662 2.10722708702 124.929127748 3.53936386108 11534592 0.225204632378 0.0 0.225204632378 -1.20651972378 1.727633107 -1.727633107 -1.20651972378 
227.215958038 130.183372087 1.24230587482 124.797112225 3.50603866577 8388608 0.647952130248 0.0 0.647952130248 -0.708949401901 1.0201542198 -1.0201542198 -0.708949401901 
188.013705322 125.436615942 2.30594587326 123.178700264 2.89813041687 18088192 0.188062316774 0.0 0.188062316774 -1.26193376334 1.9300024734 -1.9300024734 -1.26193376334 
236.205368467 122.356288079 1.44465506077 126.330741123 2.89563941956 8388608 0.479150199613 0.0 0.479150199613 -0.855879391743 1.16382933087 -1.16382933087 -0.855879391743 
171.883203356 131.188476116 1.62175810337 123.32542744 2.72061729431 9306112 0.380213774654 0.0 0.380213774654 -0.890983667083 1.35508208269 -1.35508208269 -0.890983667083 
191.243263442 135.445030472 1.52609181404 124.62524889 2.72006607056 8388608 0.42937689825 0.0 0.42937689825 -0.86713517626 1.25579966992 -1.25579966992 -0.86713517626 
187.156874576 127.933919484 1.57417237759 123.507885739 2.60854721069 8388608 0.403548209845 0.0 0.403548209845 -0.869024615129 1.31256043391 -1.31256043391 -0.869024615129 
198.778521303 127.235687315 1.26810109615 123.882897058 2.59664535522 8388608 0.621859458133 0.0 0.621859458133 -0.706962966739 1.05275056577 -1.05275056577 -0.706962966739 
223.704560006 119.751484956 1.53638589382 124.799117569 2.53289985657 8388608 0.423642359152 0.0 0.423642359152 -0.876816844347 1.26161556593 -1.26161556593 -0.876816844347 
210.787804158 122.255482605 1.32782399654 124.080607209 2.32601928711 8388608 0.567177473911 0.0 0.567177473911 -0.744057715896 1.09977028566 -1.09977028566 -0.744057715896 
250.800418535 104.608468301 1.73222458363 125.523637376 2.21565437317 14090240 0.333266456963 0.0 0.333266456963 -1.00648964087 1.40981580745 -1.40981580745 -1.00648964087 
156.968163749 135.105167393 1.22590577602 124.655545486 2.02750968933 8388608 0.665404628447 0.0 0.665404628447 -0.697100861294 1.00841229706 -1.00841229706 -0.697100861294 
138.909493239 129.858177102 1.81027126312 123.138500789 2.01799583435 17301504 0.305149515922 0.0 0.305149515922 -0.989611497942 1.51583347675 -1.51583347675 -0.989611497942 
