13
125
247.252478221 37.2909600842 4.33147716522 14.7563171387 96.9067687988 13566209 0.0533000899028 0.0 0.0533000899028 4.18861578732 1.10326434686 -1.10326434686 4.18861578732 
248.027051226 28.1713440051 2.53324890137 6.10784912109 91.4542007446 24903936 0.155827561311 0.0 0.155827561311 2.51886860332 0.269538411878 -0.269538411878 2.51886860332 
240.035930257 40.4742096352 1.55819869041 84.2312927246 64.6883163452 8388608 0.411864471288 0.0 0.411864471288 0.156619095669 1.55030758809 -1.55030758809 0.156619095669 
243.795683271 58.335943811 4.60895824432 2.47250366211 51.2206497192 18022657 0.0470754470374 0.0 0.0470754470374 4.6046674865 0.198830170565 -0.198830170565 4.6046674865 
243.780325295 89.8775675984 1.62091624737 24.1413574219 47.4877738953 9306112 0.380608820814 0.0 0.380608820814 1.47914961087 0.662937334618 -0.662937334618 1.47914961087 
235.72265841 51.070107144 1.31603431702 207.171707153 46.6084213257 8388608 0.577385099292 0.0 0.577385099292 -1.17079937728 -0.600978486911 0.600978486911 -1.17079937728 
53.7424636713 57.5339783964 1.35954606533 344.362792969 42.5283088684 8388608 0.54101853663 0.0 0.54101853663 1.30922618088 -0.366459153321 0.366459153321 1.30922618088 
55.1227898122 53.4788478689 2.02228784561 192.344085693 39.4949874878 8585472 0.244519813952 0.0 0.244519813952 -1.97553532322 -0.432328945629 0.432328945629 -1.97553532322 
53.8126377655 52.4413418419 1.41195821762 194.267242432 38.4757385254 8388608 0.501598592631 0.0 0.501598592631 -1.36840889258 -0.347969985782 0.347969985782 -1.36840889258 
63.2218035361 60.1713034897 5.81848573685 306.856506348 36.3994827271 18153985 0.0295379296566 0.0 0.0295379296566 3.49000341913 -4.65560440806 4.65560440806 3.49000341913 
243.98099089 58.1063698398 1.4734967947 0.664306640625 32.1409034729 8388608 0.460576323835 0.0 0.460576323835 1.4733977557 0.0170838372935 -0.0170838372935 1.4733977557 
245.076112021 50.8781569438 2.36434078217 6.95825195312 30.6798095703 19857664 0.178887441728 0.0 0.178887441728 2.34692667259 0.286430668193 -0.286430668193 2.34692667259 
193.998768649 95.5294247671 6.196434021 249.627304077 29.0327072144 22741505 0.0260445189643 0.0 0.0260445189643 -2.15713576066 -5.80883464101 5.80883464101 -2.15713576066 
122.070554653 94.089642988 1.26269328594 103.17791748 28.102519989 8388608 0.627197411862 0.0 0.627197411862 -0.287863289168 1.22944258146 -1.22944258146 -0.287863289168 
72.2969456773 101.676740555 2.12122344971 140.138549805 27.6157608032 12058880 0.222242524147 0.0 0.222242524147 -1.62824382072 1.35956279144 -1.35956279144 -1.62824382072 
236.447903268 20.0531075445 2.88338947296 220.646331787 24.7286605835 17564160 0.120279989885 0.0 0.120279989885 -2.18775681405 -1.87820525378 1.87820525378 -2.18775681405 
62.6300845231 86.4731370731 1.54178106785 157.7578125 24.6260871887 8388608 0.420682632582 0.0 0.420682632582 -1.42706041581 0.583598689848 -0.583598689848 -1.42706041581 
95.6818734203 85.1507574849 1.36865055561 76.9819946289 24.4244766235 8388608 0.533844587505 0.0 0.533844587505 0.308298449358 1.33347531267 -1.33347531267 0.308298449358 
226.844485801 52.453420719 1.66675007343 203.108947754 23.0534706116 11337728 0.359963970982 0.0 0.359963970982 -1.53301040705 -0.654167332697 0.654167332697 -1.53301040705 
86.7051043024 79.7638895225 1.68648993969 122.794265747 21.8176651001 12189696 0.351586742317 0.0 0.351586742317 -0.913443565934 1.41769854642 -1.41769854642 -0.913443565934 
60.2177218457 79.4596032737 1.56380975246 162.574829102 20.9660243988 8388608 0.408914174951 0.0 0.408914174951 -1.49204474537 0.468298430201 -0.468298430201 -1.49204474537 
238.645409661 84.1828577249 1.31690227985 218.085006714 20.6161117554 8388608 0.576624247611 0.0 0.576624247611 -1.0365291257 -0.812304737309 0.812304737309 -1.0365291257 
65.7375086318 93.1938575887 2.07236742973 150.349411011 20.1248703003 10354944 0.232844767988 0.0 0.232844767988 -1.80100846241 1.0252196263 -1.0252196263 -1.80100846241 
57.3219632959 72.9368798121 1.30256080627 170.123291016 20.0035419464 8388608 0.589391661822 0.0 0.589391661822 -1.28325572813 0.223426476204 -0.223426476204 -1.28325572813 
203.170623425 68.162989727 2.00025057793 234.238571167 16.8215179443 24510464 0.249937367289 0.0 0.249937367289 -1.16896951923 -1.6231181835 1.6231181835 -1.16896951923 
227.8115813 62.6917189334 2.0121049881 239.424118042 16.7414169312 24903680 0.247001007435 0.0 0.247001007435 -1.02351565499 -1.73233431737 1.73233431737 -1.02351565499 
195.006507783 74.7489220185 1.62765645981 237.938842773 15.897605896 9568256 0.377463104657 0.0 0.377463104657 -0.863999380293 -1.37940951933 1.37940951933 -0.863999380293 
114.19609407 122.155606614 1.70696485043 290.627319336 15.6067533493 13041664 0.343202816665 0.0 0.343202816665 0.601343119116 -1.59753417919 1.59753417919 0.601343119116 
121.024154946 125.136369565 1.43436324596 287.660461426 15.4732723236 8388608 0.486050845882 0.0 0.486050845882 0.435150778188 -1.36676322807 1.36676322807 0.435150778188 
166.571970128 65.8905694028 8.12282657623 258.391418457 15.1190910339 8913154 0.0151560363378 0.0 0.0151560363378 -1.63451282051 -7.95667514903 7.95667514903 -1.63451282051 
110.713103186 88.9694449857 1.55248010159 150.022094727 14.0330066681 8388608 0.414904280207 0.0 0.414904280207 -1.344786445 0.775721524234 -0.775721524234 -1.344786445 
171.752575727 93.099594872 1.93087637424 262.232299805 13.9416885376 21954560 0.268219941033 0.0 0.268219941033 -0.260971513631 -1.91315902154 1.91315902154 -0.260971513631 
173.243805164 84.3477323534 1.2482688427 256.972442627 12.6441688538 8388608 0.641776394488 0.0 0.641776394488 -0.281384348157 -1.21614059724 1.21614059724 -0.281384348157 
145.293998741 102.318941577 2.20810818672 107.975524902 11.9667129517 14942464 0.205096998231 0.0 0.205096998231 -0.681445818465 2.1003269652 -2.1003269652 -0.681445818465 
126.931692195 105.703451739 1.52133584023 27.9162902832 11.951965332 8388608 0.432065715838 0.0 0.432065715838 1.34430187246 0.712260636597 -0.712260636597 1.34430187246 
96.0391893432 71.4869544192 2.37740421295 308.592041016 11.8668289185 20316416 0.176926930922 0.0 0.176926930922 1.48295587299 -1.85819607968 1.85819607968 1.48295587299 
111.76642374 81.6348695627 2.30545711517 299.778106689 11.7983894348 18088192 0.188142063841 0.0 0.188142063841 1.14498762242 -2.00103369647 2.00103369647 1.14498762242 
235.534990357 89.4828794813 1.43526041508 215.737319946 11.6389026642 8388608 0.485443383278 0.0 0.485443383278 -1.16500556019 -0.838292612292 0.838292612292 -1.16500556019 
192.536256263 87.144681961 1.99833714962 242.266662598 11.1817474365 24444928 0.250416231621 0.0 0.250416231621 -0.929940442759 -1.76877419036 1.76877419036 -0.929940442759 
214.348842217 70.2440756477 1.4046728611 232.37487793 10.6702270508 8388608 0.506815182606 0.0 0.506815182606 -0.857542239362 -1.1125318667 1.1125318667 -0.857542239362 
184.113347685 92.4527246707 1.29069721699 104.501983643 10.6296424866 8388608 0.60027637711 0.0 0.60027637711 -0.323208036245 1.249574276 -1.249574276 -0.323208036245 
214.530627521 72.3682539362 1.99792933464 232.075927734 10.5716133118 24444928 0.250518471386 0.0 0.250518471386 -1.22796067833 -1.57601846394 1.57601846394 -1.22796067833 
229.403942068 92.5859100565 2.15407299995 222.631652832 10.5143299103 13172992 0.215515825239 0.0 0.215515825239 -1.58480113009 -1.45891599046 1.45891599046 -1.58480113009 
143.741132522 82.5251634923 2.13057017326 279.821655273 10.3120231628 12386560 0.220296863703 0.0 0.220296863703 0.363436767153 -2.09934346391 2.09934346391 0.363436767153 
106.853260715 119.03958545 1.90243983269 292.914123535 10.2693481445 20905984 0.276298253053 0.0 0.276298253053 0.740716875146 -1.75231727375 1.75231727375 0.740716875146 
85.7064751953 66.9361165772 3.0041744709 301.479553223 10.1783752441 20513280 0.110802535264 0.0 0.110802535264 1.5687626504 -2.56203981201 2.56203981201 1.5687626504 
154.318197035 105.584143742 1.31361854076 79.8550720215 9.85445022583 8388608 0.579510702325 0.0 0.579510702325 0.231379011565 1.29308059441 -1.29308059441 0.231379011565 
221.614434877 102.639513597 1.60078346729 243.37713623 9.22006607056 8388608 0.390242728413 0.0 0.390242728413 -0.717336464426 -1.43106118177 1.43106118177 -0.717336464426 
163.46183582 100.788014461 1.32604277134 75.0523681641 7.84155273438 8388608 0.568702235199 0.0 0.568702235199 0.34203427955 1.28117211296 -1.28117211296 0.34203427955 
132.508640419 81.8900869558 1.49099504948 284.769012451 6.88849639893 8388608 0.449829151783 0.0 0.449829151783 0.380088675907 -1.44173466214 1.44173466214 0.380088675907 
229.057880273 22.9890762563 1.48942255974 177.505722046 6.78145980835 8388608 0.450779486691 0.0 0.450779486691 -1.4880114403 0.064819094376 -0.064819094376 -1.4880114403 
230.092591316 84.4237995353 1.25103116035 215.808395386 6.64960098267 8388608 0.638945396934 0.0 0.638945396934 -1.01455887111 -0.731948947147 0.731948947147 -1.01455887111 
46.0433001575 82.5626599074 1.30215024948 160.598464966 6.61839294434 8388608 0.589763380673 0.0 0.589763380673 -1.22820603101 0.432556606265 -0.432556606265 -1.22820603101 
227.77566667 78.5350644451 1.77808046341 204.381546021 6.61766433716 15990784 0.316298534432 0.0 0.316298534432 -1.61950532198 -0.73401133945 0.73401133945 -1.61950532198 
42.0781538237 74.2628752838 1.58962786198 171.102600098 6.59105300903 8388608 0.395739196444 0.0 0.395739196444 -1.57049968798 0.24586067116 -0.24586067116 -1.57049968798 
77.3649851458 65.8201836641 1.34276437759 118.188720703 6.58625030518 8388608 0.554626195021 0.0 0.554626195021 -0.634291359596 1.18350777136 -1.18350777136 -0.634291359596 
155.26878707 117.203544909 1.6191726923 268.28918457 6.41839599609 9240576 0.381428955365 0.0 0.381428955365 -0.0483402798259 -1.61845093371 1.61845093371 -0.0483402798259 
68.664188201 53.2171145943 1.38959360123 304.257476807 6.40110778809 8388608 0.51787433517 0.0 0.51787433517 0.782220009148 -1.14852176029 1.14852176029 0.782220009148 
41.0861328394 67.0106485543 1.48981893063 180.304199219 6.35983657837 8388608 0.450539656074 0.0 0.450539656074 -1.48979793285 -0.00790982563559 0.00790982563559 -1.48979793285 
163.568410882 148.394768908 1.52883768082 80.7202758789 6.06368637085 8388608 0.427835919776 0.0 0.427835919776 0.24653208064 1.50882954223 -1.50882954223 0.24653208064 
229.571615939 44.5419316623 1.58105385303 195.316146851 6.0368270874 8388608 0.40004299883 0.0 0.40004299883 -1.52489958956 -0.417627259593 0.417627259593 -1.52489958956 
71.6352864371 55.9388720635 1.68085455894 296.091430664 5.98733139038 11927552 0.353948215568 0.0 0.353948215568 0.739247992419 -1.5095643259 1.5095643259 0.739247992419 
235.833825311 16.4797302269 1.30559742451 186.808044434 5.98364639282 8388608 0.586653181976 0.0 0.586653181976 -1.2963914928 -0.154769933365 0.154769933365 -1.2963914928 
123.947253583 147.798994313 1.50090324879 101.512176514 5.86365890503 8388608 0.443909668988 0.0 0.443909668988 -0.299544542588 1.47070854666 -1.47070854666 -0.299544542588 
72.2137792749 124.365096283 1.3375518322 133.787017822 5.49125289917 8388608 0.558957462647 0.0 0.558957462647 -0.925558606452 0.965601454971 -0.965601454971 -0.925558606452 
151.262887751 150.850543624 1.33029508591 84.7705383301 5.44319915771 8388608 0.565072310152 0.0 0.565072310152 0.121249286762 1.32475794998 -1.32475794998 0.121249286762 
196.48565697 140.304425626 1.31466329098 69.3039855957 5.3537902832 8388608 0.578590005195 0.0 0.578590005195 0.464614853637 1.2298262505 -1.2298262505 0.464614853637 
171.380542343 149.10506413 1.601744771 80.328704834 5.34243774414 8454144 0.389774452546 0.0 0.389774452546 0.269085957005 1.57898038594 -1.57898038594 0.269085957005 
157.816316295 129.22690947 1.82657313347 273.206665039 5.28499889374 17956864 0.299727001582 0.0 0.299727001582 0.102174208841 -1.82371320195 1.82371320195 0.102174208841 
182.869319212 115.563522147 1.2364782095 260.842254639 5.25898361206 8388608 0.654074270714 0.0 0.654074270714 -0.196789400082 -1.22071794227 1.22071794227 -0.196789400082 
120.39455563 77.5330516648 1.38135623932 293.497650146 5.18198394775 8388608 0.524069171161 0.0 0.524069171161 0.550762559503 -1.2668092449 1.2668092449 0.550762559503 
188.025363944 147.952940394 1.39660298824 69.6282653809 4.95297241211 8388608 0.512689078594 0.0 0.512689078594 0.48617093729 1.30925082643 -1.30925082643 0.48617093729 
79.6290493632 50.984021058 1.63048422337 299.678924561 4.90644073486 9699328 0.376154964638 0.0 0.376154964638 0.807316525397 -1.41658703597 1.41658703597 0.807316525397 
142.383481188 126.774686138 2.24246764183 280.416290283 4.82193851471 16056576 0.198860089239 0.0 0.198860089239 0.405435427476 -2.20551201285 2.20551201285 0.405435427476 
85.7666396157 140.277459139 1.85234797001 125.81854248 4.73588180542 18939904 0.291443821265 0.0 0.291443821265 -1.08403131384 1.50202167515 -1.50202167515 -1.08403131384 
264.683395167 95.4819604381 2.95028400421 179.994506836 4.69831848145 19202560 0.114887386679 0.0 0.114887386679 -2.95028399065 0.000282854935896 -0.000282854935896 -2.95028399065 
195.061369642 101.400379518 1.51296806335 53.0114440918 4.65966796875 8388608 0.436858186379 0.0 0.436858186379 0.910285547597 1.20849186285 -1.20849186285 0.910285547597 
163.804959097 115.498135034 2.84258961678 269.318664551 4.6589679718 16515584 0.12375754036 0.0 0.12375754036 -0.0338019910802 -2.84238863543 2.84238863543 -0.0338019910802 
264.701232453 54.2169249645 2.98160290718 178.61126709 4.64672470093 19923456 0.112486497311 0.0 0.112486497311 -2.98072713583 0.0722609013316 -0.0722609013316 -2.98072713583 
264.99887791 75.7593328168 2.99109911919 180.000701904 4.52478790283 20185600 0.111773381551 0.0 0.111773381551 -2.99109911896 -3.66425824368e-05 3.66425824368e-05 -2.99109911896 
91.6839793986 147.310637141 1.43294239044 110.796478271 4.51469039917 8388608 0.487015225783 0.0 0.487015225783 -0.508765482076 1.33958261357 -1.33958261357 -0.508765482076 
269.323425658 55.3670209316 3.88052487373 181.339111328 4.50634384155 22282241 0.0664077944932 0.0 0.0664077944932 -3.87946506179 -0.0906869892391 0.0906869892391 -3.87946506179 
96.528437026 59.0255896081 2.05174398422 303.123443604 4.44815063477 9634048 0.237549249426 0.0 0.237549249426 1.12116459114 -1.7183257364 1.7183257364 1.12116459114 
212.244649335 132.216566553 1.40283739567 59.3259277344 4.44348144531 8388608 0.508142279121 0.0 0.508142279121 0.715662774279 1.20655689969 -1.20655689969 0.715662774279 
199.16910354 99.6634240687 1.33027589321 251.1121521 4.37860107422 8388608 0.56508861555 0.0 0.56508861555 -0.430632591075 -1.25864590873 1.25864590873 -0.430632591075 
203.233626142 141.307923603 1.4692388773 62.1691894531 4.36507415771 8388608 0.463249732013 0.0 0.463249732013 0.685932171439 1.29929208985 -1.29929208985 0.685932171439 
147.807956043 15.4546094137 1.73863089085 92.0073852539 4.11108016968 14352384 0.330815017838 0.0 0.330815017838 -0.0609013103193 1.73756392832 -1.73756392832 -0.0609013103193 
156.342048727 23.0644314728 1.7398532629 91.3707275391 4.09962844849 14417920 0.330350338443 0.0 0.330350338443 -0.0416197722482 1.7393553895 -1.7393553895 -0.0416197722482 
180.439411818 31.0221660665 1.78869593143 91.3687744141 4.09956741333 16449536 0.312555367706 0.0 0.312555367706 -0.0427272020921 1.78818553884 -1.78818553884 -0.0427272020921 
124.27470006 15.0780191123 1.77293288708 91.3687133789 4.09397506714 15794176 0.318137898456 0.0 0.318137898456 -0.0423487766634 1.77242703748 -1.77242703748 -0.0423487766634 
257.858613402 13.2072213292 1.6948299408 307.177978516 4.07766723633 12517376 0.348135045825 0.0 0.348135045825 1.024173744 -1.35037649206 1.35037649206 1.024173744 
197.34274012 15.1809562166 2.07366752625 91.5312805176 4.07577896118 10420480 0.232552893066 0.0 0.232552893066 -0.0554140062362 2.07292698794 -2.07292698794 -0.0554140062362 
203.14966722 31.6405165608 1.97632348537 91.3536987305 4.06444168091 23658496 0.256025920877 0.0 0.256025920877 -0.0466892626523 1.97577190779 -1.97577190779 -0.0466892626523 
170.002396808 23.4679707655 2.22841024399 91.4822692871 4.05861282349 15597824 0.201376926191 0.0 0.201376926191 -0.0576436109772 2.22766456847 -2.22766456847 -0.0576436109772 
31.5750526215 138.744922704 2.03020954132 357.960662842 4.02822113037 8847616 0.242615347936 0.0 0.242615347936 2.02892366909 -0.0722462918876 0.0722462918876 2.02892366909 
188.179130312 109.469000567 1.34565603733 257.450592041 4.02805328369 8388608 0.552245100577 0.0 0.552245100577 -0.292386060301 -1.31350697088 1.31350697088 -0.292386060301 
29.5720446735 95.5160289523 2.54870700836 359.90737915 4.01351928711 8585728 0.153943080804 0.0 0.153943080804 2.54870367822 -0.00412008192772 0.00412008192772 2.54870367822 
251.855008183 118.996174971 2.28837347031 179.998947144 3.99221420288 17498368 0.19096166451 0.0 0.19096166451 -2.28837346992 4.20507195786e-05 -4.20507195786e-05 -2.28837346992 
251.039566737 126.867436641 2.73296380043 179.999832153 3.99184417725 13632000 0.1338850982 0.0 0.1338850982 -2.73296380042 8.00615513949e-06 -8.00615513949e-06 -2.73296380042 
31.3876838177 85.546557396 2.00928759575 3.56042480469 3.95652008057 24838144 0.247694175142 0.0 0.247694175142 2.00540939111 0.124779070615 -0.124779070615 2.00540939111 
94.3796284484 48.0581894045 4.62042999268 300.525909424 3.94848251343 18219265 0.046841976442 0.0 0.046841976442 2.34684550591 -3.98003636775 3.98003636775 2.34684550591 
39.8181215845 147.135411283 1.44295346737 352.686828613 3.94215011597 8388608 0.480280935378 0.0 0.480280935378 1.43121533852 -0.183677336012 0.183677336012 1.43121533852 
75.4073802945 32.8738548168 2.31290793419 273.269714355 3.79359054565 18284800 0.18693185176 0.0 0.18693185176 0.131919736755 -2.30914276195 2.30914276195 0.131919736755 
220.717029749 126.877466632 1.23196005821 46.3317565918 3.75350189209 8388608 0.658880636831 0.0 0.658880636831 0.850645746357 0.891138260448 -0.891138260448 0.850645746357 
117.071646302 35.6185808016 4.43605422974 98.5971679688 3.7148399353 15270145 0.0508166821939 0.0 0.0508166821939 -0.663130090832 4.38620970905 -4.38620970905 -0.663130090832 
118.587291368 59.9463713078 2.25402474403 276.384338379 3.70366668701 16449792 0.196826079221 0.0 0.196826079221 0.250641431207 -2.24004607535 2.24004607535 0.250641431207 
121.208855379 49.4904970983 3.46113824844 284.713989258 3.68960571289 14024705 0.0834760915376 0.0 0.0834760915376 0.879108707429 -3.34763287344 3.34763287344 0.879108707429 
163.396079947 111.209115326 1.64900827408 276.197814941 3.67852401733 10551296 0.367751396387 0.0 0.367751396387 0.178029311506 -1.63936995587 1.63936995587 0.178029311506 
114.296556407 49.8908308059 2.86592173576 304.235137939 3.66748809814 17105408 0.121750666536 0.0 0.121750666536 1.6123403368 -2.3693598363 2.3693598363 1.6123403368 
97.1942004095 41.820790164 2.54330134392 281.582702637 3.65942001343 8454656 0.154598173448 0.0 0.154598173448 0.510649593812 -2.49150932535 2.49150932535 0.510649593812 
111.232631691 64.7678019925 1.22754383087 272.859466553 3.63115692139 8388608 0.663629959367 0.0 0.663629959367 0.0612377319389 -1.22601541462 1.22601541462 0.0612377319389 
89.8620613437 45.241619238 1.78632378578 270.409454346 3.60396957397 16318464 0.313386033625 0.0 0.313386033625 0.0127655442961 -1.78627817221 1.78627817221 0.0127655442961 
121.046568845 67.0999959697 1.62239277363 277.861846924 3.60059738159 9371648 0.379916358173 0.0 0.379916358173 0.221918895816 -1.60714352676 1.60714352676 0.221918895816 
198.117444729 23.2703392246 1.83315885067 90.1677246094 3.59848022461 18219008 0.297577300731 0.0 0.297577300731 -0.00536628379321 1.83315099618 -1.83315099618 -0.00536628379321 
93.8257566531 38.7656138503 2.57307291031 277.560119629 3.58807754517 9306624 0.151041334807 0.0 0.151041334807 0.338530014009 -2.55070610447 2.55070610447 0.338530014009 
263.757386537 16.2221107193 1.51499950886 354.813079834 3.56031036377 8388608 0.435687415557 0.0 0.435687415557 1.50879568106 -0.136963880873 0.136963880873 1.50879568106 
47.8281343863 136.458927031 1.4244607687 330.593719482 3.54566192627 8388608 0.492832130824 0.0 0.492832130824 1.24093323631 -0.699409168212 0.699409168212 1.24093323631 
41.682585949 117.96536802 1.62854611874 0.0 3.54539489746 9633792 0.377050808448 0.0 0.377050808448 1.62854611874 0.0 0.0 1.62854611874 
57.118952658 143.24626169 1.68664109707 331.486907959 3.54533004761 12189696 0.351523726481 0.0 0.351523726481 1.48206512517 -0.805134246623 0.805134246623 1.48206512517 
238.537145231 129.749145819 1.26915621758 24.3325805664 3.54475402832 8388608 0.62082591398 0.0 0.62082591398 1.1564159622 0.522933673595 -0.522933673595 1.1564159622 
41.8535771036 21.9678491489 1.5879355669 0.0 3.54145431519 8388608 0.396583140452 0.0 0.396583140452 1.5879355669 0.0 0.0 1.5879355669 
40.3712153874 112.664225263 1.37277567387 0.755889892578 3.54145431519 8388608 0.530641058494 0.0 0.530641058494 1.37265621041 0.0181101848145 -0.0181101848145 1.37265621041 
40.4026585888 31.7788296842 1.36526310444 0.873382568359 3.54145431519 8388608 0.536496993342 0.0 0.536496993342 1.36510449036 0.0208104476367 -0.0208104476367 1.36510449036 
275.939618567 67.6491550486 1.87924230099 0.0 3.49450683594 19988480 0.283161654126 0.0 0.283161654126 1.87924230099 0.0 0.0 1.87924230099 
275.329730896 60.1487257202 1.84757304192 359.720245361 3.49379730225 18743296 0.292952201758 0.0 0.292952201758 1.84755101873 -0.00902099734843 0.00902099734843 1.84755101873 
