13
93
240.035930257 40.4742096352 1.55819869041 127.749457239 64.6883163452 8388608 0.411864471288 0.0 0.411864471288 -0.953944492767 1.23206049508 -1.23206049508 -0.953944492767 
243.780325295 89.8775675984 1.62091624737 130.658256953 47.4877738953 9306112 0.380608820814 0.0 0.380608820814 -1.05610131789 1.22964201593 -1.22964201593 -1.05610131789 
235.72265841 51.070107144 1.31603431702 136.32167696 46.6084213257 8388608 0.577385099292 0.0 0.577385099292 -0.951793496997 0.90886493091 -0.90886493091 -0.951793496997 
53.7424636713 57.5339783964 1.35954606533 127.481627172 42.5283088684 8388608 0.54101853663 0.0 0.54101853663 -0.827293292132 1.07886575279 -1.07886575279 -0.827293292132 
55.1227898122 53.4788478689 2.02228784561 124.992318827 39.4949874878 8585472 0.244519813952 0.0 0.244519813952 -1.15971456381 1.65671671114 -1.65671671114 -1.15971456381 
53.8126377655 52.4413418419 1.41195821762 123.610090987 38.4757385254 8388608 0.501598592631 0.0 0.501598592631 -0.781572860443 1.17591235733 -1.17591235733 -0.781572860443 
243.98099089 58.1063698398 1.4734967947 133.908016268 32.1409034729 8388608 0.460576323835 0.0 0.460576323835 -1.02187390831 1.06158679321 -1.06158679321 -1.02187390831 
245.076112021 50.8781569438 2.36434078217 133.468644659 30.6798095703 19857664 0.178887441728 0.0 0.178887441728 -1.62656599412 1.71592260926 -1.71592260926 -1.62656599412 
122.070554653 94.089642988 1.26269328594 140.780517283 28.102519989 8388608 0.627197411862 0.0 0.627197411862 -0.978245776214 0.798391843447 -0.798391843447 -0.978245776214 
72.2969456773 101.676740555 2.12122344971 148.753963775 27.6157608032 12058880 0.222242524147 0.0 0.222242524147 -1.8135352322 1.10030854089 -1.10030854089 -1.8135352322 
62.6300845231 86.4731370731 1.54178106785 132.62585283 24.6260871887 8388608 0.420682632582 0.0 0.420682632582 -1.04410653552 1.13442954989 -1.13442954989 -1.04410653552 
95.6818734203 85.1507574849 1.36865055561 127.978408267 24.4244766235 8388608 0.533844587505 0.0 0.533844587505 -0.842218926865 1.07882881988 -1.07882881988 -0.842218926865 
226.844485801 52.453420719 1.66675007343 125.675424832 23.0534706116 11337728 0.359963970982 0.0 0.359963970982 -0.972036710184 1.35395732626 -1.35395732626 -0.972036710184 
86.7051043024 79.7638895225 1.68648993969 132.924232909 21.8176651001 12189696 0.351586742317 0.0 0.351586742317 -1.14855131072 1.23494056671 -1.23494056671 -1.14855131072 
60.2177218457 79.4596032737 1.56380975246 130.717456054 20.9660243988 8388608 0.408914174951 0.0 0.408914174951 -1.02011900095 1.18526712846 -1.18526712846 -1.02011900095 
238.645409661 84.1828577249 1.31690227985 125.973945049 20.6161117554 8388608 0.576624247611 0.0 0.576624247611 -0.773571175481 1.06574821189 -1.06574821189 -0.773571175481 
65.7375086318 93.1938575887 2.07236742973 135.71097901 20.1248703003 10354944 0.232844767988 0.0 0.232844767988 -1.48345562923 1.44708885696 -1.44708885696 -1.48345562923 
57.3219632959 72.9368798121 1.30256080627 127.35605617 20.0035419464 8388608 0.589391661822 0.0 0.589391661822 -0.790350096454 1.03537982358 -1.03537982358 -0.790350096454 
203.170623425 68.162989727 2.00025057793 121.072281422 16.8215179443 24510464 0.249937367289 0.0 0.249937367289 -1.03236737435 1.71324837046 -1.71324837046 -1.03236737435 
227.8115813 62.6917189334 2.0121049881 126.310347871 16.7414169312 24903680 0.247001007435 0.0 0.247001007435 -1.19148552101 1.62139715565 -1.62139715565 -1.19148552101 
195.006507783 74.7489220185 1.62765645981 122.051573552 15.897605896 9568256 0.377463104657 0.0 0.377463104657 -0.863768638963 1.37955401833 -1.37955401833 -0.863768638963 
114.19609407 122.155606614 1.70696485043 152.087808414 15.6067533493 13041664 0.343202816665 0.0 0.343202816665 -1.50838687393 0.799060723067 -0.799060723067 -1.50838687393 
121.024154946 125.136369565 1.43436324596 147.7775086 15.4732723236 8388608 0.486050845882 0.0 0.486050845882 -1.2134482428 0.764814541839 -0.764814541839 -1.2134482428 
110.713103186 88.9694449857 1.55248010159 131.117213232 14.0330066681 8388608 0.414904280207 0.0 0.414904280207 -1.02091341019 1.16958551407 -1.16958551407 -1.02091341019 
171.752575727 93.099594872 1.93087637424 127.927448004 13.9416885376 21954560 0.268219941033 0.0 0.268219941033 -1.18683854802 1.52305542694 -1.52305542694 -1.18683854802 
173.243805164 84.3477323534 1.2482688427 126.285619796 12.6441688538 8388608 0.641776394488 0.0 0.641776394488 -0.73873909069 1.00620060601 -1.00620060601 -0.73873909069 
145.293998741 102.318941577 2.20810818672 132.721318426 11.9667129517 14942464 0.205096998231 0.0 0.205096998231 -1.49805361058 1.6222136555 -1.6222136555 -1.49805361058 
126.931692195 105.703451739 1.52133584023 127.090240046 11.951965332 8388608 0.432065715838 0.0 0.432065715838 -0.917475224145 1.2135493199 -1.2135493199 -0.917475224145 
96.0391893432 71.4869544192 2.37740421295 150.104200189 11.8668289185 20316416 0.176926930922 0.0 0.176926930922 -2.06105085434 1.18495576608 -1.18495576608 -2.06105085434 
111.76642374 81.6348695627 2.30545711517 146.176888689 11.7983894348 18088192 0.188142063841 0.0 0.188142063841 -1.91528157505 1.28328835348 -1.28328835348 -1.91528157505 
235.534990357 89.4828794813 1.43526041508 131.424399722 11.6389026642 8388608 0.485443383278 0.0 0.485443383278 -0.949613134275 1.07620042478 -1.07620042478 -0.949613134275 
192.536256263 87.144681961 1.99833714962 122.255346274 11.1817474365 24444928 0.250416231621 0.0 0.250416231621 -1.06649940474 1.68994981678 -1.68994981678 -1.06649940474 
214.348842217 70.2440756477 1.4046728611 116.57694473 10.6702270508 8388608 0.506815182606 0.0 0.506815182606 -0.628449588123 1.25624717389 -1.25624717389 -0.628449588123 
184.113347685 92.4527246707 1.29069721699 132.839771436 10.6296424866 8388608 0.60027637711 0.0 0.60027637711 -0.877610158177 0.946414135675 -0.946414135675 -0.877610158177 
214.530627521 72.3682539362 1.99792933464 115.680410384 10.5716133118 24444928 0.250518471386 0.0 0.250518471386 -0.865804631235 1.80058434036 -1.80058434036 -0.865804631235 
229.403942068 92.5859100565 2.15407299995 118.0054319 10.5143299103 13172992 0.215515825239 0.0 0.215515825239 -1.01145632505 1.90183768804 -1.90183768804 -1.01145632505 
143.741132522 82.5251634923 2.13057017326 134.171467169 10.3120231628 12386560 0.220296863703 0.0 0.220296863703 -1.48459834296 1.52816786489 -1.52816786489 -1.48459834296 
106.853260715 119.03958545 1.90243983269 154.098561453 10.2693481445 20905984 0.276298253053 0.0 0.276298253053 -1.71133368599 0.831032088547 -0.831032088547 -1.71133368599 
85.7064751953 66.9361165772 3.0041744709 149.096334891 10.1783752441 20513280 0.110802535264 0.0 0.110802535264 -2.57767799079 1.54293241181 -1.54293241181 -2.57767799079 
154.318197035 105.584143742 1.31361854076 130.42893336 9.85445022583 8388608 0.579510702325 0.0 0.579510702325 -0.851887379767 0.999940779663 -0.999940779663 -0.851887379767 
221.614434877 102.639513597 1.60078346729 117.864140682 9.22006607056 8388608 0.390242728413 0.0 0.390242728413 -0.748168744355 1.415185938 -1.415185938 -0.748168744355 
163.46183582 100.788014461 1.32604277134 127.958240602 7.84155273438 8388608 0.568702235199 0.0 0.568702235199 -0.8156316421 1.04553070535 -1.04553070535 -0.8156316421 
132.508640419 81.8900869558 1.49099504948 135.771507727 6.88849639893 8388608 0.449829151783 0.0 0.449829151783 -1.06839312315 1.04000114037 -1.04000114037 -1.06839312315 
230.092591316 84.4237995353 1.25103116035 123.390927272 6.64960098267 8388608 0.638945396934 0.0 0.638945396934 -0.68850316744 1.04452972797 -1.04452972797 -0.68850316744 
46.0433001575 82.5626599074 1.30215024948 124.613327439 6.61839294434 8388608 0.589763380673 0.0 0.589763380673 -0.739667174192 1.07167520436 -1.07167520436 -0.739667174192 
227.77566667 78.5350644451 1.77808046341 126.392183876 6.61766433716 15990784 0.316298534432 0.0 0.316298534432 -1.05495128356 1.43130986291 -1.43130986291 -1.05495128356 
42.0781538237 74.2628752838 1.58962786198 124.694787654 6.59105300903 8388608 0.395739196444 0.0 0.395739196444 -0.90482369559 1.30698539375 -1.30698539375 -0.90482369559 
77.3649851458 65.8201836641 1.34276437759 130.207904358 6.58625030518 8388608 0.554626195021 0.0 0.554626195021 -0.866839070589 1.02547852217 -1.02547852217 -0.866839070589 
155.26878707 117.203544909 1.6191726923 127.25699485 6.41839599609 9240576 0.381428955365 0.0 0.381428955365 -0.980232837636 1.28874504519 -1.28874504519 -0.980232837636 
68.664188201 53.2171145943 1.38959360123 147.062110051 6.40110778809 8388608 0.51787433517 0.0 0.51787433517 -1.16623098906 0.755563138807 -0.755563138807 -1.16623098906 
41.0861328394 67.0106485543 1.48981893063 124.584951932 6.35983657837 8388608 0.450539656074 0.0 0.450539656074 -0.845662252115 1.22654628995 -1.22654628995 -0.845662252115 
163.568410882 148.394768908 1.52883768082 128.29874545 6.06368637085 8388608 0.427835919776 0.0 0.427835919776 -0.94751526661 1.19981643339 -1.19981643339 -0.94751526661 
229.571615939 44.5419316623 1.58105385303 126.314387552 6.0368270874 8388608 0.40004299883 0.0 0.40004299883 -0.936324656449 1.27398093546 -1.27398093546 -0.936324656449 
71.6352864371 55.9388720635 1.68085455894 147.682679676 5.98733139038 11927552 0.353948215568 0.0 0.353948215568 -1.42049062758 0.898598033202 -0.898598033202 -1.42049062758 
123.947253583 147.798994313 1.50090324879 126.964980826 5.86365890503 8388608 0.443909668988 0.0 0.443909668988 -0.902533324951 1.19922648385 -1.19922648385 -0.902533324951 
72.2137792749 124.365096283 1.3375518322 125.619398631 5.49125289917 8388608 0.558957462647 0.0 0.558957462647 -0.778987817327 1.08730073313 -1.08730073313 -0.778987817327 
151.262887751 150.850543624 1.33029508591 126.782065332 5.44319915771 8388608 0.565072310152 0.0 0.565072310152 -0.796544679741 1.06545839373 -1.06545839373 -0.796544679741 
196.48565697 140.304425626 1.31466329098 126.843857442 5.3537902832 8388608 0.578590005195 0.0 0.578590005195 -0.788319894917 1.05208902281 -1.05208902281 -0.788319894917 
171.380542343 149.10506413 1.601744771 127.59222758 5.34243774414 8454144 0.389774452546 0.0 0.389774452546 -0.977124665307 1.26917835622 -1.26917835622 -0.977124665307 
157.816316295 129.22690947 1.82657313347 135.681692286 5.28499889374 17956864 0.299727001582 0.0 0.299727001582 -1.3068574261 1.27612424151 -1.27612424151 -1.3068574261 
182.869319212 115.563522147 1.2364782095 123.235596684 5.25898361206 8388608 0.654074270714 0.0 0.654074270714 -0.677692664438 1.03422000325 -1.03422000325 -0.677692664438 
120.39455563 77.5330516648 1.38135623932 138.818105963 5.18198394775 8388608 0.524069171161 0.0 0.524069171161 -1.03964050853 0.909556305525 -0.909556305525 -1.03964050853 
188.025363944 147.952940394 1.39660298824 125.912079565 4.95297241211 8388608 0.512689078594 0.0 0.512689078594 -0.819167878749 1.13113389711 -1.13113389711 -0.819167878749 
79.6290493632 50.984021058 1.63048422337 137.338179256 4.90644073486 9699328 0.376154964638 0.0 0.376154964638 -1.19900319322 1.10492992778 -1.10492992778 -1.19900319322 
142.383481188 126.774686138 2.24246764183 147.002074184 4.82193851471 16056576 0.198860089239 0.0 0.198860089239 -1.88073582353 1.22126732813 -1.22126732813 -1.88073582353 
85.7666396157 140.277459139 1.85234797001 125.377098506 4.73588180542 18939904 0.291443821265 0.0 0.291443821265 -1.07242670103 1.51032909424 -1.51032909424 -1.07242670103 
195.061369642 101.400379518 1.51296806335 125.901161157 4.65966796875 8388608 0.436858186379 0.0 0.436858186379 -0.88718748615 1.22554915248 -1.22554915248 -0.88718748615 
163.804959097 115.498135034 2.84258961678 128.53507889 4.6589679718 16515584 0.12375754036 0.0 0.12375754036 -1.77091532519 2.22355000852 -2.22355000852 -1.77091532519 
91.6839793986 147.310637141 1.43294239044 125.032982709 4.51469039917 8388608 0.487015225783 0.0 0.487015225783 -0.822577558284 1.1733243605 -1.1733243605 -0.822577558284 
96.528437026 59.0255896081 2.05174398422 138.620306874 4.44815063477 9634048 0.237549249426 0.0 0.237549249426 -1.53951667258 1.35629708827 -1.35629708827 -1.53951667258 
212.244649335 132.216566553 1.40283739567 127.341640647 4.44348144531 8388608 0.508142279121 0.0 0.508142279121 -0.850913977764 1.11530182513 -1.11530182513 -0.850913977764 
199.16910354 99.6634240687 1.33027589321 125.646550514 4.37860107422 8388608 0.56508861555 0.0 0.56508861555 -0.77526269413 1.08101882831 -1.08101882831 -0.77526269413 
203.233626142 141.307923603 1.4692388773 126.183508094 4.36507415771 8388608 0.463249732013 0.0 0.463249732013 -0.867399506255 1.18586718274 -1.18586718274 -0.867399506255 
180.439411818 31.0221660665 1.78869593143 124.920574772 4.09956741333 16449536 0.312555367706 0.0 0.312555367706 -1.02392172692 1.46663473035 -1.46663473035 -1.02392172692 
188.179130312 109.469000567 1.34565603733 124.044750384 4.02805328369 8388608 0.552245100577 0.0 0.552245100577 -0.75335240647 1.11501135531 -1.11501135531 -0.75335240647 
251.855008183 118.996174971 2.28837347031 124.925186404 3.99221420288 17498368 0.19096166451 0.0 0.19096166451 -1.31010833186 1.87623807082 -1.87623807082 -1.31010833186 
251.039566737 126.867436641 2.73296380043 124.906365422 3.99184417725 13632000 0.1338850982 0.0 0.1338850982 -1.56390297018 2.24127165562 -2.24127165562 -1.56390297018 
39.8181215845 147.135411283 1.44295346737 124.848050635 3.94215011597 8388608 0.480280935378 0.0 0.480280935378 -0.824506521613 1.18418904944 -1.18418904944 -0.824506521613 
220.717029749 126.877466632 1.23196005821 126.637382856 3.75350189209 8388608 0.658880636831 0.0 0.658880636831 -0.735170377697 0.988559609123 -0.988559609123 -0.735170377697 
118.587291368 59.9463713078 2.25402474403 124.980251466 3.70366668701 16449792 0.196826079221 0.0 0.196826079221 -1.29221899563 1.84683448474 -1.84683448474 -1.29221899563 
163.396079947 111.209115326 1.64900827408 125.726789561 3.67852401733 10551296 0.367751396387 0.0 0.367751396387 -0.962890313454 1.33868238662 -1.33868238662 -0.962890313454 
114.296556407 49.8908308059 2.86592173576 124.946791868 3.66748809814 17105408 0.121750666536 0.0 0.121750666536 -1.64164432835 2.349151186 -2.349151186 -1.64164432835 
111.232631691 64.7678019925 1.22754383087 125.055851194 3.63115692139 8388608 0.663629959367 0.0 0.663629959367 -0.705070073758 1.00485822274 -1.00485822274 -0.705070073758 
89.8620613437 45.241619238 1.78632378578 124.940761679 3.60396957397 16318464 0.313386033625 0.0 0.313386033625 -1.02307980272 1.46432932939 -1.46432932939 -1.02307980272 
121.046568845 67.0999959697 1.62239277363 124.670759821 3.60059738159 9371648 0.379916358173 0.0 0.379916358173 -0.922914156036 1.33431172239 -1.33431172239 -0.922914156036 
47.8281343863 136.458927031 1.4244607687 124.950976263 3.54566192627 8388608 0.492832130824 0.0 0.492832130824 -0.816038445761 1.16754860139 -1.16754860139 -0.816038445761 
41.682585949 117.96536802 1.62854611874 124.950998583 3.54539489746 9633792 0.377050808448 0.0 0.377050808448 -0.932954429855 1.33482526672 -1.33482526672 -0.932954429855 
57.118952658 143.24626169 1.68664109707 124.950774765 3.54533004761 12189696 0.351523726481 0.0 0.351523726481 -0.96623022847 1.38244614214 -1.38244614214 -0.96623022847 
238.537145231 129.749145819 1.26915621758 124.951286311 3.54475402832 8388608 0.62082591398 0.0 0.62082591398 -0.727073927573 1.04025045468 -1.04025045468 -0.727073927573 
40.3712153874 112.664225263 1.37277567387 124.951272543 3.54145431519 8388608 0.530641058494 0.0 0.530641058494 -0.786435147923 1.12518123379 -1.12518123379 -0.786435147923 
40.4026585888 31.7788296842 1.36526310444 124.951272543 3.54145431519 8388608 0.536496993342 0.0 0.536496993342 -0.782131350324 1.11902363477 -1.11902363477 -0.782131350324 
275.939618567 67.6491550486 1.87924230099 124.915769559 3.49450683594 19988480 0.283161654126 0.0 0.283161654126 -1.07562489023 1.54096811172 -1.54096811172 -1.07562489023 
275.329730896 60.1487257202 1.84757304192 124.915769559 3.49379730225 18743296 0.292952201758 0.0 0.292952201758 -1.05749830629 1.51499949749 -1.51499949749 -1.05749830629 
