13
131
188.725051126 72.5928946587 2.74074459076 128.787215622 76.4717025757 13894144 0.133125995599 0.0 0.133125995599 -1.71688436673 2.13634945246 -2.13634945246 -1.71688436673 
178.108822587 52.8436032372 1.54957354069 127.590695878 65.1388015747 8388608 0.416462225707 0.0 0.416462225707 -0.94526542448 1.22786458345 -1.22786458345 -0.94526542448 
177.303592633 60.8560485397 1.29576802254 127.343291662 56.3870429993 8388608 0.595587375955 0.0 0.595587375955 -0.785998982392 1.03015550666 -1.03015550666 -0.785998982392 
155.333654814 107.889159805 4.0823636055 124.922572195 53.0468063354 9240833 0.0600035068179 0.0 0.0600035068179 -2.33702634697 3.34723773597 -3.34723773597 -2.33702634697 
178.796180753 37.2000486275 1.44049048424 122.167796349 50.4328689575 8388608 0.481924729836 0.0 0.481924729836 -0.766917970457 1.21936444994 -1.21936444994 -0.766917970457 
173.653272695 97.2543202391 1.63746416569 130.202067473 50.2096138 10027008 0.372954962918 0.0 0.372954962918 -1.05695896354 1.25065048806 -1.25065048806 -1.05695896354 
150.250491487 200.027972868 1.37484920025 132.807446371 42.4186706543 8388608 0.529041656163 0.0 0.529041656163 -0.934260429096 1.00864650599 -1.00864650599 -0.934260429096 
163.171205477 90.2659330728 2.49974107742 123.371558044 35.0933837891 23920896 0.160033147239 0.0 0.160033147239 -1.37502319786 2.08758632385 -2.08758632385 -1.37502319786 
141.617884139 120.713584023 1.5118803978 124.739097513 34.522315979 8388608 0.4374869749 0.0 0.4374869749 -0.861530539356 1.24239585761 -1.24239585761 -0.861530539356 
157.4130823 72.8703675157 2.59391474724 123.781761321 24.5614128113 9896448 0.148623882938 0.0 0.148623882938 -1.44229717732 2.15596209806 -2.15596209806 -1.44229717732 
47.8267886062 191.38022082 1.32165777683 145.060615802 24.1495285034 8388608 0.572482174472 0.0 0.572482174472 -1.0834400622 0.756925961163 -0.756925961163 -1.0834400622 
163.998215866 70.0080246472 1.34367012978 128.351834314 23.8896255493 8388608 0.553878713091 0.0 0.553878713091 -0.833732198061 1.05372673857 -1.05372673857 -0.833732198061 
50.8676151934 192.456821371 2.26754927635 149.020631027 23.6631240845 16843008 0.19448518885 0.0 0.19448518885 -1.94408949378 1.16717426327 -1.16717426327 -1.94408949378 
167.581345358 64.3251569597 1.7752982378 119.9408119 23.5807113647 15859712 0.317290709647 0.0 0.317290709647 -0.886060414362 1.53836951843 -1.53836951843 -0.886060414362 
161.895497789 69.9173753515 2.04061746597 120.139645367 23.412569046 9240832 0.240146798332 0.0 0.240146798332 -1.02461290908 1.76473454915 -1.76473454915 -1.02461290908 
159.539915137 74.3672584695 1.53810334206 124.921343865 22.4507827759 8388608 0.422696808106 0.0 0.422696808106 -0.880489345841 1.26115042826 -1.26115042826 -0.880489345841 
42.5196752784 185.95267688 1.73988091946 150.293865691 22.170337677 14417920 0.330339836253 0.0 0.330339836253 -1.51122309609 0.862200885945 -0.862200885945 -1.51122309609 
146.605216537 64.2519204881 1.71021723747 124.070282313 22.1150512695 13172736 0.341898693442 0.0 0.341898693442 -0.958079820163 1.41666017716 -1.41666017716 -0.958079820163 
200.118287949 77.6170482788 1.45248472691 126.635267191 21.1614265442 8388608 0.473998373229 0.0 0.473998373229 -0.866725116246 1.16554684795 -1.16554684795 -0.866725116246 
168.658987168 192.978836914 1.71134030819 132.671119264 20.6493759155 13238272 0.341450097197 0.0 0.341450097197 -1.15992787538 1.25827380739 -1.25827380739 -1.15992787538 
156.820168783 189.101318672 2.22726202011 128.728569365 19.7887821198 15597824 0.201584612035 0.0 0.201584612035 -1.39344577791 1.73752840848 -1.73752840848 -1.39344577791 
49.7663393528 62.2537671873 2.02716088295 135.403693565 19.6150779724 8782080 0.243345637772 0.0 0.243345637772 -1.44348310291 1.42328415187 -1.42328415187 -1.44348310291 
35.7551313152 180.887278078 1.35628020763 144.749728753 19.3861503601 8388608 0.543627166963 0.0 0.543627166963 -1.10759107222 0.782775841699 -0.782775841699 -1.10759107222 
34.3238471298 178.496665692 1.90063393116 147.323426979 19.0382881165 20840448 0.276823556193 0.0 0.276823556193 -1.59982364737 1.02614503731 -1.02614503731 -1.59982364737 
134.925969917 109.533184434 2.57559895515 112.473907764 18.7711620331 9372160 0.150745209445 0.0 0.150745209445 -0.984555313301 2.37999176739 -2.37999176739 -0.984555313301 
42.4483308716 57.6984037998 2.17560482025 140.330698251 18.7319641113 13893888 0.211271042482 0.0 0.211271042482 -1.67465372494 1.38880928693 -1.38880928693 -1.67465372494 
128.458289882 108.296504396 3.85661125183 115.617965499 18.4909992218 21823489 0.0672338950694 0.0 0.0672338950694 -1.66747723573 3.47749479023 -3.47749479023 -1.66747723573 
176.604556386 106.200619156 1.89626705647 126.059645377 18.3420028687 20643840 0.278100006892 0.0 0.278100006892 -1.11619422945 1.53295113803 -1.53295113803 -1.11619422945 
149.431239833 105.144530951 1.49495780468 122.973584135 15.8512477875 8388608 0.447447545767 0.0 0.447447545767 -0.813634243418 1.25415236543 -1.25415236543 -0.813634243418 
92.67114223 154.195800102 3.36061477661 135.855562538 15.7698287964 11927553 0.088544692633 0.0 0.088544692633 -2.4115312771 2.3405658667 -2.3405658667 -2.4115312771 
104.745382958 149.090139839 2.05728387833 129.522343291 15.2317123413 9830656 0.236271617468 0.0 0.236271617468 -1.30921241708 1.58694039049 -1.58694039049 -1.30921241708 
133.873882892 75.6438632468 1.96102893353 130.006071751 15.0402317047 23068672 0.260035114021 0.0 0.260035114021 -1.26068428859 1.50210172845 -1.50210172845 -1.26068428859 
41.9704947649 141.315846829 2.03913021088 135.354278409 13.3316364288 9175296 0.240497231861 0.0 0.240497231861 -1.45077080853 1.43293966308 -1.43293966308 -1.45077080853 
67.8230398038 69.7733948834 2.36017274857 132.223870013 12.909072876 19792128 0.179519825299 0.0 0.179519825299 -1.58610490463 1.74776618418 -1.74776618418 -1.58610490463 
180.850012691 170.579590354 1.42428481579 125.66511494 10.7700071335 8388608 0.49295390507 0.0 0.49295390507 -0.830424502926 1.15714406252 -1.15714406252 -0.830424502926 
130.445306769 154.496815055 1.60035789013 124.53372766 10.565612793 8388608 0.390450307576 0.0 0.390450307576 -0.907228913299 1.31836302867 -1.31836302867 -0.907228913299 
83.7968586748 155.560088954 1.55064022541 128.242233668 10.1784286499 8388608 0.415889454419 0.0 0.415889454419 -0.959826909441 1.21787413659 -1.21787413659 -0.959826909441 
192.547860798 85.7730548119 1.28421294689 124.541688324 10.1538085938 8388608 0.606353532525 0.0 0.606353532525 -0.72815608651 1.05782399606 -1.05782399606 -0.72815608651 
75.5029080303 124.177300012 1.24499452114 147.23515151 10.018406868 8388608 0.645156562919 0.0 0.645156562919 -1.04691438447 0.673781588696 -0.673781588696 -1.04691438447 
74.634466451 156.127126527 2.26689839363 129.121547061 9.79493331909 16843008 0.19459688792 0.0 0.19459688792 -1.43033945791 1.75868057424 -1.75868057424 -1.43033945791 
62.3361115457 153.81316994 2.18527436256 130.847497251 9.23719406128 14221568 0.209405487699 0.0 0.209405487699 -1.42927414217 1.65305761128 -1.65305761128 -1.42927414217 
78.2198962925 80.9200613441 2.25354146957 129.094174587 9.11819458008 16449792 0.196910507413 0.0 0.196910507413 -1.42107626808 1.74899725426 -1.74899725426 -1.42107626808 
112.275077845 123.040951053 1.46278500557 123.659397031 9.08123016357 8388608 0.467346506044 0.0 0.467346506044 -0.810755492694 1.21754486718 -1.21754486718 -0.810755492694 
192.762874703 110.172279432 1.55725896358 126.034005854 9.04916667938 8388608 0.412361699922 0.0 0.412361699922 -0.916081429674 1.25930548076 -1.25930548076 -0.916081429674 
27.8195516023 182.566287743 1.5876352787 133.875460142 8.99320602417 8388608 0.396733175541 0.0 0.396733175541 -1.10037913905 1.14444376381 -1.14444376381 -1.10037913905 
41.2299817314 48.5633471135 1.48749732971 131.724579503 8.93964385986 8388608 0.451947106702 0.0 0.451947106702 -0.990004734592 1.11019769923 -1.11019769923 -0.990004734592 
164.179554711 122.076521918 1.31101214886 124.748977361 7.78590393066 8388608 0.581817215553 0.0 0.581817215553 -0.747253454336 1.07720245517 -1.07720245517 -0.747253454336 
192.839827165 102.177275746 1.48101186752 127.177961988 7.47055864334 8388608 0.455913994015 0.0 0.455913994015 -0.894964654491 1.18001458421 -1.18001458421 -0.894964654491 
99.8058393433 80.2749645886 1.32529854774 128.135429459 7.38844299316 8388608 0.569341125898 0.0 0.569341125898 -0.818401495978 1.04241797377 -1.04241797377 -0.818401495978 
166.234981983 129.578495567 1.35290849209 122.593629074 7.38547134399 8388608 0.5463401963 0.0 0.5463401963 -0.728780831653 1.13984204492 -1.13984204492 -0.728780831653 
33.6634337317 143.013092884 1.4980070591 130.551756815 7.37627410889 8388608 0.445627804305 0.0 0.445627804305 -0.973906337567 1.13821421303 -1.13821421303 -0.973906337567 
193.711508247 186.622353787 1.74225080013 119.806979018 7.18593025208 14548992 0.329441763999 0.0 0.329441763999 -0.866037430344 1.51175957738 -1.51175957738 -0.866037430344 
146.144183182 144.475029247 1.4941521883 122.442826466 7.03519821167 8388608 0.447930185024 0.0 0.447930185024 -0.801549519581 1.26095564135 -1.26095564135 -0.801549519581 
68.5737653322 74.6393405757 1.25169086456 127.077224467 6.96984863281 8388608 0.638272061529 0.0 0.638272061529 -0.754633024443 0.998628569014 -0.998628569014 -0.754633024443 
167.15505025 137.12559279 1.32483804226 121.367982953 6.96327972412 8388608 0.569736993574 0.0 0.569736993574 -0.689621369356 1.13120210623 -1.13120210623 -0.689621369356 
132.825939971 87.2075182534 1.49669742584 125.188664617 6.87366294861 8388608 0.446408007858 0.0 0.446408007858 -0.862502785191 1.22318932715 -1.22318932715 -0.862502785191 
184.334389717 135.85884999 2.02372145653 120.979335937 6.84863948822 8651008 0.244173499384 0.0 0.244173499384 -1.0416679171 1.73504365481 -1.73504365481 -1.0416679171 
128.295381247 168.715400069 2.60562968254 118.742724527 6.7785949707 10224128 0.147290458514 0.0 0.147290458514 -1.25298852466 2.28458438225 -2.28458438225 -1.25298852466 
145.738681253 150.960182314 1.55900835991 122.73161613 6.69083786011 8388608 0.411436779543 0.0 0.411436779543 -0.842962973762 1.31145739204 -1.31145739204 -0.842962973762 
155.985883188 130.68904433 1.73629915714 121.485500314 6.65740966797 14286848 0.331704139363 0.0 0.331704139363 -0.906839137975 1.48066793743 -1.48066793743 -0.906839137975 
70.3858294791 89.7024890413 3.9059715271 128.302606705 6.59860992432 22806529 0.0655453449993 0.0 0.0655453449993 -2.42097870704 3.06520401777 -3.06520401777 -2.42097870704 
185.20958102 129.143882488 1.86709213257 129.479828003 6.55637073517 19529728 0.28685901452 0.0 0.28685901452 -1.1871093452 1.44111222118 -1.44111222118 -1.1871093452 
133.378823736 147.912277531 1.31551778316 125.899453836 6.51044082642 8388608 0.577838605135 0.0 0.577838605135 -0.771373104887 1.06563153617 -1.06563153617 -0.771373104887 
152.742059616 50.9621025159 1.65813982487 132.500228408 6.49738693237 10944512 0.363712058225 0.0 0.363712058225 -1.12022790203 1.22250444839 -1.22250444839 -1.12022790203 
119.164213292 175.734294207 1.94792735577 120.676660077 6.44501304626 22609920 0.263544821302 0.0 0.263544821302 -0.993818136725 1.67533474102 -1.67533474102 -0.993818136725 
106.717745056 35.7138328756 1.52522015572 142.467275847 6.4108543396 8388608 0.429867813471 0.0 0.429867813471 -1.20950800322 0.929186156567 -0.929186156567 -1.20950800322 
123.84226183 90.8408874156 2.57448005676 125.942308105 6.36480903625 9306624 0.150876269093 0.0 0.150876269093 -1.51114344535 2.08432076472 -2.08432076472 -1.51114344535 
134.743127897 99.40903558 1.37452149391 121.557447614 6.32197761536 8388608 0.529293949009 0.0 0.529293949009 -0.71936022451 1.1712515548 -1.1712515548 -0.71936022451 
80.4932090872 90.8567626606 2.192735672 125.992537098 5.95902633667 14418176 0.207982807462 0.0 0.207982807462 -1.28862661698 1.77412828433 -1.77412828433 -1.28862661698 
185.344414498 112.640966398 1.62454140186 127.507571705 5.85487651825 9437184 0.378912063432 0.0 0.378912063432 -0.989128457756 1.28870464437 -1.28870464437 -0.989128457756 
207.695898775 198.884217807 1.42806446552 124.829393803 5.7194442749 8388608 0.490347961864 0.0 0.490347961864 -0.815617252095 1.17223573388 -1.17223573388 -0.815617252095 
129.60974477 142.309494225 1.28021860123 125.703545438 5.59102630615 8388608 0.610143141518 0.0 0.610143141518 -0.747124644674 1.03959820712 -1.03959820712 -0.747124644674 
169.782023141 140.775826711 3.09939551353 122.066063476 5.34115791321 22741504 0.104098866323 0.0 0.104098866323 -1.64545895105 2.62654095528 -2.62654095528 -1.64545895105 
127.504231894 101.906845899 1.9666428566 121.852219611 5.19362258911 23265280 0.258552655174 0.0 0.258552655174 -1.03785677348 1.6704901805 -1.6704901805 -1.03785677348 
158.745068357 142.493063878 1.4284453392 121.486396878 5.01759719849 8388608 0.49008650876 0.0 0.49008650876 -0.746071453707 1.21812703486 -1.21812703486 -0.746071453707 
105.139042672 181.565427359 3.15378022194 119.805686982 4.93665313721 23986688 0.100539599163 0.0 0.100539599163 -1.56761828095 2.73658594118 -2.73658594118 -1.56761828095 
172.229855118 151.913079167 1.55817842484 118.556759171 4.87058544159 8388608 0.411875184729 0.0 0.411875184729 -0.744854649491 1.36861665734 -1.36861665734 -0.744854649491 
159.281852073 152.110333899 1.35823714733 120.543682157 4.80945014954 8388608 0.542061786139 0.0 0.542061786139 -0.690249489091 1.1697708285 -1.1697708285 -0.690249489091 
104.909310466 27.4860309768 1.26662063599 132.284481682 4.7640914917 8388608 0.623313999713 0.0 0.623313999713 -0.852197769663 0.937062856422 -0.937062856422 -0.852197769663 
127.200123235 191.657330064 1.34286391735 119.751519846 4.76093292236 8388608 0.554543974761 0.0 0.554543974761 -0.666382164059 1.16585518481 -1.16585518481 -0.666382164059 
87.6117777153 103.559964254 3.24802446365 123.644818177 4.75897216797 9437185 0.0947897584895 0.0 0.0947897584895 -1.79954493041 2.70394174492 -2.70394174492 -1.79954493041 
68.0914266938 61.4594134974 1.26544296741 124.893954696 4.5923576355 8388608 0.624474698215 0.0 0.624474698215 -0.723908463255 1.03793180923 -1.03793180923 -0.723908463255 
57.0807770419 33.6890234406 1.36209440231 132.083972444 4.52841186523 8388608 0.538996051488 0.0 0.538996051488 -0.91290159882 1.01089654846 -1.01089654846 -0.91290159882 
86.8323377776 168.033203252 3.15032482147 126.913039193 4.50912857056 23921152 0.10076027171 0.0 0.10076027171 -1.89209201688 2.51883589788 -2.51883589788 -1.89209201688 
123.37744172 183.190726686 1.50043594837 118.800680707 4.50418663025 8388608 0.444186217248 0.0 0.444186217248 -0.722856151924 1.31483345667 -1.31483345667 -0.722856151924 
68.2476865173 163.343507292 1.74257707596 126.797852479 4.49233627319 14548992 0.329318407825 0.0 0.329318407825 -1.04379249097 1.39537525471 -1.39537525471 -1.04379249097 
150.873293186 159.204906995 1.79280543327 118.854675647 4.47471809387 16580608 0.311124119542 0.0 0.311124119542 -0.865189414438 1.57022246791 -1.57022246791 -0.865189414438 
137.191243461 44.5186032305 1.6071844101 134.978974283 4.46250152588 8650752 0.387140474403 0.0 0.387140474403 -1.13603387735 1.1368679596 -1.1368679596 -1.13603387735 
119.983462432 99.9187326987 1.57646870613 123.613173245 4.4577331543 8388608 0.402373426792 0.0 0.402373426792 -0.872706334 1.31287365577 -1.31287365577 -0.872706334 
95.5168568524 93.5076581249 1.53394198418 125.022427519 4.44913101196 8388608 0.4249933469 0.0 0.4249933469 -0.880324758732 1.25618721932 -1.25618721932 -0.880324758732 
146.496675999 164.954625454 2.01161146164 118.624810567 4.37243461609 24903680 0.247122220192 0.0 0.247122220192 -0.963706731332 1.76574347191 -1.76574347191 -0.963706731332 
152.314087698 150.277679532 1.25011789799 121.62387587 4.3253993988 8388608 0.639879289539 0.0 0.639879289539 -0.655487800929 1.06448602701 -1.06448602701 -0.655487800929 
103.682075479 111.382816107 1.49471116066 123.35215281 4.31397628784 8388608 0.447595225626 0.0 0.447595225626 -0.821767345474 1.24854310447 -1.24854310447 -0.821767345474 
103.756238833 93.1780483809 1.49358320236 125.340645684 4.22905731201 8388608 0.448271531288 0.0 0.448271531288 -0.863942962007 1.21835681997 -1.21835681997 -0.863942962007 
83.7926404028 149.549126508 1.26904380322 127.294065295 4.18823432922 8388608 0.620935906778 0.0 0.620935906778 -0.76892125686 1.00957034189 -1.00957034189 -0.76892125686 
99.7783570662 182.618170484 1.54352688789 122.670592242 4.14582061768 8388608 0.419731536967 0.0 0.419731536967 -0.833208677315 1.29932234403 -1.29932234403 -0.833208677315 
57.6397093865 91.6931095971 2.22369456291 124.627440796 4.11082458496 15466752 0.202231932352 0.0 0.202231932352 -1.26358754303 1.82979890432 -1.82979890432 -1.26358754303 
102.48641585 192.079550691 2.32795000076 119.535050604 4.08658790588 18743552 0.184523933212 0.0 0.184523933212 -1.14757670331 2.02544289381 -2.02544289381 -1.14757670331 
111.368897551 187.758191411 1.57403087616 120.134795107 4.04994010925 8388608 0.40362076905 0.0 0.40362076905 -0.790220230648 1.36129540739 -1.36129540739 -0.790220230648 
55.7297432549 83.8948977566 1.46138286591 124.588421309 3.98777389526 8388608 0.46824373763 0.0 0.46824373763 -0.829594009491 1.20308505941 -1.20308505941 -0.829594009491 
120.052520889 191.400721059 1.36804354191 117.968438704 3.93608474731 8388608 0.53431843627 0.0 0.53431843627 -0.641592066314 1.20826435559 -1.20826435559 -0.641592066314 
46.7988287794 90.5593884549 1.94418442249 124.281798077 3.86065673828 22478848 0.26456054821 0.0 0.26456054821 -1.09508828328 1.60643540813 -1.60643540813 -1.09508828328 
108.05702279 157.898957902 1.92949414253 125.600541384 3.83176040649 21889024 0.268604368116 0.0 0.268604368116 -1.12321768528 1.56886254259 -1.56886254259 -1.12321768528 
95.055945204 103.222771724 1.49239373207 123.974098647 3.82356643677 8388608 0.448986380387 0.0 0.448986380387 -0.833976582647 1.23762761407 -1.23762761407 -0.833976582647 
148.672643744 167.374904087 3.4492919445 117.52494087 3.7509021759 13762561 0.0840504594288 0.0 0.0840504594288 -1.59403744819 3.05886572641 -3.05886572641 -1.59403744819 
91.5812357657 174.56887917 1.80228996277 124.030943494 3.68611526489 16973824 0.307858161787 0.0 0.307858161787 -1.00863455826 1.49362158453 -1.49362158453 -1.00863455826 
158.667673792 167.004293115 1.30940806866 118.888490965 3.6710729599 8388608 0.583243590038 0.0 0.583243590038 -0.632583573285 1.14646740602 -1.14646740602 -0.632583573285 
71.7131776972 107.273289241 1.5420563221 123.573083563 3.66263198853 8388608 0.420532463815 0.0 0.420532463815 -0.852757451573 1.28481221558 -1.28481221558 -0.852757451573 
111.613927088 194.15791971 1.30705702305 120.937690342 3.65208244324 8388608 0.585343675187 0.0 0.585343675187 -0.671965326756 1.12109797125 -1.12109797125 -0.671965326756 
189.848383306 153.696621081 1.35901236534 130.159276409 3.6296749115 8388608 0.541443548633 0.0 0.541443548633 -0.876446981907 1.03863145391 -1.03863145391 -0.876446981907 
132.253173032 31.7367767655 1.6306014061 124.926038772 3.60664367676 9699328 0.37610090203 0.0 0.37610090203 -0.933549540359 1.33691667701 -1.33691667701 -0.933549540359 
87.3901780582 107.457252712 1.57040655613 123.976250983 3.59307861328 8388608 0.405485940688 0.0 0.405485940688 -0.877620479879 1.30228992349 -1.30228992349 -0.877620479879 
142.203641604 31.0947171714 1.65125477314 124.951215376 3.54862594604 10616832 0.366751440235 0.0 0.366751440235 -0.945968786247 1.35343466088 -1.35343466088 -0.945968786247 
91.7571288572 164.00987455 1.35897052288 125.080703737 3.53676223755 8388608 0.541476891047 0.0 0.541476891047 -0.781040694094 1.11210445383 -1.11210445383 -0.781040694094 
120.366968605 35.2109305068 1.62404072285 135.062330971 3.51937484741 9437184 0.37914573068 0.0 0.37914573068 -1.14961881802 1.147120239 -1.147120239 -1.14961881802 
154.762469609 179.362116958 1.39545977116 123.989670334 3.5117931366 8388608 0.513529453948 0.0 0.513529453948 -0.780122616826 1.1570292458 -1.1570292458 -0.780122616826 
79.2625382795 115.127623404 1.61119687557 124.358001572 3.37940979004 8847360 0.385214634597 0.0 0.385214634597 -0.909298346756 1.33008717325 -1.33008717325 -0.909298346756 
118.670833108 55.6963234475 2.57226443291 148.647235564 3.36525726318 9241088 0.151136296037 0.0 0.151136296037 -2.19666247275 1.33836403628 -1.33836403628 -2.19666247275 
170.126825878 166.860806452 1.74291872978 126.813327855 3.3325214386 14548992 0.329189311886 0.0 0.329189311886 -1.04437406087 1.39536680468 -1.39536680468 -1.04437406087 
52.8017238445 164.625985884 1.37467110157 124.864998627 3.33068847656 8388608 0.529178747461 0.0 0.529178747461 -0.785823511036 1.12791934419 -1.12791934419 -0.785823511036 
94.318330621 115.307566001 1.54216361046 123.457603518 3.23695755005 8388608 0.420473952943 0.0 0.420473952943 -0.850225323433 1.28661785345 -1.28661785345 -0.850225323433 
91.9233945827 182.045546124 1.85843157768 123.130618254 3.22373199463 19202048 0.289538851648 0.0 0.289538851648 -1.0157249443 1.55630034584 -1.55630034584 -1.0157249443 
160.631524262 168.601332671 2.23901939392 121.162138818 2.98106384277 15925504 0.199473078047 0.0 0.199473078047 -1.15860671396 1.91594319559 -1.91594319559 -1.15860671396 
71.5318004805 104.50195519 2.35417199135 123.56923502 2.95338058472 19595520 0.180436179623 0.0 0.180436179623 -1.30172582439 1.96153910054 -1.96153910054 -1.30172582439 
60.0818387549 173.276506647 2.13200330734 124.037549118 2.78696060181 12386560 0.220000795841 0.0 0.220000795841 -1.19335921191 1.76672915124 -1.76672915124 -1.19335921191 
74.4391468117 56.0488552221 1.23363316059 134.842780631 2.7783203125 8388608 0.657094648494 0.0 0.657094648494 -0.869913476455 0.874700702179 -0.874700702179 -0.869913476455 
152.652257496 171.5287661 1.49447095394 119.001423072 2.71118831635 8388608 0.447739121392 0.0 0.447739121392 -0.72456636009 1.3070757522 -1.3070757522 -0.72456636009 
63.4017437929 146.950675018 1.28532385826 126.847752353 2.33076286316 8388608 0.605305837147 0.0 0.605305837147 -0.770796826719 1.02855708278 -1.02855708278 -0.770796826719 
52.6969624578 46.8915193361 1.28520524502 122.730334286 1.58322525024 8388608 0.605417571209 0.0 0.605417571209 -0.694892185534 1.08114632326 -1.08114632326 -0.694892185534 
75.5048726746 61.0742947447 2.00440716743 146.870855266 1.38232040405 24641536 0.248901839307 0.0 0.248901839307 -1.67857238534 1.09546466855 -1.09546466855 -1.67857238534 
68.987573811 54.0481839181 1.68567168713 132.479997619 0.55676651001 12124160 0.351928157053 0.0 0.351928157053 -1.13838934238 1.24320502811 -1.24320502811 -1.13838934238 
