13
181
183.221847678 61.6631891286 5.09114408493 44.412689209 118.89037323 8520193 0.0385806218638 0.0 0.0385806218638 3.6366943776 3.56289237803 -3.56289237803 3.6366943776 
104.287579225 109.640852328 3.09986424446 70.7784423828 105.24230957 22741504 0.104067387094 0.0 0.104067387094 1.02054334008 2.92705476975 -2.92705476975 1.02054334008 
124.688135474 104.106083903 2.08207535744 72.8094482422 102.943717957 10682624 0.230678496361 0.0 0.230678496361 0.615358450028 1.98906303873 -1.98906303873 0.615358450028 
141.976585888 96.9510971216 6.17326259613 60.9769897461 98.6079025269 22479361 0.0262404028122 0.0 0.0262404028122 2.9950252205 5.39805474309 -5.39805474309 2.9950252205 
115.817236683 105.68465036 1.27585184574 73.1527099609 96.489364624 8388608 0.614326864636 0.0 0.614326864636 0.369769727226 1.22109306816 -1.22109306816 0.369769727226 
134.421531472 101.140606949 2.67156767845 70.5851745605 93.7647781372 11993600 0.140109517939 0.0 0.140109517939 0.888042940917 2.51965346737 -2.51965346737 0.888042940917 
81.7384560237 118.957106394 4.62756299973 62.757019043 92.1633834839 18350337 0.0466976816433 0.0 0.0466976816433 2.11833638708 4.1142423686 -4.1142423686 2.11833638708 
59.6386166779 135.254977876 5.36536216736 44.2418518066 89.9611053467 12321281 0.0347377683543 0.0 0.0347377683543 3.84375173909 3.74335194113 -3.74335194113 3.84375173909 
80.0087808833 123.930195133 1.27729272842 18.4415893555 85.5254364014 8388608 0.612941632183 0.0 0.612941632183 1.21169945658 0.404055863718 -0.404055863718 1.21169945658 
85.4707743781 151.455328721 3.47158074379 91.483581543 80.2822036743 14221313 0.0829746556044 0.0 0.0829746556044 -0.089880924099 3.47041701819 -3.47041701819 -0.089880924099 
145.758154455 96.7611046849 1.74209678173 66.0559997559 77.4709701538 14483456 0.329500018325 0.0 0.329500018325 0.70701877331 1.59217638819 -1.59217638819 0.70701877331 
160.483443106 56.6062915632 2.61212706566 13.5523681641 74.6061706543 10355200 0.146558631697 0.0 0.146558631697 2.53939538085 0.612110208104 -0.612110208104 2.53939538085 
154.574027995 67.6403559421 8.25329875946 21.7747192383 67.0026626587 10027266 0.0146806358879 0.0 0.0146806358879 7.66442255916 3.06162820204 -3.06162820204 7.66442255916 
194.739433857 56.0384265463 2.04554748535 75.9760742188 65.2403259277 9437440 0.238990627016 0.0 0.238990627016 0.495691496218 1.9845791633 -1.9845791633 0.495691496218 
27.709321489 108.245153555 3.13194918633 30.4237365723 63.7484321594 23527936 0.101946092743 0.0 0.101946092743 2.70069216976 1.58599101823 -1.58599101823 2.70069216976 
74.1368865785 150.104584351 1.56810188293 110.008880615 61.1461372375 8388608 0.406678719455 0.0 0.406678719455 -0.536550816111 1.47345062252 -1.47345062252 -0.536550816111 
13.3628586501 141.635314674 1.77127718925 108.818115234 56.6653747559 15728640 0.318732933963 0.0 0.318732933963 -0.57135199409 1.67659767983 -1.67659767983 -0.57135199409 
233.460461126 45.5861095876 2.50837445259 113.195526123 55.8591499329 24183040 0.158933432208 0.0 0.158933432208 -0.987973793638 2.30561275532 -2.30561275532 -0.987973793638 
248.370558471 90.4247421361 2.40037035942 121.549041748 55.0260658264 20971776 0.173557541419 0.0 0.173557541419 -1.25594141935 2.04557791676 -2.04557791676 -1.25594141935 
91.2065922352 136.878040111 1.95349013805 313.471343994 52.8785820007 22806528 0.262046011479 0.0 0.262046011479 1.34398500039 -1.41768404033 1.41768404033 1.34398500039 
133.207672925 123.927034777 3.46188306808 317.099884033 52.6895675659 14024705 0.0834401758565 0.0 0.0834401758565 2.53597308824 -2.35658118316 2.35658118316 2.53597308824 
204.535904209 64.4547919468 1.64473938942 133.248687744 52.4453849792 10354688 0.369662854956 0.0 0.369662854956 -1.12692001529 1.19800623465 -1.19800623465 -1.12692001529 
182.746826546 108.719056576 2.0458779335 10.50390625 51.869644165 9437440 0.238913430199 0.0 0.238913430199 2.0115940952 0.372968785469 -0.372968785469 2.0115940952 
260.797459694 99.9155339131 1.82071757317 132.467773438 51.6063117981 17694720 0.301657989423 0.0 0.301657989423 -1.22930373767 1.34306544955 -1.34306544955 -1.22930373767 
154.857294499 94.4215549205 1.91111540794 65.4716796875 51.217300415 21233664 0.273795415663 0.0 0.273795415663 0.793386126643 1.73864906077 -1.73864906077 0.793386126643 
232.311831434 80.8240203655 3.8436319828 113.391342163 50.7856330872 21626881 0.067688735805 0.0 0.067688735805 -1.52595728263 3.52774165591 -3.52774165591 -1.52595728263 
78.4095128846 171.981456306 1.38027954102 102.767150879 49.5702552795 8388608 0.524887098907 0.0 0.524887098907 -0.305027124721 1.34615380419 -1.34615380419 -0.305027124721 
55.5360265116 93.2584607834 7.1340637207 144.038482666 48.3920516968 16187394 0.019648347562 0.0 0.019648347562 -5.77439391196 4.18942002198 -4.18942002198 -5.77439391196 
200.075874978 96.0088213175 1.99049437046 122.890899658 47.9944267273 24182784 0.252393457325 0.0 0.252393457325 -1.08092022361 1.67143031833 -1.67143031833 -1.08092022361 
173.671507351 61.3099703535 1.9157269001 123.586257935 46.9036483765 21364736 0.272478854565 0.0 0.272478854565 -1.05976433924 1.59590385082 -1.59590385082 -1.05976433924 
58.8213853534 24.4292980351 1.61506271362 69.2362670898 46.8809127808 9043968 0.383372730725 0.0 0.383372730725 0.57256422478 1.51016481797 -1.51016481797 0.57256422478 
21.805057403 95.6587746511 1.33391797543 95.8011779785 45.937461853 8388608 0.562007032494 0.0 0.562007032494 -0.134828095743 1.32708648918 -1.32708648918 -0.134828095743 
98.0907237544 152.346888544 1.53681993484 88.4170227051 45.0901374817 8388608 0.423403095992 0.0 0.423403095992 0.042454114473 1.53623343288 -1.53623343288 0.042454114473 
102.673150882 132.903935607 2.59684514999 258.811859131 44.2572364807 9961984 0.148288643772 0.0 0.148288643772 -0.503869261385 -2.5474929834 2.5474929834 -0.503869261385 
153.279098944 75.5729247405 2.62227225304 37.0711975098 43.4222717285 10682880 0.145426797619 0.0 0.145426797619 2.0922770976 1.58072398473 -1.58072398473 2.0922770976 
83.2426072993 139.989752366 2.09711885452 262.953918457 42.5571060181 11206912 0.227380862893 0.0 0.227380862893 -0.257248502429 -2.08128102331 2.08128102331 -0.257248502429 
238.930161694 86.5228138782 1.87107789516 119.698196411 42.4670295715 19660800 0.285638184375 0.0 0.285638184375 -0.926990600619 1.62530640685 -1.62530640685 -0.926990600619 
231.212860571 83.6121641423 1.2981082201 111.360717773 41.2493858337 8388608 0.593441891076 0.0 0.593441891076 -0.472820812908 1.20893565998 -1.20893565998 -0.472820812908 
45.044235309 102.029307408 2.51365709305 127.869659424 40.2846908569 24314112 0.158266112905 0.0 0.158266112905 -1.54305179248 1.98430419723 -1.98430419723 -1.54305179248 
46.1063823856 29.6105819774 2.67701029778 69.2697753906 39.5135650635 12190208 0.139540384837 0.0 0.139540384837 0.947576674499 2.50369378726 -2.50369378726 0.947576674499 
74.3869931826 26.4776943318 1.86762297153 108.618682861 39.3869094849 19529728 0.28669596844 0.0 0.28669596844 -0.596272882574 1.76987971719 -1.76987971719 -0.596272882574 
53.5398097592 27.040680038 1.4178314209 67.0237426758 39.0800933838 8388608 0.497451571001 0.0 0.497451571001 0.553449997363 1.30535015935 -1.30535015935 0.553449997363 
21.3886433821 68.0865234996 2.365452528 30.0505371094 38.3706054688 19923200 0.178719329597 0.0 0.178719329597 2.04749797332 1.18453269751 -1.18453269751 2.04749797332 
65.072417224 36.6660144395 2.97649788857 240.236602783 37.0040969849 19857920 0.112872681431 0.0 0.112872681431 -1.47759158516 -2.58384651016 2.58384651016 -1.47759158516 
51.1294597541 44.1263022762 2.97883915901 239.593856812 36.6879234314 19857920 0.112695322664 0.0 0.112695322664 -1.50766865999 -2.56912785726 2.56912785726 -1.50766865999 
242.743445668 121.188734673 1.96581041813 119.923339844 36.3325309753 23265280 0.258771674002 0.0 0.258771674002 -0.980626510329 1.70375533668 -1.70375533668 -0.980626510329 
213.173860117 104.623474603 2.27508711815 133.924041748 36.24193573 17105152 0.193198583169 0.0 0.193198583169 -1.5782372981 1.63865445597 -1.63865445597 -1.5782372981 
237.481688273 57.3252168002 1.79136693478 104.419082642 35.7315177917 16515072 0.311623996218 0.0 0.311623996218 -0.446072695716 1.73493937795 -1.73493937795 -0.446072695716 
117.419550021 127.054762572 3.17998600006 250.644699097 35.2314949036 24642048 0.0988893640532 0.0 0.0988893640532 -1.05392742963 -3.00025797785 3.00025797785 -1.05392742963 
222.846259684 41.785689704 1.79153251648 125.116577148 35.1358184814 16515072 0.311566395424 0.0 0.311566395424 -1.03056464002 1.46544371449 -1.46544371449 -1.03056464002 
148.447179982 112.898555916 1.70079624653 183.332977295 35.0096511841 12779520 0.34569685021 0.0 0.34569685021 -1.69791938296 -0.0988819558246 0.0988819558246 -1.69791938296 
51.3336238252 132.265888376 1.8813560009 122.853378296 34.7188415527 20054016 0.28252574838 0.0 0.28252574838 -1.0206188293 1.58045487357 -1.58045487357 -1.0206188293 
41.1691901618 33.1604733507 1.51882731915 64.5124816895 34.4964752197 8388608 0.43349410864 0.0 0.43349410864 0.653573359919 1.37101359898 -1.37101359898 0.653573359919 
36.527755816 54.2941629281 1.65521633625 53.1817321777 34.0776977539 10813440 0.364997989327 0.0 0.364997989327 0.991936172559 1.32506745087 -1.32506745087 0.991936172559 
146.56830533 85.8293440393 1.79997372627 9.99041748047 34.0538330078 16842752 0.308650985701 0.0 0.308650985701 1.77268033099 0.312265687174 -0.312265687174 1.77268033099 
57.4256604225 165.221002518 2.0948703289 280.989990234 33.5692710876 11141376 0.227869242603 0.0 0.227869242603 0.399360840003 -2.05645146172 2.05645146172 0.399360840003 
245.912814742 72.6488930059 1.51816022396 254.134643555 33.4477462769 8388608 0.433875155861 0.0 0.433875155861 -0.415031085654 -1.46032861492 1.46032861492 -0.415031085654 
152.466174759 117.768928254 3.32135128975 258.256134033 33.3774223328 11075585 0.0906505358855 0.0 0.0906505358855 -0.676017659149 -3.25182633522 3.25182633522 -0.676017659149 
37.0333396688 52.8953770144 3.26590275764 229.397689819 33.239402771 9830401 0.093754797705 0.0 0.093754797705 -2.12546529144 -2.47962055913 2.47962055913 -2.12546529144 
150.225095972 24.1312593805 2.26321911812 107.023345947 33.1838798523 16711936 0.195230107685 0.0 0.195230107685 -0.662583061427 2.16405740759 -2.16405740759 -0.662583061427 
231.918407326 116.275221455 1.69088363647 160.294830322 33.042011261 12320768 0.349761946691 0.0 0.349761946691 -1.59186570307 0.570132489417 -0.570132489417 -1.59186570307 
78.0954342163 71.0177677634 9.25907897949 242.171844482 32.7355308533 18350338 0.0116644542144 0.0 0.0116644542144 -4.32233503451 -8.18828207855 8.18828207855 -4.32233503451 
82.9928111603 164.271851291 1.30025541782 272.96987915 32.3424682617 8388608 0.591483529751 0.0 0.591483529751 0.0673674833936 -1.29850905802 1.29850905802 0.0673674833936 
185.281557803 93.9544558855 2.34416460991 3.81781005859 32.0430908203 19267840 0.181980054124 0.0 0.181980054124 2.33896248489 0.156083992242 -0.156083992242 2.33896248489 
31.0207692549 37.9316486798 2.6670730114 61.0875549316 31.4201164246 11862528 0.140582153123 0.0 0.140582153123 1.2894565345 2.33464778795 -2.33464778795 1.2894565345 
248.51922989 76.5948601061 3.27147293091 251.875030518 31.1517772675 9961473 0.0934358062961 0.0 0.0934358062961 -1.01772459005 -3.10914325763 3.10914325763 -1.01772459005 
196.267194747 150.04245709 2.2026848793 315.892333984 30.7608795166 14745856 0.206108194525 0.0 0.206108194525 1.58160082874 -1.53308822187 1.53308822187 1.58160082874 
170.458256679 96.0657809375 3.07800269127 294.437103271 30.6607284546 22282752 0.105550916721 0.0 0.105550916721 1.27335148684 -2.80226275685 2.80226275685 1.27335148684 
29.607869264 84.9887994174 1.26685523987 250.182800293 30.6280593872 8388608 0.623083163009 0.0 0.623083163009 -0.429489706065 -1.19183085678 1.19183085678 -0.429489706065 
174.893157142 42.5686322375 1.9326941967 87.7817993164 30.1936836243 22020096 0.267715622311 0.0 0.267715622311 0.0748053827897 1.93124597415 -1.93124597415 0.0748053827897 
171.905205193 86.3908167192 3.16148209572 304.78427124 30.138469696 24183296 0.100050334908 0.0 0.100050334908 1.80358799432 -2.59654373895 2.59654373895 1.80358799432 
149.36461334 133.395183533 1.9900701046 78.0572814941 30.0649452209 24117248 0.252501085033 0.0 0.252501085033 0.411812536878 1.94699498091 -1.94699498091 0.411812536878 
22.5121700916 129.194035545 1.31000578403 227.933883667 30.0289154053 8388608 0.582711479209 0.0 0.582711479209 -0.877687776544 -0.97251186168 0.97251186168 -0.877687776544 
202.972350695 57.7351921417 1.27531695366 309.390777588 29.9620819092 8388608 0.614842293346 0.0 0.614842293346 0.809323949674 -0.985610509672 0.985610509672 0.809323949674 
14.2108316022 25.2346538324 1.48909676075 31.4134521484 29.7141666412 8388608 0.45097676006 0.0 0.45097676006 1.27083753876 0.776132149161 -0.776132149161 1.27083753876 
177.559796815 73.7368331606 1.78461623192 41.7919921875 29.601316452 16252928 0.313986027653 0.0 0.313986027653 1.33055480492 1.1893187152 -1.1893187152 1.33055480492 
112.679439729 135.812887659 1.34420275688 256.155761719 29.4191741943 8388608 0.553439862082 0.0 0.553439862082 -0.321645140797 -1.30515342202 1.30515342202 -0.321645140797 
239.133151181 110.370104435 2.03162336349 299.703125 29.3181381226 8913152 0.242277789694 0.0 0.242277789694 1.00668165614 -1.76467717566 1.76467717566 1.00668165614 
180.243567436 40.2462440706 3.54572224617 289.876586914 28.7774276733 15794177 0.0795409137274 0.0 0.0795409137274 1.20552885184 -3.33449342995 3.33449342995 1.20552885184 
214.623982698 39.4310919428 1.51160597801 122.798828125 28.5102558136 8388608 0.437645833731 0.0 0.437645833731 -0.818823381038 1.27062225048 -1.27062225048 -0.818823381038 
204.128116043 160.785590515 1.28344166279 331.167480469 28.3451347351 8388608 0.60708252766 0.0 0.60708252766 1.12433738954 -0.618940979625 0.618940979625 1.12433738954 
185.382237097 143.737412014 1.39664947987 242.968612671 27.9155406952 8388608 0.512654946407 0.0 0.512654946407 -0.634747210734 -1.24407626297 1.24407626297 -0.634747210734 
228.551717043 131.132925207 4.47395944595 148.140090942 27.4096603394 15859969 0.0499592504276 0.0 0.0499592504276 -3.79991825495 2.36155338278 -2.36155338278 -3.79991825495 
251.403143723 27.6310501553 1.32692790031 246.474960327 26.9763126373 8388608 0.567943781122 0.0 0.567943781122 -0.529643017662 -1.21664124806 1.21664124806 -0.529643017662 
129.591496505 139.349513577 1.61104631424 85.5402832031 26.4454479218 8847360 0.385286638907 0.0 0.385286638907 0.125272011908 1.60616846864 -1.60616846864 0.125272011908 
164.519050958 149.352693713 1.41428053379 251.630355835 26.049495697 8388608 0.49995264742 0.0 0.49995264742 -0.44570523406 -1.34221319938 1.34221319938 -0.44570523406 
168.583113708 123.749867739 1.98722338676 301.157043457 25.3931503296 24051712 0.253225023963 0.0 0.253225023963 1.02816070256 -1.70057118599 1.70057118599 1.02816070256 
245.408982955 80.4343642774 1.45465135574 156.825942993 25.2029800415 8388608 0.472587432079 0.0 0.472587432079 -1.33728080113 0.572442683331 -0.572442683331 -1.33728080113 
141.715923955 35.6926129746 3.0391304493 286.972503662 25.1504497528 21365248 0.108268299686 0.0 0.108268299686 0.887160893216 -2.90676098732 2.90676098732 0.887160893216 
18.5620602814 32.3623066974 1.59738707542 50.388458252 24.5613765717 8388608 0.391903974221 0.0 0.391903974221 1.01846075792 1.23060276016 -1.23060276016 1.01846075792 
45.9353299683 21.9253838585 1.58975017071 27.013885498 24.5374584198 8388608 0.395678305748 0.0 0.395678305748 1.4163028224 0.722074733336 -0.722074733336 1.4163028224 
90.9691874579 165.262758372 1.32211875916 258.372192383 24.4596862793 8388608 0.572083030064 0.0 0.572083030064 -0.266477424135 -1.29498563534 1.29498563534 -0.266477424135 
56.938059273 65.824279966 4.74701499939 239.283691406 24.4226493835 20185345 0.0443770871178 0.0 0.0443770871178 -2.42471660958 -4.08104162778 4.08104162778 -2.42471660958 
198.598340804 37.1447201471 1.79720234871 103.354309082 24.2176036835 16777216 0.309603630731 0.0 0.309603630731 -0.415103570047 1.74860667628 -1.74860667628 -0.415103570047 
176.788131827 139.341326894 1.68851721287 80.4696960449 23.9811973572 12255232 0.350743002629 0.0 0.350743002629 0.279566499751 1.66521258414 -1.66521258414 0.279566499751 
120.385552156 110.369846376 1.2532337904 259.509521484 23.7461242676 8388608 0.636701404505 0.0 0.636701404505 -0.228178938644 -1.23228621081 1.23228621081 -0.228178938644 
95.7155947375 145.918206786 1.20162522793 79.6692199707 23.5836811066 8388608 0.692567208133 0.0 0.692567208133 0.215488347311 1.18214549044 -1.18214549044 0.215488347311 
141.182112052 116.629125616 1.74466013908 186.617263794 23.3600139618 14614528 0.328532487987 0.0 0.328532487987 -1.73303736815 -0.201048455652 0.201048455652 -1.73303736815 
120.624482712 17.0994469248 1.53616309166 122.912887573 22.5891532898 8388608 0.423765256621 0.0 0.423765256621 -0.834694635142 1.28960533119 -1.28960533119 -0.834694635142 
169.826069705 115.390148892 1.77356529236 130.482559204 22.4540042877 15794176 0.317911060213 0.0 0.317911060213 -1.15142794242 1.34898018506 -1.34898018506 -1.15142794242 
256.28566481 72.7855917592 1.67566883564 352.063537598 22.3709869385 11665408 0.356142345595 0.0 0.356142345595 1.65961893514 -0.231367752394 0.231367752394 1.65961893514 
221.968303051 133.285271457 2.66029071808 139.747955322 21.6140804291 11731456 0.14129988281 0.0 0.14129988281 -2.03035891332 1.71895008298 -1.71895008298 -2.03035891332 
27.1139512358 149.297063213 1.72252964973 90.7794799805 21.3481960297 13697024 0.337028469182 0.0 0.337028469182 -0.0234334181664 1.7223702474 -1.7223702474 -0.0234334181664 
226.670543961 103.835167408 1.97035372257 328.350128174 21.3185939789 23396352 0.2575796819 0.0 0.2575796819 1.67730403754 -1.03389794356 1.03389794356 1.67730403754 
70.6533520502 114.801954431 1.40847992897 235.785217285 21.1452102661 8388608 0.504079080936 0.0 0.504079080936 -0.791983688976 -1.1647220899 1.1647220899 -0.791983688976 
218.781761764 102.096470872 5.80200099945 144.780105591 20.4464187622 17957377 0.0297060153716 0.0 0.0297060153716 -4.73991395751 3.34610688308 -3.34610688308 -4.73991395751 
88.8973155956 124.04083764 1.69170475006 301.111968994 20.4463748932 12386304 0.349422496692 0.0 0.349422496692 0.874124466882 -1.44836852278 1.44836852278 0.874124466882 
195.120118006 88.015533241 1.65773594379 147.950958252 20.1757106781 10944512 0.363889305164 0.0 0.363889305164 -1.40508738183 0.879669204177 -0.879669204177 -1.40508738183 
59.1446257687 157.991471729 1.28972411156 284.80581665 20.028717041 8388608 0.601182543884 0.0 0.601182543884 0.329581140019 -1.24690198335 1.24690198335 0.329581140019 
34.0867446456 21.1609752954 2.54825091362 73.2491760254 19.9197807312 8585728 0.153998192263 0.0 0.153998192263 0.734431495209 2.44012153337 -2.44012153337 0.734431495209 
21.0575040234 149.41889736 2.51644420624 106.219116211 19.8504943848 24379648 0.157915728586 0.0 0.157915728586 -0.70287176484 2.41629110939 -2.41629110939 -0.70287176484 
235.384041825 65.1681078179 1.67502069473 276.252532959 19.3710231781 11665408 0.356418013929 0.0 0.356418013929 0.18242787815 -1.66505687502 1.66505687502 0.18242787815 
54.2923205937 105.635386067 1.26474881172 92.7739257812 19.3141078949 8388608 0.625160370533 0.0 0.625160370533 -0.0612078059551 1.26326686066 -1.26326686066 -0.0612078059551 
264.115260576 87.5757469871 1.35266661644 0.611572265625 19.2524337769 8388608 0.546535600256 0.0 0.546535600256 1.35258956035 0.0144380211905 -0.0144380211905 1.35258956035 
18.425894632 148.417688671 1.50420844555 103.838897705 18.8557109833 8388608 0.441961007077 0.0 0.441961007077 -0.35979567772 1.46054445942 -1.46054445942 -0.35979567772 
202.938731315 139.847554608 2.60280871391 137.133163452 18.7509460449 10158592 0.14760990337 0.0 0.14760990337 -1.90769425094 1.7706823109 -1.7706823109 -1.90769425094 
115.497963626 142.751768796 1.27085578442 82.1837158203 18.4523544312 8388608 0.619166513106 0.0 0.619166513106 0.172832764641 1.25904855357 -1.25904855357 0.172832764641 
89.293295282 103.553886941 1.87908542156 239.925842285 18.436832428 19988480 0.283208936801 0.0 0.283208936801 -0.941648177804 -1.62611830159 1.62611830159 -0.941648177804 
98.4657271263 166.02929586 2.097438097 260.9034729 18.2383785248 11206912 0.227311650738 0.0 0.227311650738 -0.331601221959 -2.07105943911 2.07105943911 -0.331601221959 
99.1995593335 44.8455118524 4.15310430527 255.213134766 18.0307121277 10486017 0.0579768109288 0.0 0.0579768109288 -1.05997235789 -4.01556147642 4.01556147642 -1.05997235789 
75.3970265095 131.103722657 1.72218179703 231.410507202 17.9889163971 13697024 0.337164631468 0.0 0.337164631468 -1.07418724496 -1.34611734436 1.34611734436 -1.07418724496 
59.4037749881 120.885987725 1.3023070097 243.128143311 17.9282913208 8388608 0.589621408204 0.0 0.589621408204 -0.588638353121 -1.16168344946 1.16168344946 -0.588638353121 
253.771359692 146.289481891 1.2980004549 101.80279541 17.6863327026 8388608 0.593540435013 0.0 0.593540435013 -0.265497957997 1.270557364 -1.270557364 -0.265497957997 
111.843041014 94.1024978719 1.97595059872 245.799423218 17.3522491455 23592960 0.256122560599 0.0 0.256122560599 -0.810005807451 -1.80229613562 1.80229613562 -0.810005807451 
42.8814558808 76.9254822934 2.01202464104 250.785003662 16.9313468933 24903680 0.247020735028 0.0 0.247020735028 -0.662185099985 -1.89993527508 1.89993527508 -0.662185099985 
225.390355049 53.2870531234 2.178378582 130.13520813 16.8363227844 13959424 0.21073335592 0.0 0.21073335592 -1.40416878479 1.66542585255 -1.66542585255 -1.40416878479 
244.710056698 32.3417459675 1.5442636013 244.046264648 16.4638214111 8388608 0.419331154426 0.0 0.419331154426 -0.675839636546 -1.3885211039 1.3885211039 -0.675839636546 
99.5857989729 167.149182298 1.29222524166 259.638824463 16.4189243317 8388608 0.598857592242 0.0 0.598857592242 -0.232410097104 -1.27115365788 1.27115365788 -0.232410097104 
201.84011186 79.0273919697 2.68137955666 192.311737061 16.1251506805 12255744 0.139085998343 0.0 0.139085998343 -2.61971296058 -0.571751983817 0.571751983817 -2.61971296058 
261.407411426 82.3309289048 1.26112449169 351.630462646 15.9051733017 8388608 0.628758805199 0.0 0.628758805199 1.24769334133 -0.183565545656 0.183565545656 1.24769334133 
118.27081602 46.1649638067 3.08890724182 265.760681152 15.8816823959 22544896 0.104806994294 0.0 0.104806994294 -0.228339993488 -3.08045593962 3.08045593962 -0.228339993488 
255.309379164 149.038782119 2.21982383728 285.772216797 15.8080425262 15335680 0.20293781431 0.0 0.20293781431 0.603378369594 -2.13624727306 2.13624727306 0.603378369594 
17.4678499127 106.704790818 1.53351593018 121.120529175 15.4176597595 8388608 0.425229529994 0.0 0.425229529994 -0.7925825231 1.31281531534 -1.31281531534 -0.7925825231 
204.406182867 106.748203762 1.29681539536 217.818252563 15.2287273407 8388608 0.594625712292 0.0 0.594625712292 -1.02443192676 -0.795153693985 0.795153693985 -1.02443192676 
120.572149559 40.1782462627 3.3010032177 266.223999023 15.0102119446 10616833 0.0917715579816 0.0 0.0917715579816 -0.21739071442 -3.2938372031 3.2938372031 -0.21739071442 
207.946721718 47.0560636919 1.78450846672 126.827789307 14.1090507507 16252928 0.314023951584 0.0 0.314023951584 -1.06965560112 1.42839328015 -1.42839328015 -1.06965560112 
81.4286421796 80.9474754003 1.64666986465 67.6850280762 13.3101024628 10420224 0.36879661371 0.0 0.36879661371 0.625237110246 1.52335163345 -1.52335163345 0.625237110246 
172.255880434 50.741857005 1.28653132915 233.412979126 13.1626472473 8388608 0.60417015366 0.0 0.60417015366 -0.766827991281 -1.03302356831 1.03302356831 -0.766827991281 
22.7347696773 104.627425602 1.26489293575 122.719894409 13.0595321655 8388608 0.625017914999 0.0 0.625017914999 -0.683715715187 1.06418370582 -1.06418370582 -0.683715715187 
32.8641155187 155.029161693 1.43704855442 70.565246582 12.9315099716 8388608 0.4842360471 0.0 0.4842360471 0.478153754527 1.35516697672 -1.35516697672 0.478153754527 
218.17216019 90.7728520175 3.15439534187 325.208679199 12.798166275 24052224 0.100500391723 0.0 0.100500391723 2.59050191445 -1.79986382931 1.79986382931 2.59050191445 
98.0976121702 100.13296207 1.40290367603 237.036560059 12.5917749405 8388608 0.50809426576 0.0 0.50809426576 -0.763325184718 -1.17706133511 1.17706133511 -0.763325184718 
108.551414615 21.2721646561 1.48807346821 266.488494873 12.3807525635 8388608 0.451597213063 0.0 0.451597213063 -0.0911429614265 -1.48527963945 1.48527963945 -0.0911429614265 
196.87693529 163.139734003 1.34532535076 40.9840698242 12.2489089966 8388608 0.552516622231 0.0 0.552516622231 1.01557528788 0.882330512926 -0.882330512926 1.01557528788 
50.0932886626 122.282525996 1.91531825066 245.351379395 12.2264413834 21364736 0.272595138333 0.0 0.272595138333 -0.798787710508 -1.74079929769 1.74079929769 -0.798787710508 
53.2523568021 36.2305901862 1.66480386257 236.627655029 12.2126350403 11206656 0.360806082534 0.0 0.360806082534 -0.915771511074 -1.39030012599 1.39030012599 -0.915771511074 
257.703365418 16.2850726389 1.2924489975 232.377319336 11.9751148224 8388608 0.59865025519 0.0 0.59865025519 -0.788986793943 -1.02368171329 1.02368171329 -0.788986793943 
46.4393675773 94.1607361687 1.19778454304 174.157531738 11.7816791534 8388608 0.69701574932 0.0 0.69701574932 -1.19156268897 0.12192690352 -0.12192690352 -1.19156268897 
224.030903177 121.949926056 1.78195142746 156.977172852 11.4478492737 16121856 0.314925825427 0.0 0.314925825427 -1.64001740969 0.696917344989 -0.696917344989 -1.64001740969 
217.29463618 30.590966023 1.29563510418 259.287963867 10.7662773132 8388608 0.595709584062 0.0 0.595709584062 -0.240823621165 -1.27305707125 1.27305707125 -0.240823621165 
132.43145197 48.1416152792 2.04579782486 265.874389648 9.94708919525 9437440 0.238932141144 0.0 0.238932141144 -0.147181402057 -2.04049660012 2.04049660012 -0.147181402057 
250.160812852 104.103119938 2.2372200489 312.656433105 9.88965415955 15859968 0.199794070365 0.0 0.199794070365 1.51594177115 -1.64531884257 1.64531884257 1.51594177115 
55.8826759782 150.271962597 1.24118709564 163.796768188 9.87519836426 8388608 0.649120756748 0.0 0.649120756748 -1.1918845966 0.346347390313 -0.346347390313 -1.1918845966 
53.1948373681 81.3196151944 1.79472458363 258.919372559 9.72986412048 16646144 0.310459087454 0.0 0.310459087454 -0.344928415338 -1.76126679392 1.76126679392 -0.344928415338 
192.612632723 63.5014333111 1.50268900394 234.301300049 9.68288040161 8388608 0.442855235291 0.0 0.442855235291 -0.876853272455 -1.22032888238 1.22032888238 -0.876853272455 
21.9607074641 57.4627074182 1.51384282112 237.966552734 9.4133644104 8388608 0.436353464651 0.0 0.436353464651 -0.80296378132 -1.28334299895 1.28334299895 -0.80296378132 
155.881552123 37.4489491513 2.64392232895 277.512573242 9.08868217468 11272704 0.143054859356 0.0 0.143054859356 0.345676336312 -2.62122741326 2.62122741326 0.345676336312 
52.6173576945 61.4349138604 1.57028377056 239.426834106 9.08590126038 8388608 0.405549355683 0.0 0.405549355683 -0.798706368641 -1.35198345285 1.35198345285 -0.798706368641 
194.639997429 123.963188236 1.43953514099 180.054473877 8.53009033203 8388608 0.482564597937 0.0 0.482564597937 -1.43953449038 -0.00136863568299 0.00136863568299 -1.43953449038 
185.393048367 166.546115154 1.47693347931 78.9379882812 8.38830375671 8388608 0.458435382476 0.0 0.458435382476 0.283381157059 1.44949219457 -1.44949219457 0.283381157059 
82.771173386 22.1900243227 1.59484815598 106.556182861 8.17984580994 8388608 0.393152750945 0.0 0.393152750945 -0.454460599881 1.52872698798 -1.52872698798 -0.454460599881 
60.4988686778 56.6052931278 1.5495197773 245.974182129 7.98641681671 8388608 0.416491126028 0.0 0.416491126028 -0.630884268171 -1.41527261699 1.41527261699 -0.630884268171 
224.976822316 27.4431589033 1.242587924 253.220275879 7.90779685974 8388608 0.647658012429 0.0 0.647658012429 -0.358726437806 -1.18968066795 1.18968066795 -0.358726437806 
214.312140684 82.2316536032 1.3048210144 323.000213623 7.6168384552 8388608 0.587351544381 0.0 0.587351544381 1.04207932414 -0.785257003683 0.785257003683 1.04207932414 
146.100478171 65.9539654737 2.28998184204 112.784973145 7.27044296265 17563904 0.190693514362 0.0 0.190693514362 -0.88684996492 2.11128254305 -2.11128254305 -0.88684996492 
136.453372975 68.9649105069 1.69165921211 118.566589355 7.23679733276 12386304 0.349441309225 0.0 0.349441309225 -0.808917267269 1.48571994152 -1.48571994152 -0.808917267269 
206.74963993 26.2632193529 1.43795692921 250.520263672 7.17086219788 8388608 0.483624444802 0.0 0.483624444802 -0.479520467378 -1.3556475396 1.3556475396 -0.479520467378 
64.0659964162 75.3158901129 1.31610655785 246.924377441 7.00685501099 8388608 0.577321715923 0.0 0.577321715923 -0.515842342631 -1.21080268795 1.21080268795 -0.515842342631 
185.739474476 74.3982536428 1.52281236649 241.752410889 6.98162841797 8388608 0.431228256008 0.0 0.431228256008 -0.720720597179 -1.34146163729 1.34146163729 -0.720720597179 
237.130353544 132.014977607 1.27396082878 111.335662842 6.96909093857 8388608 0.616151983096 0.0 0.616151983096 -0.463506539597 1.18664985612 -1.18664985612 -0.463506539597 
124.875172483 90.9373180511 1.96592891216 253.228790283 6.28636169434 23265280 0.258740480631 0.0 0.258740480631 -0.567270206147 -1.8823073609 1.8823073609 -0.567270206147 
221.273772104 156.149284986 1.47176599503 153.342498779 6.25582408905 8388608 0.46166023811 0.0 0.46166023811 -1.31532377797 0.66031697179 -0.66031697179 -1.31532377797 
146.960745712 65.9490476132 1.27831435204 106.060943604 5.91000747681 8388608 0.611962302777 0.0 0.611962302777 -0.353658016052 1.22841914276 -1.22841914276 -0.353658016052 
139.800134704 55.8220873784 1.70973002911 261.722747803 5.0287399292 13172736 0.342093577587 0.0 0.342093577587 -0.246138418291 -1.69191981236 1.69191981236 -0.246138418291 
160.287216495 42.4459966722 1.23897135258 287.900756836 4.46719264984 8388608 0.651444573045 0.0 0.651444573045 0.380821618162 -1.1789931754 1.1789931754 0.380821618162 
83.7561776003 95.7693067465 1.46307384968 230.989807129 4.26640796661 8388608 0.467161994565 0.0 0.467161994565 -0.920944467891 -1.13685811633 1.13685811633 -0.920944467891 
108.618987772 85.483007227 1.69378471375 238.485977173 4.19989871979 12451840 0.348564843589 0.0 0.348564843589 -0.885353512651 -1.44397223455 1.44397223455 -0.885353512651 
134.301417417 86.7195177673 2.46567416191 247.178024292 3.84796524048 22937856 0.164485883417 0.0 0.164485883417 -0.956358909629 -2.27264751088 2.27264751088 -0.956358909629 
168.025677574 31.8311011394 1.42206645012 286.399780273 3.74905014038 8388608 0.494493080637 0.0 0.494493080637 0.401503081578 -1.36420975808 1.36420975808 0.401503081578 
74.4650402324 49.2245646149 1.31669425964 249.204666138 3.48590040207 8388608 0.576806459953 0.0 0.576806459953 -0.467467055234 -1.23091767623 1.23091767623 -0.467467055234 
158.784845056 79.1660810633 1.2030018568 333.139709473 -0.117378234863 8388608 0.690983066752 0.0 0.690983066752 1.07321104544 -0.543536125218 0.543536125218 1.07321104544 
