13
126
104.287579225 109.640852328 3.09986424446 128.233414099 105.24230957 22741504 0.104067387094 0.0 0.104067387094 -1.91840241735 2.43493131303 -2.43493131303 -1.91840241735 
124.688135474 104.106083903 2.08207535744 134.301745325 102.943717957 10682624 0.230678496361 0.0 0.230678496361 -1.4541986461 1.49008190772 -1.49008190772 -1.4541986461 
115.817236683 105.68465036 1.27585184574 134.503013126 96.489364624 8388608 0.614326864636 0.0 0.614326864636 -0.894304233381 0.909954872748 -0.909954872748 -0.894304233381 
134.421531472 101.140606949 2.67156767845 130.52319547 93.7647781372 11993600 0.140109517939 0.0 0.140109517939 -1.73586668985 2.03077342301 -2.03077342301 -1.73586668985 
81.7384560237 118.957106394 4.62756299973 126.397097875 92.1633834839 18350337 0.0466976816433 0.0 0.0466976816433 -2.74589461747 3.72483584419 -3.72483584419 -2.74589461747 
80.0087808833 123.930195133 1.27729272842 139.64271038 85.5254364014 8388608 0.612941632183 0.0 0.612941632183 -0.973324173817 0.827113515032 -0.827113515032 -0.973324173817 
85.4707743781 151.455328721 3.47158074379 136.035652697 80.2822036743 14221313 0.0829746556044 0.0 0.0829746556044 -2.49874632712 2.41000822683 -2.41000822683 -2.49874632712 
145.758154455 96.7611046849 1.74209678173 130.62219718 77.4709701538 14483456 0.329500018325 0.0 0.329500018325 -1.13422402612 1.32228478608 -1.32228478608 -1.13422402612 
160.483443106 56.6062915632 2.61212706566 131.762430172 74.6061706543 10355200 0.146558631697 0.0 0.146558631697 -1.73979026776 1.94841926478 -1.94841926478 -1.73979026776 
194.739433857 56.0384265463 2.04554748535 134.373399629 65.2403259277 9437440 0.238990627016 0.0 0.238990627016 -1.43051591631 1.46215208786 -1.46215208786 -1.43051591631 
74.1368865785 150.104584351 1.56810188293 138.25401918 61.1461372375 8388608 0.406678719455 0.0 0.406678719455 -1.16996721811 1.04408822607 -1.04408822607 -1.16996721811 
91.2065922352 136.878040111 1.95349013805 123.825268929 52.8785820007 22806528 0.262046011479 0.0 0.262046011479 -1.08743381933 1.62284053685 -1.62284053685 -1.08743381933 
133.207672925 123.927034777 3.46188306808 125.26919089 52.6895675659 14024705 0.0834401758565 0.0 0.0834401758565 -1.99895597581 2.82644819232 -2.82644819232 -1.99895597581 
204.535904209 64.4547919468 1.64473938942 143.365537619 52.4453849792 10354688 0.369662854956 0.0 0.369662854956 -1.31983545111 0.981428571579 -0.981428571579 -1.31983545111 
182.746826546 108.719056576 2.0458779335 134.299404179 51.869644165 9437440 0.238913430199 0.0 0.238913430199 -1.42885719433 1.46423482986 -1.46423482986 -1.42885719433 
154.857294499 94.4215549205 1.91111540794 132.585542089 51.217300415 21233664 0.273795415663 0.0 0.273795415663 -1.29323307289 1.40709286177 -1.40709286177 -1.29323307289 
78.4095128846 171.981456306 1.38027954102 143.510252627 49.5702552795 8388608 0.524887098907 0.0 0.524887098907 -1.1096940762 0.820823165244 -0.820823165244 -1.1096940762 
200.075874978 96.0088213175 1.99049437046 156.156489604 47.9944267273 24182784 0.252393457325 0.0 0.252393457325 -1.82061155167 0.804637444289 -0.804637444289 -1.82061155167 
173.671507351 61.3099703535 1.9157269001 142.992766295 46.9036483765 21364736 0.272478854565 0.0 0.272478854565 -1.52982196022 1.15310638095 -1.15310638095 -1.52982196022 
98.0907237544 152.346888544 1.53681993484 137.978430348 45.0901374817 8388608 0.423403095992 0.0 0.423403095992 -1.14169257352 1.028763131 -1.028763131 -1.14169257352 
102.673150882 132.903935607 2.59684514999 124.365883714 44.2572364807 9961984 0.148288643772 0.0 0.148288643772 -1.46585571499 2.14356519749 -2.14356519749 -1.46585571499 
153.279098944 75.5729247405 2.62227225304 133.095878893 43.4222717285 10682880 0.145426797619 0.0 0.145426797619 -1.79159213605 1.91481314678 -1.91481314678 -1.79159213605 
83.2426072993 139.989752366 2.09711885452 124.412645361 42.5571060181 11206912 0.227380862893 0.0 0.227380862893 -1.18518482241 1.73009954243 -1.73009954243 -1.18518482241 
238.930161694 86.5228138782 1.87107789516 148.72649069 42.4670295715 19660800 0.285638184375 0.0 0.285638184375 -1.59920829053 0.971321436636 -0.971321436636 -1.59920829053 
231.212860571 83.6121641423 1.2981082201 146.022669555 41.2493858337 8388608 0.593441891076 0.0 0.593441891076 -1.07646760907 0.725467047983 -0.725467047983 -1.07646760907 
45.044235309 102.029307408 2.51365709305 126.199808208 40.2846908569 24314112 0.158266112905 0.0 0.158266112905 -1.48457333565 2.02842648191 -2.02842648191 -1.48457333565 
53.5398097592 27.040680038 1.4178314209 127.68749092 39.0800933838 8388608 0.497451571001 0.0 0.497451571001 -0.86679731035 1.12201085594 -1.12201085594 -0.86679731035 
213.173860117 104.623474603 2.27508711815 154.933766813 36.24193573 17105152 0.193198583169 0.0 0.193198583169 -2.06081631992 0.963876283926 -0.963876283926 -2.06081631992 
237.481688273 57.3252168002 1.79136693478 144.57453327 35.7315177917 16515072 0.311623996218 0.0 0.311623996218 -1.45973159925 1.03835405963 -1.03835405963 -1.45973159925 
117.419550021 127.054762572 3.17998600006 122.397459322 35.2314949036 24642048 0.0988893640532 0.0 0.0988893640532 -1.7038026455 2.68502653725 -2.68502653725 -1.7038026455 
222.846259684 41.785689704 1.79153251648 143.882066302 35.1358184814 16515072 0.311566395424 0.0 0.311566395424 -1.44720968523 1.05601746414 -1.05601746414 -1.44720968523 
148.447179982 112.898555916 1.70079624653 129.480523142 35.0096511841 12779520 0.34569685021 0.0 0.34569685021 -1.08139326405 1.31274387474 -1.31274387474 -1.08139326405 
51.3336238252 132.265888376 1.8813560009 133.467589974 34.7188415527 20054016 0.28252574838 0.0 0.28252574838 -1.29426785323 1.36541976191 -1.36541976191 -1.29426785323 
41.1691901618 33.1604733507 1.51882731915 128.762904104 34.4964752197 8388608 0.43349410864 0.0 0.43349410864 -0.950936419377 1.18429571969 -1.18429571969 -0.950936419377 
36.527755816 54.2941629281 1.65521633625 127.553986229 34.0776977539 10813440 0.364997989327 0.0 0.364997989327 -1.00886873396 1.31222139802 -1.31222139802 -1.00886873396 
146.56830533 85.8293440393 1.79997372627 127.706596188 34.0538330078 16842752 0.308650985701 0.0 0.308650985701 -1.10089655714 1.42405483944 -1.42405483944 -1.10089655714 
57.4256604225 165.221002518 2.0948703289 147.217217135 33.5692710876 11141376 0.227869242603 0.0 0.227869242603 -1.76121896267 1.13427926916 -1.13427926916 -1.76121896267 
245.912814742 72.6488930059 1.51816022396 130.003563037 33.4477462769 8388608 0.433875155861 0.0 0.433875155861 -0.975926901395 1.16291751588 -1.16291751588 -0.975926901395 
152.466174759 117.768928254 3.32135128975 128.559071163 33.3774223328 11075585 0.0906505358855 0.0 0.0906505358855 -2.07026855172 2.59718357335 -2.59718357335 -2.07026855172 
231.918407326 116.275221455 1.69088363647 141.384058515 33.042011261 12320768 0.349761946691 0.0 0.349761946691 -1.32116661876 1.05527543209 -1.05527543209 -1.32116661876 
82.9928111603 164.271851291 1.30025541782 136.365018966 32.3424682617 8388608 0.591483529751 0.0 0.591483529751 -0.941060756045 0.897256264961 -0.897256264961 -0.941060756045 
185.281557803 93.9544558855 2.34416460991 141.339537375 32.0430908203 19267840 0.181980054124 0.0 0.181980054124 -1.83046830328 1.46440892821 -1.46440892821 -1.83046830328 
196.267194747 150.04245709 2.2026848793 141.669394731 30.7608795166 14745856 0.206108194525 0.0 0.206108194525 -1.72788557131 1.36610106873 -1.36610106873 -1.72788557131 
170.458256679 96.0657809375 3.07800269127 136.391910252 30.6607284546 22282752 0.105550916721 0.0 0.105550916721 -2.22870321334 2.12296550945 -2.12296550945 -2.22870321334 
29.607869264 84.9887994174 1.26685523987 123.212704218 30.6280593872 8388608 0.623083163009 0.0 0.623083163009 -0.693918369177 1.05990541828 -1.05990541828 -0.693918369177 
174.893157142 42.5686322375 1.9326941967 136.043746293 30.1936836243 22020096 0.267715622311 0.0 0.267715622311 -1.3912885211 1.34150032016 -1.34150032016 -1.3912885211 
171.905205193 86.3908167192 3.16148209572 135.574134583 30.138469696 24183296 0.100050334908 0.0 0.100050334908 -2.25779378859 2.21299260046 -2.21299260046 -2.25779378859 
149.36461334 133.395183533 1.9900701046 128.271457301 30.0649452209 24117248 0.252501085033 0.0 0.252501085033 -1.2326255569 1.5623742374 -1.5623742374 -1.2326255569 
202.972350695 57.7351921417 1.27531695366 140.432370997 29.9620819092 8388608 0.614842293346 0.0 0.614842293346 -0.983107727266 0.812362313798 -0.812362313798 -0.983107727266 
177.559796815 73.7368331606 1.78461623192 135.890319534 29.601316452 16252928 0.313986027653 0.0 0.313986027653 -1.2813699965 1.24215378569 -1.24215378569 -1.2813699965 
112.679439729 135.812887659 1.34420275688 128.476969142 29.4191741943 8388608 0.553439862082 0.0 0.553439862082 -0.836362963151 1.05232031505 -1.05232031505 -0.836362963151 
214.623982698 39.4310919428 1.51160597801 138.803201613 28.5102558136 8388608 0.437645833731 0.0 0.437645833731 -1.13741050969 0.995615370109 -0.995615370109 -1.13741050969 
204.128116043 160.785590515 1.28344166279 142.173773721 28.3451347351 8388608 0.60708252766 0.0 0.60708252766 -1.0137576885 0.787094562803 -0.787094562803 -1.0137576885 
185.382237097 143.737412014 1.39664947987 127.701299434 27.9155406952 8388608 0.512654946407 0.0 0.512654946407 -0.854113984526 1.10504256527 -1.10504256527 -0.854113984526 
129.591496505 139.349513577 1.61104631424 132.833484703 26.4454479218 8847360 0.385286638907 0.0 0.385286638907 -1.09530204699 1.18143288107 -1.18143288107 -1.09530204699 
164.519050958 149.352693713 1.41428053379 129.143872968 26.049495697 8388608 0.49995264742 0.0 0.49995264742 -0.89279267845 1.09686401234 -1.09686401234 -0.89279267845 
168.583113708 123.749867739 1.98722338676 143.223178558 25.3931503296 24051712 0.253225023963 0.0 0.253225023963 -1.59171354108 1.18974988634 -1.18974988634 -1.59171354108 
245.408982955 80.4343642774 1.45465135574 136.879892018 25.2029800415 8388608 0.472587432079 0.0 0.472587432079 -1.06178266168 0.994297815609 -0.994297815609 -1.06178266168 
90.9691874579 165.262758372 1.32211875916 137.706233532 24.4596862793 8388608 0.572083030064 0.0 0.572083030064 -0.977976946375 0.889696074886 -0.889696074886 -0.977976946375 
198.598340804 37.1447201471 1.79720234871 142.535824572 24.2176036835 16777216 0.309603630731 0.0 0.309603630731 -1.42650028083 1.09317575485 -1.09317575485 -1.42650028083 
176.788131827 139.341326894 1.68851721287 134.184272601 23.9811973572 12255232 0.350743002629 0.0 0.350743002629 -1.17684295159 1.21083898411 -1.21083898411 -1.17684295159 
120.385552156 110.369846376 1.2532337904 134.035029865 23.7461242676 8388608 0.636701404505 0.0 0.636701404505 -0.871120345397 0.900968521775 -0.900968521775 -0.871120345397 
95.7155947375 145.918206786 1.20162522793 127.549364677 23.5836811066 8388608 0.692567208133 0.0 0.692567208133 -0.732324171356 0.952682788992 -0.952682788992 -0.732324171356 
141.182112052 116.629125616 1.74466013908 126.162474167 23.3600139618 14614528 0.328532487987 0.0 0.328532487987 -1.02948386077 1.40854605226 -1.40854605226 -1.02948386077 
169.826069705 115.390148892 1.77356529236 137.892661431 22.4540042877 15794176 0.317911060213 0.0 0.317911060213 -1.31579029299 1.18921392152 -1.18921392152 -1.31579029299 
221.968303051 133.285271457 2.66029071808 153.157854519 21.6140804291 11731456 0.14129988281 0.0 0.14129988281 -2.373654826 1.20121166815 -1.20121166815 -2.373654826 
226.670543961 103.835167408 1.97035372257 130.037546351 21.3185939789 23396352 0.2575796819 0.0 0.2575796819 -1.26750779455 1.50854823682 -1.50854823682 -1.26750779455 
70.6533520502 114.801954431 1.40847992897 125.2425612 21.1452102661 8388608 0.504079080936 0.0 0.504079080936 -0.812748074156 1.15032876964 -1.15032876964 -0.812748074156 
88.8973155956 124.04083764 1.69170475006 129.318283289 20.4463748932 12386304 0.349422496692 0.0 0.349422496692 -1.07191111769 1.30876717454 -1.30876717454 -1.07191111769 
195.120118006 88.015533241 1.65773594379 146.010034946 20.1757106781 10944512 0.363889305164 0.0 0.363889305164 -1.3744877181 0.92675345812 -0.92675345812 -1.3744877181 
59.1446257687 157.991471729 1.28972411156 144.350814733 20.028717041 8388608 0.601182543884 0.0 0.601182543884 -1.04803076879 0.751677983973 -0.751677983973 -1.04803076879 
235.384041825 65.1681078179 1.67502069473 145.275489776 19.3710231781 11665408 0.356418013929 0.0 0.356418013929 -1.37670024112 0.954144000608 -0.954144000608 -1.37670024112 
54.2923205937 105.635386067 1.26474881172 131.288557975 19.3141078949 8388608 0.625160370533 0.0 0.625160370533 -0.834546560648 0.950327098878 -0.950327098878 -0.834546560648 
202.938731315 139.847554608 2.60280871391 149.535469335 18.7509460449 10158592 0.14760990337 0.0 0.14760990337 -2.24347324669 1.31963668962 -1.31963668962 -2.24347324669 
115.497963626 142.751768796 1.27085578442 128.369515779 18.4523544312 8388608 0.619166513106 0.0 0.619166513106 -0.788859236571 0.996381217035 -0.996381217035 -0.788859236571 
89.293295282 103.553886941 1.87908542156 121.170118051 18.436832428 19988480 0.283208936801 0.0 0.283208936801 -0.972578598962 1.60780996712 -1.60780996712 -0.972578598962 
98.4657271263 166.02929586 2.097438097 141.200213032 18.2383785248 11206912 0.227311650738 0.0 0.227311650738 -1.63461802464 1.31425662801 -1.31425662801 -1.63461802464 
75.3970265095 131.103722657 1.72218179703 128.782289422 17.9889163971 13697024 0.337164631468 0.0 0.337164631468 -1.07871075356 1.34249515909 -1.34249515909 -1.07871075356 
59.4037749881 120.885987725 1.3023070097 125.244251072 17.9282913208 8388608 0.589621408204 0.0 0.589621408204 -0.751513511838 1.06359343221 -1.06359343221 -0.751513511838 
111.843041014 94.1024978719 1.97595059872 128.442364834 17.3522491455 23592960 0.256122560599 0.0 0.256122560599 -1.22850199192 1.54763161781 -1.54763161781 -1.22850199192 
42.8814558808 76.9254822934 2.01202464104 123.989299389 16.9313468933 24903680 0.247020735028 0.0 0.247020735028 -1.12479835585 1.66825412177 -1.66825412177 -1.12479835585 
225.390355049 53.2870531234 2.178378582 148.370919116 16.8363227844 13959424 0.21073335592 0.0 0.21073335592 -1.8548041262 1.14238124108 -1.14238124108 -1.8548041262 
244.710056698 32.3417459675 1.5442636013 127.310460903 16.4638214111 8388608 0.419331154426 0.0 0.419331154426 -0.936030095373 1.228249865 -1.228249865 -0.936030095373 
99.5857989729 167.149182298 1.29222524166 134.564413735 16.4189243317 8388608 0.598857592242 0.0 0.598857592242 -0.906768253043 0.920661398375 -0.920661398375 -0.906768253043 
201.84011186 79.0273919697 2.68137955666 151.56715462 16.1251506805 12255744 0.139085998343 0.0 0.139085998343 -2.35794021764 1.27668095343 -1.27668095343 -2.35794021764 
204.406182867 106.748203762 1.29681539536 145.876157039 15.2287273407 8388608 0.594625712292 0.0 0.594625712292 -1.07353874596 0.72749208281 -0.72749208281 -1.07353874596 
207.946721718 47.0560636919 1.78450846672 146.947737904 14.1090507507 16252928 0.314023951584 0.0 0.314023951584 -1.49572758062 0.973277695401 -0.973277695401 -1.49572758062 
81.4286421796 80.9474754003 1.64666986465 122.692012227 13.3101024628 10420224 0.36879661371 0.0 0.36879661371 -0.889404263592 1.38581445333 -1.38581445333 -0.889404263592 
172.255880434 50.741857005 1.28653132915 125.888527201 13.1626472473 8388608 0.60417015366 0.0 0.60417015366 -0.754177715418 1.04229498438 -1.04229498438 -0.754177715418 
22.7347696773 104.627425602 1.26489293575 132.773569363 13.0595321655 8388608 0.625017914999 0.0 0.625017914999 -0.858992285287 0.928486075681 -0.928486075681 -0.858992285287 
32.8641155187 155.029161693 1.43704855442 131.870715126 12.9315099716 8388608 0.4842360471 0.0 0.4842360471 -0.959160985798 1.07010221525 -1.07010221525 -0.959160985798 
218.17216019 90.7728520175 3.15439534187 150.492103202 12.798166275 24052224 0.100500391723 0.0 0.100500391723 -2.74523184341 1.55367696089 -1.55367696089 -2.74523184341 
98.0976121702 100.13296207 1.40290367603 125.297091207 12.5917749405 8388608 0.50809426576 0.0 0.50809426576 -0.810620456958 1.14500358034 -1.14500358034 -0.810620456958 
196.87693529 163.139734003 1.34532535076 131.456444085 12.2489089966 8388608 0.552516622231 0.0 0.552516622231 -0.89067332795 1.00826649368 -1.00826649368 -0.89067332795 
50.0932886626 122.282525996 1.91531825066 131.471026439 12.2264413834 21364736 0.272595138333 0.0 0.272595138333 -1.26840271139 1.43513015543 -1.43513015543 -1.26840271139 
53.2523568021 36.2305901862 1.66480386257 123.563413698 12.2126350403 11206656 0.360806082534 0.0 0.360806082534 -0.920402753272 1.38723850603 -1.38723850603 -0.920402753272 
46.4393675773 94.1607361687 1.19778454304 134.208467522 11.7816791534 8388608 0.69701574932 0.0 0.69701574932 -0.835180479634 0.858581025866 -0.858581025866 -0.835180479634 
224.030903177 121.949926056 1.78195142746 152.458079994 11.4478492737 16121856 0.314925825427 0.0 0.314925825427 -1.58000779227 0.823969821166 -0.823969821166 -1.58000779227 
217.29463618 30.590966023 1.29563510418 127.06664326 10.7662773132 8388608 0.595709584062 0.0 0.595709584062 -0.780935694669 1.0338325609 -1.0338325609 -0.780935694669 
132.43145197 48.1416152792 2.04579782486 134.91423856 9.94708919525 9437440 0.238932141144 0.0 0.238932141144 -1.4444305998 1.44876118893 -1.44876118893 -1.4444305998 
55.8826759782 150.271962597 1.24118709564 132.627446521 9.87519836426 8388608 0.649120756748 0.0 0.649120756748 -0.840567282671 0.913231651714 -0.913231651714 -0.840567282671 
53.1948373681 81.3196151944 1.79472458363 120.100121716 9.72986412048 16646144 0.310459087454 0.0 0.310459087454 -0.900076947432 1.55270661098 -1.55270661098 -0.900076947432 
192.612632723 63.5014333111 1.50268900394 131.99202117 9.68288040161 8388608 0.442855235291 0.0 0.442855235291 -1.00533968434 1.11685556885 -1.11685556885 -1.00533968434 
52.6173576945 61.4349138604 1.57028377056 122.794697935 9.08590126038 8388608 0.405549355683 0.0 0.405549355683 -0.850513463182 1.32000680643 -1.32000680643 -0.850513463182 
194.639997429 123.963188236 1.43953514099 128.247281416 8.53009033203 8388608 0.482564597937 0.0 0.482564597937 -0.891153854786 1.13053360377 -1.13053360377 -0.891153854786 
185.393048367 166.546115154 1.47693347931 129.381633651 8.38830375671 8388608 0.458435382476 0.0 0.458435382476 -0.937088857355 1.14157653082 -1.14157653082 -0.937088857355 
60.4988686778 56.6052931278 1.5495197773 130.645558559 7.98641681671 8388608 0.416491126028 0.0 0.416491126028 -1.00932269631 1.17570371904 -1.17570371904 -1.00932269631 
224.976822316 27.4431589033 1.242587924 123.630928554 7.90779685974 8388608 0.647658012429 0.0 0.647658012429 -0.688196242459 1.03460653427 -1.03460653427 -0.688196242459 
214.312140684 82.2316536032 1.3048210144 147.913750809 7.6168384552 8388608 0.587351544381 0.0 0.587351544381 -1.105508862 0.693114734857 -0.693114734857 -1.105508862 
146.100478171 65.9539654737 2.28998184204 124.857714287 7.27044296265 17563904 0.190693514362 0.0 0.190693514362 -1.3088171956 1.87909935485 -1.87909935485 -1.3088171956 
136.453372975 68.9649105069 1.69165921211 133.584279471 7.23679733276 12386304 0.349441309225 0.0 0.349441309225 -1.16626508647 1.22537204065 -1.22537204065 -1.16626508647 
206.74963993 26.2632193529 1.43795692921 126.659867108 7.17086219788 8388608 0.483624444802 0.0 0.483624444802 -0.858551447131 1.15352049955 -1.15352049955 -0.858551447131 
64.0659964162 75.3158901129 1.31610655785 126.467414986 7.00685501099 8388608 0.577321715923 0.0 0.577321715923 -0.78224836455 1.05840633396 -1.05840633396 -0.78224836455 
185.739474476 74.3982536428 1.52281236649 132.92426095 6.98162841797 8388608 0.431228256008 0.0 0.431228256008 -1.03708241521 1.11508634984 -1.11508634984 -1.03708241521 
237.130353544 132.014977607 1.27396082878 149.590014363 6.96909093857 8388608 0.616151983096 0.0 0.616151983096 -1.09869625812 0.644858686581 -0.644858686581 -1.09869625812 
124.875172483 90.9373180511 1.96592891216 128.598446139 6.28636169434 23265280 0.258740480631 0.0 0.258740480631 -1.22646126889 1.53644695437 -1.53644695437 -1.22646126889 
221.273772104 156.149284986 1.47176599503 123.908738922 6.25582408905 8388608 0.46166023811 0.0 0.46166023811 -0.821056595337 1.22145864087 -1.22145864087 -0.821056595337 
146.960745712 65.9490476132 1.27831435204 133.585988546 5.91000747681 8388608 0.611962302777 0.0 0.611962302777 -0.881324152894 0.925934835799 -0.925934835799 -0.881324152894 
139.800134704 55.8220873784 1.70973002911 134.888023243 5.0287399292 13172736 0.342093577587 0.0 0.342093577587 -1.20659664012 1.21132213737 -1.21132213737 -1.20659664012 
160.287216495 42.4459966722 1.23897135258 129.27858134 4.46719264984 8388608 0.651444573045 0.0 0.651444573045 -0.784382289903 0.959059140926 -0.959059140926 -0.784382289903 
83.7561776003 95.7693067465 1.46307384968 129.065025264 4.26640796661 8388608 0.467161994565 0.0 0.467161994565 -0.922032025803 1.13597624667 -1.13597624667 -0.922032025803 
108.618987772 85.483007227 1.69378471375 129.119153482 4.19989871979 12451840 0.348564843589 0.0 0.348564843589 -1.06866839334 1.31409836831 -1.31409836831 -1.06866839334 
134.301417417 86.7195177673 2.46567416191 127.554244326 3.84796524048 22937856 0.164485883417 0.0 0.164485883417 -1.50285862362 1.95472888916 -1.95472888916 -1.50285862362 
168.025677574 31.8311011394 1.42206645012 144.101650084 3.74905014038 8388608 0.494493080637 0.0 0.494493080637 -1.15195705428 0.833827280463 -0.833827280463 -1.15195705428 
74.4650402324 49.2245646149 1.31669425964 123.242968432 3.48590040207 8388608 0.576806459953 0.0 0.576806459953 -0.721799406988 1.10122177124 -1.10122177124 -0.721799406988 
158.784845056 79.1660810633 1.2030018568 128.453585151 -0.117378234863 8388608 0.690983066752 0.0 0.690983066752 -0.748123333514 0.942085423582 -0.942085423582 -0.748123333514 
