13
150
90.5579166962 157.174126809 1.37803411484 77.4102478027 93.9461364746 8388608 0.526599038323 0.0 0.526599038323 0.300368287323 1.34490033595 -1.34490033595 0.300368287323 
135.51229972 69.4652772918 1.30274808407 81.8134460449 85.3014373779 8388608 0.58922221688 0.0 0.58922221688 0.18550696468 1.28947265834 -1.28947265834 0.18550696468 
114.163189254 138.523703148 2.59648799896 68.4473266602 83.7593307495 9961984 0.148329441253 0.0 0.148329441253 0.95383655195 2.41494218583 -2.41494218583 0.95383655195 
98.7101251999 153.818473495 1.63610029221 52.8819885254 78.3593978882 9961472 0.373577021847 0.0 0.373577021847 0.987318932579 1.30461699036 -1.30461699036 0.987318932579 
124.456751794 40.0964474672 1.81971049309 52.4698181152 75.9966430664 17694720 0.301991974215 0.0 0.301991974215 1.10852989497 1.44308965439 -1.44308965439 1.10852989497 
240.749146284 142.481312799 1.47242581844 79.1879882812 72.8391342163 8388608 0.46124657247 0.0 0.46124657247 0.276208297058 1.44628723546 -1.44628723546 0.276208297058 
104.826949758 124.933629925 3.01445198059 25.1705322266 70.4441070557 20775424 0.110048280188 0.0 0.110048280188 2.72821745158 1.28208824976 -1.28208824976 2.72821745158 
231.339443445 101.258003185 2.59716701508 0.152770996094 62.9686584473 9961984 0.148251891435 0.0 0.148251891435 2.59715778285 0.00692496594249 -0.00692496594249 2.59715778285 
140.942722771 69.6113013663 1.92573070526 83.6792602539 60.5098457336 21757952 0.269655255927 0.0 0.269655255927 0.212011578738 1.91402451386 -1.91402451386 0.212011578738 
212.765526698 134.543761743 2.13104844093 61.5861816406 59.3055267334 12386560 0.220197993079 0.0 0.220197993079 1.01403030167 1.87432921465 -1.87432921465 1.01403030167 
139.487179726 69.9879577554 6.35344362259 41.0182800293 58.7887115479 24510977 0.0247731731936 0.0 0.0247731731936 4.79367466404 4.16976367205 -4.16976367205 4.79367466404 
171.810869831 95.3832781366 4.17628479004 89.7046813965 50.8385391235 10879233 0.0573349960602 0.0 0.0573349960602 0.0215256540995 4.17622931527 -4.17622931527 0.0215256540995 
82.764587292 117.238549552 1.87980663776 165.481323242 50.1362533569 19988480 0.282991663718 0.0 0.282991663718 -1.81977684061 0.471259212938 -0.471259212938 -1.81977684061 
92.8788218825 117.654744376 2.69699954987 202.070648193 48.1199951172 12714496 0.137479597526 0.0 0.137479597526 -2.4993667768 -1.01339641159 1.01339641159 -2.4993667768 
74.4081866285 120.874446067 1.86448013783 348.188446045 46.7987213135 19398656 0.287663312792 0.0 0.287663312792 1.82500188019 -0.381646854627 0.381646854627 1.82500188019 
176.794453032 97.3072928165 7.6426153183 90.3857116699 42.3020629883 21168130 0.0171204824616 0.0 0.0171204824616 -0.0514492284863 7.64244214112 -7.64244214112 -0.0514492284863 
231.508503319 103.519521485 1.36173164845 16.0239257812 39.6384391785 8388608 0.539283257775 0.0 0.539283257775 1.30882362211 0.375890687024 -0.375890687024 1.30882362211 
82.6838306936 146.566102148 2.54785466194 144.917678833 37.9990081787 8585728 0.154046096712 0.0 0.154046096712 -2.08497851305 1.46438655364 -1.46438655364 -2.08497851305 
81.1595482081 144.214121631 1.32311058044 142.405334473 36.8000106812 8388608 0.571225669432 0.0 0.571225669432 -1.04836196733 0.807191918654 -0.807191918654 -1.04836196733 
91.7932994585 135.984149866 3.82361674309 347.910614014 36.6686706543 21233665 0.0683992422825 0.0 0.0683992422825 3.73881676869 -0.800808446643 0.800808446643 3.73881676869 
76.8137553259 133.887412656 2.51938033104 150.850189209 36.2002334595 24510720 0.157547868201 0.0 0.157547868201 -2.20029852262 1.22717711183 -1.22717711183 -2.20029852262 
172.157158573 129.765943215 5.38167572021 111.551956177 35.8883666992 12517889 0.0345274853376 0.0 0.0345274853376 -1.97693050759 5.00541500035 -5.00541500035 -1.97693050759 
183.38998589 131.101773923 3.46202945709 103.131378174 35.4523239136 14024705 0.0834331196102 0.0 0.0834331196102 -0.786520032697 3.37150325522 -3.37150325522 -0.786520032697 
110.530679072 152.295558103 2.5399377346 120.306762695 33.4859542847 8389120 0.155007909615 0.0 0.155007909615 -1.28172758016 2.19281967018 -2.19281967018 -1.28172758016 
80.6249068565 111.504900735 1.4844815731 338.881286621 32.8602523804 8388608 0.45378525268 0.0 0.45378525268 1.3847777139 -0.534860938905 0.534860938905 1.3847777139 
62.9949103346 121.09797904 2.58461809158 122.298217773 32.2045860291 9634304 0.149694981222 0.0 0.149694981222 -1.38102879283 2.18472198522 -2.18472198522 -1.38102879283 
161.323994496 131.509655779 2.95730257034 92.0343017578 31.9894733429 19333632 0.114342709323 0.0 0.114342709323 -0.104977747977 2.95543874323 -2.95543874323 -0.104977747977 
104.30679992 69.2830640246 1.73367714882 226.752746582 30.1704597473 14155776 0.332708234854 0.0 0.332708234854 -1.18782555892 -1.26281704847 1.26281704847 -1.18782555892 
111.951580962 37.4403225873 2.23058795929 268.386657715 29.6447906494 15663360 0.200983910943 0.0 0.200983910943 -0.0628008968221 -2.2297037228 2.2297037228 -0.0628008968221 
62.5973048628 121.170495461 1.54007852077 115.215774536 29.2778663635 8388608 0.421613270689 0.0 0.421613270689 -0.656117173036 1.39332412073 -1.39332412073 -0.656117173036 
153.618367953 60.0796478564 3.5542280674 74.0652770996 28.6059265137 15925249 0.0791606616884 0.0 0.0791606616884 0.975784922641 3.41765722972 -3.41765722972 0.975784922641 
82.9718045209 129.935367902 1.26453471184 277.73236084 28.1152648926 8388608 0.625372081754 0.0 0.625372081754 0.170137928645 -1.25303676031 1.25303676031 0.170137928645 
247.806220582 135.801886662 2.09841990471 26.6539001465 27.9353141785 11272448 0.227098991565 0.0 0.227098991565 1.87542631634 0.941351277934 -0.941351277934 1.87542631634 
64.887561034 54.228994894 3.03872823715 42.3048095703 27.0005569458 21299712 0.1082969628 0.0 0.1082969628 2.24736621379 2.04529078626 -2.04529078626 2.24736621379 
131.78078744 156.473227136 2.01942539215 290.271514893 26.8597927094 8454400 0.245213499046 0.0 0.245213499046 0.69966896033 -1.89434481033 1.89434481033 0.69966896033 
160.154725944 118.884866539 1.34562838078 115.484848022 26.795627594 8388608 0.552267801279 0.0 0.552267801279 -0.578986741288 1.21469753131 -1.21469753131 -0.578986741288 
99.5604200525 73.6390599675 1.80529308319 219.580810547 26.3587036133 17104896 0.306834764362 0.0 0.306834764362 -1.39138755355 -1.15027118195 1.15027118195 -1.39138755355 
248.539604029 134.850977105 1.2692592144 23.2172241211 25.6601600647 8388608 0.620725161504 0.0 0.620725161504 1.16647063278 0.500365082921 -0.500365082921 1.16647063278 
163.112415486 154.750880966 1.25860393047 252.210083008 25.4188251495 8388608 0.631279712623 0.0 0.631279712623 -0.384538418077 -1.1984214863 1.1984214863 -0.384538418077 
249.779332194 130.553032411 3.17528128624 11.3573608398 24.6229362488 24510976 0.0991826236331 0.0 0.0991826236331 3.11310292337 0.625301075669 -0.625301075669 3.11310292337 
202.557746232 95.0958603406 1.40211689472 103.058532715 24.2481193542 8388608 0.508664647922 0.0 0.508664647922 -0.316803183603 1.36585779982 -1.36585779982 -0.316803183603 
69.4047289288 125.809118176 1.30894696712 162.630828857 24.0664043427 8388608 0.58365457977 0.0 0.58365457977 -1.24926041712 0.390756411278 -0.390756411278 -1.24926041712 
119.301018447 151.922082075 1.34680771828 293.852600098 23.5847663879 8388608 0.551301033775 0.0 0.551301033775 0.544628974143 -1.23177526787 1.23177526787 0.544628974143 
165.073382672 75.3830751962 2.24422574043 252.136535645 23.5528888702 16122112 0.198548642225 0.0 0.198548642225 -0.688415695428 -2.13603207006 2.13603207006 -0.688415695428 
193.474934346 60.338844038 1.78606402874 349.769317627 23.421081543 16318464 0.313477195137 0.0 0.313477195137 1.75766674748 -0.317225975528 0.317225975528 1.75766674748 
87.3006272193 144.152673903 1.56567084789 313.725006104 22.3469581604 8388608 0.407942609325 0.0 0.407942609325 1.08218836491 -1.13145638308 1.13145638308 1.08218836491 
51.1277147137 105.530650986 3.1919438839 144.340896606 21.7266731262 24904192 0.0981498193904 0.0 0.0981498193904 -2.59345389586 1.86078011811 -1.86078011811 -2.59345389586 
205.174939888 130.739390951 1.44782996178 136.757507324 21.4990921021 8388608 0.477051076738 0.0 0.477051076738 -1.05468728747 0.991890278144 -0.991890278144 -1.05468728747 
44.0431903439 87.582281457 3.57008552551 174.515625 21.3679885864 16252929 0.0784589983656 0.0 0.0784589983656 -3.55374274225 0.34120841346 -0.34120841346 -3.55374274225 
152.241260583 157.264643571 1.66870498657 254.928726196 20.9702987671 11403264 0.359121058537 0.0 0.359121058537 -0.433897371612 -1.61130673775 1.61130673775 -0.433897371612 
191.927578574 58.6733227626 5.03619003296 336.867218018 20.8193664551 24445185 0.0394271859952 0.0 0.0394271859952 4.63126458958 -1.97853439428 1.97853439428 4.63126458958 
188.541156419 143.734517263 1.28025579453 50.242767334 20.7746639252 8388608 0.610107690936 0.0 0.610107690936 0.818769734766 0.984210861983 -0.984210861983 0.818769734766 
169.206968429 76.8873690544 4.05121612549 266.875610352 20.4545536041 8716545 0.0609297189206 0.0 0.0609297189206 -0.220806936106 -4.0451942342 4.0451942342 -0.220806936106 
138.211207361 92.1922908989 1.23129928112 245.344665527 19.2696990967 8388608 0.659588003528 0.0 0.659588003528 -0.513647219488 -1.11904622496 1.11904622496 -0.513647219488 
167.977604208 153.760754917 1.29887461662 262.195556641 19.0620288849 8388608 0.592741780972 0.0 0.592741780972 -0.176377308972 -1.28684354705 1.28684354705 -0.176377308972 
38.9520191718 83.2687950349 1.33600986004 178.563980103 18.0965232849 8388608 0.560248462446 0.0 0.560248462446 -1.33559026284 0.0334812774054 -0.0334812774054 -1.33559026284 
85.4462615686 70.2512434564 4.81547498703 212.67729187 18.0365715027 21233921 0.0431242680949 0.0 0.0431242680949 -4.05330486568 -2.59990750154 2.59990750154 -4.05330486568 
93.8534316645 134.511228575 1.31705880165 353.225189209 17.6467571259 8388608 0.576487201489 0.0 0.576487201489 1.30786239462 -0.155370022038 0.155370022038 1.30786239462 
222.591149881 83.4850528494 3.96326804161 321.411804199 16.7477226257 23855105 0.0636638809092 0.0 0.0636638809092 3.09788445724 -2.47196388713 2.47196388713 3.09788445724 
43.7398759489 100.962741194 1.2753008604 150.305908203 15.8078689575 8388608 0.614857811058 0.0 0.614857811058 -1.10783166762 0.631744632566 -0.631744632566 -1.10783166762 
79.2550582928 33.093636869 3.04767179489 239.651779175 14.8465385437 21561856 0.10766228882 0.0 0.10766228882 -1.53984863706 -2.63005124367 2.63005124367 -1.53984863706 
73.4731174555 48.592156603 1.94176769257 251.271636963 14.8041000366 22347776 0.265219503737 0.0 0.265219503737 -0.62346635767 -1.83895390718 1.83895390718 -0.62346635767 
228.840498687 91.4227933694 1.35030949116 321.508605957 14.7308387756 8388608 0.548445351003 0.0 0.548445351003 1.05688946829 -0.840428684504 0.840428684504 1.05688946829 
59.5054036179 41.9458219576 2.5153837204 254.486129761 14.0326690674 24379648 0.158048911205 0.0 0.158048911205 -0.672793822004 -2.42373755467 2.42373755467 -0.672793822004 
163.602421317 65.5183394796 1.7567294836 254.184494019 13.657661438 15138816 0.324033729625 0.0 0.324033729625 -0.478780182223 -1.6902272083 1.6902272083 -0.478780182223 
180.760640345 58.5559341552 1.91836166382 106.068450928 13.5183830261 21495808 0.271730899262 0.0 0.271730899262 -0.530974831342 1.8434145496 -1.8434145496 -0.530974831342 
159.017299023 146.204556835 1.89320492744 249.204116821 13.4384021759 20512768 0.27900034977 0.0 0.27900034977 -0.672163084252 -1.76986487774 1.76986487774 -0.672163084252 
163.798613427 110.211363483 2.12456083298 263.991790771 12.9983482361 12124416 0.22154484968 0.0 0.22154484968 -0.222379812127 -2.11289042598 2.11289042598 -0.222379812127 
211.793652711 91.4852988943 1.2917881012 284.31640625 12.6674575806 8388608 0.599262967055 0.0 0.599262967055 0.319428806228 -1.25167157679 1.25167157679 0.319428806228 
77.0037608129 97.808705482 2.9561548233 304.243682861 12.5795402527 19333632 0.114431515215 0.0 0.114431515215 1.66346908069 -2.44371069419 2.44371069419 1.66346908069 
175.773760154 142.407762307 1.49390137196 231.805603027 12.2703475952 8388608 0.448080606793 0.0 0.448080606793 -0.923726339594 -1.17408302887 1.17408302887 -0.923726339594 
97.8141264297 45.6655456859 1.47335028648 60.2883605957 11.9667892456 8388608 0.460667926723 0.0 0.460667926723 0.730244141863 1.27965017093 -1.27965017093 0.730244141863 
138.397650266 32.262585711 1.50969254971 266.41192627 11.7938652039 8388608 0.438755906906 0.0 0.438755906906 -0.0944807510317 -1.50673321538 1.50673321538 -0.0944807510317 
226.472269913 130.948565692 1.64598476887 308.80871582 11.3463993073 10420224 0.36910368045 0.0 0.36910368045 1.03157545363 -1.28262151191 1.28262151191 1.03157545363 
69.3924144628 102.679997891 1.59162414074 307.917022705 10.8706645966 8388608 0.394747115079 0.0 0.394747115079 0.978084248847 -1.25563474289 1.25563474289 0.978084248847 
233.696532079 151.123222479 2.14068365097 99.3001403809 10.76612854 12714240 0.218220233186 0.0 0.218220233186 -0.345947833735 2.11254505038 -2.11254505038 -0.345947833735 
36.4185355166 102.4159553 2.05099630356 151.244125366 10.5594902039 9634048 0.237722475827 0.0 0.237722475827 -1.79806217758 0.986690550668 -0.986690550668 -1.79806217758 
70.820978715 39.9206609152 1.60526061058 248.522018433 10.5452690125 8585216 0.388068955345 0.0 0.388068955345 -0.58775597217 -1.49378865475 1.49378865475 -0.58775597217 
165.302912976 35.2648340214 1.35110545158 291.361053467 10.4683609009 8388608 0.547799343384 0.0 0.547799343384 0.492131810008 -1.25828940347 1.25828940347 0.492131810008 
143.304571735 31.7289464484 1.37965476513 274.260986328 10.451751709 8388608 0.525362596204 0.0 0.525362596204 0.10250794779 -1.37584133954 1.37584133954 0.10250794779 
137.040968307 40.0751884491 1.93197345734 244.118621826 10.2214622498 22020096 0.267915406814 0.0 0.267915406814 -0.843324570946 -1.73819593484 1.73819593484 -0.843324570946 
216.839758033 142.068601155 1.62143552303 118.678710938 10.1099052429 9306112 0.380365074766 0.0 0.380365074766 -0.778122931999 1.42252516957 -1.42252516957 -0.778122931999 
113.617808645 53.6318532955 1.56738054752 220.60508728 10.101436615 8388608 0.407053126634 0.0 0.407053126634 -1.18997650617 -1.02011651076 1.02011651076 -1.18997650617 
150.42837527 122.03239347 2.25909733772 252.325622559 10.0502796173 16580864 0.195943162152 0.0 0.195943162152 -0.685877770428 -2.15246195445 2.15246195445 -0.685877770428 
123.308174229 56.1103563457 1.77971720695 234.70916748 10.0475997925 16056320 0.315717024597 0.0 0.315717024597 -1.02819074112 -1.45265864422 1.45265864422 -1.02819074112 
75.9247424008 102.450532335 1.22077572346 309.662017822 9.99028396606 8388608 0.671008824272 0.0 0.671008824272 0.779169421745 -0.939781027262 0.939781027262 0.779169421745 
168.346873789 167.733299054 1.29742670059 73.8208007812 9.75742340088 8388608 0.594065507731 0.0 0.594065507731 0.361518168309 1.24604199664 -1.24604199664 0.361518168309 
120.214152956 167.167861926 1.47182548046 115.451568604 9.68176651001 8388608 0.461622921858 0.0 0.461622921858 -0.632514055387 1.32898315064 -1.32898315064 -0.632514055387 
210.690500814 125.417631702 1.69108211994 287.060546875 9.66616249084 12386304 0.34967984791 0.0 0.34967984791 0.496133238833 -1.6166664918 1.6166664918 0.496133238833 
146.688573191 38.0556071786 1.53215527534 88.0093078613 9.33794784546 8388608 0.425985129034 0.0 0.425985129034 0.053222695945 1.53123059413 -1.53123059413 0.053222695945 
177.659165186 41.7802056246 1.79372739792 298.10345459 9.30807495117 16646144 0.310804370041 0.0 0.310804370041 0.844962317403 -1.58224418476 1.58224418476 0.844962317403 
108.242862026 27.3350535149 1.90236890316 270.2081604 8.70847702026 20905984 0.276318856911 0.0 0.276318856911 0.00691145150287 -1.9023563482 1.9023563482 0.00691145150287 
78.0893046721 56.1859663104 1.50924301147 198.564788818 8.43603515625 8388608 0.439017318656 0.0 0.439017318656 -1.43070841613 -0.480507955932 0.480507955932 -1.43070841613 
236.076501554 127.673866599 2.86068820953 294.2996521 8.381690979 16974336 0.122196550962 0.0 0.122196550962 1.17719844251 -2.60724775561 2.60724775561 1.17719844251 
153.671539885 73.4463356175 1.93633627892 154.694351196 7.85395050049 22151168 0.266709469266 0.0 0.266709469266 -1.75052624728 0.827681123753 -0.827681123753 -1.75052624728 
183.112162818 44.0074413964 1.206153512 300.599243164 7.71651077271 8388608 0.687376734464 0.0 0.687376734464 0.613968377606 -1.03819512897 1.03819512897 0.613968377606 
119.170149022 93.0262710586 1.32580816746 244.645172119 7.55486297607 8388608 0.568903518552 0.0 0.568903518552 -0.567741297171 -1.19809729003 1.19809729003 -0.567741297171 
210.725937439 72.6485582304 1.48234593868 302.978881836 7.52917098999 8388608 0.455093742813 0.0 0.455093742813 0.806885186292 -1.24349739769 1.24349739769 0.806885186292 
175.38081934 166.958582639 1.69201540947 68.7838134766 7.43224716187 12386304 0.349294198308 0.0 0.349294198308 0.612319978934 1.57733331585 -1.57733331585 0.612319978934 
175.422234688 63.5446970555 1.32008039951 94.8629455566 7.28213119507 8388608 0.573851121261 0.0 0.573851121261 -0.111906577524 1.31532854416 -1.31532854416 -0.111906577524 
230.753602599 115.443936251 1.56297683716 101.42565918 7.28022003174 8388608 0.409350114394 0.0 0.409350114394 -0.309619963455 1.53200263437 -1.53200263437 -0.309619963455 
124.808524471 90.0637088067 1.27837872505 239.591140747 7.19239425659 8388608 0.611900673361 0.0 0.611900673361 -0.6470732809 -1.10251908546 1.10251908546 -0.6470732809 
204.872427508 72.9148229786 3.37798190117 297.223846436 7.06438827515 12255233 0.087636568367 0.0 0.087636568367 1.54531883211 -3.00378951189 3.00378951189 1.54531883211 
191.30763915 159.186019854 1.67761552334 62.6710510254 6.78200531006 11796480 0.355316297355 0.0 0.355316297355 0.77019072698 1.4903691114 -1.4903691114 0.77019072698 
207.580142528 149.03908099 1.93554794788 70.5296936035 6.6538848877 22151168 0.26692677018 0.0 0.26692677018 0.645153531027 1.82486240028 -1.82486240028 0.645153531027 
181.232917646 49.1824484785 1.24327039719 267.95703125 6.62384414673 8388608 0.646947164798 0.0 0.646947164798 -0.0443213167177 -1.24248014125 1.24248014125 -0.0443213167177 
68.045238736 144.843677351 1.50285601616 174.209747314 6.50819396973 8388608 0.442756811858 0.0 0.442756811858 -1.49518827405 0.151618700876 -0.151618700876 -1.49518827405 
188.612229028 67.9026799266 1.64943861961 108.595825195 6.33882522583 10551296 0.367559525621 0.0 0.367559525621 -0.525989894051 1.56332414784 -1.56332414784 -0.525989894051 
163.867885366 26.6666414586 1.87206816673 287.598205566 6.21995925903 19726336 0.28533607512 0.0 0.28533607512 0.566001160367 -1.78445563334 1.78445563334 0.566001160367 
48.6740496454 74.0758333332 1.31737041473 190.37789917 6.13027572632 8388608 0.576214507179 0.0 0.576214507179 -1.29581959124 -0.237310759504 0.237310759504 -1.29581959124 
147.774169569 144.482669063 1.29594993591 215.826782227 5.35027313232 8388608 0.595420181679 0.0 0.595420181679 -1.05074363593 -0.758567101806 0.758567101806 -1.05074363593 
218.983560919 88.2534638152 1.26264083385 225.509170532 5.34398078918 8388608 0.627249522479 0.0 0.627249522479 -0.884852503518 -0.90072077934 0.90072077934 -0.884852503518 
187.51195128 83.1311079403 1.20348441601 284.871917725 5.0542011261 8388608 0.690429053115 0.0 0.690429053115 0.308885244109 -1.16317008453 1.16317008453 0.308885244109 
69.3267023037 70.5467986199 1.66332614422 200.928222656 4.86424255371 11141120 0.361447455976 0.0 0.361447455976 -1.5535942557 -0.594136979731 0.594136979731 -1.5535942557 
201.315995626 60.7669821971 1.38617873192 293.266784668 4.79596328735 8388608 0.520429058397 0.0 0.520429058397 0.547558615595 -1.27344848318 1.27344848318 0.547558615595 
158.156568687 39.4214114036 1.49654495716 277.004150391 4.6356086731 8388608 0.446498972994 0.0 0.446498972994 0.182490549476 -1.48537672264 1.48537672264 0.182490549476 
191.108438627 108.602370195 1.63763523102 248.589553833 4.62063598633 10027008 0.372877050168 0.0 0.372877050168 -0.59781305583 -1.52462083816 1.52462083816 -0.59781305583 
76.4625021404 161.710728826 2.75105237961 134.423095703 4.51831436157 14156288 0.132130257471 0.0 0.132130257471 -1.92560264762 1.96477572227 -1.96477572227 -1.92560264762 
199.799704523 74.9407896619 1.75451290607 286.151794434 4.22414779663 15007744 0.324852987873 0.0 0.324852987873 0.488075783552 -1.6852589021 1.6852589021 0.488075783552 
180.384590174 69.5470164947 1.35123729706 259.805328369 4.14376449585 8388608 0.547692446777 0.0 0.547692446777 -0.239159829028 -1.32990406013 1.32990406013 -0.239159829028 
184.032777807 108.039769885 1.48506581783 251.325836182 4.10723495483 8388608 0.453428272556 0.0 0.453428272556 -0.475497040175 -1.40688416299 1.40688416299 -0.475497040175 
170.749000914 80.4441191217 1.28214371204 267.993774414 4.03043746948 8388608 0.60831228381 0.0 0.60831228381 -0.044885398974 -1.28135779519 1.28135779519 -0.044885398974 
126.666801028 117.374536538 1.28337955475 268.856689453 3.92147064209 8388608 0.607141287546 0.0 0.607141287546 -0.0256075407151 -1.28312405301 1.28312405301 -0.0256075407151 
258.605186849 142.096387532 1.66960883141 28.7778930664 3.85831451416 11468800 0.358732342511 0.0 0.358732342511 1.46339960874 0.803775612368 -0.803775612368 1.46339960874 
207.270713019 118.210301723 1.22021460533 277.137756348 3.7856464386 8388608 0.671626095665 0.0 0.671626095665 0.151618216525 -1.21075827459 1.21075827459 0.151618216525 
242.687847817 83.7065602769 1.90935122967 352.287322998 3.77407836914 21168128 0.274301605479 0.0 0.274301605479 1.8920783416 -0.25624532675 0.25624532675 1.8920783416 
244.716828168 63.1848852292 3.30041265488 329.379241943 3.73047637939 10616833 0.0918044034011 0.0 0.0918044034011 2.84019501714 -1.68107583323 1.68107583323 2.84019501714 
202.884726592 34.8607772969 2.15804862976 325.58694458 3.65630340576 13304064 0.214722495651 0.0 0.214722495651 1.78035719516 -1.21963197156 1.21963197156 1.78035719516 
197.614964558 41.4320001244 1.1297211647 344.73739624 3.61375808716 8388608 0.783533320171 0.0 0.783533320171 1.08987526617 -0.297391684751 0.297391684751 1.08987526617 
179.378051046 23.9203324847 1.67257988453 274.842407227 3.61210250854 11534336 0.357459020693 0.0 0.357459020693 0.141191450275 -1.66660986572 1.66660986572 0.141191450275 
180.624794238 171.900672937 1.30045580864 41.4085083008 3.60840988159 8388608 0.591301257145 0.0 0.591301257145 0.975358577691 0.86015170473 -0.86015170473 0.975358577691 
220.509616376 53.8878954125 2.21137714386 288.927764893 3.59159088135 15073536 0.204491079199 0.0 0.204491079199 0.717317324145 -2.09180418034 2.09180418034 0.717317324145 
176.780932066 20.6696059197 1.89468443394 272.489501953 3.5901260376 20578304 0.278564792633 0.0 0.278564792633 0.0822981488172 -1.89289622508 1.89289622508 0.0822981488172 
210.488825781 51.6392098409 2.01667642593 350.520843506 3.57260513306 8388864 0.245882464125 0.0 0.245882464125 1.98913987614 -0.33212401306 0.33212401306 1.98913987614 
223.515709056 63.8188537162 1.36128389835 277.438751221 3.5668182373 8388608 0.539638075517 0.0 0.539638075517 0.176240349226 -1.34982709679 1.34982709679 0.176240349226 
214.481374818 117.469716359 1.49850642681 271.913269043 3.55401802063 8388608 0.445330848542 0.0 0.445330848542 0.0500300926048 -1.49767102564 1.49767102564 0.0500300926048 
43.7670147019 129.058642174 1.63804018497 103.81829834 3.55284881592 10027008 0.372692708693 0.0 0.372692708693 -0.391235403174 1.59063210922 -1.59063210922 -0.391235403174 
206.147964139 56.6005900259 1.21140980721 278.012451172 3.54510879517 8388608 0.681424633852 0.0 0.681424633852 0.168856349672 -1.19958378372 1.19958378372 0.168856349672 
247.883209961 102.838624888 1.3994294405 2.18997192383 3.54151535034 8388608 0.510620195687 0.0 0.510620195687 1.39840732502 0.0534762776427 -0.0534762776427 1.39840732502 
65.6806580074 157.6635713 1.54614055157 110.182327271 3.53681182861 8388608 0.418313671262 0.0 0.418313671262 -0.533431952416 1.45120672454 -1.45120672454 -0.533431952416 
184.508752828 30.152102665 1.19100677967 318.570556641 3.53060150146 8388608 0.704971455564 0.0 0.704971455564 0.892982502966 -0.788085908146 0.788085908146 0.892982502966 
33.0434836964 120.008549701 1.68356895447 113.810241699 3.52906417847 12058624 0.352807803775 0.0 0.352807803775 -0.679671670006 1.54027622375 -1.54027622375 -0.679671670006 
203.997112041 156.846664243 1.39305245876 57.4462280273 3.52687454224 8388608 0.515305832091 0.0 0.515305832091 0.749588841208 1.17418555689 -1.17418555689 0.749588841208 
172.613859549 13.1761212415 1.71327650547 282.765716553 3.52421951294 13303808 0.340678778405 0.0 0.340678778405 0.37857408918 -1.67092730039 1.67092730039 0.37857408918 
175.116963555 16.8284602486 1.28001189232 326.221801758 3.52252960205 8388608 0.610340221259 0.0 0.610340221259 1.0639408756 -0.711660212259 0.711660212259 1.0639408756 
238.991410068 87.8013878266 1.23090004921 348.571380615 3.51948928833 8388608 0.660015936378 0.0 0.660015936378 1.20649415939 -0.243899107243 0.243899107243 1.20649415939 
202.967562702 45.5217617809 1.59706914425 338.812866211 3.51449966431 8388608 0.392060023687 0.0 0.392060023687 1.48911522878 -0.577205064881 0.577205064881 1.48911522878 
215.124038169 31.7464524127 3.64684295654 326.328125 3.50868988037 17825793 0.0751910027246 0.0 0.0751910027246 3.03499891401 -2.02194093427 2.02194093427 3.03499891401 
180.489234984 75.642733295 1.73250424862 267.467285156 3.3599357605 14090240 0.333158872304 0.0 0.333158872304 -0.0765590483204 -1.73081185679 1.73081185679 -0.0765590483204 
165.537318623 44.7397608493 1.53143310547 287.572570801 2.76480484009 8388608 0.426386982907 0.0 0.426386982907 0.462360382956 -1.45996925748 1.45996925748 0.462360382956 
