13
133
82.1652701763 88.5906832269 3.91989183426 141.887718735 104.601448059 23003137 0.0650806427587 0.0 0.0650806427587 -3.0841816481 2.41937503373 -2.41937503373 -3.0841816481 
256.673886438 54.3959254294 2.87684607506 146.560380849 93.8140487671 17367552 0.120827766774 0.0 0.120827766774 -2.40063315608 1.58530873633 -1.58530873633 -2.40063315608 
244.503031345 53.3084976775 2.02688598633 134.721634952 91.2116470337 8782080 0.243411649803 0.0 0.243411649803 -1.42624477789 1.4401710437 -1.4401710437 -1.42624477789 
258.758072394 81.577494556 3.56401610374 139.474860842 83.9474029541 16121857 0.0787264529545 0.0 0.0787264529545 -2.70908327057 2.31583216595 -2.31583216595 -2.70908327057 
82.5352091028 105.460245792 1.91405451298 138.440243986 81.6034469604 21299200 0.272955214253 0.0 0.272955214253 -1.43221854771 1.26978530084 -1.26978530084 -1.43221854771 
285.668595826 77.6825893364 1.79277992249 152.874661846 75.4040145874 16580608 0.311132974034 0.0 0.311132974034 -1.59559431776 0.817397469777 -0.817397469777 -1.59559431776 
175.991698873 123.886106386 2.82183670998 136.08607694 74.3917617798 15991296 0.125584558164 0.0 0.125584558164 -2.03280204198 1.95716076905 -1.95716076905 -2.03280204198 
270.061819736 59.3869145119 2.01469278336 145.261468871 73.4481964111 25034752 0.246366888392 0.0 0.246366888392 -1.65559599157 1.14803698722 -1.14803698722 -1.65559599157 
156.070702451 76.500790175 2.03623056412 143.869564178 70.7495727539 9109760 0.241182668529 0.0 0.241182668529 -1.64461615693 1.20061342929 -1.20061342929 -1.64461615693 
174.548798606 135.070888239 1.68557965755 131.7093428 69.2867736816 12124160 0.351966587372 0.0 0.351966587372 -1.12150395574 1.25833527297 -1.25833527297 -1.12150395574 
274.364243381 115.00603339 2.29683661461 125.106591291 69.2218093872 17826048 0.189556985894 0.0 0.189556985894 -1.32090928537 1.87900428261 -1.87900428261 -1.32090928537 
98.5959098441 109.761454622 3.09481573105 143.427392491 69.2079772949 22675968 0.104407190282 0.0 0.104407190282 -2.48545404042 1.84401806446 -1.84401806446 -2.48545404042 
84.1305909927 49.1214345325 2.20954227448 138.167725455 69.083404541 15008000 0.204830851123 0.0 0.204830851123 -1.64633088918 1.47365927746 -1.47365927746 -1.64633088918 
139.038112737 66.8928848955 1.62321853638 133.661235023 66.9201202393 9371648 0.379529914855 0.0 0.379529914855 -1.12065889421 1.1742921526 -1.1742921526 -1.12065889421 
234.995439563 133.787392482 2.46240782738 150.197389574 66.5355529785 22806784 0.16492254728 0.0 0.16492254728 -2.13673668767 1.22384992376 -1.22384992376 -2.13673668767 
251.468210647 77.34812291 1.31759595871 142.648791818 65.6889648438 8388608 0.576017253102 0.0 0.576017253102 -1.04739861123 0.799384300319 -0.799384300319 -1.04739861123 
177.783157962 89.0170359409 1.89065277576 142.355319708 61.8160018921 20447232 0.279754091347 0.0 0.279754091347 -1.4970445811 1.15474042135 -1.15474042135 -1.4970445811 
114.205940052 126.251193112 3.13043999672 144.960551809 61.5272064209 23462400 0.102044413152 0.0 0.102044413152 -2.56306947985 1.79731171879 -1.79731171879 -2.56306947985 
135.098696556 109.505967729 1.90456080437 153.747199152 61.1010932922 20971520 0.275683208929 0.0 0.275683208929 -1.70810748977 0.842449203766 -0.842449203766 -1.70810748977 
249.178817672 134.495392642 1.84335815907 140.215946084 58.8604125977 18612224 0.294293417906 0.0 0.294293417906 -1.41655004108 1.17955724053 -1.17955724053 -1.41655004108 
118.964804641 139.132905689 1.46688055992 147.592229714 58.7924995422 8388608 0.464740471103 0.0 0.464740471103 -1.23842161454 0.786161867377 -0.786161867377 -1.23842161454 
41.6654825117 137.430632315 1.66627371311 130.795270818 57.378200531 11272192 0.36016981599 0.0 0.36016981599 -1.08867345985 1.26145082537 -1.26145082537 -1.08867345985 
82.4629124986 71.2038831102 3.83226633072 144.859698646 56.6659545898 21364737 0.0680908307435 0.0 0.0680908307435 -3.13381686578 2.20577811244 -2.20577811244 -3.13381686578 
182.126024737 48.2992227158 1.57286024094 141.014508182 55.9578895569 8388608 0.404221799591 0.0 0.404221799591 -1.2225925861 0.989523474165 -0.989523474165 -1.2225925861 
145.987004943 75.3254176761 2.21727752686 134.224081587 54.969619751 15270144 0.203404187489 0.0 0.203404187489 -1.54647648784 1.58893993079 -1.58893993079 -1.54647648784 
72.9381555091 66.6923525486 1.8729557991 148.392651747 54.7062110901 19726336 0.285065685908 0.0 0.285065685908 -1.59512102138 0.981607025517 -0.981607025517 -1.59512102138 
218.123706129 26.9927443024 1.29527139664 134.133662848 54.5601844788 8388608 0.596044177242 0.0 0.596044177242 -0.901942283943 0.929638697227 -0.929638697227 -0.901942283943 
36.0060929735 125.480102918 1.35209214687 133.801530375 54.4103660583 8388608 0.547000117069 0.0 0.547000117069 -0.935867415577 0.975861339586 -0.975861339586 -0.935867415577 
180.383035488 31.5766267073 1.48002851009 133.284606361 53.853603363 8388608 0.456520030113 0.0 0.456520030113 -1.01474128777 1.07739709931 -1.07739709931 -1.01474128777 
275.172883829 67.9444812708 1.22076284885 133.488557091 53.8055152893 8388608 0.671022977747 0.0 0.671022977747 -0.840140825166 0.88567789124 -0.88567789124 -0.840140825166 
30.3507245429 108.071161961 1.62786281109 135.192820641 53.3421707153 9633792 0.377367414704 0.0 0.377367414704 -1.15494007572 1.1471925528 -1.1471925528 -1.15494007572 
248.997331366 118.645621929 2.0504219532 136.114697141 52.5431213379 9568512 0.23785567291 0.0 0.23785567291 -1.47779847144 1.42138730259 -1.42138730259 -1.47779847144 
117.288860601 89.3254333097 3.21053028107 135.626821802 49.9465637207 8585217 0.0970166912844 0.0 0.0970166912844 -2.29488747469 2.2452162845 -2.2452162845 -2.29488747469 
187.620805781 48.8050126015 1.930108428 137.678974356 49.600440979 21954560 0.268433420721 0.0 0.268433420721 -1.42709142889 1.29951090701 -1.29951090701 -1.42709142889 
254.165413666 99.4741681322 1.29251456261 135.526202508 47.7446746826 8388608 0.598589521524 0.0 0.598589521524 -0.922300798324 0.905513739245 -0.905513739245 -0.922300798324 
141.237560107 112.286894654 4.41660833359 154.765045011 47.2485847473 14942465 0.0512651491037 0.0 0.0512651491037 -3.99511870174 1.88293805829 -1.88293805829 -3.99511870174 
60.1561842049 133.443974825 2.68560624123 130.614095559 47.0947494507 12386816 0.138648547737 0.0 0.138648547737 -1.74822489453 2.03867373581 -2.03867373581 -1.74822489453 
59.5175901109 104.010923219 3.03624367714 140.125850247 46.2255477905 21299712 0.108474274256 0.0 0.108474274256 -2.33017880566 1.94654627496 -1.94654627496 -2.33017880566 
230.070242333 110.966096766 5.28373861313 151.77297324 45.513053894 11207169 0.0358193210994 0.0 0.0358193210994 -4.65539878975 2.49903098024 -2.49903098024 -4.65539878975 
203.664159228 100.043486175 5.14878463745 153.00998343 44.9329452515 9306625 0.0377216383292 0.0 0.0377216383292 -4.58800792854 2.33669991452 -2.33669991452 -4.58800792854 
254.419567869 30.6069293959 1.77272987366 138.0909511 43.8400192261 15794176 0.318210769074 0.0 0.318210769074 -1.31927632196 1.18409509385 -1.18409509385 -1.31927632196 
252.628261668 88.3317898476 1.31357598305 135.362476199 42.56457901 8388608 0.579548253334 0.0 0.579548253334 -0.93469606516 0.922943730145 -0.922943730145 -0.93469606516 
172.134579225 66.0883958056 1.31983220577 132.017342306 41.6726875305 8388608 0.574066966347 0.0 0.574066966347 -0.883436960563 0.980559120147 -0.980559120147 -0.883436960563 
245.269834532 91.4135880662 1.23842740059 156.124948796 41.2123718262 8388608 0.652016964114 0.0 0.652016964114 -1.13245551822 0.501245374828 -0.501245374828 -1.13245551822 
249.888560324 109.150373913 2.18812441826 137.99210176 41.0364532471 14287104 0.208860337143 0.0 0.208860337143 -1.62589149122 1.4643651623 -1.4643651623 -1.62589149122 
165.644202333 102.723801339 2.27062821388 155.538917957 39.0828704834 16974080 0.193958108497 0.0 0.193958108497 -2.06682284662 0.940210511728 -0.940210511728 -2.06682284662 
228.600290843 106.603347766 3.46779966354 151.858311532 38.9898872375 14155777 0.083155695399 0.0 0.083155695399 -3.05784999435 1.63560017074 -1.63560017074 -3.05784999435 
79.2111711033 116.706585029 2.56474089622 139.291456749 38.6968193054 9044480 0.152024297824 0.0 0.152024297824 -1.94416873783 1.67275335408 -1.67275335408 -1.94416873783 
182.226682085 39.6475997884 1.90570402145 139.177909232 35.4939842224 20971520 0.275352547695 0.0 0.275352547695 -1.4421283093 1.24578238746 -1.24578238746 -1.4421283093 
133.229139889 77.4834819749 1.70738351345 126.986404738 33.8834686279 13041664 0.343034525579 0.0 0.343034525579 -1.02720546733 1.36382087896 -1.36382087896 -1.02720546733 
67.8370985672 38.7474135104 1.74690127373 132.069485915 33.1422271729 14680064 0.327690066891 0.0 0.327690066891 -1.17047865176 1.29678208884 -1.29678208884 -1.17047865176 
143.071228448 93.9672526356 3.92447447777 152.441654256 32.6797409058 23134209 0.0649287410163 0.0 0.0649287410163 -3.47920424335 1.81566455043 -1.81566455043 -3.47920424335 
260.293922403 84.0085375813 1.69146764278 137.177885544 32.2618370056 12386304 0.349520466551 0.0 0.349520466551 -1.24063665467 1.14973191557 -1.14973191557 -1.24063665467 
122.500891139 42.6721350581 1.77463519573 131.596834144 31.4169425964 15859712 0.317527847274 0.0 0.317527847274 -1.17815349588 1.32713391113 -1.32713391113 -1.17815349588 
244.742947233 81.7740782246 2.05907440186 141.600374208 30.8274402618 9896192 0.235860883449 0.0 0.235860883449 -1.61369149014 1.27897895488 -1.27897895488 -1.61369149014 
239.236668842 122.569163681 2.60113072395 146.586010855 30.3394584656 10093056 0.147800411156 0.0 0.147800411156 -2.17119876108 1.43240252128 -1.43240252128 -2.17119876108 
172.481283589 115.718988602 1.73508453369 143.477371813 30.2692546844 14221312 0.332168712287 0.0 0.332168712287 -1.39435189628 1.03261857837 -1.03261857837 -1.39435189628 
258.173378822 67.1379193329 2.67042064667 140.213088925 29.986371994 11993600 0.140229906901 0.0 0.140229906901 -2.05203062532 1.70889342644 -1.70889342644 -2.05203062532 
121.956780093 56.5968181653 3.24878168106 128.856250834 29.0255870819 9437185 0.0947455769486 0.0 0.0947455769486 -2.03818372498 2.52989911151 -2.52989911151 -2.03818372498 
181.845647994 62.4167740373 1.52601480484 120.981509955 28.4234790802 8388608 0.429420235714 0.0 0.429420235714 -0.785533562802 1.30830356046 -1.30830356046 -0.785533562802 
110.618886593 132.645216615 1.44245672226 134.859229681 28.1753940582 8388608 0.480611785216 0.0 0.480611785216 -1.01746188168 1.02247382114 -1.02247382114 -1.01746188168 
240.352942255 93.2959678687 3.81074428558 152.609304135 27.5427932739 20971521 0.0688621195336 0.0 0.0688621195336 -3.38352214102 1.75315428054 -1.75315428054 -3.38352214102 
59.9616831253 118.007933503 2.10350418091 135.100669398 27.1514778137 11403520 0.226002498766 0.0 0.226002498766 -1.4900131573 1.4847863921 -1.4847863921 -1.4900131573 
111.87934201 25.578907165 1.35396671295 132.65862082 26.909784317 8388608 0.545486522931 0.0 0.545486522931 -0.917486751725 0.995712769925 -0.995712769925 -0.917486751725 
28.0885374109 63.9661672329 1.352196455 142.279546412 26.8480854034 8388608 0.546915729394 0.0 0.546915729394 -1.06959439776 0.827286575012 -0.827286575012 -1.06959439776 
111.241768469 44.4562716901 2.58918738365 137.585637352 26.5327701569 9765376 0.149167096259 0.0 0.149167096259 -1.91156153812 1.7463744712 -1.7463744712 -1.91156153812 
115.812808492 92.2074687203 1.42341518402 133.221156365 26.4385910034 8388608 0.493556426855 0.0 0.493556426855 -0.974777819518 1.03726514868 -1.03726514868 -0.974777819518 
246.450111806 28.932854516 1.50083291531 146.831364154 25.5275802612 8388608 0.44395127581 0.0 0.44395127581 -1.256293096 0.821113327511 -0.821113327511 -1.256293096 
264.199490338 89.9170519135 1.44997894764 132.553817178 24.5336971283 8388608 0.475638068191 0.0 0.475638068191 -0.980595278143 1.06811602791 -1.06811602791 -0.980595278143 
95.391238725 97.2414018993 2.18884325027 140.110329715 24.3816890717 14287104 0.208723177166 0.0 0.208723177166 -1.67945736671 1.40372993402 -1.40372993402 -1.67945736671 
91.7556479788 71.2942584993 1.57194197178 147.078728066 24.3431892395 8388608 0.404694199761 0.0 0.404694199761 -1.31951661377 0.854328665459 -0.854328665459 -1.31951661377 
234.820949009 55.0596242027 2.01403999329 138.212034821 24.1769542694 24969216 0.246526619006 0.0 0.246526619006 -1.50170041654 1.34210765347 -1.34210765347 -1.50170041654 
133.998453384 58.2067236296 1.9838385582 130.848950225 23.3006534576 23920640 0.254089867026 0.0 0.254089867026 -1.29756352979 1.50064796376 -1.50064796376 -1.29756352979 
79.9173219559 39.6402840614 1.95516884327 133.483747261 22.8798789978 22872064 0.261596219985 0.0 0.261596219985 -1.34544706504 1.41861108161 -1.41861108161 -1.34544706504 
240.058646423 68.4784681673 1.22008502483 148.523954914 22.429813385 8388608 0.671768764846 0.0 0.671768764846 -1.04055993583 0.637057680094 -0.637057680094 -1.04055993583 
244.245127079 100.044173473 1.99286675453 145.895535866 22.3958072662 24248320 0.251792897539 0.0 0.251792897539 -1.65012685512 1.11740738467 -1.11740738467 -1.65012685512 
254.352602454 70.1348322845 1.63691413403 139.195901978 21.6346855164 10027008 0.373205643755 0.0 0.373205643755 -1.23905940125 1.06968204732 -1.06968204732 -1.23905940125 
75.0394972479 78.2064609612 1.25740087032 130.412637329 20.5344772339 8388608 0.632488286288 0.0 0.632488286288 -0.815157709911 0.957379160345 -0.957379160345 -0.815157709911 
268.339988449 67.9567028975 1.50988006592 127.888625013 20.2546005249 8388608 0.438646933036 0.0 0.438646933036 -0.927260425912 1.19160644342 -1.19160644342 -0.927260425912 
111.799358796 103.171078722 1.40415716171 131.409087905 19.8408050537 8388608 0.507187523083 0.0 0.507187523083 -0.928752843965 1.05312653068 -1.05312653068 -0.928752843965 
153.677455926 138.534300259 1.58917272091 127.894823883 19.4633522034 8388608 0.395965909313 0.0 0.395965909313 -0.976091992984 1.25407908766 -1.25407908766 -0.976091992984 
79.711072436 96.1639995727 1.91282689571 135.918871091 19.3978652954 21299200 0.273305681992 0.0 0.273305681992 -1.37408965702 1.33070821274 -1.33070821274 -1.37408965702 
234.083964997 33.9531131957 1.94391906261 142.196423483 18.4986915588 22413312 0.264632782233 0.0 0.264632782233 -1.53592301582 1.1915375829 -1.1915375829 -1.53592301582 
189.208675183 134.099455936 1.2286233902 129.96694733 17.865190506 8388608 0.662464243063 0.0 0.662464243063 -0.78920081479 0.941635549921 -0.941635549921 -0.78920081479 
93.6049907721 118.520186673 1.38526451588 140.850915777 17.840259552 8388608 0.521116207439 0.0 0.521116207439 -1.07428071396 0.874573454064 -0.874573454064 -1.07428071396 
191.369669974 84.613103954 1.74842822552 148.457135513 16.9733734131 14745600 0.327117954825 0.0 0.327117954825 -1.49009626062 0.914666274594 -0.914666274594 -1.49009626062 
266.226192211 107.950903263 2.17930459976 123.11283067 16.5045318604 14024960 0.210554306722 0.0 0.210554306722 -1.19053131581 1.82537769369 -1.82537769369 -1.19053131581 
81.7043981683 59.2443551483 2.22181177139 146.1500016 16.2742080688 15401216 0.202574825394 0.0 0.202574825394 -1.84521180771 1.23759481744 -1.23759481744 -1.84521180771 
232.951559986 96.0682759674 2.26587104797 150.971668435 15.393655777 16843008 0.194773388334 0.0 0.194773388334 -1.98123203691 1.09949589448 -1.09949589448 -1.98123203691 
143.516155365 123.801656211 2.13166809082 146.627448158 14.7147274017 12386560 0.22006999395 0.0 0.22006999395 -1.78018049666 1.17258954828 -1.17258954828 -1.78018049666 
50.8699802582 27.2109381864 1.28460788727 125.50822175 14.6695899963 8388608 0.60598075468 0.0 0.60598075468 -0.746125660886 1.0457121603 -1.0457121603 -0.746125660886 
286.469739987 60.1197368087 1.5449514389 136.390359554 14.3467445374 8388608 0.418957851394 0.0 0.418957851394 -1.11863107712 1.06561693956 -1.06561693956 -1.11863107712 
71.1586773398 134.865722275 1.66208875179 130.927902113 13.8288974762 11141120 0.36198583737 0.0 0.36198583737 -1.08884900826 1.25576544627 -1.25576544627 -1.08884900826 
75.6383328197 127.952977865 1.74148952961 129.289513587 13.5738201141 14483456 0.329729849705 0.0 0.329729849705 -1.10277949211 1.34783647878 -1.34783647878 -1.10277949211 
123.975078077 64.7707849164 1.40518844128 129.727298145 13.2406902313 8388608 0.506443337924 0.0 0.506443337924 -0.898104158406 1.08072358915 -1.08072358915 -0.898104158406 
35.7282841991 131.72369187 1.34860360622 129.405175919 13.1348266602 8388608 0.549833715056 0.0 0.549833715056 -0.856093996629 1.0420339513 -1.0420339513 -0.856093996629 
95.3898466297 139.180508129 1.53562378883 146.143571877 13.1087474823 8388608 0.424062957051 0.0 0.424062957051 -1.27523757612 0.855517121558 -0.855517121558 -1.27523757612 
60.5638710959 58.7173100747 1.68924593925 136.664430174 13.0667028427 12255232 0.350440452782 0.0 0.350440452782 -1.2286677198 1.15927886102 -1.15927886102 -1.2286677198 
135.756243308 118.478691732 2.00512528419 143.387449389 12.8024139404 24707072 0.248723587527 0.0 0.248723587527 -1.60948770461 1.19585815799 -1.19585815799 -1.60948770461 
225.326982905 44.1788545364 1.47117376328 137.858409627 12.6524353027 8388608 0.462032002329 0.0 0.462032002329 -1.09085914824 0.987106154599 -0.987106154599 -1.09085914824 
69.6168520008 122.063159129 1.28197169304 128.946090697 12.0752410889 8388608 0.608475545285 0.0 0.608475545285 -0.805833176324 0.997037769439 -0.997037769439 -0.805833176324 
117.687126729 65.2124881056 1.69529080391 125.653265464 10.5551338196 12517376 0.347945791223 0.0 0.347945791223 -0.988148770892 1.37752419812 -1.37752419812 -0.988148770892 
208.317991662 58.5227651433 1.46970462799 142.957091936 10.3621406555 8388608 0.462956170038 0.0 0.462956170038 -1.17309559282 0.88536908894 -0.88536908894 -1.17309559282 
53.6073333321 142.609723862 1.28497874737 133.301180129 10.1883201599 8388608 0.605631018697 0.0 0.605631018697 -0.88128126975 0.935154374836 -0.935154374836 -0.88128126975 
54.6771484847 33.47472801 1.57694625854 126.063535257 9.95942687988 8388608 0.402129759255 0.0 0.402129759255 -0.928319891876 1.27474769295 -1.27474769295 -0.928319891876 
57.1067690396 140.484793304 1.66891479492 130.701840014 9.88000679016 11403264 0.359030770092 0.0 0.359030770092 -1.08833730632 1.26522665968 -1.26522665968 -1.08833730632 
239.765829409 94.903032271 1.35740113258 146.86720396 9.50943756104 8388608 0.542729696588 0.0 0.542729696588 -1.13669584096 0.741930185315 -0.741930185315 -1.13669584096 
166.684377543 91.4212540566 2.01708388329 147.310967737 9.37669754028 8388864 0.24578313608 0.0 0.24578313608 -1.69760640047 1.08938510238 -1.08938510238 -1.69760640047 
111.52024864 32.0109663258 1.53530454636 130.778457394 9.03274345398 8388608 0.424239329855 0.0 0.424239329855 -1.00276257145 1.16259506078 -1.16259506078 -1.00276257145 
41.1317455053 30.2705733007 1.32530009747 123.205386765 8.99294662476 8388608 0.569339794397 0.0 0.569339794397 -0.72578985147 1.10889559465 -1.10889559465 -0.72578985147 
128.624110759 130.973169803 1.2577662468 138.244046498 8.69293212891 8388608 0.632120868617 0.0 0.632120868617 -0.938278753895 0.837620983242 -0.837620983242 -0.938278753895 
26.2488220601 69.5444978321 1.32481849194 133.860272182 8.36072540283 8388608 0.569753808896 0.0 0.569753808896 -0.917969442339 0.955236169493 -0.955236169493 -0.917969442339 
284.864276572 22.3270774293 1.24456012249 129.805867555 8.35118484497 8388608 0.6456070097 0.0 0.6456070097 -0.796752921932 0.956093447255 -0.956093447255 -0.796752921932 
191.200817875 60.7328314255 1.28886985779 127.295830408 8.31285095215 8388608 0.601979727003 0.0 0.601979727003 -0.780965569708 1.02531862816 -1.02531862816 -0.780965569708 
110.765728432 66.699196594 1.33010363579 130.071892679 8.31003570557 8388608 0.565234990629 0.0 0.565234990629 -0.856251965508 1.01784490641 -1.01784490641 -0.856251965508 
232.156068027 113.530238058 1.52426195145 139.749546603 8.20258712769 8388608 0.430408443172 0.0 0.430408443172 -1.16335842028 0.984871404092 -0.984871404092 -1.16335842028 
271.743268828 94.4562959784 1.52281534672 127.83697785 7.59853172302 8388608 0.431226568135 0.0 0.431226568135 -0.934120639332 1.20265756198 -1.20265756198 -0.934120639332 
132.85412676 140.989560179 1.29893660545 141.040332266 7.42757034302 8388608 0.592685207783 0.0 0.592685207783 -1.01003851332 0.816736497657 -0.816736497657 -1.01003851332 
266.107058114 98.1186314609 1.52329063416 126.408080558 7.07637405396 8388608 0.430957512984 0.0 0.430957512984 -0.904122341052 1.2259596847 -1.2259596847 -0.904122341052 
103.398384906 96.0557702313 1.45376801491 133.162539267 7.05822563171 8388608 0.473161915216 0.0 0.473161915216 -0.99447959535 1.06040170483 -1.06040170483 -0.99447959535 
40.6433763083 92.6112906591 1.78657305241 143.743522375 6.43254089355 16318464 0.3132985911 0.0 0.3132985911 -1.44065275477 1.05658076442 -1.05658076442 -1.44065275477 
90.4504111423 64.401160603 1.45084941387 143.614869106 6.18768310547 8388608 0.475067502188 0.0 0.475067502188 -1.16800308708 0.860658358639 -0.860658358639 -1.16800308708 
152.898820901 84.0817336091 1.81955170631 143.902015425 5.8592338562 17629184 0.302044684367 0.0 0.302044684367 -1.47021708206 1.07202152196 -1.07202152196 -1.47021708206 
54.5468949153 95.7922488938 1.30914199352 139.69036295 5.69555664062 8388608 0.583480695544 0.0 0.583480695544 -0.998298703283 0.846907585412 -0.846907585412 -0.998298703283 
284.537836452 48.3712134578 1.52565002441 132.235572503 5.31601142883 8388608 0.429625607616 0.0 0.429625607616 -1.02551203418 1.12957207152 -1.12957207152 -1.02551203418 
220.59944591 50.624958194 1.36093008518 146.626103168 5.27862548828 8388608 0.539918701068 0.0 0.539918701068 -1.13651076536 0.748648099555 -0.748648099555 -1.13651076536 
225.772209054 53.096954098 1.26914393902 133.817226465 5.02631950378 8388608 0.620837926618 0.0 0.620837926618 -0.878704682863 0.915753470243 -0.915753470243 -0.878704682863 
125.976011701 134.920642412 1.55364334583 146.292475183 4.68485641479 8388608 0.414283218315 0.0 0.414283218315 -1.29244676185 0.862200100807 -0.862200100807 -1.29244676185 
194.289526345 106.507977891 1.24866139889 125.473364074 4.44457244873 8388608 0.641372932516 0.0 0.641372932516 -0.724628706085 1.01689160061 -1.01689160061 -0.724628706085 
126.301807493 120.049419815 1.49276614189 135.364840135 3.90955352783 8388608 0.448762385381 0.0 0.448762385381 -1.0622449704 1.04880235375 -1.04880235375 -1.0622449704 
127.652650901 99.5899194505 1.24791824818 148.573497735 3.90016746521 8388608 0.642137050956 0.0 0.642137050956 -1.064860761 0.650670049885 -0.650670049885 -1.064860761 
283.209134588 118.799474846 1.26383876801 131.949553586 3.7579574585 8388608 0.626061004557 0.0 0.626061004557 -0.844845935791 0.939959454599 -0.939959454599 -0.844845935791 
174.067037639 99.7593181981 1.32454919815 138.540771992 3.6778011322 8388608 0.569985505472 0.0 0.569985505472 -0.992653005032 0.876966698297 -0.876966698297 -0.992653005032 
