13
183
62.0699704384 112.38190503 2.29153561592 69.3814697266 82.86378479 17629440 0.190435002866 0.0 0.190435002866 0.806951354394 2.14475289735 -2.14475289735 0.806951354394 
135.112949628 51.8521697505 1.44222056866 65.1275634766 79.9502410889 8388608 0.480769191786 0.0 0.480769191786 0.60659712012 1.30844950324 -1.30844950324 0.60659712012 
80.8735983626 103.481817941 2.9213078022 68.7221069336 66.3263244629 18481664 0.117177806166 0.0 0.117177806166 1.06011841544 2.7221660898 -2.7221660898 1.06011841544 
45.069704213 137.020026106 1.84080898762 88.173828125 41.5861816406 18481152 0.29510906345 0.0 0.29510906345 0.058661641298 1.83987405567 -1.83987405567 0.058661641298 
52.4464210989 108.444825969 1.65440094471 126.52305603 37.9816093445 10747904 0.365357865348 0.0 0.365357865348 -0.984610457872 1.32950544644 -1.32950544644 -0.984610457872 
36.7593591551 136.616145433 1.96587872505 97.7405700684 34.6938476562 23265280 0.258753691622 0.0 0.258753691622 -0.26477997572 1.94796579181 -1.94796579181 -0.26477997572 
90.9324502526 84.7530192847 2.11305093765 351.967590332 31.9604072571 11731200 0.223964954997 0.0 0.223964954997 2.09232018857 -0.295263430899 0.295263430899 2.09232018857 
48.2381381557 86.6557992336 5.97301721573 204.047119141 31.6386089325 20054529 0.0280293138844 0.0 0.0280293138844 -5.45462296385 -2.43393158935 2.43393158935 -5.45462296385 
60.5812405111 66.2578744501 7.47826099396 204.535232544 30.3830280304 19595266 0.0178812865874 0.0 0.0178812865874 -6.80301959922 -3.10536822718 3.10536822718 -6.80301959922 
173.40611934 161.434957621 1.26479017735 171.496490479 30.0338230133 8388608 0.625119478809 0.0 0.625119478809 -1.25088609581 0.187024511824 -0.187024511824 -1.25088609581 
96.6620995136 100.040104086 4.07271528244 69.1580810547 28.6660289764 9109761 0.0602881419711 0.0 0.0602881419711 1.44903466047 3.80621968948 -3.80621968948 1.44903466047 
223.568700318 137.137942569 3.49593544006 67.820526123 27.9098510742 14745601 0.0818225843122 0.0 0.0818225843122 1.31974733989 3.23725679549 -3.23725679549 1.31974733989 
100.969231475 160.753251568 1.7439211607 92.6115112305 26.4365386963 14614528 0.32881097517 0.0 0.32881097517 -0.0794594818658 1.74210998662 -1.74210998662 -0.0794594818658 
61.939907261 55.0210037269 3.58802103996 260.376220703 26.2398948669 16646145 0.0776765696243 0.0 0.0776765696243 -0.599837992484 -3.53752588202 3.53752588202 -0.599837992484 
65.1062456575 78.9283989218 1.66425168514 330.577728271 24.8760108948 11206656 0.361045543942 0.0 0.361045543942 1.44960136849 -0.817550942734 0.817550942734 1.44960136849 
149.879544583 47.8920582415 1.82144916058 75.289276123 24.1999092102 17760256 0.301415715444 0.0 0.301415715444 0.462536943243 1.76174249557 -1.76174249557 0.462536943243 
95.492566548 75.23964798 6.14508199692 352.271759033 23.9722194672 22151681 0.0264816252518 0.0 0.0264816252518 6.08926644964 -0.826357582478 0.826357582478 6.08926644964 
141.050324519 143.237385324 2.12284183502 88.8154602051 23.2912712097 12124416 0.221903792424 0.0 0.221903792424 0.0438847595124 2.12238817948 -2.12238817948 0.0438847595124 
112.647557928 95.079000052 2.1253247261 71.5719604492 23.224899292 12189952 0.221385621142 0.0 0.221385621142 0.67184354542 2.01634110256 -2.01634110256 0.67184354542 
113.330148146 90.7993506381 1.37229263783 19.1259765625 23.2190742493 8388608 0.531014687063 0.0 0.531014687063 1.29654271839 0.449626581981 -0.449626581981 1.29654271839 
58.8493670341 97.6474950955 2.91474628448 283.538879395 23.117855072 18285056 0.117705968543 0.0 0.117705968543 0.682357070865 -2.83374923569 2.83374923569 0.682357070865 
123.567963236 98.4539837226 6.17043828964 79.9416503906 21.3659858704 22413825 0.0262644295984 0.0 0.0262644295984 1.07767327062 6.07560112319 -6.07560112319 1.07767327062 
115.683226725 95.6987258305 3.34624052048 77.4615478516 21.0653038025 11599873 0.0893070393644 0.0 0.0893070393644 0.7264513282 3.2664344611 -3.2664344611 0.7264513282 
58.4890797995 34.0605604813 4.71916532516 255.459136963 20.7525863647 19726593 0.0449024063494 0.0 0.0449024063494 -1.18484281047 -4.56800491251 4.56800491251 -1.18484281047 
132.37000137 143.73266929 1.78761136532 80.8610534668 20.6809844971 16384000 0.312934745239 0.0 0.312934745239 0.283924919703 1.76491955437 -1.76491955437 0.283924919703 
49.5914439287 57.5606022884 3.04222369194 203.973205566 19.2106704712 21430784 0.108048243636 0.0 0.108048243636 -2.77978799488 -1.23608401628 1.23608401628 -2.77978799488 
46.940514482 128.232628696 2.38038420677 11.9230651855 19.153629303 20381952 0.176484219923 0.0 0.176484219923 2.32902954927 0.491782808236 -0.491782808236 2.32902954927 
122.08842691 76.3369461685 1.73020362854 29.9822998047 18.8379020691 14024704 0.334045451849 0.0 0.334045451849 1.49866747757 0.864638877158 -0.864638877158 1.49866747757 
146.90456605 155.913341541 3.03259348869 99.6275024414 18.5808067322 21168640 0.108735562053 0.0 0.108735562053 -0.507177041552 2.98988205724 -2.98988205724 -0.507177041552 
22.0651715319 114.976611992 1.43378305435 169.688537598 18.4381866455 8388608 0.486444294083 0.0 0.486444294083 -1.41062637935 0.256645796452 -0.256645796452 -1.41062637935 
131.17783047 144.207863349 3.01697945595 82.5306396484 18.1956138611 20840960 0.109863971469 0.0 0.109863971469 0.392195218528 2.99137893758 -2.99137893758 0.392195218528 
222.838712518 147.804055543 1.82387006283 15.8081054688 18.1212043762 17825792 0.30061608205 0.0 0.30061608205 1.75489032165 0.496852055522 -0.496852055522 1.75489032165 
109.435625675 151.543945252 2.06617236137 356.904815674 16.9723014832 10158336 0.234243152568 0.0 0.234243152568 2.06315825411 -0.11156274198 0.11156274198 2.06315825411 
97.1269367073 34.0067269507 3.64038228989 253.092880249 16.8522224426 17694721 0.0754581258074 0.0 0.0754581258074 -1.05869993818 -3.48303569569 3.48303569569 -1.05869993818 
163.55366128 164.479587613 2.80774116516 163.540115356 16.7469673157 15598080 0.126848653419 0.0 0.126848653419 -2.69267530444 0.795556506722 -0.795556506722 -2.69267530444 
99.2586212505 30.947621028 2.53509688377 258.724060059 16.7005271912 24903936 0.15560046022 0.0 0.15560046022 -0.495698496437 -2.48616154156 2.48616154156 -0.495698496437 
100.384707372 29.2079657591 1.70671319962 261.710876465 16.4547405243 13041664 0.343304033008 0.0 0.343304033008 -0.246054037175 -1.68888346446 1.68888346446 -0.246054037175 
23.2570893584 94.6876186585 1.5926605463 221.441101074 16.2529754639 8388608 0.394233527934 0.0 0.394233527934 -1.19391645408 -1.0541020427 1.0541020427 -1.19391645408 
99.8059021069 152.195887259 1.62553501129 233.471069336 16.1499881744 9502720 0.378448984469 0.0 0.378448984469 -0.967564939825 -1.3062090798 1.3062090798 -0.967564939825 
170.2390007 125.732470617 2.57038879395 114.471969604 15.5258293152 9241088 0.151356947912 0.0 0.151356947912 -1.06477846684 2.33947544732 -2.33947544732 -1.06477846684 
230.631351493 106.612718264 1.56794965267 119.463012695 14.5820960999 8388608 0.406757691141 0.0 0.406757691141 -0.771214223631 1.36517205311 -1.36517205311 -0.771214223631 
114.747091375 10.0862059233 1.38840103149 240.52746582 14.47215271 8388608 0.518764375567 0.0 0.518764375567 -0.683102029437 -1.20873034281 1.20873034281 -0.683102029437 
102.37846339 90.9710444136 2.01645708084 359.304199219 14.1953487396 8388864 0.245935959977 0.0 0.245935959977 2.01630839206 -0.0244872822752 0.0244872822752 2.01630839206 
99.7237216564 135.918291335 3.92146372795 237.958206177 14.1018333435 23068673 0.0650284788955 0.0 0.0650284788955 -2.08048443804 -3.32407314491 3.32407314491 -2.08048443804 
70.1714886257 147.280186669 1.54153883457 101.729187012 14.0055503845 8388608 0.42081485285 0.0 0.42081485285 -0.313373409015 1.50935055074 -1.50935055074 -0.313373409015 
80.4496185126 42.2553640592 3.01198506355 224.601165771 13.84715271 20709888 0.110228620493 0.0 0.110228620493 -2.14456878454 -2.11491814296 2.11491814296 -2.14456878454 
141.936260921 133.221854739 2.34488749504 13.6481018066 13.7443466187 19267840 0.181867869297 0.0 0.181867869297 2.27867548852 0.553295022936 -0.553295022936 2.27867548852 
83.7930809144 168.034231959 1.5732666254 98.4573974609 13.73229599 8388608 0.404013000596 0.0 0.404013000596 -0.231386589023 1.55615812854 -1.55615812854 -0.231386589023 
191.076180056 157.745025161 1.60275197029 202.440460205 13.4844341278 8454144 0.389284723373 0.0 0.389284723373 -1.48138631005 -0.61180755035 0.61180755035 -1.48138631005 
110.832969997 23.0551276542 1.43082904816 226.949386597 13.3370704651 8388608 0.488454936502 0.0 0.488454936502 -0.976747079648 -1.04557969923 1.04557969923 -0.976747079648 
239.172586906 99.722352214 1.58064699173 346.519866943 13.190196991 8388608 0.400248968873 0.0 0.400248968873 1.53710144367 -0.368461754225 0.368461754225 1.53710144367 
194.562218936 152.990894991 1.73114848137 214.858093262 13.1658401489 14024704 0.333680910436 0.0 0.333680910436 -1.4205287344 -0.989430734963 0.989430734963 -1.4205287344 
88.6541293963 33.2052390431 1.85494554043 233.475036621 12.3557300568 19070976 0.290628146876 0.0 0.290628146876 -1.10401343761 -1.49062982914 1.49062982914 -1.10401343761 
204.080236597 128.744609542 3.87709593773 135.458984375 12.3278121948 22216705 0.0665253096513 0.0 0.0665253096513 -2.76339437271 2.71947135511 -2.71947135511 -2.76339437271 
164.599964048 44.4524339415 1.2799488306 345.555450439 12.323387146 8388608 0.610400364365 0.0 0.610400364365 1.2394890118 -0.319274174636 0.319274174636 1.2394890118 
24.6414648556 76.7988978692 3.25526118279 194.619522095 12.1979751587 9568257 0.0943687757546 0.0 0.0943687757546 -3.14986633374 -0.821624882601 0.821624882601 -3.14986633374 
164.226871611 41.6321621931 2.31960248947 342.874816895 12.033416748 18481408 0.185854408736 0.0 0.185854408736 2.21675985933 -0.683031064621 0.683031064621 2.21675985933 
205.6635418 128.017201546 2.41344809532 130.103744507 11.9114379883 21364992 0.171681727158 0.0 0.171681727158 -1.55467959392 1.84599649757 -1.84599649757 -1.55467959392 
63.2373373169 127.84143675 2.973269701 311.860809326 11.8009681702 19726848 0.113117914478 0.0 0.113117914478 1.98413210555 -2.21439664528 2.21439664528 1.98413210555 
95.2883813838 134.388869306 2.10140633583 57.6117248535 11.7075309753 11337984 0.226453962987 0.0 0.226453962987 1.12562671525 1.77450643453 -1.77450643453 1.12562671525 
114.476214826 74.0104067391 1.24849569798 209.449371338 11.7070999146 8388608 0.641543190424 0.0 0.641543190424 -1.08717816774 -0.613828265447 0.613828265447 -1.08717816774 
179.110487571 147.91033269 2.71107435226 292.962554932 11.2761993408 13107712 0.136055825948 0.0 0.136055825948 1.05766996926 -2.49624886172 2.49624886172 1.05766996926 
202.158375542 138.767767566 2.99943685532 200.150619507 10.7530822754 20382208 0.111152837281 0.0 0.111152837281 -2.81584213579 -1.03327368849 1.03327368849 -2.81584213579 
213.596162978 115.225082475 4.53718709946 104.953140259 10.6060409546 16908545 0.0485765450441 0.0 0.0485765450441 -1.17072571239 4.38354514997 -4.38354514997 -1.17072571239 
158.327897861 55.1368541549 1.87314283848 76.9301147461 10.5855636597 19726336 0.285008759288 0.0 0.285008759288 0.423591309478 1.8246190002 -1.8246190002 0.423591309478 
101.152472912 99.3594394542 1.35802698135 71.6492614746 10.5688056946 8388608 0.542229576267 0.0 0.542229576267 0.427551845209 1.28896730049 -1.28896730049 0.427551845209 
151.050880985 57.3623088498 2.22485089302 71.4582824707 10.152721405 15466752 0.202021773457 0.0 0.202021773457 0.707491580992 2.10936415988 -2.10936415988 0.707491580992 
196.813870196 59.7923008044 1.46232235432 300.226715088 10.0707397461 8388608 0.46764227209 0.0 0.46764227209 0.736166522473 -1.26350525093 1.26350525093 0.736166522473 
117.552835364 65.3267508664 1.62775099277 203.340011597 10.0258483887 9568256 0.377419262975 0.0 0.377419262975 -1.49455202242 -0.64489343829 0.64489343829 -1.49455202242 
122.061880832 122.629327597 1.38201081753 66.524230957 9.85145187378 8388608 0.523572846509 0.0 0.523572846509 0.550539486881 1.26761988512 -1.26761988512 0.550539486881 
214.350795347 143.46145454 1.63191175461 210.278076172 9.8289604187 9764864 0.375497161787 0.0 0.375497161787 -1.40930029178 -0.822805361206 0.822805361206 -1.40930029178 
198.636045359 148.3705349 1.11766707897 300.334228516 9.53258514404 8388608 0.80052533712 0.0 0.80052533712 0.564470299497 -0.964651740476 0.964651740476 0.564470299497 
154.982618074 172.658981583 1.55307030678 231.614151001 9.45129394531 8388608 0.414588992317 0.0 0.414588992317 -0.96438553533 -1.21736926076 1.21736926076 -0.96438553533 
89.2742813496 146.458863898 1.90841388702 180.258850098 9.41491317749 21102592 0.274571125352 0.0 0.274571125352 -1.90839441132 -0.00862177711503 0.00862177711503 -1.90839441132 
159.680840184 115.640246545 1.62190103531 272.526489258 9.33853912354 9371648 0.380146764034 0.0 0.380146764034 0.071495453269 -1.62032446396 1.62032446396 0.071495453269 
171.545132674 147.466200393 1.43054115772 290.318634033 9.32009887695 8388608 0.488651555317 0.0 0.488651555317 0.496742053428 -1.34152724024 1.34152724024 0.496742053428 
62.8629283839 146.446253967 1.27065694332 126.801620483 9.26215362549 8388608 0.619360311095 0.0 0.619360311095 -0.761182270806 1.01743334829 -1.01743334829 -0.761182270806 
211.099317068 68.0611283462 1.54346287251 308.116577148 9.23889923096 8388608 0.419766354564 0.0 0.419766354564 0.952723341003 -1.21432939284 1.21432939284 0.952723341003 
203.663257706 63.2897399275 1.4439239502 299.639709473 9.1704750061 8388608 0.479635544378 0.0 0.479635544378 0.714084447238 -1.25498995062 1.25498995062 0.714084447238 
127.776867264 149.903969596 1.3047901392 87.1653442383 9.1049156189 8388608 0.587379341671 0.0 0.587379341671 0.0645269556543 1.30319360777 -1.30319360777 0.0645269556543 
154.013265468 160.631137511 1.37898695469 88.8360290527 9.08036804199 8388608 0.525871560524 0.0 0.525871560524 0.0280123660503 1.37870240754 -1.37870240754 0.0280123660503 
146.031089918 80.1592654902 2.96359825134 264.086273193 9.0736656189 19530240 0.113857420466 0.0 0.113857420466 -0.305342025314 -2.94782646079 2.94782646079 -0.305342025314 
224.627892388 101.873678842 1.37172544003 121.976638794 8.89650344849 8388608 0.531453918739 0.0 0.531453918739 -0.726429367659 1.16358543159 -1.16358543159 -0.726429367659 
194.810691221 125.131514069 2.68373847008 121.421035767 8.87606430054 12321280 0.13884160222 0.0 0.13884160222 -1.39909451596 2.29019359688 -2.29019359688 -1.39909451596 
59.9061108947 140.660926853 1.37801289558 131.883758545 8.70067977905 8388608 0.526615256058 0.0 0.526615256058 -0.919991092841 1.02593173725 -1.02593173725 -0.919991092841 
44.0418772898 143.650770901 1.38067603111 157.76574707 8.68475341797 8388608 0.524585677502 0.0 0.524585677502 -1.27801522443 0.522439842493 -0.522439842493 -1.27801522443 
181.757488796 146.297632102 1.32562923431 32.0901184082 8.63339233398 8388608 0.569057109861 0.0 0.569057109861 1.12309105905 0.704243807184 -0.704243807184 1.12309105905 
73.976718375 52.9972138912 2.01519179344 216.689712524 8.63128089905 25034752 0.246244890733 0.0 0.246244890733 -1.61594791013 -1.20403916718 1.20403916718 -1.61594791013 
223.051362264 125.164418384 2.2617957592 263.37689209 8.57096481323 16711936 0.195475903487 0.0 0.195475903487 -0.260870495857 -2.24670127982 2.24670127982 -0.260870495857 
34.2448694777 94.1402309606 1.42084491253 240.455612183 8.53461837769 8388608 0.495343703441 0.0 0.495343703441 -0.700615342263 -1.23609805746 1.23609805746 -0.700615342263 
160.007127407 32.0323200829 1.7622834444 335.900848389 8.44677734375 15335424 0.321994517666 0.0 0.321994517666 1.608683213 -0.7195701902 0.7195701902 1.608683213 
132.171986357 179.125688634 1.38280951977 100.545532227 8.42892074585 8388608 0.522968196294 0.0 0.522968196294 -0.253077439725 1.35945355841 -1.35945355841 -0.253077439725 
122.897626219 177.718599139 1.5653334856 102.929840088 8.2340965271 8388608 0.408118468699 0.0 0.408118468699 -0.350255497059 1.52564412886 -1.52564412886 -0.350255497059 
222.876454082 126.502675634 1.3713748455 264.097290039 8.15906906128 8388608 0.531725687832 0.0 0.531725687832 -0.141031618439 -1.3641037532 1.3641037532 -0.141031618439 
78.3022467804 143.57327774 1.47481167316 346.944976807 8.03546905518 8388608 0.459755429973 0.0 0.459755429973 1.43669308148 -0.333140302171 0.333140302171 1.43669308148 
60.1160364297 139.147790222 2.33593201637 141.135925293 8.02029800415 19005696 0.183265029735 0.0 0.183265029735 -1.81884248437 1.46573885878 -1.46573885878 -1.81884248437 
45.2188463414 95.9147042848 2.03132534027 280.261291504 7.95178031921 8913152 0.242348885843 0.0 0.242348885843 0.361855158438 -1.99883553159 1.99883553159 0.361855158438 
184.652232173 97.5522550368 1.27863729 93.796295166 7.76951980591 8388608 0.611653222312 0.0 0.611653222312 -0.0846577833291 1.27583164215 -1.27583164215 -0.0846577833291 
188.879802728 97.7385670776 1.24150979519 93.836730957 7.7043762207 8388608 0.64878335506 0.0 0.64878335506 -0.0830738320378 1.23872729444 -1.23872729444 -0.0830738320378 
187.965170784 140.173890428 1.88096892834 320.2550354 7.65385818481 20054016 0.282642038677 0.0 0.282642038677 1.44627329552 -1.2026377942 1.2026377942 1.44627329552 
158.805783091 77.9805585817 2.38636660576 257.389038086 7.63614273071 20578560 0.175600470024 0.0 0.175600470024 -0.521015304711 -2.32879553189 2.32879553189 -0.521015304711 
79.5997806785 121.341216553 1.49665629864 121.401199341 7.54403686523 8388608 0.446432542237 0.0 0.446432542237 -0.779799087592 1.27745585413 -1.27745585413 -0.779799087592 
193.694613299 98.1176216298 1.31929206848 99.6234436035 7.46237564087 8388608 0.574537125242 0.0 0.574537125242 -0.22054891906 1.30072661857 -1.30072661857 -0.22054891906 
155.864855138 24.5682229203 2.42647695541 327.711212158 7.40846633911 21758208 0.169843002126 0.0 0.169843002126 2.05126204955 -1.29619227711 1.29619227711 2.05126204955 
215.579961655 125.7119784 1.42015469074 265.850311279 7.38361358643 8388608 0.495825313088 0.0 0.495825313088 -0.102765843945 -1.41643161747 1.41643161747 -0.102765843945 
124.778965146 136.349643104 1.66730844975 257.211975098 7.35699081421 11337728 0.359722909769 0.0 0.359722909769 -0.369049858281 -1.62595192693 1.62595192693 -0.369049858281 
181.153698571 134.389173281 1.53295040131 113.603363037 7.32083511353 8388608 0.425543335234 0.0 0.425543335234 -0.6137976617 1.40470258893 -1.40470258893 -0.6137976617 
146.044029299 170.363735174 1.99957048893 170.845428467 7.29353713989 24510464 0.250107412367 0.0 0.250107412367 -1.9741014013 0.31812858655 -0.31812858655 -1.9741014013 
78.3391280049 120.403287253 2.24502468109 119.750091553 7.22118759155 16122112 0.1984073517 0.0 0.1984073517 -1.11402141242 1.94912598653 -1.94912598653 -1.11402141242 
196.137547321 114.550829788 1.53913402557 81.1703186035 7.20735931396 8388608 0.422130878495 0.0 0.422130878495 0.236253618619 1.52089374263 -1.52089374263 0.236253618619 
80.9296662171 112.819099509 1.6845266819 69.516418457 7.2059211731 12058624 0.352406744342 0.0 0.352406744342 0.589481511322 1.57801827931 -1.57801827931 0.589481511322 
115.934957902 176.93174668 1.54581081867 108.146240234 7.13976669312 8388608 0.418492149103 0.0 0.418492149103 -0.481432633872 1.4689294422 -1.4689294422 -0.481432633872 
156.800623215 25.0627180343 1.29639649391 329.545898438 7.12099075317 8388608 0.595010054296 0.0 0.595010054296 1.1175397508 -0.657075927731 0.657075927731 1.1175397508 
188.059465998 114.259778983 1.36194765568 77.0066833496 7.05837631226 8388608 0.539112208843 0.0 0.539112208843 0.30621676439 1.32707675363 -1.32707675363 0.30621676439 
87.3160921462 127.236537284 1.93226981163 137.356048584 7.00665664673 22020096 0.267833232169 0.0 0.267833232169 -1.42133447006 1.30899768876 -1.30899768876 -1.42133447006 
154.313537643 108.905748998 1.30591380596 49.8611755371 7.0039100647 8388608 0.586368961528 0.0 0.586368961528 0.841846631528 0.998351199522 -0.998351199522 0.841846631528 
233.320815799 124.154407237 1.43807029724 264.966461182 6.9793510437 8388608 0.483548196246 0.0 0.483548196246 -0.126174652949 -1.43252439308 1.43252439308 -0.126174652949 
114.475225849 132.474411269 1.355484128 233.996490479 6.93063735962 8388608 0.544265901997 0.0 0.544265901997 -0.79680074897 -1.09656089101 1.09656089101 -0.79680074897 
157.141248574 140.175385481 1.55151748657 298.604095459 6.92591094971 8388608 0.415419281799 0.0 0.415419281799 0.742796155827 -1.36215284826 1.36215284826 0.742796155827 
189.860270336 150.129876247 1.26456642151 204.775665283 6.83778762817 8388608 0.625340719077 0.0 0.625340719077 -1.14817009662 -0.529937414833 0.529937414833 -1.14817009662 
162.056229377 107.346158511 1.76861715317 63.6020202637 6.83656311035 15597568 0.319692416562 0.0 0.319692416562 0.786333546043 1.58419891076 -1.58419891076 0.786333546043 
146.247907207 107.033217932 1.99654185772 82.6562194824 6.78350067139 24379392 0.250866783016 0.0 0.250866783016 0.255202955719 1.98016434697 -1.98016434697 0.255202955719 
218.328261649 73.1625937554 1.61372327805 310.125793457 6.71134567261 8978432 0.384009415084 0.0 0.384009415084 1.03999288021 -1.23390341081 1.23390341081 1.03999288021 
130.006199402 110.055011402 2.25778222084 62.8871765137 6.64981079102 16580864 0.196171495255 0.0 0.196171495255 1.02897100792 2.00967639723 -2.00967639723 1.02897100792 
172.420909344 97.7526138278 1.33152449131 90.7757263184 6.58760070801 8388608 0.564029321842 0.0 0.564029321842 -0.0180269305137 1.33140245634 -1.33140245634 -0.0180269305137 
141.882999937 107.920866524 2.30757927895 92.5835876465 6.54096984863 18153728 0.187796173511 0.0 0.187796173511 -0.104018362434 2.30523367772 -2.30523367772 -0.104018362434 
174.894347977 75.463902657 1.71951079369 268.620605469 6.53638839722 13565952 0.338212914863 0.0 0.338212914863 -0.0413931826443 -1.71901249967 1.71901249967 -0.0413931826443 
171.226314829 106.182996669 1.87157011032 83.3195800781 6.41653060913 19726336 0.285487960823 0.0 0.285487960823 0.217722235074 1.85886301437 -1.85886301437 0.217722235074 
156.173035608 97.8448074692 1.28841936588 82.5113220215 6.38608932495 8388608 0.602400761351 0.0 0.602400761351 0.167920048559 1.27742996664 -1.27742996664 0.167920048559 
119.204297283 138.810399376 1.31188607216 246.231674194 6.36709976196 8388608 0.581042309447 0.0 0.581042309447 -0.528741811659 -1.20061532679 1.20061532679 -0.528741811659 
149.945912457 117.853466851 2.31620812416 43.385559082 6.24948501587 18415872 0.186399541108 0.0 0.186399541108 1.6832992107 1.59101346371 -1.59101346371 1.6832992107 
140.387116717 61.4009627465 1.37618744373 61.7745056152 6.09524154663 8388608 0.528013246378 0.0 0.528013246378 0.650858030629 1.21254925849 -1.21254925849 0.650858030629 
157.167577068 134.999236052 2.91250872612 301.19744873 5.97372055054 18285056 0.117886895139 0.0 0.117886895139 1.50864725289 -2.49132305132 2.49132305132 1.50864725289 
203.28855271 115.771851473 1.80453026295 113.344543457 5.96784973145 17039360 0.307094232708 0.0 0.307094232708 -0.715062098612 1.65680888005 -1.65680888005 -0.715062098612 
133.97368913 171.142940724 2.05148291588 172.436187744 5.83338546753 9634048 0.237609713527 0.0 0.237609713527 -2.0336327067 0.270037346247 -0.270037346247 -2.0336327067 
163.953811081 99.1808778376 1.73647344112 87.1772155762 5.77561569214 14286848 0.331637558654 0.0 0.331637558654 0.0855160283395 1.73436646088 -1.73436646088 0.0855160283395 
110.78800994 117.22385211 1.68026900291 258.032226562 5.74153518677 11927552 0.354194952996 0.0 0.354194952996 -0.348423083086 -1.6437473277 1.6437473277 -0.348423083086 
232.794310797 85.8231311072 1.76436889172 326.736480713 5.52396392822 15400960 0.321233785879 0.0 0.321233785879 1.47528897497 -0.967739648032 0.967739648032 1.47528897497 
184.075848633 126.602542909 1.66889297962 312.134552002 5.39179611206 11403264 0.359040156452 0.0 0.359040156452 1.11961681324 -1.23760331647 1.23760331647 1.11961681324 
133.160236894 19.861979759 1.34734988213 69.0072021484 5.35710906982 8388608 0.550857443943 0.0 0.550857443943 0.482688896313 1.25792016211 -1.25792016211 0.482688896313 
132.031528067 100.628226236 1.42779242992 80.0635986328 5.30508804321 8388608 0.490534830496 0.0 0.490534830496 0.246372621159 1.40637539601 -1.40637539601 0.246372621159 
94.4772206246 114.596507595 2.71632266045 72.8310546875 5.27304077148 13238784 0.135530576808 0.0 0.135530576808 0.801831936722 2.59527924141 -2.59527924141 0.801831936722 
74.7597158074 129.342364643 2.15389418602 317.824920654 5.15687942505 13172992 0.2155516105 0.0 0.2155516105 1.59624385052 -1.44612092656 1.44612092656 1.59624385052 
199.24206296 77.1893862403 2.31252574921 284.564025879 5.09452438354 18284800 0.186993644326 0.0 0.186993644326 0.581511693377 -2.23821792755 2.23821792755 0.581511693377 
165.337209562 134.261263786 1.91453671455 120.988601685 5.06167221069 21364736 0.272817736754 0.0 0.272817736754 -0.985732811251 1.64127440003 -1.64127440003 -0.985732811251 
203.622462519 172.361432352 1.31609678268 81.267791748 4.97362136841 8388608 0.57733029194 0.0 0.57733029194 0.199805165507 1.30084151119 -1.30084151119 0.199805165507 
119.575271572 111.677161527 2.56251525879 77.6940917969 4.93004989624 8978944 0.152288489736 0.0 0.152288489736 0.546151787442 2.50363788847 -2.50363788847 0.546151787442 
246.496747564 134.454422126 1.41849923134 37.6221008301 4.92715835571 8388608 0.496983294182 0.0 0.496983294182 1.12352831892 0.865923891517 -0.865923891517 1.12352831892 
179.817054291 60.9259952899 1.57729053497 104.750854492 4.85807800293 8388608 0.401954232064 0.0 0.401954232064 -0.4016039911 1.5253064171 -1.5253064171 -0.4016039911 
211.158059457 115.382807882 1.49741196632 61.8771972656 4.7643699646 8388608 0.445982072318 0.0 0.445982072318 0.705824469735 1.32062652359 -1.32062652359 0.705824469735 
141.788674283 20.3146309067 1.30049026012 120.982330322 4.7219581604 8388608 0.591269929057 0.0 0.591269929057 -0.669458189681 1.1149442358 -1.1149442358 -0.669458189681 
75.1775015772 71.1760570861 1.47299444675 271.940155029 4.72179985046 8388608 0.460890526002 0.0 0.460890526002 0.0498691437158 -1.47215002927 1.47215002927 0.0498691437158 
112.646936494 109.290374329 1.80136489868 75.2849731445 4.55243301392 16908288 0.308174434913 0.0 0.308174434913 0.457567614926 1.74228223201 -1.74228223201 0.457567614926 
216.040226256 77.974303724 1.27141201496 289.935791016 4.51978302002 8388608 0.618624872808 0.0 0.618624872808 0.433509355579 -1.19522305467 1.19522305467 0.433509355579 
244.041488498 140.092836012 1.27508103848 58.7482910156 4.25959777832 8388608 0.615069830337 0.0 0.615069830337 0.661510458768 1.09006218521 -1.09006218521 0.661510458768 
162.773073977 62.1442977141 1.63244533539 91.1431274414 4.16398239136 9830400 0.375251732038 0.0 0.375251732038 -0.0325673073348 1.63212044394 -1.63212044394 -0.0325673073348 
185.005359181 84.3900442464 1.54589605331 280.081115723 4.11620330811 8388608 0.418446002346 0.0 0.418446002346 0.27059709468 -1.52202884992 1.52202884992 0.27059709468 
209.615129224 58.465322568 1.56784129143 301.016082764 4.05715560913 8388608 0.406813919144 0.0 0.406813919144 0.807875158266 -1.34367557236 1.34367557236 0.807875158266 
223.258856031 66.9205655914 1.75537574291 310.198669434 3.9121131897 15073280 0.324533710091 0.0 0.324533710091 1.1329896319 -1.34077533271 1.34077533271 1.1329896319 
225.630401726 78.8497096688 1.63201785088 317.960784912 3.84538269043 9764864 0.375448341791 0.0 0.375448341791 1.21207791412 -1.09286293545 1.09286293545 1.21207791412 
195.935365799 44.0181721707 1.44654870033 279.443206787 3.81268692017 8388608 0.477896534405 0.0 0.477896534405 0.237335086843 -1.42694610935 1.42694610935 0.237335086843 
170.909822657 61.7343167447 1.88072454929 263.728881836 3.79343795776 20054016 0.282715495769 0.0 0.282715495769 -0.205437670333 -1.86947056514 1.86947056514 -0.205437670333 
199.954754734 74.1446615113 1.25169587135 308.677764893 3.77897644043 8388608 0.638266955356 0.0 0.638266955356 0.782234496258 -0.977165158623 0.977165158623 0.782234496258 
140.339601731 69.1359975731 1.3456941843 269.275695801 3.75405883789 8388608 0.552213791561 0.0 0.552213791561 -0.0170111306026 -1.34558665983 1.34558665983 -0.0170111306026 
185.198708664 26.9897420568 3.34154582024 350.100860596 3.6515045166 11468801 0.089558159252 0.0 0.089558159252 3.29179658017 -0.574459522943 0.574459522943 3.29179658017 
249.735565669 95.7777866166 1.63448476791 318.472503662 3.64781188965 9895936 0.374315873657 0.0 0.374315873657 1.22363682273 -1.08362972579 1.08362972579 1.22363682273 
230.649642764 44.870518028 3.25105476379 292.330749512 3.61925125122 9502721 0.0946131342424 0.0 0.0946131342424 1.2352468618 -3.00724496302 3.00724496302 1.2352468618 
194.068242349 34.7902145628 2.47914409637 275.183837891 3.60483932495 23331072 0.162703336751 0.0 0.162703336751 0.223994773356 -2.46900421063 2.46900421063 0.223994773356 
208.571879568 49.1929113861 1.24991774559 279.512756348 3.58646392822 8388608 0.64008423683 0.0 0.64008423683 0.206570391868 -1.23272991525 1.23272991525 0.206570391868 
245.90543366 87.5408926133 1.15941929817 359.029632568 3.57416915894 8388608 0.743907522567 0.0 0.743907522567 1.15925302304 -0.0196351101765 0.0196351101765 1.15925302304 
231.146846051 57.1488588092 1.26856470108 335.894897461 3.56288528442 8388608 0.621405016308 0.0 0.621405016308 1.15794308009 -0.518096732373 0.518096732373 1.15794308009 
233.704847192 54.5188654709 1.68661499023 338.844543457 3.56200408936 12189696 0.351534608921 0.0 0.351534608921 1.57294499484 -0.608698750204 0.608698750204 1.57294499484 
175.929290273 27.1441343472 1.46003520489 4.08023071289 3.55795669556 8388608 0.469108545633 0.0 0.469108545633 1.4563345894 0.103886299529 -0.103886299529 1.4563345894 
177.265385861 15.1100793742 1.6770106554 334.832000732 3.55093383789 11730944 0.355572656124 0.0 0.355572656124 1.51780317388 -0.713188799474 0.713188799474 1.51780317388 
248.572089378 164.449771659 1.42780685425 5.60589599609 3.54320144653 8388608 0.490524919355 0.0 0.490524919355 1.42097815806 0.139475758982 -0.139475758982 1.42097815806 
243.857478574 175.900461937 1.43397462368 42.4766540527 3.54235458374 8388608 0.486314331418 0.0 0.486314331418 1.05763164614 0.968348347678 -0.968348347678 1.05763164614 
235.939810807 61.5110875213 2.08581113815 288.051086426 3.54072952271 10813696 0.229852925404 0.0 0.229852925404 0.646319573104 -1.98314878753 1.98314878753 0.646319573104 
248.91454464 90.4532726477 1.51620388031 349.236785889 3.51532363892 8388608 0.434995528289 0.0 0.434995528289 1.48952984158 -0.283152004591 0.283152004591 1.48952984158 
104.952433513 71.063168221 1.74494671822 2.41073608398 3.51164627075 14614528 0.328424584607 0.0 0.328424584607 1.74340238086 0.0733974645976 -0.0733974645976 1.74340238086 
179.768277594 67.9703827439 1.48213672638 264.483398438 3.42690658569 8388608 0.45522223019 0.0 0.45522223019 -0.142483978769 -1.47527203982 1.47527203982 -0.142483978769 
215.28166556 85.1047832447 1.83308243752 298.650421143 2.77687072754 18219008 0.297602110629 0.0 0.297602110629 0.878897607231 -1.60864235265 1.60864235265 0.878897607231 
83.6324685988 94.9346773837 1.57210373878 160.019683838 2.22676086426 8388608 0.40461091925 0.0 0.40461091925 -1.47747891786 0.537183593169 -0.537183593169 -1.47747891786 
155.684266627 40.6711820939 1.68785893917 306.367645264 2.08071517944 12189696 0.351016639141 0.0 0.351016639141 1.00084004569 -1.35911257867 1.35911257867 1.00084004569 
