13
105
238.247336064 121.016478887 3.33463644981 136.323025928 100.374298096 11337729 0.0899296729527 0.0 0.0899296729527 -2.41175826593 2.3028726233 -2.3028726233 -2.41175826593 
173.409643376 125.181942198 2.84897303581 138.970038926 81.5442504883 16646656 0.123203578497 0.0 0.123203578497 -2.14916956425 1.87021858157 -1.87021858157 -2.14916956425 
75.5843187638 57.5351098154 2.23984861374 128.783951421 40.2383880615 15991040 0.199325410556 0.0 0.199325410556 -1.40300867994 1.74599211238 -1.74599211238 -1.40300867994 
169.772364229 120.232524389 1.31612980366 139.148281063 38.2435874939 8388608 0.577301322504 0.0 0.577301322504 -0.99552706798 0.860885310013 -0.860885310013 -0.99552706798 
162.65227169 153.96784493 1.84880459309 121.321753581 36.9693870544 18808832 0.292562041043 0.0 0.292562041043 -0.961089028638 1.57936262538 -1.57936262538 -0.961089028638 
95.9911578982 41.7237916855 1.95953011513 143.215436603 32.5735321045 23003136 0.260433060922 0.0 0.260433060922 -1.56937342451 1.17338200367 -1.17338200367 -1.56937342451 
174.626470812 102.903036593 5.47293996811 139.137427709 31.8684082031 13763073 0.0333855573652 0.0 0.0333855573652 -4.13908055928 3.58065413275 -3.58065413275 -4.13908055928 
161.088913449 101.401903582 5.74287033081 139.599045358 30.5882549286 17236481 0.0303208923991 0.0 0.0303208923991 -4.37335373574 3.7221414184 -3.7221414184 -4.37335373574 
68.0316087439 48.2149874302 2.04602408409 133.57471427 30.354724884 9437440 0.238879299524 0.0 0.238879299524 -1.41032416713 1.48229561704 -1.48229561704 -1.41032416713 
73.3818494383 30.9675698077 1.52837228775 127.659908535 27.3978881836 8388608 0.428096513595 0.0 0.428096513595 -0.933794582641 1.20993781964 -1.20993781964 -0.933794582641 
225.367711087 118.670059676 2.13237118721 130.708131601 26.2161102295 12452096 0.219924892656 0.0 0.219924892656 -1.39074526999 1.61642645179 -1.61642645179 -1.39074526999 
233.686314824 116.534931572 1.34912240505 140.177480997 25.9664134979 8388608 0.5494109243 0.0 0.5494109243 -1.03616901909 0.863993650262 -0.863993650262 -1.03616901909 
83.9104012682 89.6898713213 3.9933719635 126.161895318 24.2628250122 24379393 0.0627076420952 0.0 0.0627076420952 -2.35636446742 3.22406050433 -3.22406050433 -2.35636446742 
249.376304312 58.2972359661 1.82388281822 133.547958302 23.8850212097 17825792 0.300611877325 0.0 0.300611877325 -1.25658503276 1.32194651558 -1.32194651558 -1.25658503276 
167.743630158 146.294451339 1.27294206619 129.881630409 23.3007602692 8388608 0.617138616803 0.0 0.617138616803 -0.816215083688 0.976818530252 -0.976818530252 -0.816215083688 
237.55689556 73.1666123529 2.97911906242 128.869499967 20.537311554 19923456 0.112674147059 0.0 0.112674147059 -1.86954226388 2.31947453352 -2.31947453352 -1.86954226388 
232.039579189 131.049655353 1.51564264297 129.155551072 20.1289100647 8388608 0.435317742676 0.0 0.435317742676 -0.957019090594 1.17528170302 -1.17528170302 -0.957019090594 
202.665831832 143.533568079 1.33569014072 128.314437652 19.9317398071 8388608 0.56051670384 0.0 0.56051670384 -0.82809685068 1.04800942645 -1.04800942645 -0.82809685068 
171.406160582 111.520756348 2.1756310463 138.298708408 19.9012832642 13893888 0.211265948999 0.0 0.211265948999 -1.6243765836 1.44733243046 -1.44733243046 -1.6243765836 
166.832927866 111.011026078 2.00422143936 134.766104143 19.6717777252 24641536 0.248947972134 0.0 0.248947972134 -1.41140141536 1.42297210891 -1.42297210891 -1.41140141536 
235.067357833 108.150156029 1.82428896427 138.57312529 19.4168548584 17825792 0.300478040265 0.0 0.300478040265 -1.36785332002 1.20706566519 -1.20706566519 -1.36785332002 
114.688955205 64.1536541939 1.2660588026 140.903711328 18.1912899017 8388608 0.62386733312 0.0 0.62386733312 -0.982572103818 0.798409013258 -0.798409013258 -0.982572103818 
147.569838865 95.1937921048 1.50659608841 145.132654111 17.1144733429 8388608 0.440561283715 0.0 0.440561283715 -1.2361286758 0.861288378227 -0.861288378227 -1.2361286758 
87.6686228547 42.8363795933 1.71769058704 132.212385729 16.7207584381 13500416 0.338930091261 0.0 0.338930091261 -1.15408317918 1.27222363142 -1.27222363142 -1.15408317918 
222.385838903 108.977214552 1.31078624725 147.102331139 15.8369216919 8388608 0.582017774214 0.0 0.582017774214 -1.10059113832 0.711940820741 -0.711940820741 -1.10059113832 
82.7344842039 31.7176640567 1.43747961521 122.794416411 15.082818985 8388608 0.483945672371 0.0 0.483945672371 -0.778576754972 1.20837323736 -1.20837323736 -0.778576754972 
52.0694856571 111.611773146 1.87895143032 125.673760464 14.4209518433 19988480 0.283249330469 0.0 0.283249330469 -1.09574668379 1.52636747949 -1.52636747949 -1.09574668379 
118.503141935 67.2201593947 2.59144282341 140.83784152 14.0576019287 9830912 0.148907556678 0.0 0.148907556678 -2.00930564045 1.63654109337 -1.63654109337 -2.00930564045 
57.5741199504 126.204051092 1.79219853878 128.240660569 13.1831665039 16580608 0.31133486794 0.0 0.31133486794 -1.10930983785 1.40762469645 -1.40762469645 -1.10930983785 
162.729097614 123.983293021 1.69422471523 127.06247392 11.5003948212 12517376 0.348383817857 0.0 0.348383817857 -1.02108463216 1.35195545772 -1.35195545772 -1.02108463216 
77.4864858226 107.543775238 2.99761748314 130.952308497 11.3403778076 20316672 0.111287804301 0.0 0.111287804301 -1.96473022956 2.26396680635 -2.26396680635 -1.96473022956 
201.038099504 74.9273816961 3.74732780457 125.436397067 11.3289260864 19791873 0.0712125650262 0.0 0.0712125650262 -2.1726964051 3.05317146688 -3.05317146688 -2.1726964051 
48.0313082857 103.584681889 1.31753361225 124.993282256 11.2844429016 8388608 0.576071769336 0.0 0.576071769336 -0.755579689121 1.07934894858 -1.07934894858 -0.755579689121 
133.140916156 99.3116323273 2.72068786621 137.756668874 10.331325531 13304320 0.135096021818 0.0 0.135096021818 -2.01411538337 1.82906579648 -1.82906579648 -2.01411538337 
70.8533113813 151.847419795 1.50781619549 128.348742986 9.55728149414 8388608 0.439848578201 0.0 0.439848578201 -0.935519185811 1.18250307922 -1.18250307922 -0.935519185811 
156.882810558 127.103742486 2.40630316734 123.021590811 9.43416786194 21168384 0.172702774477 0.0 0.172702774477 -1.31132702244 2.01760163893 -2.01760163893 -1.31132702244 
156.825738555 117.925997709 1.47908818722 126.705148628 9.30174827576 8388608 0.457100675252 0.0 0.457100675252 -0.884046857001 1.18581744809 -1.18581744809 -0.884046857001 
156.238873013 124.81674659 1.37222802639 124.17343724 9.07521629333 8388608 0.531064693954 0.0 0.531064693954 -0.770780313088 1.13530060573 -1.13530060573 -0.770780313088 
57.1649285175 64.2571252167 1.52761101723 123.249571497 8.86791992188 8388608 0.428523295619 0.0 0.428523295619 -0.83756922375 1.27752620927 -1.27752620927 -0.83756922375 
128.034041084 136.580579484 1.6567466259 121.89418679 8.86595535278 10878976 0.364324024248 0.0 0.364324024248 -0.875345717395 1.40661979848 -1.40661979848 -0.875345717395 
69.1630083356 143.433487472 1.29849350452 125.468094008 8.7462387085 8388608 0.593089775343 0.0 0.593089775343 -0.753450224385 1.05754344623 -1.05754344623 -0.753450224385 
123.195750579 88.9704757568 2.30881762505 136.737416596 8.68232727051 18153728 0.187594776666 0.0 0.187594776666 -1.68132825877 1.582331859 -1.582331859 -1.68132825877 
51.1986217312 57.8982730329 1.25947213173 122.898114575 8.67946243286 8388608 0.630409683156 0.0 0.630409683156 -0.684078283715 1.05750033208 -1.05750033208 -0.684078283715 
207.983029758 67.9446179143 1.48592853546 122.805077819 8.4972038269 8388608 0.452901912106 0.0 0.452901912106 -0.805050378538 1.24895055968 -1.24895055968 -0.805050378538 
211.278549609 66.9214173653 1.36993658543 123.029656731 8.3052444458 8388608 0.532842763305 0.0 0.532842763305 -0.746715532503 1.14853914239 -1.14853914239 -0.746715532503 
62.3564183321 72.4339153031 1.49001145363 123.828338575 8.30400848389 8388608 0.450423235971 0.0 0.450423235971 -0.829499141105 1.23776625695 -1.23776625695 -0.829499141105 
85.860057938 108.456755765 1.57517969608 134.946819002 8.28886795044 8388608 0.403032241287 0.0 0.403032241287 -1.11278593545 1.11485359434 -1.11485359434 -1.11278593545 
56.0398380514 138.089594852 1.45026004314 125.461054089 7.98096847534 8388608 0.475453705715 0.0 0.475453705715 -0.841367550863 1.18125138607 -1.18125138607 -0.841367550863 
122.891360354 127.559990652 2.03106284142 129.212895047 7.8045501709 8913152 0.242411533256 0.0 0.242411533256 -1.28404543608 1.57367200644 -1.57367200644 -1.28404543608 
150.216099141 125.164673338 1.66731894016 127.003284261 7.7305393219 11337728 0.359718383183 0.0 0.359718383183 -1.00349391265 1.33152259293 -1.33152259293 -1.00349391265 
199.61806279 77.8883988604 2.17200136185 122.552968155 7.60836029053 13762816 0.211972642352 0.0 0.211972642352 -1.16870846768 1.83076771695 -1.83076771695 -1.16870846768 
86.4416375335 53.1268877644 1.40531790257 126.701694643 7.44375991821 8388608 0.506350032649 0.0 0.506350032649 -0.839886643693 1.12672482577 -1.12672482577 -0.839886643693 
56.6272724468 79.0363489772 1.43880987167 124.56723611 7.41401672363 8388608 0.483051218879 0.0 0.483051218879 -0.816341803947 1.18480374153 -1.18480374153 -0.816341803947 
141.795981417 125.60309954 1.98983597755 125.552219479 7.05900192261 24117248 0.252560507831 0.0 0.252560507831 -1.15697958464 1.6189025475 -1.6189025475 -1.15697958464 
104.814032308 40.1037715396 1.77103352547 146.612013337 7.03339385986 15728640 0.318820644349 0.0 0.318820644349 -1.47874793567 0.974609814779 -0.974609814779 -1.47874793567 
182.132533662 80.2197462536 2.22007346153 124.238745552 6.94697952271 15335680 0.202892180368 0.0 0.202892180368 -1.24910779834 1.83533535974 -1.83533535974 -1.24910779834 
89.583563765 151.625123349 1.52647900581 139.773802152 6.81629943848 8388608 0.429159102765 0.0 0.429159102765 -1.16546797352 0.985810609546 -0.985810609546 -1.16546797352 
122.160157769 82.7047823525 1.30213749409 130.310770835 6.55904769897 8388608 0.589774935061 0.0 0.589774935061 -0.842395897061 0.992940686106 -0.992940686106 -0.842395897061 
115.345529318 76.451535475 1.55786573887 130.526424864 6.55397796631 8388608 0.41204053982 0.0 0.41204053982 -1.01229909941 1.18414365415 -1.18414365415 -1.01229909941 
88.2060888212 62.2987390085 1.52285134792 125.500230624 6.36365890503 8388608 0.431206179418 0.0 0.431206179418 -0.884329269124 1.23977335495 -1.23977335495 -0.884329269124 
214.01754907 86.8931850296 2.93656659126 123.687968293 6.26794052124 18874880 0.115963227132 0.0 0.115963227132 -1.6288245418 2.44343077596 -2.44343077596 -1.6288245418 
95.9680337505 69.9890462168 1.59527993202 125.376330456 6.22386169434 8388608 0.392939959492 0.0 0.392939959492 -0.923578357986 1.30073866636 -1.30073866636 -0.923578357986 
59.6078979797 91.183521405 1.490260005 124.240652039 6.17970657349 8388608 0.450273001817 0.0 0.450273001817 -0.838524686223 1.23197046762 -1.23197046762 -0.838524686223 
191.400030162 79.268978766 1.69451951981 124.584522286 6.12328720093 12517376 0.348262608031 0.0 0.348262608031 -0.961845482322 1.39508052497 -1.39508052497 -0.961845482322 
139.094292534 134.011197293 1.95176911354 120.931932777 5.94375991821 22740992 0.262508347359 0.0 0.262508347359 -1.00324718749 1.67418569859 -1.67418569859 -1.00324718749 
188.831196099 71.2103224269 1.55908727646 126.051810717 5.84566497803 8388608 0.411395129085 0.0 0.411395129085 -0.917548711443 1.26049890827 -1.26049890827 -0.917548711443 
123.399392895 47.5415564699 1.33401870728 139.441307769 5.8063583374 8388608 0.561922161315 0.0 0.561922161315 -1.01350775943 0.86741451045 -0.86741451045 -1.01350775943 
135.960789968 141.800994008 1.45257842541 120.51308049 5.65843772888 8388608 0.473937224717 0.0 0.473937224717 -0.73752499052 1.25141558657 -1.25141558657 -0.73752499052 
205.56102892 88.7291456602 1.76713895798 121.824773767 5.61299705505 15532032 0.320227479682 0.0 0.320227479682 -0.931853416228 1.50147570992 -1.50147570992 -0.931853416228 
198.157431408 90.3795005741 2.73055243492 131.238480691 5.52361679077 13566464 0.134121671911 0.0 0.134121671911 -1.79996554158 2.0532999413 -2.0532999413 -1.79996554158 
214.794324692 150.399737409 2.00885462761 127.250308413 5.40130233765 24838144 0.247800957626 0.0 0.247800957626 -1.21595623634 1.59904576113 -1.59904576113 -1.21595623634 
116.702479762 46.804285534 2.65843772888 147.491005222 5.2647895813 11665920 0.141496929672 0.0 0.141496929672 -2.2418793733 1.4287295174 -1.4287295174 -2.2418793733 
243.053062721 103.58644795 1.49003195763 125.46827852 5.10166549683 8388608 0.450410839709 0.0 0.450410839709 -0.864594226633 1.21353700315 -1.21353700315 -0.864594226633 
45.8900545966 138.389260849 1.30031263828 124.323755564 4.96352386475 8388608 0.591431474248 0.0 0.591431474248 -0.733205351741 1.07388214877 -1.07388214877 -0.733205351741 
119.145556248 37.6546599195 1.2515540123 131.922569423 4.87181854248 8388608 0.638411653991 0.0 0.638411653991 -0.836195395508 0.931216787988 -0.931216787988 -0.836195395508 
79.351878121 126.814164311 1.38492894173 124.350018819 4.71352767944 8388608 0.521368775364 0.0 0.521368775364 -0.781442017474 1.14340567908 -1.14340567908 -0.781442017474 
180.297062308 95.6184643892 1.51547384262 130.53605775 4.53577041626 8388608 0.435414723408 0.0 0.435414723408 -0.984946554739 1.15175572583 -1.15175572583 -0.984946554739 
62.5069174078 99.7501848413 1.70025205612 124.602976144 4.44328689575 12779520 0.345918176237 0.0 0.345918176237 -0.965550190763 1.39948915089 -1.39948915089 -0.965550190763 
68.3583618306 106.63483246 1.37761271 124.761466062 4.39250183105 8388608 0.526921255622 0.0 0.526921255622 -0.78546128777 1.13175410057 -1.13175410057 -0.78546128777 
112.880231199 34.6821470186 1.4872841835 134.986991807 4.35356521606 8388608 0.452076655199 0.0 0.452076655199 -1.05142993815 1.05190747105 -1.05190747105 -1.05142993815 
153.311831116 63.8251181489 1.69702064991 136.770331003 4.23171615601 12582912 0.347236800595 0.0 0.347236800595 -1.23647309947 1.16233100299 -1.16233100299 -1.23647309947 
36.0993507785 128.052722972 1.30855607986 124.934638538 4.22988128662 8388608 0.584003326329 0.0 0.584003326329 -0.749333643388 1.0727619051 -1.0727619051 -0.749333643388 
161.586206012 58.7765755793 1.63147723675 131.092464178 4.14212799072 9764864 0.375697203745 0.0 0.375697203745 -1.07233104068 1.22956256986 -1.22956256986 -1.07233104068 
102.343799216 91.2420285099 1.52636253834 124.447434031 4.0901222229 8388608 0.429224598325 0.0 0.429224598325 -0.863386824373 1.25870798438 -1.25870798438 -0.863386824373 
155.425541165 71.2676226811 1.28548038006 124.005782926 4.08098602295 8388608 0.605158440437 0.0 0.605158440437 -0.718939065862 1.06563897596 -1.06563897596 -0.718939065862 
230.92219731 151.163102227 1.62754130363 124.985966176 4.02310943604 9568256 0.377516521113 0.0 0.377516521113 -0.933192762763 1.33343239895 -1.33343239895 -0.933192762763 
250.674922996 118.017901383 1.99364674091 127.591344469 3.97039031982 24248320 0.251595915186 0.0 0.251595915186 -1.21617528557 1.57972940795 -1.57972940795 -1.21617528557 
247.081758337 127.594867889 1.2434399128 125.040355306 3.80902862549 8388608 0.646770782865 0.0 0.646770782865 -0.713925066882 1.01806375813 -1.01806375813 -0.713925066882 
234.923834319 90.6914029408 1.27837157249 125.091479198 3.79537963867 8388608 0.611907520614 0.0 0.611907520614 -0.734914818105 1.04600864599 -1.04600864599 -0.734914818105 
233.692139959 82.7248019728 1.294282794 123.221702429 3.7470703125 8388608 0.59695506919 0.0 0.59695506919 -0.70911182908 1.08274113467 -1.08274113467 -0.70911182908 
130.440624338 144.101036502 1.26121294498 121.349388881 3.70309066772 8388608 0.628670614166 0.0 0.628670614166 -0.65615292221 1.07708933486 -1.07708933486 -0.65615292221 
244.103174064 83.4377577485 1.26097214222 125.801829213 3.68918418884 8388608 0.628910746476 0.0 0.628910746476 -0.737647983583 1.02270533184 -1.02270533184 -0.737647983583 
265.14293557 54.0601664604 1.84811079502 124.929643632 3.64290237427 18808832 0.292781743324 0.0 0.292781743324 -1.05817303111 1.5151842617 -1.5151842617 -1.05817303111 
255.651170873 103.70921949 1.47937881947 125.020286039 3.62691497803 8388608 0.456921092922 0.0 0.456921092922 -0.8489658386 1.21153567689 -1.21153567689 -0.8489658386 
143.104151198 36.7116279412 1.93901908398 124.954069768 3.59281539917 22282240 0.265971947371 0.0 0.265971947371 -1.11090202283 1.58924249367 -1.58924249367 -1.11090202283 
145.392599039 78.3878933067 2.71756148338 132.913571029 3.57572174072 13238784 0.135407039498 0.0 0.135407039498 -1.85037228521 1.99029214491 -1.99029214491 -1.85037228521 
254.54484093 116.568724466 1.2722837925 124.974045417 3.57208251953 8388608 0.617777391291 0.0 0.617777391291 -0.729279822409 1.0425243351 -1.0425243351 -0.729279822409 
155.138044108 47.0958932827 1.53799116611 124.978391045 3.57179260254 8388608 0.422758470543 0.0 0.422758470543 -0.881680280821 1.26018122088 -1.26018122088 -0.881680280821 
256.234593377 121.770155453 1.54138028622 124.966443928 3.56960296631 8388608 0.420901428414 0.0 0.420901428414 -0.883359786232 1.26314238105 -1.26314238105 -0.883359786232 
239.100500569 148.379239073 1.3194797039 124.959931555 3.56251525879 8388608 0.574373733792 0.0 0.574373733792 -0.75606641143 1.08138349836 -1.08138349836 -0.75606641143 
270.864576861 89.3635141067 1.25130867958 124.951272543 3.5444984436 8388608 0.63866201367 0.0 0.63866201367 -0.716849187567 1.02562208141 -1.02562208141 -0.716849187567 
137.227578561 37.1640679651 1.63809788227 124.937457919 3.51670837402 10027008 0.372666455093 0.0 0.372666455093 -0.938109068084 1.34287603608 -1.34287603608 -0.938109068084 
146.693770296 65.1284939784 1.21259975433 123.845429369 3.33683013916 8388608 0.68008790023 0.0 0.68008790023 -0.675362673502 1.00711639022 -1.00711639022 -0.675362673502 
153.462738564 66.8011908122 2.97757506371 140.747465939 3.25872421265 19857920 0.112791029986 0.0 0.112791029986 -2.30572890247 1.88402958796 -1.88402958796 -2.30572890247 
120.278017074 102.228211449 1.53502750397 124.370606259 2.59587478638 8388608 0.424392477448 0.0 0.424392477448 -0.866590001371 1.26701665635 -1.26701665635 -0.866590001371 
