13
155
64.0010059966 120.839036312 6.7381401062 359.310882568 81.4584503174 12058626 0.022025203308 0.0 0.022025203308 6.73765275054 -0.0810401375898 0.0810401375898 6.73765275054 
134.632390697 136.133228151 3.45991754532 350.353759766 76.4193878174 14024705 0.0835350047921 0.0 0.0835350047921 3.41099820783 -0.579759128066 0.579759128066 3.41099820783 
159.095598524 120.328651001 5.12993526459 9.27639770508 72.4050979614 9044481 0.0379993554885 0.0 0.0379993554885 5.06284701457 0.826931633146 -0.826931633146 5.06284701457 
40.3245100265 95.6709236186 1.91105401516 110.613586426 71.3575515747 21233664 0.273813007351 0.0 0.273813007351 -0.672812564605 1.78870084189 -1.78870084189 -0.672812564605 
55.3618402818 173.089608969 1.57450628281 81.5990600586 69.9605407715 8388608 0.403377067225 0.0 0.403377067225 0.230034199047 1.55761173014 -1.55761173014 0.230034199047 
143.089759849 112.904183845 1.71843886375 100.459136963 69.2867355347 13500416 0.338634988208 0.0 0.338634988208 -0.311955471076 1.68988636083 -1.68988636083 -0.311955471076 
136.934810626 164.061395605 5.4561624527 38.0757141113 67.1011352539 13500929 0.0335911919641 0.0 0.0335911919641 4.29507195055 3.36482772959 -3.36482772959 4.29507195055 
141.609962856 114.012988132 3.56688404083 104.92880249 66.8873596191 16187393 0.0785999045487 0.0 0.0785999045487 -0.918895516892 3.44648992306 -3.44648992306 -0.918895516892 
153.594105884 93.4096038884 1.6004114151 65.6566467285 65.499382019 8388608 0.390424191176 0.0 0.390424191176 0.659695764022 1.45812146151 -1.45812146151 0.659695764022 
147.892134918 112.828790334 3.12413954735 111.535568237 65.1089096069 23331328 0.102456413924 0.0 0.102456413924 -1.14680521905 2.90604296267 -2.90604296267 -1.14680521905 
149.298815623 96.4167213593 2.98991465569 70.8849487305 62.6211776733 20185600 0.111861957802 0.0 0.111861957802 0.979095752307 2.82505949603 -2.82505949603 0.979095752307 
105.497564484 105.351565351 2.9280898571 90.8829345703 57.2744293213 18612736 0.116635619278 0.0 0.116635619278 -0.0451204165465 2.92774219481 -2.92774219481 -0.0451204165465 
49.2422520004 97.0616498558 3.43571853638 141.576828003 49.9303359985 13500417 0.0847158834111 0.0 0.0847158834111 -2.69168683343 2.13517770968 -2.13517770968 -2.69168683343 
125.318112441 103.894821957 2.9204621315 83.4490661621 48.1200866699 18481664 0.117245677742 0.0 0.117245677742 0.333185062641 2.90139393664 -2.90139393664 0.333185062641 
104.445599158 161.258424634 6.10807514191 3.60137939453 46.0715637207 21692929 0.026803484561 0.0 0.026803484561 6.09601301565 0.383675972964 -0.383675972964 6.09601301565 
152.975399648 118.251649533 1.33416450024 179.885040283 43.475818634 8388608 0.561799358138 0.0 0.561799358138 -1.33416181474 0.00267689996546 -0.00267689996546 -1.33416181474 
138.850453317 53.2768488467 3.09341692924 145.998077393 41.7150497437 22610432 0.104501634703 0.0 0.104501634703 -2.56450081504 1.72990284924 -1.72990284924 -2.56450081504 
206.43281642 108.180993724 1.48216402531 115.491867065 40.7627677917 8388608 0.455205461514 0.0 0.455205461514 -0.637898160666 1.33786999911 -1.33786999911 -0.637898160666 
159.776552826 88.0341913435 7.64527416229 349.118347168 40.6703186035 21233666 0.0171085763414 0.0 0.0171085763414 7.50780612526 -1.4432824402 1.4432824402 7.50780612526 
103.015932385 190.128859801 1.45447516441 355.393768311 39.4746246338 8388608 0.472701935033 0.0 0.472701935033 1.44977742758 -0.116805027205 0.116805027205 1.44977742758 
71.7990749846 69.8628043824 4.0234208107 19.2895812988 38.8975219727 24903681 0.0617744779835 0.0 0.0617744779835 3.79755013838 1.32910795891 -1.32910795891 3.79755013838 
21.9668091501 124.90300434 1.44275569916 143.039306641 38.0334281921 8388608 0.480412615068 0.0 0.480412615068 -1.15283132342 0.867481381473 -0.867481381473 -1.15283132342 
68.9775703883 62.3896262491 1.39549648762 20.0714416504 37.6097335815 8388608 0.513502431686 0.0 0.513502431686 1.31074160602 0.478922633834 -0.478922633834 1.31074160602 
70.1819045294 185.131434457 3.03634500504 157.03742981 37.1331634521 21299712 0.108467034442 0.0 0.108467034442 -2.79574475743 1.18456837747 -1.18456837747 -2.79574475743 
27.6237682703 92.1593178411 1.3173815012 29.8117675781 36.5707550049 8388608 0.576204808919 0.0 0.576204808919 1.14304366641 0.654939078365 -0.654939078365 1.14304366641 
160.334972111 96.546481655 1.25252509117 177.601470947 36.2385864258 8388608 0.637422120525 0.0 0.637422120525 -1.25142776 0.0524181792765 -0.0524181792765 -1.25142776 
97.615753635 152.07382764 1.35984349251 358.982147217 35.8809242249 8388608 0.540781897606 0.0 0.540781897606 1.35962892094 -0.0241561890563 0.0241561890563 1.35962892094 
163.34848151 105.307740205 2.32929754257 10.6492614746 35.7573776245 18809088 0.184310493937 0.0 0.184310493937 2.28917965294 0.430445767056 -0.430445767056 2.28917965294 
122.244598989 102.725691486 10.2545471191 135.016662598 35.5587844849 9044482 0.0095097046738 0.0 0.0095097046738 -7.25316823213 7.2489507665 -7.2489507665 -7.25316823213 
165.115794602 104.838394537 3.26986169815 10.9723510742 35.1521186829 9895937 0.0935279104503 0.0 0.0935279104503 3.21008583663 0.622370023774 -0.622370023774 3.21008583663 
101.472936982 164.933100406 2.64459514618 20.9736633301 34.8817024231 11272704 0.142982078817 0.0 0.142982078817 2.46937764247 0.946603161869 -0.946603161869 2.46937764247 
151.107638898 130.663025391 1.76309871674 199.506668091 34.7271232605 15400960 0.32169680033 0.0 0.32169680033 -1.66190149831 -0.588727861468 0.588727861468 -1.66190149831 
147.849417803 139.782742225 1.57367134094 200.476898193 34.2516288757 8388608 0.403805219836 0.0 0.403805219836 -1.47423626977 -0.550516948159 0.550516948159 -1.47423626977 
144.751277931 145.923379795 1.44804704189 208.96144104 34.1571807861 8388608 0.476908055775 0.0 0.476908055775 -1.26696264366 -0.701174653782 0.701174653782 -1.26696264366 
179.604961502 160.973513999 4.03386354446 32.8839416504 33.0174751282 8388865 0.0614550524897 0.0 0.0614550524897 3.38752592932 2.19014227245 -2.19014227245 3.38752592932 
128.2110299 167.093016406 1.57310688496 177.506881714 32.816619873 8388608 0.404095055407 0.0 0.404095055407 -1.57161786604 0.0684291943092 -0.0684291943092 -1.57161786604 
116.027216055 123.93839461 2.99011397362 29.8775939941 31.8246994019 20185600 0.111847045092 0.0 0.111847045092 2.59270277101 1.48952137159 -1.48952137159 2.59270277101 
64.8483670709 170.129418846 1.69043505192 165.135360718 31.7872886658 12320768 0.349947601414 0.0 0.349947601414 -1.63386394575 0.433658012171 -0.433658012171 -1.63386394575 
139.705438555 81.3585268824 3.64257693291 169.504013062 31.6424121857 17694721 0.0753672265543 0.0 0.0753672265543 -3.58162813047 0.663556061836 -0.663556061836 -3.58162813047 
85.8764102593 32.7931480205 1.26794338226 39.5383911133 31.5246620178 8388608 0.62201416847 0.0 0.62201416847 0.977835660626 0.807166551235 -0.807166551235 0.977835660626 
100.596612363 153.92066936 3.21960020065 358.812988281 31.2346572876 8781825 0.0964708507418 0.0 0.0964708507418 3.21890929115 -0.0666965319937 0.0666965319937 3.21890929115 
133.708212289 37.8159260045 3.06362080574 272.67956543 29.7105331421 21889536 0.106544240897 0.0 0.106544240897 0.143224864299 -3.06027107943 3.06027107943 0.143224864299 
77.3750044641 45.1200416498 1.1679983139 210.531784058 29.3342208862 8388608 0.733019568016 0.0 0.733019568016 -1.00605240181 -0.593362137392 0.593362137392 -1.00605240181 
208.854584088 188.612678992 1.38075935841 110.706314087 28.8416252136 8388608 0.524522363087 0.0 0.524522363087 -0.488206034485 1.29156930659 -1.29156930659 -0.488206034485 
90.546164959 36.8586220386 4.22599458694 32.6812744141 28.7993240356 11731201 0.055994081765 0.0 0.055994081765 3.55696597383 2.28189029313 -2.28189029313 3.55696597383 
98.9760869344 93.7376253563 2.25403833389 70.695526123 27.8176822662 16449792 0.196823705853 0.0 0.196823705853 0.745158221612 2.12730534607 -2.12730534607 0.745158221612 
196.299717654 158.548225902 1.73687303066 4.70050048828 27.2870101929 14286848 0.331484981404 0.0 0.331484981404 1.73103135529 0.142331906668 -0.142331906668 1.73103135529 
131.383331894 45.7382487844 2.18471479416 144.364639282 27.0143585205 14156032 0.209512770994 0.0 0.209512770994 -1.77560803512 1.27286874321 -1.27286874321 -1.77560803512 
20.4968835927 88.6429573573 1.61084794998 228.90814209 26.7103767395 8847360 0.385381535268 0.0 0.385381535268 -1.05875905696 -1.21402651423 1.21402651423 -1.05875905696 
136.417349754 62.4058754674 1.52082967758 195.899108887 26.5180702209 8388608 0.432353363983 0.0 0.432353363983 -1.46265120557 -0.416622561874 0.416622561874 -1.46265120557 
114.209796623 55.3063096041 6.62081003189 156.71887207 25.46185112 10813442 0.0228127555034 0.0 0.0228127555034 -6.08172127562 2.61682857751 -2.61682857751 -6.08172127562 
154.078276898 79.5389165151 2.30584001541 338.562286377 24.4061183929 18088192 0.188079584519 0.0 0.188079584519 2.14631149421 -0.842760432437 0.842760432437 2.14631149421 
133.715873197 76.6818038581 1.26920604706 245.349609375 24.3103675842 8388608 0.620777167243 0.0 0.620777167243 -0.529360823948 -1.15354285051 1.15354285051 -0.529360823948 
104.764579798 86.244350686 4.4317574501 257.880065918 23.3066101074 15204609 0.0509152678843 0.0 0.0509152678843 -0.930486192579 -4.3329746759 4.3329746759 -0.930486192579 
141.998678977 66.0627209797 3.35355997086 192.797409058 23.2784843445 11730945 0.0889176232857 0.0 0.0889176232857 -3.2702554346 -0.742828291474 0.742828291474 -3.2702554346 
85.9749243152 18.7790789454 2.67134785652 230.222793579 23.2271881104 11993600 0.140132577768 0.0 0.140132577768 -1.70913906531 -2.05303264123 2.05303264123 -1.70913906531 
63.4526947766 163.90652105 1.26715481281 169.843688965 23.0774688721 8388608 0.622788586858 0.0 0.622788586858 -1.24729894272 0.223442760268 -0.223442760268 -1.24729894272 
48.1399513204 75.9174621257 4.24773550034 199.349487305 22.7254486084 12124417 0.0554223667382 0.0 0.0554223667382 -4.00780270803 -1.40739984878 1.40739984878 -4.00780270803 
136.228663578 69.8191183815 1.59787428379 183.312316895 22.6578712463 8388608 0.391665019521 0.0 0.391665019521 -1.59520490535 -0.0923230022586 0.0923230022586 -1.59520490535 
187.845083697 60.678149695 3.58313322067 33.8604431152 22.5092506409 16515073 0.0778886343 0.0 0.0778886343 2.97542362632 1.99642127845 -1.99642127845 2.97542362632 
127.044906889 158.550379897 1.32425522804 210.913909912 21.9600658417 8388608 0.570238594597 0.0 0.570238594597 -1.13613180327 -0.680335530895 0.680335530895 -1.13613180327 
88.6914635553 97.8109006863 2.57887935638 153.875793457 21.6220283508 9437696 0.150361949749 0.0 0.150361949749 -2.31542524082 1.13552837435 -1.13552837435 -2.31542524082 
101.015117912 81.9928509556 2.32773208618 260.697875977 21.5252113342 18743552 0.184558483871 0.0 0.184558483871 -0.376255556956 -2.29712176884 2.29712176884 -0.376255556956 
100.715213412 174.777274235 1.74586117268 349.181610107 20.761882782 14680064 0.328080627508 0.0 0.328080627508 1.71483208234 -0.327692178154 0.327692178154 1.71483208234 
126.348438396 78.154295287 1.50590729713 258.714935303 20.7579650879 8388608 0.440964395073 0.0 0.440964395073 -0.294691782894 -1.47679163752 1.47679163752 -0.294691782894 
92.1358694612 123.690517433 4.35699605942 343.263763428 20.2380905151 13959425 0.0526775618516 0.0 0.0526775618516 4.17243615871 -1.25466775017 1.25466775017 4.17243615871 
118.196812898 39.6193312769 2.64337110519 42.0885925293 20.1161117554 11272704 0.143114528207 0.0 0.143114528207 1.96167029853 1.77179582335 -1.77179582335 1.96167029853 
149.607308948 199.10153692 1.7236456871 49.7327270508 20.0297203064 13762560 0.336592167688 0.0 0.336592167688 1.11408535657 1.31520655144 -1.31520655144 1.11408535657 
120.123313313 84.1090223905 4.49461317062 259.421142578 19.3459434509 16187649 0.049501158134 0.0 0.049501158134 -0.825159863058 -4.41821895722 4.41821895722 -0.825159863058 
118.254702647 81.7314252779 2.93905687332 261.452026367 18.8494796753 18940416 0.115766797588 0.0 0.115766797588 -0.436853948662 -2.906409113 2.906409113 -0.436853948662 
134.93622627 158.593048242 1.56942117214 41.8411865234 18.4832572937 8388608 0.405995281068 0.0 0.405995281068 1.16921355747 1.04691091913 -1.04691091913 1.16921355747 
96.3982735659 73.4551639892 1.46313500404 19.4319458008 18.2828140259 8388608 0.467122943626 0.0 0.467122943626 1.37979090099 0.486765970058 -0.486765970058 1.37979090099 
126.895078179 69.0579425966 1.87470161915 254.399658203 18.1862411499 19791872 0.28453499702 0.0 0.28453499702 -0.504155194645 -1.80563941598 1.80563941598 -0.504155194645 
108.323108041 113.176567215 1.75781190395 187.867858887 16.9725952148 15138816 0.32363478738 0.0 0.32363478738 -1.74126458236 -0.24062490292 0.24062490292 -1.74126458236 
128.737199375 25.9382793142 1.83297419548 258.678436279 16.7720870972 18219008 0.29763726007 0.0 0.29763726007 -0.35984068195 -1.79730606323 1.79730606323 -0.35984068195 
45.8302976527 168.240113725 1.81091535091 162.48614502 15.8137283325 17301504 0.304932489626 0.0 0.304932489626 -1.726968935 0.5449703714 -0.5449703714 -1.726968935 
97.8916859226 197.141053099 1.32815754414 243.018341064 15.8065471649 8388608 0.566892632814 0.0 0.566892632814 -0.602592056759 -1.18358999454 1.18358999454 -0.602592056759 
191.851114229 101.638517851 1.35460400581 327.169311523 15.4243965149 8388608 0.544973379768 0.0 0.544973379768 1.13824169062 -0.734409876223 0.734409876223 1.13824169062 
189.837499821 108.94753933 2.02778911591 8.53207397461 14.997592926 8782080 0.243194878438 0.0 0.243194878438 2.00534750323 0.300848948633 -0.300848948633 2.00534750323 
153.031390749 24.8553985979 3.09161758423 282.31137085 14.9388809204 22544896 0.104623311598 0.0 0.104623311598 0.659207949929 -3.02052051241 3.02052051241 0.659207949929 
46.5676775283 137.747577081 1.98776578903 317.601013184 14.6420936584 24051712 0.253086847636 0.0 0.253086847636 1.46789996462 -1.34032926026 1.34032926026 1.46789996462 
182.758484209 40.7127832651 2.1909031868 297.758972168 14.6167106628 14352640 0.208330869217 0.0 0.208330869217 1.02041994723 -1.93876246746 1.93876246746 1.02041994723 
164.232807232 184.917148588 1.49122285843 40.7524414062 14.5864334106 8388608 0.449691724597 0.0 0.449691724597 1.12965674286 0.973458400145 -0.973458400145 1.12965674286 
172.714379049 56.5878266256 2.2085442543 49.6615905762 14.4140205383 14942464 0.205016015183 0.0 0.205016015183 1.4295926941 1.68342877847 -1.68342877847 1.4295926941 
206.289154709 118.252044987 2.12601089478 187.62802124 13.5105361938 12189952 0.221242740065 0.0 0.221242740065 -2.10719727165 -0.282209112313 0.282209112313 -2.10719727165 
173.134675731 173.850435553 1.40971386433 37.884552002 13.4421043396 8388608 0.503197017143 0.0 0.503197017143 1.11261621457 0.865666412863 -0.865666412863 1.11261621457 
179.261439395 109.344030754 2.22563719749 290.28717041 12.6144065857 15532288 0.201879052474 0.0 0.201879052474 0.771685464159 -2.08757334704 2.08757334704 0.771685464159 
86.1833924959 84.9350311935 2.48666739464 193.715209961 12.516368866 23527680 0.161720323055 0.0 0.161720323055 -2.41576309217 -0.58957901428 0.58957901428 -2.41576309217 
116.571346696 165.610438115 2.75489354134 186.67276001 12.306022644 14221824 0.131762054598 0.0 0.131762054598 -2.73623190839 -0.320114616381 0.320114616381 -2.73623190839 
79.9985780787 173.978567171 1.64217865467 322.427612305 12.2263679504 10223616 0.370816622925 0.0 0.370816622925 1.30156386328 -1.00134022373 1.00134022373 1.30156386328 
58.5439733107 65.3127131862 1.77181184292 199.522842407 12.1826553345 15728640 0.318540604264 0.0 0.318540604264 -1.66994743117 -0.592108760127 0.592108760127 -1.66994743117 
182.156362623 53.9831591059 1.33761775494 218.14402771 11.9650344849 8388608 0.558902369033 0.0 0.558902369033 -1.05198371792 -0.826166760131 0.826166760131 -1.05198371792 
111.052396032 48.1653979169 1.7774579525 39.3737182617 11.7037239075 15990784 0.316520124785 0.0 0.316520124785 1.37401880255 1.12757665067 -1.12757665067 1.37401880255 
178.626299794 46.7199543437 1.57370638847 41.1225280762 11.0459136963 8388608 0.403787233993 0.0 0.403787233993 1.18548067266 1.034981822 -1.034981822 1.18548067266 
144.203555848 121.491088522 1.94441974163 190.511810303 10.6972084045 22478848 0.264496516364 0.0 0.264496516364 -1.91178717259 -0.354736435071 0.354736435071 -1.91178717259 
55.0055847067 190.62403131 3.95011878014 157.118469238 10.5148086548 23592961 0.0640884384471 0.0 0.0640884384471 -3.63928705956 1.53591278246 -1.53591278246 -3.63928705956 
88.3066025102 158.833857188 1.34997749329 176.445129395 10.2645683289 8388608 0.548715140803 0.0 0.548715140803 -1.34737996946 0.0837045416081 -0.0837045416081 -1.34737996946 
192.182509128 94.3061621614 3.65695476532 340.910888672 10.1109924316 18022401 0.074775757846 0.0 0.074775757846 3.45586277456 -1.19596431344 1.19596431344 3.45586277456 
188.711316832 172.29382172 1.44801294804 161.593414307 10.0552940369 8388608 0.476930513898 0.0 0.476930513898 -1.37393220601 0.457221818115 -0.457221818115 -1.37393220601 
153.525967144 168.861883286 1.20848453045 30.3712768555 9.95928955078 8388608 0.684727561057 0.0 0.684727561057 1.04264086575 0.611011362743 -0.611011362743 1.04264086575 
76.1542902905 126.869576062 1.28446149826 206.815338135 9.93365097046 8388608 0.606118888795 0.0 0.606118888795 -1.14633704167 -0.579441737723 0.579441737723 -1.14633704167 
177.261396581 118.82508226 1.40523731709 183.11114502 9.80367279053 8388608 0.506408109146 0.0 0.506408109146 -1.40316618301 -0.0762665075888 0.0762665075888 -1.40316618301 
170.177201132 115.466604705 1.4290112257 96.4371032715 9.3540687561 8388608 0.489698438434 0.0 0.489698438434 -0.160209945739 1.42000206213 -1.42000206213 -0.160209945739 
174.687215705 135.645415434 1.30679440498 194.181091309 9.23738288879 8388608 0.585578964332 0.0 0.585578964332 -1.26697148314 -0.320148212246 0.320148212246 -1.26697148314 
75.8579605079 135.732106977 1.4560136795 194.655609131 9.16806793213 8388608 0.471703489981 0.0 0.471703489981 -1.40864091407 -0.368383781024 0.368383781024 -1.40864091407 
170.426037616 144.312494836 1.88386070728 202.809844971 9.06653594971 20185088 0.281774977779 0.0 0.281774977779 -1.73653630495 -0.730323781647 0.730323781647 -1.73653630495 
162.11716935 159.261336664 1.40298485756 212.24420166 9.00045776367 8388608 0.5080354673 0.0 0.5080354673 -1.18661908517 -0.748533003441 0.748533003441 -1.18661908517 
175.125812732 127.404788747 1.70670354366 210.272781372 8.78819274902 13041664 0.343307917615 0.0 0.343307917615 -1.47396913916 -0.86037896462 0.86037896462 -1.47396913916 
207.389866819 93.8983850416 2.03647708893 269.726409912 8.47616577148 9109760 0.241124279546 0.0 0.241124279546 -0.00972423855956 -2.03645387203 2.03645387203 -0.00972423855956 
103.288350013 59.1110117292 1.72738182545 35.3674316406 8.40269470215 13893632 0.33513771806 0.0 0.33513771806 1.40860550102 0.999839243772 -0.999839243772 1.40860550102 
56.8169615827 182.901103043 2.07093429565 159.976409912 8.38073348999 10289408 0.233167147347 0.0 0.233167147347 -1.9457498857 0.709102417994 -0.709102417994 -1.9457498857 
147.498876514 186.241073264 2.17098498344 48.6047973633 8.20822143555 13697280 0.212171165003 0.0 0.212171165003 1.43556177169 1.62860007307 -1.62860007307 1.43556177169 
164.660441675 171.230899818 1.61720430851 58.2448120117 8.03379821777 9109504 0.382358034624 0.0 0.382358034624 0.851119941321 1.37511622089 -1.37511622089 0.851119941321 
77.188311262 109.651838164 1.28846621513 186.334350586 7.98606872559 8388608 0.602356954985 0.0 0.602356954985 -1.28060011307 -0.142156737226 0.142156737226 -1.28060011307 
178.91854673 101.137160038 1.29640674591 327.346313477 7.68260574341 8388608 0.595000643641 0.0 0.595000643641 1.09150602391 -0.699489135448 0.699489135448 1.09150602391 
130.682326568 57.174253369 1.27255213261 198.962692261 7.66661071777 8388608 0.617516880195 0.0 0.617516880195 -1.2034911948 -0.413518892251 0.413518892251 -1.2034911948 
165.879731088 154.545831285 1.5758523941 202.217391968 7.50177001953 8388608 0.40268822287 0.0 0.40268822287 -1.45885457208 -0.595864167019 0.595864167019 -1.45885457208 
168.559085478 46.306411178 1.24617433548 73.5540466309 7.49533462524 8388608 0.643935538499 0.0 0.643935538499 0.352805377943 1.195189876 -1.195189876 0.352805377943 
116.7977933 25.7058497774 1.73943161964 42.1265869141 7.4535369873 14417920 0.33051051361 0.0 0.33051051361 1.29007496701 1.1667600177 -1.1667600177 1.29007496701 
37.9768965733 103.089100346 1.69720160961 111.572814941 7.44802474976 12648448 0.347162758103 0.0 0.347162758103 -0.624032792711 1.57831441015 -1.57831441015 -0.624032792711 
157.542732044 176.031923004 2.17303848267 59.8523254395 7.41242599487 13762816 0.211770355296 0.0 0.211770355296 1.09136606671 1.87909987909 -1.87909987909 1.09136606671 
120.645854854 155.517819361 1.22486627102 202.815719604 7.3006477356 8388608 0.66653452314 0.0 0.66653452314 -1.12902881264 -0.474964548264 0.474964548264 -1.12902881264 
155.181629997 182.677200598 1.30217587948 237.573577881 6.90875244141 8388608 0.589740164938 0.0 0.589740164938 -0.698247674635 -1.09914157685 1.09914157685 -0.698247674635 
109.172739475 38.3240615599 1.46099770069 214.437393188 6.699634552 8388608 0.468490657899 0.0 0.468490657899 -1.20494997268 -0.826202060497 0.826202060497 -1.20494997268 
44.1756220168 106.660948672 2.05546665192 176.315628052 6.66325759888 9765120 0.236689574938 0.0 0.236689574938 -2.05121837859 0.132084520214 -0.132084520214 -2.05121837859 
135.274345207 84.161700266 1.57761752605 115.620697021 6.23406028748 8388608 0.401787624093 0.0 0.401787624093 -0.682179946074 1.42250046738 -1.42250046738 -0.682179946074 
188.385128106 33.7736784558 1.21005094051 290.48614502 5.94141387939 8388608 0.682955949813 0.0 0.682955949813 0.423494680436 -1.13352350407 1.13352350407 0.423494680436 
67.8980486155 34.8518327786 1.3292568922 211.656707764 5.90938949585 8388608 0.56595533527 0.0 0.56595533527 -1.13147397937 -0.697632080313 0.697632080313 -1.13147397937 
49.9518861914 67.6632513063 1.75192034245 177.169815063 5.68121337891 14942208 0.325815160848 0.0 0.325815160848 -1.74978346105 0.0865027497338 -0.0865027497338 -1.74978346105 
179.044647197 91.516104108 1.37701320648 357.100524902 5.65124511719 8388608 0.527380161765 0.0 0.527380161765 1.37525038259 -0.0696545475975 0.0696545475975 1.37525038259 
103.658916762 44.9483422955 1.33740496635 207.240203857 5.64763641357 8388608 0.559080232144 0.0 0.559080232144 -1.18908062152 -0.612159554 0.612159554 -1.18908062152 
116.739455972 146.261252035 1.4886122942 154.40071106 5.62815475464 8388608 0.451270347194 0.0 0.451270347194 -1.34248696844 0.643191497156 -0.643191497156 -1.34248696844 
123.07499641 95.6083357241 1.62416923046 239.475189209 5.62111473083 9437184 0.379085735471 0.0 0.379085735471 -0.824934110937 -1.39907448043 1.39907448043 -0.824934110937 
185.108901626 72.8150951385 1.29613447189 350.058532715 5.52489089966 8388608 0.595250648922 0.0 0.595250648922 1.27667254112 -0.223767271943 0.223767271943 1.27667254112 
68.6674420494 27.953707604 1.68291115761 226.503158569 5.48040771484 11993088 0.353083660549 0.0 0.353083660549 -1.15837229777 -1.22080448237 1.22080448237 -1.15837229777 
116.488046919 207.490168214 1.47847878933 1.02667236328 5.42349147797 8388608 0.457477567495 0.0 0.457477567495 1.47824143784 0.0264911673657 -0.0264911673657 1.47824143784 
171.458285775 161.629461388 1.58101010323 61.793762207 5.25508117676 8388608 0.400065139166 0.0 0.400065139166 0.74725922313 1.39326831585 -1.39326831585 0.74725922313 
115.99885905 150.651627334 1.30819118023 203.667327881 5.14777374268 8388608 0.584329169103 0.0 0.584329169103 -1.19816137801 -0.525141386936 0.525141386936 -1.19816137801 
111.974291821 87.2658949231 1.52224004269 225.103424072 4.86376571655 8388608 0.431552578825 0.0 0.431552578825 -1.07444152951 -1.0783274768 1.0783274768 -1.07444152951 
93.7632847176 52.6635668152 2.19653749466 28.1611328125 4.42351150513 14549248 0.207263466718 0.0 0.207263466718 1.93651975262 1.03666205349 -1.03666205349 1.93651975262 
118.770177124 88.1742834809 1.83962917328 265.955200195 4.33008003235 18481152 0.295487711013 0.0 0.295487711013 -0.129760914434 -1.83504702944 1.83504702944 -0.129760914434 
86.248431155 64.226649855 1.97078311443 27.2041320801 4.16120147705 23461888 0.257467451823 0.0 0.257467451823 1.75278179842 0.900967286456 -0.900967286456 1.75278179842 
176.296818156 79.1457940103 1.26752877235 356.659851074 4.16051864624 8388608 0.622421157916 0.0 0.622421157916 1.26537553835 -0.0738507662806 0.0738507662806 1.26537553835 
204.231352478 63.0968621921 1.30841565132 81.5895385742 4.10231781006 8388608 0.584128691899 0.0 0.584128691899 0.191373653754 1.29434448323 -1.29434448323 0.191373653754 
176.79541171 82.5627746193 1.65754044056 358.967132568 4.08405303955 10878976 0.363975150106 0.0 0.363975150106 1.657271122 -0.0298787594439 0.0298787594439 1.657271122 
81.6622007659 75.8601148058 1.83280956745 18.8991699219 3.92749786377 18153472 0.297690731676 0.0 0.297690731676 1.73400289808 0.593653821666 -0.593653821666 1.73400289808 
201.204564804 86.9983693386 1.67794251442 269.798156738 3.82051849365 11796480 0.35517782546 0.0 0.35517782546 -0.0059110931458 -1.67793210252 1.67793210252 -0.0059110931458 
198.826369104 28.2035065618 1.3068343401 270.875274658 3.75183868408 8388608 0.585543175857 0.0 0.585543175857 0.0199629798414 -1.30668185565 1.30668185565 0.0199629798414 
180.060690746 205.421274059 1.66218984127 288.251586914 3.75075912476 11141120 0.361941808889 0.0 0.361941808889 0.520581419331 -1.57856582196 1.57856582196 0.520581419331 
130.677692172 95.0194665562 1.30995798111 268.107788086 3.71419143677 8388608 0.582754008545 0.0 0.582754008545 -0.0432539284083 -1.3092436786 1.3092436786 -0.0432539284083 
186.884734135 83.3899301066 1.46755325794 354.423217773 3.71171951294 8388608 0.464314512669 0.0 0.464314512669 1.46060712505 -0.14261623734 0.14261623734 1.46060712505 
67.0874595746 200.890522256 1.29335606098 146.464019775 3.5919303894 8388608 0.597810852356 0.0 0.597810852356 -1.07806279005 0.714528180816 -0.714528180816 -1.07806279005 
184.569630373 22.1636802919 1.56902647018 284.794799805 3.54912567139 8388608 0.406199569894 0.0 0.406199569894 0.400663473111 -1.51700785939 1.51700785939 0.400663473111 
108.963977417 29.1776403546 1.39265620708 42.7797851562 3.31402587891 8388608 0.51559911316 0.0 0.51559911316 1.02216723055 0.945867572082 -0.945867572082 1.02216723055 
132.906606019 199.452257273 1.53068482876 358.290771484 3.18812942505 8388608 0.426803964154 0.0 0.426803964154 1.53000377943 -0.0456561049608 0.0456561049608 1.53000377943 
