13
124
134.632390697 136.133228151 3.45991754532 130.816571891 76.4193878174 14024705 0.0835350047921 0.0 0.0835350047921 -2.26153886226 2.61848647025 -2.61848647025 -2.26153886226 
40.3245100265 95.6709236186 1.91105401516 140.096325996 71.3575515747 21233664 0.273813007351 0.0 0.273813007351 -1.46601543522 1.22593890245 -1.22593890245 -1.46601543522 
55.3618402818 173.089608969 1.57450628281 127.063178245 69.9605407715 8388608 0.403377067225 0.0 0.403377067225 -0.948947516367 1.25641101785 -1.25641101785 -0.948947516367 
143.089759849 112.904183845 1.71843886375 134.941286747 69.2867355347 13500416 0.338634988208 0.0 0.338634988208 -1.21387395451 1.21636431673 -1.21636431673 -1.21387395451 
141.609962856 114.012988132 3.56688404083 132.247081765 66.8873596191 16187393 0.0785999045487 0.0 0.0785999045487 -2.39811995542 2.64039437209 -2.64039437209 -2.39811995542 
153.594105884 93.4096038884 1.6004114151 126.430498057 65.499382019 8388608 0.390424191176 0.0 0.390424191176 -0.950399902762 1.28765551388 -1.28765551388 -0.950399902762 
147.892134918 112.828790334 3.12413954735 142.431418825 65.1089096069 23331328 0.102456413924 0.0 0.102456413924 -2.47626831138 1.90482103132 -1.90482103132 -2.47626831138 
149.298815623 96.4167213593 2.98991465569 132.047140294 62.6211776733 20185600 0.111861957802 0.0 0.111861957802 -2.00247083741 2.22029281708 -2.22029281708 -2.00247083741 
105.497564484 105.351565351 2.9280898571 137.069495344 57.2744293213 18612736 0.116635619278 0.0 0.116635619278 -2.14388992856 1.99435357585 -1.99435357585 -2.14388992856 
125.318112441 103.894821957 2.9204621315 129.606340269 48.1200866699 18481664 0.117245677742 0.0 0.117245677742 -1.86182162237 2.25004873459 -2.25004873459 -1.86182162237 
104.445599158 161.258424634 6.10807514191 126.065780759 46.0715637207 21692929 0.026803484561 0.0 0.026803484561 -3.59590745374 4.93741141929 -4.93741141929 -3.59590745374 
152.975399648 118.251649533 1.33416450024 140.489753995 43.475818634 8388608 0.561799358138 0.0 0.561799358138 -1.02932235213 0.848817064568 -0.848817064568 -1.02932235213 
138.850453317 53.2768488467 3.09341692924 130.393042182 41.7150497437 22610432 0.104501634703 0.0 0.104501634703 -2.00461898385 2.35599894476 -2.35599894476 -2.00461898385 
103.015932385 190.128859801 1.45447516441 128.49976939 39.4746246338 8388608 0.472701935033 0.0 0.472701935033 -0.905427496989 1.13828777187 -1.13828777187 -0.905427496989 
71.7990749846 69.8628043824 4.0234208107 133.242287577 38.8975219727 24903681 0.0617744779835 0.0 0.0617744779835 -2.75638500533 2.9309139739 -2.9309139739 -2.75638500533 
68.9775703883 62.3896262491 1.39549648762 128.933914702 37.6097335815 8388608 0.513502431686 0.0 0.513502431686 -0.876962937416 1.08551667576 -1.08551667576 -0.876962937416 
70.1819045294 185.131434457 3.03634500504 126.373830626 37.1331634521 21299712 0.108467034442 0.0 0.108467034442 -1.80070803706 2.44475797469 -2.44475797469 -1.80070803706 
27.6237682703 92.1593178411 1.3173815012 123.856969221 36.5707550049 8388608 0.576204808919 0.0 0.576204808919 -0.733941674782 1.09399434995 -1.09399434995 -0.733941674782 
160.334972111 96.546481655 1.25252509117 129.977168211 36.2385864258 8388608 0.637422120525 0.0 0.637422120525 -0.804725198492 0.959810637014 -0.959810637014 -0.804725198492 
97.615753635 152.07382764 1.35984349251 125.453015388 35.8809242249 8388608 0.540781897606 0.0 0.540781897606 -0.78875703281 1.10771687146 -1.10771687146 -0.78875703281 
163.34848151 105.307740205 2.32929754257 130.975870751 35.7573776245 18809088 0.184310493937 0.0 0.184310493937 -1.52741621741 1.75858657468 -1.75858657468 -1.52741621741 
165.115794602 104.838394537 3.26986169815 130.570295882 35.1521186829 9895937 0.0935279104503 0.0 0.0935279104503 -2.12665427722 2.4838150314 -2.4838150314 -2.12665427722 
101.472936982 164.933100406 2.64459514618 124.228425881 34.8817024231 11272704 0.142982078817 0.0 0.142982078817 -1.48756796118 2.18655552137 -2.18655552137 -1.48756796118 
151.107638898 130.663025391 1.76309871674 135.518759738 34.7271232605 15400960 0.32169680033 0.0 0.32169680033 -1.25793549975 1.23536041843 -1.23536041843 -1.25793549975 
147.849417803 139.782742225 1.57367134094 131.390387985 34.2516288757 8388608 0.403805219836 0.0 0.403805219836 -1.04048948504 1.1806028633 -1.1806028633 -1.04048948504 
144.751277931 145.923379795 1.44804704189 127.145131192 34.1571807861 8388608 0.476908055775 0.0 0.476908055775 -0.874383002737 1.15425066604 -1.15425066604 -0.874383002737 
128.2110299 167.093016406 1.57310688496 131.085671663 32.816619873 8388608 0.404095055407 0.0 0.404095055407 -1.03382504301 1.18569433327 -1.18569433327 -1.03382504301 
116.027216055 123.93839461 2.99011397362 128.603930394 31.8246994019 20185600 0.111847045092 0.0 0.111847045092 -1.86563139854 2.33670731158 -2.33670731158 -1.86563139854 
64.8483670709 170.129418846 1.69043505192 130.060194121 31.7872886658 12320768 0.349947601414 0.0 0.349947601414 -1.08795056056 1.293806107 -1.293806107 -1.08795056056 
139.705438555 81.3585268824 3.64257693291 125.583824521 31.6424121857 17694721 0.0753672265543 0.0 0.0753672265543 -2.11959146212 2.96238058761 -2.96238058761 -2.11959146212 
85.8764102593 32.7931480205 1.26794338226 120.429226444 31.5246620178 8388608 0.62201416847 0.0 0.62201416847 -0.642179931175 1.09329106674 -1.09329106674 -0.642179931175 
100.596612363 153.92066936 3.21960020065 127.003286219 31.2346572876 8781825 0.0964708507418 0.0 0.0964708507418 -1.93775124314 2.57117591226 -2.57117591226 -1.93775124314 
77.3750044641 45.1200416498 1.1679983139 124.591070484 29.3342208862 8388608 0.733019568016 0.0 0.733019568016 -0.663090691645 0.961525244565 -0.961525244565 -0.663090691645 
98.9760869344 93.7376253563 2.25403833389 130.391665582 27.8176822662 16449792 0.196823705853 0.0 0.196823705853 -1.46063739389 1.71674902482 -1.71674902482 -1.46063739389 
131.383331894 45.7382487844 2.18471479416 131.802758652 27.0143585205 14156032 0.209512770994 0.0 0.209512770994 -1.45626176249 1.62858233164 -1.62858233164 -1.45626176249 
136.417349754 62.4058754674 1.52082967758 124.823505568 26.5180702209 8388608 0.432353363983 0.0 0.432353363983 -0.868470389248 1.24847190245 -1.24847190245 -0.868470389248 
154.078276898 79.5389165151 2.30584001541 125.594614718 24.4061183929 18088192 0.188079584519 0.0 0.188079584519 -1.34210621085 1.87500642545 -1.87500642545 -1.34210621085 
133.715873197 76.6818038581 1.26920604706 137.072683721 24.3103675842 8388608 0.620777167243 0.0 0.620777167243 -0.929335863337 0.864418210708 -0.864418210708 -0.929335863337 
104.764579798 86.244350686 4.4317574501 133.649266735 23.3066101074 15204609 0.0509152678843 0.0 0.0509152678843 -3.05898503728 3.20672490841 -3.20672490841 -3.05898503728 
141.998678977 66.0627209797 3.35355997086 128.689158097 23.2784843445 11730945 0.0889176232857 0.0 0.0889176232857 -2.09629345836 2.61761689606 -2.61761689606 -2.09629345836 
63.4526947766 163.90652105 1.26715481281 130.539015828 23.0774688721 8388608 0.622788586858 0.0 0.622788586858 -0.823607164531 0.962991463185 -0.962991463185 -0.823607164531 
136.228663578 69.8191183815 1.59787428379 132.00617893 22.6578712463 8388608 0.391665019521 0.0 0.391665019521 -1.06931464018 1.18733669491 -1.18733669491 -1.06931464018 
127.044906889 158.550379897 1.32425522804 128.399986502 21.9600658417 8388608 0.570238594597 0.0 0.570238594597 -0.82255795093 1.03781035183 -1.03781035183 -0.82255795093 
88.6914635553 97.8109006863 2.57887935638 128.513079629 21.6220283508 9437696 0.150361949749 0.0 0.150361949749 -1.60585083543 2.01788548464 -2.01788548464 -1.60585083543 
101.015117912 81.9928509556 2.32773208618 127.254734352 21.5252113342 18743552 0.184558483871 0.0 0.184558483871 -1.4091153362 1.85276297305 -1.85276297305 -1.4091153362 
100.715213412 174.777274235 1.74586117268 130.019107843 20.761882782 14680064 0.328080627508 0.0 0.328080627508 -1.12266388595 1.3370329216 -1.3370329216 -1.12266388595 
126.348438396 78.154295287 1.50590729713 130.709793043 20.7579650879 8388608 0.440964395073 0.0 0.440964395073 -0.982194867352 1.14151216818 -1.14151216818 -0.982194867352 
92.1358694612 123.690517433 4.35699605942 130.225884454 20.2380905151 13959425 0.0526775618516 0.0 0.0526775618516 -2.81375973701 3.32658545721 -3.32658545721 -2.81375973701 
149.607308948 199.10153692 1.7236456871 124.954212545 20.0297203064 13762560 0.336592167688 0.0 0.336592167688 -0.987513904503 1.41271750293 -1.41271750293 -0.987513904503 
120.123313313 84.1090223905 4.49461317062 134.617109624 19.3459434509 16187649 0.049501158134 0.0 0.049501158134 -3.15686188482 3.19933908702 -3.19933908702 -3.15686188482 
118.254702647 81.7314252779 2.93905687332 134.219052685 18.8494796753 18940416 0.115766797588 0.0 0.115766797588 -2.04970843284 2.10635957162 -2.10635957162 -2.04970843284 
134.93622627 158.593048242 1.56942117214 122.492755001 18.4832572937 8388608 0.405995281068 0.0 0.405995281068 -0.843082001775 1.32374300899 -1.32374300899 -0.843082001775 
96.3982735659 73.4551639892 1.46313500404 126.222136556 18.2828140259 8388608 0.467122943626 0.0 0.467122943626 -0.864591928511 1.18035792758 -1.18035792758 -0.864591928511 
126.895078179 69.0579425966 1.87470161915 127.87144459 18.1862411499 19791872 0.28453499702 0.0 0.28453499702 -1.15086405535 1.47987096969 -1.47987096969 -1.15086405535 
108.323108041 113.176567215 1.75781190395 132.403291394 16.9725952148 15138816 0.32363478738 0.0 0.32363478738 -1.18537133005 1.29799749598 -1.29799749598 -1.18537133005 
45.8302976527 168.240113725 1.81091535091 124.709604047 15.8137283325 17301504 0.304932489626 0.0 0.304932489626 -1.03116657504 1.48866043902 -1.48866043902 -1.03116657504 
97.8916859226 197.141053099 1.32815754414 126.062641411 15.8065471649 8388608 0.566892632814 0.0 0.566892632814 -0.78184570222 1.07364787522 -1.07364787522 -0.78184570222 
191.851114229 101.638517851 1.35460400581 125.841397226 15.4243965149 8388608 0.544973379768 0.0 0.544973379768 -0.793179611832 1.09809749838 -1.09809749838 -0.793179611832 
46.5676775283 137.747577081 1.98776578903 137.526244664 14.6420936584 24051712 0.253086847636 0.0 0.253086847636 -1.46614964343 1.34224366458 -1.34224366458 -1.46614964343 
182.758484209 40.7127832651 2.1909031868 140.856275295 14.6167106628 14352640 0.208330869217 0.0 0.208330869217 -1.69918758284 1.38304675707 -1.38304675707 -1.69918758284 
164.232807232 184.917148588 1.49122285843 126.081532885 14.5864334106 8388608 0.449691724597 0.0 0.449691724597 -0.878234679129 1.20517611239 -1.20517611239 -0.878234679129 
172.714379049 56.5878266256 2.2085442543 124.994560433 14.4140205383 14942464 0.205016015183 0.0 0.205016015183 -1.26659718105 1.80925379761 -1.80925379761 -1.26659718105 
173.134675731 173.850435553 1.40971386433 126.508679551 13.4421043396 8388608 0.503197017143 0.0 0.503197017143 -0.838701585695 1.13308112217 -1.13308112217 -0.838701585695 
179.261439395 109.344030754 2.22563719749 132.765287035 12.6144065857 15532288 0.201879052474 0.0 0.201879052474 -1.51120019073 1.63393234818 -1.63393234818 -1.51120019073 
86.1833924959 84.9350311935 2.48666739464 126.565229505 12.516368866 23527680 0.161720323055 0.0 0.161720323055 -1.48140118536 1.99723940968 -1.99723940968 -1.48140118536 
116.571346696 165.610438115 2.75489354134 126.793299845 12.306022644 14221824 0.131762054598 0.0 0.131762054598 -1.64998827048 2.20612264648 -2.20612264648 -1.64998827048 
79.9985780787 173.978567171 1.64217865467 140.727758188 12.2263679504 10223616 0.370816622925 0.0 0.370816622925 -1.27128763637 1.03950876835 -1.03950876835 -1.27128763637 
58.5439733107 65.3127131862 1.77181184292 129.913203469 12.1826553345 15728640 0.318540604264 0.0 0.318540604264 -1.13684125983 1.35901035929 -1.35901035929 -1.13684125983 
182.156362623 53.9831591059 1.33761775494 122.849954619 11.9650344849 8388608 0.558902369033 0.0 0.558902369033 -0.725578540421 1.12372462819 -1.12372462819 -0.725578540421 
111.052396032 48.1653979169 1.7774579525 125.633376991 11.7037239075 15990784 0.316520124785 0.0 0.316520124785 -1.03554084203 1.44464941677 -1.44464941677 -1.03554084203 
178.626299794 46.7199543437 1.57370638847 125.338887368 11.0459136963 8388608 0.403787233993 0.0 0.403787233993 -0.910249737572 1.28374343713 -1.28374343713 -0.910249737572 
144.203555848 121.491088522 1.94441974163 136.894481258 10.6972084045 22478848 0.264496516364 0.0 0.264496516364 -1.41961397042 1.32870775817 -1.32870775817 -1.41961397042 
88.3066025102 158.833857188 1.34997749329 124.021077606 10.2645683289 8388608 0.548715140803 0.0 0.548715140803 -0.755309500557 1.11890428132 -1.11890428132 -0.755309500557 
188.711316832 172.29382172 1.44801294804 125.527289852 10.0552940369 8388608 0.476930513898 0.0 0.476930513898 -0.84142678697 1.17844917576 -1.17844917576 -0.84142678697 
153.525967144 168.861883286 1.20848453045 124.007560826 9.95928955078 8388608 0.684727561057 0.0 0.684727561057 -0.675908176774 1.00178989659 -1.00178989659 -0.675908176774 
76.1542902905 126.869576062 1.28446149826 123.8706565 9.93365097046 8388608 0.606118888795 0.0 0.606118888795 -0.715856021566 1.06648558213 -1.06648558213 -0.715856021566 
177.261396581 118.82508226 1.40523731709 124.310784563 9.80367279053 8388608 0.506408109146 0.0 0.506408109146 -0.792106324055 1.16071507646 -1.16071507646 -0.792106324055 
170.177201132 115.466604705 1.4290112257 129.452481874 9.3540687561 8388608 0.489698438434 0.0 0.489698438434 -0.908048115951 1.10341365874 -1.10341365874 -0.908048115951 
174.687215705 135.645415434 1.30679440498 123.356132223 9.23738288879 8388608 0.585578964332 0.0 0.585578964332 -0.718529649816 1.09152496959 -1.09152496959 -0.718529649816 
75.8579605079 135.732106977 1.4560136795 124.048903269 9.16806793213 8388608 0.471703489981 0.0 0.471703489981 -0.815222499424 1.20639467478 -1.20639467478 -0.815222499424 
170.426037616 144.312494836 1.88386070728 121.079043887 9.06653594971 20185088 0.281774977779 0.0 0.281774977779 -0.972486785172 1.61344371365 -1.61344371365 -0.972486785172 
162.11716935 159.261336664 1.40298485756 125.271821687 9.00045776367 8388608 0.5080354673 0.0 0.5080354673 -0.810162268733 1.1454272604 -1.1454272604 -0.810162268733 
175.125812732 127.404788747 1.70670354366 122.921293148 8.78819274902 13041664 0.343307917615 0.0 0.343307917615 -0.92757024165 1.432637579 -1.432637579 -0.92757024165 
103.288350013 59.1110117292 1.72738182545 125.928226985 8.40269470215 13893632 0.33513771806 0.0 0.33513771806 -1.01357817548 1.39875203416 -1.39875203416 -1.01357817548 
56.8169615827 182.901103043 2.07093429565 126.769760764 8.38073348999 10289408 0.233167147347 0.0 0.233167147347 -1.23966315337 1.65891655098 -1.65891655098 -1.23966315337 
147.498876514 186.241073264 2.17098498344 124.29761393 8.20822143555 13697280 0.212171165003 0.0 0.212171165003 -1.22333190125 1.79349793915 -1.79349793915 -1.22333190125 
164.660441675 171.230899818 1.61720430851 123.74331143 8.03379821777 9109504 0.382358034624 0.0 0.382358034624 -0.898313596504 1.34476111551 -1.34476111551 -0.898313596504 
77.188311262 109.651838164 1.28846621513 123.485235238 7.98606872559 8388608 0.602356954985 0.0 0.602356954985 -0.710875260046 1.07461693277 -1.07461693277 -0.710875260046 
178.91854673 101.137160038 1.29640674591 128.757354088 7.68260574341 8388608 0.595000643641 0.0 0.595000643641 -0.811581176105 1.01094334432 -1.01094334432 -0.811581176105 
130.682326568 57.174253369 1.27255213261 133.467039565 7.66661071777 8388608 0.617516880195 0.0 0.617516880195 -0.87543592178 0.923580465936 -0.923580465936 -0.87543592178 
165.879731088 154.545831285 1.5758523941 124.177904959 7.50177001953 8388608 0.40268822287 0.0 0.40268822287 -0.885257755716 1.30369838304 -1.30369838304 -0.885257755716 
168.559085478 46.306411178 1.24617433548 124.455162094 7.49533462524 8388608 0.643935538499 0.0 0.643935538499 -0.705036997568 1.02755696021 -1.02755696021 -0.705036997568 
37.9768965733 103.089100346 1.69720160961 138.935436445 7.44802474976 12648448 0.347162758103 0.0 0.347162758103 -1.27963879775 1.11490710419 -1.11490710419 -1.27963879775 
157.542732044 176.031923004 2.17303848267 124.366195329 7.41242599487 13762816 0.211770355296 0.0 0.211770355296 -1.22663694921 1.79372741574 -1.79372741574 -1.22663694921 
120.645854854 155.517819361 1.22486627102 128.14907211 7.3006477356 8388608 0.66653452314 0.0 0.66653452314 -0.756611697065 0.963242504121 -0.963242504121 -0.756611697065 
155.181629997 182.677200598 1.30217587948 125.518161147 6.90875244141 8388608 0.589740164938 0.0 0.589740164938 -0.756513372745 1.05988185094 -1.05988185094 -0.756513372745 
109.172739475 38.3240615599 1.46099770069 125.077024107 6.699634552 8388608 0.468490657899 0.0 0.468490657899 -0.839601956373 1.19565163667 -1.19565163667 -0.839601956373 
44.1756220168 106.660948672 2.05546665192 135.518360669 6.66325759888 9765120 0.236689574938 0.0 0.236689574938 -1.46652411427 1.44022573904 -1.44022573904 -1.46652411427 
135.274345207 84.161700266 1.57761752605 128.875876853 6.23406028748 8388608 0.401787624093 0.0 0.401787624093 -0.990168511681 1.22818702851 -1.22818702851 -0.990168511681 
188.385128106 33.7736784558 1.21005094051 133.709259005 5.94141387939 8388608 0.682955949813 0.0 0.682955949813 -0.836144272552 0.874691965274 -0.874691965274 -0.836144272552 
67.8980486155 34.8518327786 1.3292568922 124.903724317 5.90938949585 8388608 0.56595533527 0.0 0.56595533527 -0.760599708263 1.09014309577 -1.09014309577 -0.760599708263 
49.9518861914 67.6632513063 1.75192034245 124.909894369 5.68121337891 14942208 0.325815160848 0.0 0.325815160848 -1.00260210662 1.436667638 -1.436667638 -1.00260210662 
179.044647197 91.516104108 1.37701320648 123.743453954 5.65124511719 8388608 0.527380161765 0.0 0.527380161765 -0.764896733012 1.1450320339 -1.1450320339 -0.764896733012 
103.658916762 44.9483422955 1.33740496635 124.285044326 5.64763641357 8388608 0.559080232144 0.0 0.559080232144 -0.753374122289 1.10502464945 -1.10502464945 -0.753374122289 
116.739455972 146.261252035 1.4886122942 124.755967491 5.62815475464 8388608 0.451270347194 0.0 0.451270347194 -0.848631574048 1.22302535295 -1.22302535295 -0.848631574048 
123.07499641 95.6083357241 1.62416923046 127.129990507 5.62111473083 9437184 0.379085735471 0.0 0.379085735471 -0.980389780144 1.29489828487 -1.29489828487 -0.980389780144 
185.108901626 72.8150951385 1.29613447189 126.041825273 5.52489089966 8388608 0.595250648922 0.0 0.595250648922 -0.762613986906 1.04803839443 -1.04803839443 -0.762613986906 
116.488046919 207.490168214 1.47847878933 127.067165816 5.42349147797 8388608 0.457477567495 0.0 0.457477567495 -0.891154304979 1.17972180416 -1.17972180416 -0.891154304979 
171.458285775 161.629461388 1.58101010323 125.220437498 5.25508117676 8388608 0.400065139166 0.0 0.400065139166 -0.911806085648 1.29158917953 -1.29158917953 -0.911806085648 
115.99885905 150.651627334 1.30819118023 124.941378251 5.14777374268 8388608 0.584329169103 0.0 0.584329169103 -0.749250835474 1.07237463117 -1.07237463117 -0.749250835474 
111.974291821 87.2658949231 1.52224004269 127.79858396 4.86376571655 8388608 0.431552578825 0.0 0.431552578825 -0.932961932412 1.20282865788 -1.20282865788 -0.932961932412 
93.7632847176 52.6635668152 2.19653749466 125.779460324 4.42351150513 14549248 0.207263466718 0.0 0.207263466718 -1.28424273086 1.78199258519 -1.78199258519 -1.28424273086 
118.770177124 88.1742834809 1.83962917328 125.810638785 4.33008003235 18481152 0.295487711013 0.0 0.295487711013 -1.0763822333 1.4918568239 -1.4918568239 -1.0763822333 
86.248431155 64.226649855 1.97078311443 126.121063917 4.16120147705 23461888 0.257467451823 0.0 0.257467451823 -1.16176356519 1.5919458228 -1.5919458228 -1.16176356519 
176.296818156 79.1457940103 1.26752877235 123.540038196 4.16051864624 8388608 0.622421157916 0.0 0.622421157916 -0.700334450411 1.05648513776 -1.05648513776 -0.700334450411 
176.79541171 82.5627746193 1.65754044056 124.998285161 4.08405303955 10878976 0.363975150106 0.0 0.363975150106 -0.950685500853 1.35780609461 -1.35780609461 -0.950685500853 
81.6622007659 75.8601148058 1.83280956745 126.000006125 3.92749786377 18153472 0.297690731676 0.0 0.297690731676 -1.07729859253 1.48277397235 -1.48277397235 -1.07729859253 
198.826369104 28.2035065618 1.3068343401 124.840225351 3.75183868408 8388608 0.585543175857 0.0 0.585543175857 -0.746581294687 1.07258210076 -1.07258210076 -0.746581294687 
180.060690746 205.421274059 1.66218984127 124.713436711 3.75075912476 11141120 0.361941808889 0.0 0.361941808889 -0.94657109316 1.36633752566 -1.36633752566 -0.94657109316 
130.677692172 95.0194665562 1.30995798111 123.263740661 3.71419143677 8388608 0.582754008545 0.0 0.582754008545 -0.718503793831 1.09532744443 -1.09532744443 -0.718503793831 
186.884734135 83.3899301066 1.46755325794 125.312059705 3.71171951294 8388608 0.464314512669 0.0 0.464314512669 -0.848288919599 1.19754685661 -1.19754685661 -0.848288919599 
67.0874595746 200.890522256 1.29335606098 127.755720219 3.5919303894 8388608 0.597810852356 0.0 0.597810852356 -0.791917023097 1.0225640953 -1.0225640953 -0.791917023097 
108.963977417 29.1776403546 1.39265620708 125.602666386 3.31402587891 8388608 0.51559911316 0.0 0.51559911316 -0.810749864132 1.13233209305 -1.13233209305 -0.810749864132 
132.906606019 199.452257273 1.53068482876 123.74579101 3.18812942505 8388608 0.426803964154 0.0 0.426803964154 -0.850309429911 1.27278038891 -1.27278038891 -0.850309429911 
