13
119
32.0771358944 35.2035441723 2.49997353554 127.321151733 44.9362716675 23920896 0.160003387505 0.0 0.160003387505 -1.51568900966 1.98810324289 -1.98810324289 -1.51568900966 
23.1394117563 24.4658485012 2.98916530609 135.621551514 42.6616134644 20120064 0.111918049861 0.0 0.111918049861 -2.13646346792 2.09060591154 -2.09060591154 -2.13646346792 
243.801813902 122.785182885 1.63510596752 43.0914916992 41.48487854 9895936 0.37403151202 0.0 0.37403151202 1.19405858813 1.11704772197 -1.11704772197 1.19405858813 
148.143142511 168.703031396 1.62702929974 90.1951293945 40.3625297546 9568256 0.377754157084 0.0 0.377754157084 -0.00554108227735 1.62701986423 -1.62701986423 -0.00554108227735 
49.5399032658 75.5375825444 2.51686739922 186.308837891 39.969909668 24379648 0.157862628284 0.0 0.157862628284 -2.50162529324 -0.276572589877 0.276572589877 -2.50162529324 
56.441191486 72.7898347294 5.24701452255 327.683197021 39.8446731567 10682881 0.0363224778452 0.0 0.0363224778452 4.43427867404 -2.80505508695 2.80505508695 4.43427867404 
227.853869486 96.0675171664 1.96224033833 46.8652038574 31.8433570862 23134208 0.259714143604 0.0 0.259714143604 1.34161723536 1.43193936294 -1.43193936294 1.34161723536 
226.772141251 99.5840884418 5.34654521942 218.81237793 30.7030601501 12059137 0.034982714956 0.0 0.034982714956 -4.16604181836 -3.35106570377 3.35106570377 -4.16604181836 
252.231190915 58.7870726945 1.74816405773 174.472213745 27.3589572906 14745600 0.327216824899 0.0 0.327216824899 -1.74003439525 0.168397969336 -0.168397969336 -1.74003439525 
183.268851107 127.101202299 6.31958055496 243.895812988 23.2792491913 24183297 0.0250393754253 0.0 0.0250393754253 -2.78064574005 -5.67495441911 5.67495441911 -2.78064574005 
223.916934713 85.4756595429 2.01019716263 224.182525635 22.715549469 24838144 0.247470074291 0.0 0.247470074291 -1.44155902059 -1.40099972263 1.40099972263 -1.44155902059 
229.535535777 80.3572117826 1.98826658726 221.595077515 20.3945426941 24051712 0.252959370281 0.0 0.252959370281 -1.48693536314 -1.31993456196 1.31993456196 -1.48693536314 
243.353040253 67.3745828721 1.70606589317 220.624420166 19.0020465851 12976128 0.343564591607 0.0 0.343564591607 -1.29489355542 -1.11081569667 1.11081569667 -1.29489355542 
238.003546158 71.7397868239 1.65992200375 230.515869141 18.7957553864 11010048 0.362931476997 0.0 0.362931476997 -1.05548544173 -1.28112901022 1.28112901022 -1.05548544173 
54.3045259906 103.621755595 5.19468402863 147.240310669 18.6040802002 9961985 0.0370579786967 0.0 0.0370579786967 -4.3684566321 2.81093023939 -2.81093023939 -4.3684566321 
198.036717488 106.911609647 2.19453406334 237.612304688 18.3739509583 14483712 0.207642068871 0.0 0.207642068871 -1.17549220132 -1.85315888142 1.85315888142 -1.17549220132 
230.592525808 123.987888894 1.50430774689 231.75012207 16.6772651672 8388608 0.441902660145 0.0 0.441902660145 -0.931305307078 -1.18136032706 1.18136032706 -0.931305307078 
209.563652002 138.800269723 1.80971086025 234.661193848 15.8170862198 17235968 0.305338533014 0.0 0.305338533014 -1.04675532525 -1.4762644366 1.4762644366 -1.04675532525 
184.464074413 99.1221703255 3.12798929214 240.267272949 15.7659034729 23396864 0.10220437449 0.0 0.10220437449 -1.55134113293 -2.71618440115 2.71618440115 -1.55134113293 
202.908351891 92.067934525 1.3922919035 230.446868896 15.5947189331 8388608 0.515868969188 0.0 0.515868969188 -0.886602411916 -1.073504964 1.073504964 -0.886602411916 
202.655032685 89.946789843 2.02064561844 230.590576172 15.5099563599 8519936 0.244917429701 0.0 0.244917429701 -1.28282223057 -1.56120973609 1.56120973609 -1.28282223057 
223.380947648 128.124936877 1.81257033348 226.947570801 15.4086074829 17367040 0.304375901499 0.0 0.304375901499 -1.23738251108 -1.32449829562 1.32449829562 -1.23738251108 
209.183495628 84.2970175845 2.07335495949 229.240325928 15.1908378601 10420480 0.232623014954 0.0 0.232623014954 -1.35366785494 -1.57047258064 1.57047258064 -1.35366785494 
195.287903081 97.6060743422 1.43037056923 233.893310547 15.1893806458 8388608 0.488768117144 0.0 0.488768117144 -0.842904057645 -1.15562654648 1.15562654648 -0.842904057645 
245.442380936 101.139364981 2.00987768173 217.10925293 15.1790161133 24838144 0.247548753949 0.0 0.247548753949 -1.60285032567 -1.21263313868 1.21263313868 -1.60285032567 
185.35858793 113.747425181 1.80616188049 242.369110107 14.832447052 17104896 0.306539648953 0.0 0.306539648953 -0.837650462995 -1.60017575297 1.60017575297 -0.837650462995 
178.175538123 106.256137566 1.9716424942 242.544036865 14.4570198059 23461888 0.257243056073 0.0 0.257243056073 -0.909058759065 -1.74956746012 1.74956746012 -0.909058759065 
248.848293193 93.3349035243 1.98610234261 202.814682007 14.361076355 23986176 0.253510967485 0.0 0.253510967485 -1.83071728363 -0.77011475946 0.77011475946 -1.83071728363 
66.8703363952 139.691684681 2.75112056732 132.149108887 13.9172096252 14156288 0.132123707741 0.0 0.132123707741 -1.84617337483 2.03968336905 -2.03968336905 -1.84617337483 
66.3867303319 140.89352285 1.58530831337 127.542877197 13.850818634 8388608 0.397898705145 0.0 0.397898705145 -0.966015488778 1.25698708183 -1.25698708183 -0.966015488778 
209.195594441 86.9587290386 1.37021100521 229.280838013 13.6416244507 8388608 0.532629353906 0.0 0.532629353906 -0.893859776807 -1.03850512671 1.03850512671 -0.893859776807 
63.0990655828 91.9662641477 1.87516582012 319.159637451 13.0086593628 19857408 0.284394140064 0.0 0.284394140064 1.41862774788 -1.22627165257 1.22627165257 1.41862774788 
57.6759363179 130.189991198 2.36897230148 139.889221191 12.8330574036 20054272 0.178188648642 0.0 0.178188648642 -1.81179051644 1.526251909 -1.526251909 -1.81179051644 
175.55237093 117.100655238 1.62511754036 252.136871338 12.5928230286 9502720 0.378643446395 0.0 0.378643446395 -0.498495344438 -1.54677387215 1.54677387215 -0.498495344438 
71.8163365386 145.697959565 1.34566366673 133.346893311 12.2144126892 8388608 0.552238838561 0.0 0.552238838561 -0.923682061801 0.978581704637 -0.978581704637 -0.923682061801 
235.220264808 118.730374934 1.55049359798 222.08732605 12.1593694687 8388608 0.415968117993 0.0 0.415968117993 -1.15065870106 -1.03923767785 1.03923767785 -1.15065870106 
63.6399066803 100.898930311 1.90561652184 129.410171509 11.9498958588 20971520 0.275377834835 0.0 0.275377834835 -1.20981434733 1.47231911395 -1.47231911395 -1.20981434733 
234.518764455 115.044916072 2.10961794853 222.130691528 11.7691059113 11665664 0.224694466088 0.0 0.224694466088 -1.56452770781 -1.4151822993 1.4151822993 -1.56452770781 
241.384031565 114.643953078 1.32955884933 221.867004395 11.6442489624 8388608 0.565698295361 0.0 0.565698295361 -0.990117177479 -0.887352640558 0.887352640558 -0.990117177479 
117.64335595 118.585795636 1.41795170307 289.574981689 11.3524894714 8388608 0.49736717882 0.0 0.49736717882 0.475070803207 -1.33599953749 1.33599953749 0.475070803207 
65.943003816 121.920983259 2.68883037567 134.515441895 11.0248832703 12452352 0.138316244477 0.0 0.138316244477 -1.88514292447 1.91730147433 -1.91730147433 -1.88514292447 
183.951632101 137.099222677 1.27556741238 244.681930542 10.7671432495 8388608 0.614600867464 0.0 0.614600867464 -0.545487429052 -1.15304626458 1.15304626458 -0.545487429052 
71.3632223528 97.1823389479 1.56219112873 344.606262207 10.2379360199 8388608 0.40976198553 0.0 0.40976198553 1.50614662018 -0.414684797397 0.414684797397 1.50614662018 
36.5596817554 113.047903213 2.11146616936 160.845489502 9.83941268921 11731200 0.224301276519 0.0 0.224301276519 -1.99456943411 0.692807445722 -0.692807445722 -1.99456943411 
34.5532531707 83.5668340143 1.37522637844 191.857376099 9.42895507812 8388608 0.528751499408 0.0 0.528751499408 -1.3458819565 -0.282576274897 0.282576274897 -1.3458819565 
252.331758866 72.7166513932 1.48935770988 173.49647522 9.41134929657 8388608 0.450818743372 0.0 0.450818743372 -1.47977352866 0.168691113747 -0.168691113747 -1.47977352866 
104.828850133 151.475566303 2.54114413261 144.004974365 9.36332702637 8389120 0.154860765782 0.0 0.154860765782 -2.05595845771 1.49346855437 -1.49346855437 -2.05595845771 
226.459441827 118.68730924 2.68445301056 221.125610352 8.78605461121 12386816 0.138767699089 0.0 0.138767699089 -2.02211652385 -1.76559698966 1.76559698966 -2.02211652385 
137.651540873 159.242337516 1.99643218517 263.728485107 8.75907897949 24379392 0.250894346141 0.0 0.250894346141 -0.21809053341 -1.98448431317 1.98448431317 -0.21809053341 
101.430802034 151.995370826 1.59517025948 130.59954834 8.64338302612 8388608 0.392993992855 0.0 0.392993992855 -1.03808612941 1.21117519156 -1.21117519156 -1.03808612941 
58.4299728055 67.2762412939 1.28812730312 329.196838379 8.61713027954 8388608 0.602673962259 0.0 0.602673962259 1.10641329795 -0.659637448271 0.659637448271 1.10641329795 
126.481130681 157.288757797 2.06464076042 249.548492432 8.35312461853 10092800 0.234590816059 0.0 0.234590816059 -0.721415421021 -1.93450284567 1.93450284567 -0.721415421021 
192.518864009 166.4794225 1.35828256607 66.974609375 8.28885650635 8388608 0.542025535432 0.0 0.542025535432 0.531277300693 1.25007038164 -1.25007038164 0.531277300693 
182.515996829 152.967713677 1.50633883476 246.542694092 8.17000865936 8388608 0.440711775321 0.0 0.440711775321 -0.599621685173 -1.38185039703 1.38185039703 -0.599621685173 
108.265809567 121.530156898 1.46055436134 78.2027587891 7.5706615448 8388608 0.468775114091 0.0 0.468775114091 0.29860876059 1.42970341349 -1.42970341349 0.29860876059 
35.6919510614 23.8165840459 1.21444272995 305.65737915 7.20640182495 8388608 0.678025333837 0.0 0.678025333837 0.707943555536 -0.986755829222 0.986755829222 0.707943555536 
87.5874108899 147.924100792 1.52241754532 133.402191162 7.08083724976 8388608 0.43145195301 0.0 0.43145195301 -1.04607638334 1.10611002279 -1.10611002279 -1.04607638334 
223.266313661 150.112161883 1.28094983101 51.3662414551 7.00952148438 8388608 0.609446740329 0.0 0.609446740329 0.799748164337 1.00061748096 -1.00061748096 0.799748164337 
118.020355151 155.549000511 2.42510652542 265.505065918 7.00105476379 21692672 0.170035013246 0.0 0.170035013246 -0.190057904754 -2.41764754513 2.41764754513 -0.190057904754 
57.3006833842 142.670196564 1.99590694904 133.06022644 6.97452163696 24379392 0.251026412532 0.0 0.251026412532 -1.36273889163 1.45828229862 -1.45828229862 -1.36273889163 
61.4729771222 80.8918475984 1.23601150513 313.968841553 6.84847831726 8388608 0.654568306489 0.0 0.654568306489 0.858122096276 -0.889579062641 0.889579062641 0.858122096276 
60.7746387117 83.5957288386 1.70795857906 307.837493896 6.78865814209 13107200 0.342803566641 0.0 0.342803566641 1.04770277223 -1.34886671278 1.34886671278 1.04770277223 
87.2264086366 140.836419798 1.34138977528 124.462371826 6.76129150391 8388608 0.555763494709 0.0 0.555763494709 -0.759045366732 1.10597317348 -1.10597317348 -0.759045366732 
189.015972356 127.317392336 1.23374164104 20.0611877441 6.65336418152 8388608 0.656979099518 0.0 0.656979099518 1.15888662751 0.423202340998 -0.423202340998 1.15888662751 
102.597543373 111.884775439 1.31480360031 300.170379639 6.62467575073 8388608 0.57846652326 0.0 0.57846652326 0.66078488559 -1.13669338098 1.13669338098 0.66078488559 
198.715394885 166.067179918 1.67897677422 69.2857055664 6.59651947021 11862016 0.354740376882 0.0 0.354740376882 0.59386787274 1.57044068913 -1.57044068913 0.59386787274 
191.490661931 134.714449374 1.48395001888 242.273956299 6.54616165161 8388608 0.454110404694 0.0 0.454110404694 -0.690399513164 -1.31356620342 1.31356620342 -0.690399513164 
116.218156741 124.708845769 1.42666351795 79.5989379883 6.46457290649 8388608 0.491311453342 0.0 0.491311453342 0.257566088405 1.40322076081 -1.40322076081 0.257566088405 
92.8022403504 167.138851894 1.69897818565 112.701171875 6.37901306152 12713984 0.346437100083 0.0 0.346437100083 -0.655678005066 1.56735867912 -1.56735867912 -0.655678005066 
154.304408603 139.240655595 3.07551932335 256.75579834 6.24560546875 22217216 0.10572144245 0.0 0.10572144245 -0.70460727018 -2.99371804001 2.99371804001 -0.70460727018 
61.1908668843 72.048535438 1.42365050316 321.405517578 6.19629669189 8388608 0.49339327772 0.0 0.49339327772 1.1126975409 -0.888079353216 0.888079353216 1.1126975409 
207.108381629 160.74722827 1.44797694683 73.720489502 5.99843215942 8388608 0.476954230141 0.0 0.476954230141 0.405901901525 1.38992117938 -1.38992117938 0.405901901525 
156.693540612 154.722193762 1.82335364819 250.702713013 5.91163063049 17825792 0.300786388596 0.0 0.300786388596 -0.602563137522 -1.72091144213 1.72091144213 -0.602563137522 
175.201875496 140.034987497 1.58622455597 247.05480957 5.87885093689 8388608 0.397439165605 0.0 0.397439165605 -0.61839025865 -1.46071962743 1.46071962743 -0.61839025865 
66.6607262105 78.2490285247 1.76001691818 318.70501709 5.73747253418 15269888 0.322824372117 0.0 0.322824372117 1.32233929635 -1.1614983158 1.1614983158 1.32233929635 
150.945461931 128.33622373 1.41397762299 56.8044433594 5.64965820312 8388608 0.500166876101 0.0 0.500166876101 0.774150386856 1.18322605483 -1.18322605483 0.774150386856 
100.002244702 125.350074175 1.49196565151 84.092590332 5.44083595276 8388608 0.449244067169 0.0 0.449244067169 0.153554856394 1.48404259082 -1.48404259082 0.153554856394 
212.376868819 161.832813824 2.31723117828 62.4521484375 5.42451095581 18415872 0.1862349872 0.0 0.1862349872 1.07169452031 2.0545148305 -2.0545148305 1.07169452031 
160.51347967 154.385726234 3.01165819168 250.232025146 5.01598358154 20709888 0.110252549232 0.0 0.110252549232 -1.01857884234 -2.8341810467 2.8341810467 -1.01857884234 
245.636430805 44.1926116613 1.4739459753 263.298400879 4.92172241211 8388608 0.46029564811 0.0 0.46029564811 -0.172007220099 -1.46387508154 1.46387508154 -0.172007220099 
134.875463995 128.111745597 1.49269735813 66.0866394043 4.79119300842 8388608 0.448803744435 0.0 0.448803744435 0.605071990311 1.36456340619 -1.36456340619 0.605071990311 
128.780364106 142.515044124 1.86368691921 250.453826904 4.76725196838 19398656 0.287908234243 0.0 0.287908234243 -0.62352702265 -1.75628670349 1.75628670349 -0.62352702265 
234.480413793 43.2157816348 2.30907058716 201.588241577 4.75193023682 18153728 0.187553676345 0.0 0.187553676345 -2.14709393595 -0.849584961434 0.849584961434 -2.14709393595 
240.064337812 39.64248805 2.3007080555 261.714538574 4.74136734009 17891584 0.188919581052 0.0 0.188919581052 -0.331543783174 -2.27669415523 2.27669415523 -0.331543783174 
165.780119609 158.10131935 1.42546188831 244.311828613 4.66976737976 8388608 0.49214012964 0.0 0.49214012964 -0.617899311781 -1.28457854393 1.28457854393 -0.617899311781 
100.375458941 118.426190812 1.35559594631 92.2763366699 4.62209129333 8388608 0.544176116563 0.0 0.544176116563 -0.0538430764594 1.35452622447 -1.35452622447 -0.0538430764594 
108.399280765 147.23174875 1.58366966248 283.696777344 4.59553718567 8388608 0.398722556748 0.0 0.398722556748 0.374986845487 -1.53863396087 1.53863396087 0.374986845487 
106.082988146 138.780184812 1.87962055206 4.59753417969 4.36972427368 19988480 0.283047699825 0.0 0.283047699825 1.87357255158 0.150662914213 -0.150662914213 1.87357255158 
149.664915545 148.960669781 1.24969780445 249.163665771 4.35040855408 8388608 0.640309560495 0.0 0.640309560495 -0.444517149708 -1.1679679388 1.1679679388 -0.444517149708 
79.5782022863 72.8756039997 1.27704679966 2.44857788086 4.20347595215 8388608 0.613177730802 0.0 0.613177730802 1.27588081376 0.054558936906 -0.054558936906 1.27588081376 
87.9329656162 82.2782537101 1.22378563881 346.125213623 4.1374206543 8388608 0.66771217495 0.0 0.66771217495 1.18807814689 -0.293464830308 0.293464830308 1.18807814689 
256.938751383 134.514074427 1.74386501312 90.4038696289 3.9885559082 14614528 0.328832149098 0.0 0.328832149098 -0.012292149429 1.74382169016 -1.74382169016 -0.012292149429 
58.2394797187 27.2756355468 1.94552028179 261.256988525 3.97847747803 22478848 0.264197360699 0.0 0.264197360699 -0.295724592273 -1.92291344901 1.92291344901 -0.295724592273 
65.7910916335 35.3267386862 2.49319648743 353.627075195 3.97079086304 23724288 0.160874417454 0.0 0.160874417454 2.47778973733 -0.276743098406 0.276743098406 2.47778973733 
115.501636157 135.524269156 1.37580668926 89.1267700195 3.94117927551 8388608 0.528305542127 0.0 0.528305542127 0.0209674979395 1.3756469061 -1.3756469061 0.0209674979395 
84.2246484725 40.2719815847 4.34578990936 349.188079834 3.90559387207 13762817 0.0529495831741 0.0 0.0529495831741 4.26864451383 -0.815207918799 0.815207918799 4.26864451383 
79.0213350179 68.8104447013 1.5614387989 0.143707275391 3.84278106689 8388608 0.410156942322 0.0 0.410156942322 1.56143388749 0.00391634221783 -0.00391634221783 1.56143388749 
104.941605846 54.1602293647 5.05894088745 338.654937744 3.80745697021 24772865 0.0390733628486 0.0 0.0390733628486 4.71192409147 -1.84137292773 1.84137292773 4.71192409147 
247.681577067 148.185943857 2.93472003937 39.948059082 3.80192565918 18809344 0.116109203225 0.0 0.116109203225 2.24983515291 1.88436288814 -1.88436288814 2.24983515291 
98.9521675067 73.9793376627 2.95237708092 283.619628906 3.79554748535 19268096 0.114724546454 0.0 0.114724546454 0.695211236658 -2.86935737829 2.86935737829 0.695211236658 
106.062643259 90.3874183005 1.90630531311 275.055206299 3.77095794678 21037056 0.275178870292 0.0 0.275178870292 0.167975174103 -1.89889027795 1.89889027795 0.167975174103 
27.9431013714 120.623675167 1.63265991211 174.228439331 3.77083969116 9830400 0.375153101583 0.0 0.375153101583 -1.62438354525 0.164184306577 -0.164184306577 -1.62438354525 
236.080208031 149.028518438 1.28858077526 88.3079833984 3.7050819397 8388608 0.602249855728 0.0 0.602249855728 0.0380478840084 1.28801893344 -1.28801893344 0.0380478840084 
238.525920643 156.28802705 2.92423439026 75.5245666504 3.69569015503 18547200 0.116943379291 0.0 0.116943379291 0.730955867511 2.83140429627 -2.83140429627 0.730955867511 
116.240836661 79.4148865152 3.91788768768 286.124816895 3.69484329224 23003137 0.0651472421704 0.0 0.0651472421704 1.08811798706 -3.76375386809 3.76375386809 1.08811798706 
50.3866616766 149.52997806 1.29662120342 91.362487793 3.68440246582 8388608 0.594803837041 0.0 0.594803837041 -0.0308306140766 1.29625461172 -1.29625461172 -0.0308306140766 
55.6388044243 32.3027143661 1.35580098629 173.054489136 3.6742401123 8388608 0.544011535739 0.0 0.544011535739 -1.34585157949 0.163950725516 -0.163950725516 -1.34585157949 
90.6409636053 73.7670753534 2.14853644371 279.029022217 3.63953018188 12976384 0.216627980342 0.0 0.216627980342 0.33718001231 -2.12191387414 2.12191387414 0.33718001231 
246.751228293 140.736039807 1.31046354771 89.6467285156 3.62651824951 8388608 0.582304451394 0.0 0.582304451394 0.00807994015219 1.31043863818 -1.31043863818 0.00807994015219 
123.699630801 98.2045326683 2.33420419693 270.637176514 3.61820983887 18940160 0.183536442216 0.0 0.183536442216 0.0259577485252 -2.33405985961 2.33405985961 0.0259577485252 
68.9702196678 166.234910242 1.46132290363 92.8270874023 3.61784362793 8388608 0.468282165187 0.0 0.468282165187 -0.0720753160252 1.45954437326 -1.45954437326 -0.0720753160252 
232.126698058 156.60875897 1.50632286072 2.7864074707 3.58659362793 8388608 0.440721122569 0.0 0.440721122569 1.50454193231 0.0732265979605 -0.0732265979605 1.50454193231 
72.0910748979 40.4387679522 1.4968624115 359.672454834 3.56742477417 8388608 0.446309606217 0.0 0.446309606217 1.49683795198 -0.00855712900163 0.00855712900163 1.49683795198 
120.216261371 88.3004463415 1.4942882061 333.591156006 3.54941177368 8388608 0.447848642916 0.0 0.447848642916 1.33834894675 -0.664619695473 0.664619695473 1.33834894675 
70.9669292946 50.3461286854 1.21405732632 359.729614258 3.54501724243 8388608 0.678455881717 0.0 0.678455881717 1.21404380775 -0.00572926270685 0.00572926270685 1.21404380775 
88.6903501326 56.2714050389 1.5881588459 335.774078369 3.5432510376 8388608 0.39647163717 0.0 0.39647163717 1.44829694843 -0.651678194333 0.651678194333 1.44829694843 
56.7153359074 17.5636452908 2.11408686638 341.298614502 3.52935791016 11796736 0.223745517575 0.0 0.223745517575 2.00246841698 -0.677852135481 0.677852135481 2.00246841698 
189.865186726 142.884881402 1.33164131641 240.312408447 3.52846717834 8388608 0.56393036142 0.0 0.56393036142 -0.659522712268 -1.15684847218 1.15684847218 -0.659522712268 
75.3229254789 87.471434694 2.18277359009 318.41696167 1.87400436401 14090496 0.209885588307 0.0 0.209885588307 1.63270286811 -1.4487173258 1.4487173258 1.63270286811 
