13
143
48.9780773964 101.764156948 1.34950125217 141.530836227 70.6686859131 8388608 0.54910249401 0.0 0.54910249401 -1.05658266272 0.839515757122 -0.839515757122 -1.05658266272 
32.9286882338 101.77741688 1.37820863724 133.254534566 54.2230834961 8388608 0.526465680416 0.0 0.526465680416 -0.944404559983 1.00377242184 -1.00377242184 -0.944404559983 
72.6177771548 109.257235398 1.90171933174 141.734463698 47.6621742249 20840448 0.276507653947 0.0 0.276507653947 -1.49313308624 1.17774785225 -1.17774785225 -1.49313308624 
74.3011898547 110.255931293 1.28153085709 141.679224216 47.4585227966 8388608 0.608894238336 0.0 0.608894238336 -1.00542706317 0.794630579775 -0.794630579775 -1.00542706317 
157.310698474 109.621219541 3.18150854111 131.201939039 45.478225708 24642048 0.0987947378171 0.0 0.0987947378171 -2.09570715506 2.39374353625 -2.39374353625 -2.09570715506 
272.556902427 38.7781480601 1.24531698227 128.550526593 36.2696037292 8388608 0.644822493792 0.0 0.644822493792 -0.776087199242 0.973911210275 -0.973911210275 -0.776087199242 
134.704306351 95.622027883 1.34088158607 132.933170171 34.2937660217 8388608 0.556184839189 0.0 0.556184839189 -0.913334580067 0.98172469294 -0.98172469294 -0.913334580067 
147.40664704 128.745229273 1.76528131962 127.068830766 26.786693573 15466496 0.320901796957 0.0 0.320901796957 -1.06406569674 1.40853907664 -1.40853907664 -1.06406569674 
159.552367393 88.7365594186 2.39396548271 135.526024345 25.8483524323 20775168 0.174487464331 0.0 0.174487464331 -1.70825892333 1.67717684914 -1.67717684914 -1.70825892333 
214.338755508 134.730494729 3.03105950356 127.103529597 23.6178092957 21168640 0.108845649594 0.0 0.108845649594 -1.82850822736 2.41741171019 -2.41741171019 -1.82850822736 
160.848823247 87.2086761702 1.39754033089 127.019867381 22.6353111267 8388608 0.512001579041 0.0 0.512001579041 -0.841447733821 1.11583362904 -1.11583362904 -0.841447733821 
25.7057131218 88.8818301267 1.37017822266 125.646825217 21.8923091888 8388608 0.532654841335 0.0 0.532654841335 -0.798522447309 1.11344073169 -1.11344073169 -0.798522447309 
196.092398056 99.2263195197 1.54504358768 133.296748771 21.842300415 8388608 0.418907878301 0.0 0.418907878301 -1.05955544081 1.12450075843 -1.12450075843 -1.05955544081 
229.000607172 126.120276688 2.54258060455 127.689895554 21.304901123 8454656 0.154685833034 0.0 0.154685833034 -1.55450198354 2.01202378561 -2.01202378561 -1.55450198354 
207.085789018 102.106036949 2.79582285881 134.55877584 20.9600868225 15270400 0.127932444172 0.0 0.127932444172 -1.96166274556 1.99211062206 -1.99211062206 -1.96166274556 
187.712671058 103.216942364 2.16083693504 126.359275975 20.7149772644 13369600 0.214168705056 0.0 0.214168705056 -1.28104492462 1.74015521174 -1.74015521174 -1.28104492462 
197.455670821 71.3833708406 1.7710852623 126.297063731 20.4442367554 15728640 0.318802017883 0.0 0.318802017883 -1.04843266557 1.42742143465 -1.42742143465 -1.04843266557 
133.793492327 101.228124952 5.90682697296 131.158415887 19.5405101776 19268097 0.0286610106989 0.0 0.0286610106989 -3.88753800122 4.44720734592 -4.44720734592 -3.88753800122 
39.5184764964 88.8648472387 2.0015130043 127.396655061 19.2409591675 24576000 0.249622177713 0.0 0.249622177713 -1.21557781329 1.5901021622 -1.5901021622 -1.21557781329 
172.554226921 87.3405606093 2.28687500954 127.393017466 18.2663021088 17498368 0.191211999408 0.0 0.191211999408 -1.38877121768 1.81689620348 -1.81689620348 -1.38877121768 
136.611653175 70.1872220029 2.54876470566 134.493869662 18.251537323 8585728 0.153936111154 0.0 0.153936111154 -1.78625827822 1.81809870147 -1.81809870147 -1.78625827822 
169.207297051 101.894998936 1.91564047337 132.355375357 18.1817512512 21364736 0.272503441631 0.0 0.272503441631 -1.29061878474 1.41562056204 -1.41562056204 -1.29061878474 
138.745847398 109.939499187 1.36732637882 127.264984056 17.9441871643 8388608 0.534879083614 0.0 0.534879083614 -0.827919046633 1.08817805457 -1.08817805457 -0.827919046633 
128.643861081 105.407749275 2.31724405289 130.627594839 17.8613128662 18415872 0.186232917763 0.0 0.186232917763 -1.50884988159 1.75869043196 -1.75869043196 -1.50884988159 
235.431877423 106.366280546 2.366086483 125.520991963 17.7229156494 19923200 0.178623572459 0.0 0.178623572459 -1.37469906572 1.92576419215 -1.92576419215 -1.37469906572 
174.589491835 118.544223956 3.42530822754 133.949054215 17.6739425659 13303809 0.0852316084957 0.0 0.0852316084957 -2.37722720739 2.46607527421 -2.46607527421 -2.37722720739 
215.761715456 73.1774577261 2.36334180832 144.222751869 16.8205776215 19857664 0.179038703508 0.0 0.179038703508 -1.91736984746 1.38169366033 -1.38169366033 -1.91736984746 
169.243630005 93.1813329124 1.72379565239 130.315592925 16.5893154144 13762560 0.336533605126 0.0 0.336533605126 -1.11529115719 1.3143808755 -1.3143808755 -1.11529115719 
129.704941815 69.7439275678 1.60246264935 127.104576082 15.9713172913 8454144 0.389425304986 0.0 0.389425304986 -0.966720345843 1.27802125001 -1.27802125001 -0.966720345843 
177.090143072 70.0461119802 1.68348360062 121.85384616 15.648727417 12058624 0.35284357991 0.0 0.35284357991 -0.888465685107 1.42994606889 -1.42994606889 -0.888465685107 
176.440134333 81.5499101419 1.53738725185 126.405734616 15.5858840942 8388608 0.423090670533 0.0 0.423090670533 -0.912438478858 1.23734214527 -1.23734214527 -0.912438478858 
57.6746026126 88.1169149576 2.22287464142 125.911754299 15.3955364227 15401216 0.202381148944 0.0 0.202381148944 -1.3038016144 1.80035358243 -1.80035358243 -1.3038016144 
137.900996163 121.565524894 2.02291250229 120.223139672 15.3879585266 8585472 0.244368826352 0.0 0.244368826352 -1.01827135154 1.74794120226 -1.74794120226 -1.01827135154 
169.957584678 109.160609284 1.73155856133 128.956766112 15.3017883301 14090240 0.3335228798 0.0 0.3335228798 -1.08868939079 1.3464956226 -1.3464956226 -1.08868939079 
28.8912730462 117.222455797 1.34590673447 127.444336733 15.2717838287 8388608 0.552039390378 0.0 0.552039390378 -0.818298364834 1.06857509048 -1.06857509048 -0.818298364834 
177.93876719 87.4152956547 4.16205692291 125.33054835 15.0964393616 10682625 0.0577276620123 0.0 0.0577276620123 -2.40688705948 3.39552831125 -3.39552831125 -2.40688705948 
180.718766893 66.1097378962 2.22887802124 119.349045132 14.818977356 15597824 0.201292408636 0.0 0.201292408636 -1.09243722704 1.942801621 -1.942801621 -1.09243722704 
208.618835324 116.400175621 3.48519659042 128.832231846 14.1546440125 14548993 0.082327596948 0.0 0.082327596948 -2.18536509423 2.71491706666 -2.71491706666 -2.18536509423 
206.579862137 89.4330591378 1.69385421276 125.26632597 14.1355476379 12451840 0.348536240872 0.0 0.348536240872 -0.977993923934 1.38299312321 -1.38299312321 -0.977993923934 
222.044856061 116.177714154 1.87144839764 122.710801374 13.8666191101 19660800 0.285525096376 0.0 0.285525096376 -1.01132875298 1.57465337723 -1.57465337723 -1.01132875298 
259.389444379 71.7419941772 1.47866594791 124.525120885 13.5947151184 8388608 0.457361766579 0.0 0.457361766579 -0.838059823524 1.21824000826 -1.21824000826 -0.838059823524 
196.967775024 90.1607989138 2.28348588943 125.995174524 13.5897197723 17367296 0.191780009345 0.0 0.191780009345 -1.34204373779 1.84749192505 -1.84749192505 -1.34204373779 
263.988642932 35.6312970514 1.8390519619 124.018616245 13.2887954712 18415616 0.295673225767 0.0 0.295673225767 -1.028880131 1.52430895641 -1.52430895641 -1.028880131 
185.352524818 75.921361487 1.97826385498 124.317225028 13.2488517761 23724032 0.255523923857 0.0 0.255523923857 -1.11529447089 1.63390517568 -1.63390517568 -1.11529447089 
73.0662470676 73.7375406306 1.99676573277 120.88170511 12.7862586975 24379392 0.250810532387 0.0 0.250810532387 -1.02487443768 1.71368193622 -1.71368193622 -1.02487443768 
123.951442374 92.4674985257 2.09792137146 130.400022965 12.7777404785 11272448 0.227206936363 0.0 0.227206936363 -1.35970523207 1.59764694558 -1.59764694558 -1.35970523207 
54.4001486009 142.897994891 1.30147349834 132.214832122 12.5805435181 8388608 0.590376880385 0.0 0.590376880385 -0.874476101682 0.96391120674 -0.96391120674 -0.874476101682 
101.089815545 105.052976322 1.34625673294 128.031598928 12.5759963989 8388608 0.551752390397 0.0 0.551752390397 -0.829423352878 1.06040751256 -1.06040751256 -0.829423352878 
69.4026238752 74.1199352582 1.52690684795 118.942081118 12.4019737244 8388608 0.428918634101 0.0 0.428918634101 -0.738908764893 1.33621044731 -1.33621044731 -0.738908764893 
222.483150598 23.7885961039 1.27840077877 121.235430558 12.0746955872 8388608 0.61187956172 0.0 0.61187956172 -0.662922202932 1.09308860758 -1.09308860758 -0.662922202932 
186.296508353 91.2231410006 1.82495415211 124.495821394 11.9939823151 17891328 0.300259034313 0.0 0.300259034313 -1.03355572429 1.50406789145 -1.50406789145 -1.03355572429 
119.50164687 99.8377757448 1.79866433144 127.391267993 11.6099433899 16842752 0.309100533852 0.0 0.309100533852 -1.09224748063 1.42905171993 -1.42905171993 -1.09224748063 
132.191759248 108.971085669 1.26413071156 126.131388779 11.1625022888 8388608 0.625771867737 0.0 0.625771867737 -0.745380662572 1.02099663259 -1.02099663259 -0.745380662572 
35.0636639165 108.258451466 1.5160741806 132.96142734 11.1352386475 8388608 0.435069958956 0.0 0.435069958956 -1.03321341352 1.10948229513 -1.10948229513 -1.03321341352 
213.186241183 123.538251842 1.77767264843 127.714508395 10.8078651428 15990784 0.31644367485 0.0 0.31644367485 -1.08745102037 1.4062611149 -1.4062611149 -1.08745102037 
134.559213486 81.289711243 2.69393920898 128.713200363 10.7870788574 12648960 0.137792131239 0.0 0.137792131239 -1.68485004124 2.10204395773 -2.10204395773 -1.68485004124 
191.504959111 108.478909421 1.28322827816 126.682924671 10.7627735138 8388608 0.607284444735 0.0 0.607284444735 -0.766582832345 1.02908968269 -1.02908968269 -0.766582832345 
193.338375923 130.605313701 1.3996912241 142.809843194 10.7167549133 8388608 0.510429211432 0.0 0.510429211432 -1.11504130238 0.846060527866 -0.846060527866 -1.11504130238 
209.326681668 87.7108560566 3.45867586136 134.142988079 10.5906181335 13959169 0.0835949946255 0.0 0.0835949946255 -2.40879964229 2.48195950757 -2.48195950757 -2.40879964229 
223.615618457 96.5414737478 2.58894515038 126.506145073 10.445438385 9765376 0.149195011045 0.0 0.149195011045 -1.5401867663 2.08097614512 -2.08097614512 -1.5401867663 
224.658120767 104.565803548 2.01288294792 125.781469369 10.3253631592 24969216 0.246810117322 0.0 0.246810117322 -1.17692325892 1.63295725745 -1.63295725745 -1.17692325892 
184.695406083 46.0881625254 1.70739722252 123.701149986 10.0259475708 13041664 0.343029017001 0.0 0.343029017001 -0.947368344596 1.42045714301 -1.42045714301 -0.947368344596 
203.269350416 56.5375913038 2.7981262207 126.881556024 9.9723739624 15335936 0.127721907972 0.0 0.127721907972 -1.67933118133 2.23815931747 -2.23815931747 -1.67933118133 
61.1603719465 146.090415911 1.37759172916 131.229090249 9.88552856445 8388608 0.526937305852 0.0 0.526937305852 -0.907931298237 1.0360597135 -1.0360597135 -0.907931298237 
257.506728614 37.2076497179 1.97646701336 126.142372889 9.83854675293 23658496 0.255988737813 0.0 0.255988737813 -1.16570787615 1.59610369412 -1.59610369412 -1.16570787615 
168.372193215 64.3418760016 1.9586660862 123.805727345 9.80150985718 23003136 0.260662881954 0.0 0.260662881954 -1.08976004922 1.62751217272 -1.62751217272 -1.08976004922 
111.072709368 81.6163103743 1.63917386532 127.832578863 9.26173400879 10092544 0.372177365815 0.0 0.372177365815 -1.00539752421 1.29462997766 -1.29462997766 -1.00539752421 
197.683904174 43.7919402358 1.54159593582 120.255123881 8.99374008179 8388608 0.42078367917 0.0 0.42078367917 -0.776735003223 1.33161584705 -1.33161584705 -0.776735003223 
189.881621924 53.6053094661 1.85532522202 121.996341268 8.92028808594 19070976 0.290509208305 0.0 0.290509208305 -0.983072101772 1.57346780144 -1.57346780144 -0.983072101772 
173.817177103 56.2141214012 2.18230843544 124.716206442 8.90663146973 14090496 0.209975071224 0.0 0.209975071224 -1.24285094826 1.79382040009 -1.79382040009 -1.24285094826 
146.416000358 114.975612406 1.58618342876 124.619932815 8.84253311157 8388608 0.397459775799 0.0 0.397459775799 -0.901158509187 1.30533183942 -1.30533183942 -0.901158509187 
163.683643217 117.845981536 1.51958978176 128.268115894 8.80638122559 8388608 0.433059201621 0.0 0.433059201621 -0.941146111099 1.1930620698 -1.1930620698 -0.941146111099 
102.338815148 98.8352416241 1.37842833996 127.114112648 8.21084594727 8388608 0.526297870859 0.0 0.526297870859 -0.831749758604 1.09920745424 -1.09920745424 -0.831749758604 
236.71055891 69.5328940003 1.66345345974 125.854153826 8.20922851562 11141120 0.361392129979 0.0 0.361392129979 -0.974324615504 1.34824662297 -1.34824662297 -0.974324615504 
187.245419064 116.447873768 3.06507706642 131.867312595 8.18740081787 21955072 0.106443023651 0.0 0.106443023651 -2.04565638757 2.28253967481 -2.28253967481 -2.04565638757 
162.626279992 76.7136752955 1.46403849125 126.18586698 8.03358459473 8388608 0.466546579847 0.0 0.466546579847 -0.864377985819 1.18163420799 -1.18163420799 -0.864377985819 
212.577403803 115.805419096 1.25705242157 127.448852029 8.01396942139 8388608 0.632838980175 0.0 0.632838980175 -0.76435444533 0.997969474723 -0.997969474723 -0.76435444533 
192.446409588 48.4959521325 1.34966957569 121.59874191 7.99276733398 8388608 0.548965540342 0.0 0.548965540342 -0.707182593612 1.14956545827 -1.14956545827 -0.707182593612 
118.678016287 109.038068594 1.88181185722 125.314739191 7.57569885254 20119552 0.282388885017 0.0 0.282388885017 -1.08781437841 1.53553760752 -1.53553760752 -1.08781437841 
92.3399580693 127.416685424 1.31222331524 146.505777872 7.45232772827 8388608 0.580743690583 0.0 0.580743690583 -1.09431744933 0.724154230219 -0.724154230219 -1.09431744933 
87.1115629351 71.5221803518 3.40188002586 129.092065291 7.33318328857 12779521 0.086409603721 0.0 0.086409603721 -2.14511780408 2.64031386714 -2.64031386714 -2.14511780408 
201.852732041 126.306902431 1.55003452301 129.722648229 7.29661750793 8388608 0.416214549706 0.0 0.416214549706 -0.990583508629 1.1922044015 -1.1922044015 -0.990583508629 
81.3975205768 74.6168076964 1.72808277607 129.328815869 7.29496955872 13893632 0.334865893872 0.0 0.334865893872 -1.09520698876 1.33670929253 -1.33670929253 -1.09520698876 
230.128840696 25.7753580736 1.41549491882 124.075955439 7.26480102539 8388608 0.499095174085 0.0 0.499095174085 -0.793089692182 1.17244812481 -1.17244812481 -0.793089692182 
217.454625381 61.6881284999 2.34217619896 134.647700142 7.26457977295 19202304 0.182289172396 0.0 0.182289172396 -1.6459539919 1.66632073849 -1.66632073849 -1.6459539919 
178.107829621 99.5485627025 1.4276535511 124.163918623 6.79150772095 8388608 0.490630271317 0.0 0.490630271317 -0.80171658548 1.18128962517 -1.18128962517 -0.80171658548 
206.678634562 46.2940730643 1.98468697071 124.586490852 6.5885925293 23920640 0.253872677162 0.0 0.253872677162 -1.12660686608 1.63393370153 -1.63393370153 -1.12660686608 
140.227601719 85.4156927927 1.34610676765 123.791321094 6.37542724609 8388608 0.551875335049 0.0 0.551875335049 -0.748663844711 1.11870723496 -1.11870723496 -0.748663844711 
153.256437789 96.6430620671 1.27261424065 127.666221759 6.27013969421 8388608 0.617456607685 0.0 0.617456607685 -0.777644262155 1.0073809642 -1.0073809642 -0.777644262155 
80.0894691006 82.1144785542 1.36680448055 133.691232312 6.11764717102 8388608 0.535287636216 0.0 0.535287636216 -0.944149951542 0.988299224457 -0.988299224457 -0.944149951542 
78.9538593441 129.177538113 1.36267328262 133.308788775 6.07734870911 8388608 0.538538204502 0.0 0.538538204502 -0.934698457708 0.991573128083 -0.991573128083 -0.934698457708 
256.66462432 28.3549998064 1.48522496223 124.159781172 6.02564620972 8388608 0.453331106528 0.0 0.453331106528 -0.833957780973 1.2289864149 -1.2289864149 -0.833957780973 
235.739909122 70.8048032014 2.90987181664 130.752121405 5.98804092407 18219520 0.11810064883 0.0 0.11810064883 -1.89952882506 2.20434666784 -2.20434666784 -1.89952882506 
87.7838729954 70.9501685824 1.39769768715 122.577283972 5.60583305359 8388608 0.511886300723 0.0 0.511886300723 -0.752571780597 1.17779223113 -1.17779223113 -0.752571780597 
137.953490759 59.7425944126 1.46083784103 127.605617783 5.42812347412 8388608 0.468593197485 0.0 0.468593197485 -0.891436622011 1.15731929334 -1.15731929334 -0.891436622011 
31.6135417353 142.764146203 1.29353821278 128.913422382 5.4040184021 8388608 0.597642500696 0.0 0.597642500696 -0.812530020339 1.00649693192 -1.00649693192 -0.812530020339 
222.317946525 39.9285131642 2.2604341507 126.051283722 5.38486099243 16646400 0.195711470461 0.0 0.195711470461 -1.3302861658 1.82753967582 -1.82753967582 -1.3302861658 
232.07772467 60.2291924453 2.04872775078 125.615957791 5.31477737427 9502976 0.238249226693 0.0 0.238249226693 -1.19307539516 1.66548986736 -1.66548986736 -1.19307539516 
264.11785533 104.599927924 2.28690576553 125.150469096 5.1940536499 17498368 0.191206856323 0.0 0.191206856323 -1.31663041723 1.86987227501 -1.86987227501 -1.31663041723 
247.417961421 73.6800036308 1.5033172369 124.441207184 4.86243438721 8388608 0.442485176179 0.0 0.442485176179 -0.850216517032 1.23979618846 -1.23979618846 -0.850216517032 
148.258293423 86.3955331233 2.18687534332 127.687463623 4.85949325562 14221568 0.209098994291 0.0 0.209098994291 -1.3369547809 1.73059980384 -1.73059980384 -1.3369547809 
227.696396813 51.367969139 1.5835236311 125.59519986 4.85474777222 8388608 0.398796099939 0.0 0.398796099939 -0.921697606336 1.28764149231 -1.28764149231 -0.921697606336 
266.940108262 95.566125554 1.32487809658 124.87426385 4.76100158691 8388608 0.569702544996 0.0 0.569702544996 -0.75753537917 1.08694163602 -1.08694163602 -0.75753537917 
225.045693326 69.5619885505 1.4413164854 134.280463131 4.74640655518 8388608 0.481372517565 0.0 0.481372517565 -1.00628566884 1.03188292155 -1.03188292155 -1.00628566884 
259.280400018 111.193374138 1.48319303989 125.114042198 4.7456741333 8388608 0.45457405271 0.0 0.45457405271 -0.853141163458 1.21326491287 -1.21326491287 -0.853141163458 
123.440631005 132.204563076 1.48052406311 141.773219956 4.7349395752 8388608 0.456214473422 0.0 0.456214473422 -1.16305197676 0.916112220633 -0.916112220633 -1.16305197676 
242.823688058 135.567417377 1.20188367367 124.837999188 4.68960571289 8388608 0.692269389295 0.0 0.692269389295 -0.686585708445 0.986470693932 -0.986470693932 -0.686585708445 
153.675708805 91.9360976361 1.29169559479 128.074226687 4.67927932739 8388608 0.599348804074 0.0 0.599348804074 -0.796565198534 1.01683892239 -1.01683892239 -0.796565198534 
156.162535817 42.9779006725 1.96758198738 124.60046621 4.36946868896 23330816 0.258305898687 0.0 0.258305898687 -1.11729230281 1.61957920064 -1.61957920064 -1.11729230281 
95.488622147 87.3383304368 2.20000219345 128.753925575 4.3500289917 14680320 0.206611158256 0.0 0.206611158256 -1.37715056158 1.7156532231 -1.7156532231 -1.37715056158 
200.86373738 51.4953764751 1.2294460535 124.047273043 4.34148025513 8388608 0.661577985891 0.0 0.661577985891 -0.688338232815 1.01868939119 -1.01868939119 -0.688338232815 
44.1511697395 35.739262861 1.72000277042 124.705534255 4.22578811646 13565952 0.338019462745 0.0 0.338019462745 -0.979298941204 1.41399544342 -1.41399544342 -0.979298941204 
244.204460717 59.581947996 1.56466329098 124.224702244 4.16442871094 8388608 0.408468163594 0.0 0.408468163594 -0.880029079612 1.29372332172 -1.29372332172 -0.880029079612 
36.4276985992 36.1341954835 1.33044421673 124.747422385 4.14415740967 8388608 0.564945638212 0.0 0.564945638212 -0.758299716854 1.09318953217 -1.09318953217 -0.758299716854 
246.687685734 27.8115281835 1.36649572849 125.322830552 4.13502502441 8388608 0.535529554033 0.0 0.535529554033 -0.790084303878 1.11493379568 -1.11493379568 -0.790084303878 
283.221200923 55.8480290758 1.92133593559 124.615789476 4.04696273804 21561344 0.270890259193 0.0 0.270890259193 -1.09145438481 1.58122076361 -1.58122076361 -1.09145438481 
27.1648631154 53.0147515968 1.41606163979 124.733318798 4.03128051758 8388608 0.498695769016 0.0 0.498695769016 -0.806811771718 1.1637376563 -1.1637376563 -0.806811771718 
148.034030799 35.5818421137 1.63591074944 124.656083895 3.930103302 9961472 0.373663594939 0.0 0.373663594939 -0.930259336964 1.34566769528 -1.34566769528 -0.930259336964 
140.22802965 43.5792986077 1.65785181522 124.606188676 3.91463470459 10944512 0.363838440665 0.0 0.363838440665 -0.94154817635 1.36453643149 -1.36453643149 -0.94154817635 
108.57756289 36.421078966 1.97428238392 124.694905105 3.86703109741 23527424 0.25655557663 0.0 0.25655557663 -1.12377419581 1.6232444327 -1.6232444327 -1.12377419581 
115.491862583 35.0766743006 1.72588372231 124.650323459 3.85934829712 13828096 0.33571978366 0.0 0.33571978366 -0.981279658564 1.41977633964 -1.41977633964 -0.981279658564 
107.483920711 43.1141779964 1.71599519253 124.650323459 3.85914230347 13434880 0.339600144512 0.0 0.339600144512 -0.975657371848 1.41164166612 -1.41164166612 -0.975657371848 
155.007805811 34.8152456245 1.33007597923 124.636403225 3.83971405029 8388608 0.565258496978 0.0 0.565258496978 -0.755970782199 1.09435382167 -1.09435382167 -0.755970782199 
139.478289696 35.0411495993 1.75852644444 124.630043069 3.83529663086 15204352 0.323371836344 0.0 0.323371836344 -0.999327105688 1.44698327275 -1.44698327275 -0.999327105688 
91.8099448916 43.7522618298 1.5599886179 124.714535689 3.82234191895 8388608 0.410919868754 0.0 0.410919868754 -0.888394921989 1.28231000563 -1.28231000563 -0.888394921989 
252.092584287 43.3818521728 1.5471149683 125.725574038 3.79058456421 8388608 0.417786905655 0.0 0.417786905655 -0.903366042369 1.25598348661 -1.25598348661 -0.903366042369 
132.205055339 44.0864021547 1.54516100883 124.682029315 3.74668502808 8388608 0.418844212734 0.0 0.418844212734 -0.87923003881 1.27062074675 -1.27062074675 -0.87923003881 
100.480483578 36.1719655022 1.31287050247 124.719304983 3.73569488525 8388608 0.580171269674 0.0 0.580171269674 -0.747753929174 1.07911677666 -1.07911677666 -0.747753929174 
279.753200619 115.673653191 1.66934025288 124.661846004 3.67017364502 11403264 0.358847783992 0.0 0.358847783992 -0.949407088758 1.37307066813 -1.37307066813 -0.949407088758 
287.717366653 123.652672605 1.60885667801 124.654349334 3.66603469849 8781824 0.38633609432 0.0 0.38633609432 -0.914834995728 1.32344124953 -1.32344124953 -0.914834995728 
292.822252615 36.4289877702 1.19710791111 124.658726759 3.59873580933 8388608 0.697803909504 0.0 0.697803909504 -0.680779875518 0.984685793506 -0.984685793506 -0.680779875518 
250.975960295 101.314171558 1.94768559933 125.028229526 3.54230499268 22609920 0.263610250355 0.0 0.263610250355 -1.1179325052 1.59490003061 -1.59490003061 -1.1179325052 
227.449221357 133.553357975 1.22396576405 125.449529542 3.44045639038 8388608 0.667515661343 0.0 0.667515661343 -0.709882513089 0.997075227437 -0.997075227437 -0.709882513089 
234.604476257 147.132238007 1.29389238358 124.836714932 3.42920684814 8388608 0.597315365989 0.0 0.597315365989 -0.739122619349 1.06200529841 -1.06200529841 -0.739122619349 
215.935475292 146.830497375 1.6518535614 124.741292518 3.31874847412 10682368 0.366485597476 0.0 0.366485597476 -0.941344905836 1.3573834965 -1.3573834965 -0.941344905836 
281.540107524 78.0951408978 1.67197155952 124.747721907 3.2766494751 11534336 0.357719181601 0.0 0.357719181601 -0.952963753906 1.37380820335 -1.37380820335 -0.952963753906 
227.915131943 144.081406997 1.28612494469 124.560317027 3.2530708313 8388608 0.604552020379 0.0 0.604552020379 -0.729584606342 1.05916177968 -1.05916177968 -0.729584606342 
279.849205722 88.3300164671 1.41476857662 124.742635755 3.24452972412 8388608 0.499607776571 0.0 0.499607776571 -0.806264093024 1.16254390786 -1.16254390786 -0.806264093024 
279.845203256 104.790732821 1.2441277504 124.737228204 3.23843002319 8388608 0.646055823673 0.0 0.646055823673 -0.708920906343 1.02239180741 -1.02239180741 -0.708920906343 
280.472891366 94.4988804941 1.37288475037 124.73897051 3.23167419434 8388608 0.530556742356 0.0 0.530556742356 -0.782322702481 1.12817717003 -1.12817717003 -0.782322702481 
254.805894383 94.3828316906 2.13563346863 124.573303857 3.15272140503 12517632 0.21925351442 0.0 0.21925351442 -1.21188689892 1.75848242998 -1.75848242998 -1.21188689892 
85.0919254476 98.0056496308 1.46822953224 126.581463092 2.46797466278 8388608 0.463886879729 0.0 0.463886879729 -0.875013571996 1.17900348098 -1.17900348098 -0.875013571996 
97.9188137346 117.542598831 1.26021850109 137.44142632 1.04146003723 8388608 0.629663179055 0.0 0.629663179055 -0.928259674564 0.852340687208 -0.852340687208 -0.928259674564 
