13
124
125.321932691 70.2465274892 8.26261901855 24.3045349121 89.7036819458 10092802 0.0146475349646 0.0 0.0146475349646 7.53030890166 3.400782394 -3.400782394 7.53030890166 
118.189815069 39.6608652331 5.45104980469 179.910675049 80.936416626 13435393 0.0336542332079 0.0 0.0336542332079 -5.45104318023 0.00849826225481 -0.00849826225481 -5.45104318023 
38.979519306 180.701273199 2.39220285416 112.067443848 80.5519638062 20709632 0.174744691592 0.0 0.174744691592 -0.898745200426 2.21695547094 -2.21695547094 -0.898745200426 
123.354582949 104.523858325 10.104265213 18.7674560547 66.377494812 24641794 0.00979468618832 0.0 0.00979468618832 9.56704319615 3.25082450741 -3.25082450741 9.56704319615 
119.31221265 28.3160650497 3.08530211449 230.856506348 62.905330658 22413824 0.105052068064 0.0 0.105052068064 -1.94764240091 -2.39285984041 2.39285984041 -1.94764240091 
32.5493248956 170.823826833 1.78037977219 138.377807617 62.7866439819 16056320 0.31548208124 0.0 0.31548208124 -1.33090665411 1.1825563882 -1.1825563882 -1.33090665411 
112.499501847 66.9132746534 3.73769640923 197.693939209 51.1449813843 19595265 0.0715800427365 0.0 0.0715800427365 -3.56087958525 -1.13600661392 1.13600661392 -3.56087958525 
135.882804176 37.4851609984 1.49536979198 335.983703613 50.5268478394 8388608 0.447201028397 0.0 0.447201028397 1.36591523189 -0.608610215227 0.608610215227 1.36591523189 
125.550988211 40.4764157834 1.58134400845 40.8575744629 50.5041313171 8388608 0.399896207252 0.0 0.399896207252 1.1960306829 1.03448512731 -1.03448512731 1.1960306829 
122.633021913 177.426192162 1.93869102001 335.852996826 48.7455444336 22216704 0.266061970168 0.0 0.266061970168 1.76905340783 -0.793078124348 0.793078124348 1.76905340783 
62.7798201436 183.176767556 1.75177550316 31.5900878906 47.1352386475 14942208 0.325869040796 0.0 0.325869040796 1.492193153 0.917647539972 -0.917647539972 1.492193153 
53.3278392578 186.983058406 2.62195491791 100.312225342 43.5614547729 10682880 0.145462001751 0.0 0.145462001751 -0.469361774005 2.57960212371 -2.57960212371 -0.469361774005 
133.624804131 43.8847923809 1.26293098927 159.979125977 40.3500366211 8388608 0.626961337397 0.0 0.626961337397 -1.18660948499 0.43238017273 -0.43238017273 -1.18660948499 
142.851840818 61.6132190177 2.04127597809 133.66973877 39.3690757751 9240832 0.239991881436 0.0 0.239991881436 -1.40950202997 1.47652011372 -1.47652011372 -1.40950202997 
115.815797465 120.635651704 1.4066221714 28.9847412109 37.0322494507 8388608 0.505411457385 0.0 0.505411457385 1.23044104064 0.681616298653 -0.681616298653 1.23044104064 
114.742181305 67.3276413564 1.52399420738 54.4987487793 34.912651062 8388608 0.430559689717 0.0 0.430559689717 0.885015034971 1.24068800752 -1.24068800752 0.885015034971 
116.075285736 17.2338541318 1.60872960091 252.654418945 30.1406764984 8781824 0.386397131812 0.0 0.386397131812 -0.479617521406 -1.53557089123 1.53557089123 -0.479617521406 
111.267645253 130.380834978 1.26733505726 38.0673217773 28.7764434814 8388608 0.622611449486 0.0 0.622611449486 0.99775618176 0.781422260444 -0.781422260444 0.99775618176 
105.62291528 155.94655793 6.2205080986 43.6143188477 24.7911911011 23003649 0.0258433185208 0.0 0.0258433185208 4.50364472383 4.29090960127 -4.29090960127 4.50364472383 
115.506097038 182.912794149 2.00532031059 101.663726807 24.6457481384 24707072 0.248675210909 0.0 0.248675210909 -0.405410236677 1.9639124441 -1.9639124441 -0.405410236677 
96.9168280466 150.862173308 1.56099200249 43.5220947266 21.5197525024 8388608 0.410391771045 0.0 0.410391771045 1.13188914677 1.07495255302 -1.07495255302 1.13188914677 
118.586506247 169.006290124 1.32166790962 235.910140991 20.6201381683 8388608 0.572473396444 0.0 0.572473396444 -0.740784850825 -1.09455190289 1.09455190289 -0.740784850825 
75.1036146545 119.530195743 2.89578342438 208.216705322 20.1795463562 17826304 0.119252596645 0.0 0.119252596645 -2.55166484387 -1.36914870101 1.36914870101 -2.55166484387 
134.545110426 160.989407355 1.58503508568 36.2990722656 20.0789031982 8388608 0.398035896196 0.0 0.398035896196 1.27743979771 0.938340975374 -0.938340975374 1.27743979771 
82.4197791205 163.593754216 1.22971904278 49.5623168945 20.069852829 8388608 0.661284286858 0.0 0.661284286858 0.797621128231 0.93595377021 -0.93595377021 0.797621128231 
110.278619313 75.1779951308 1.46600151062 42.4854736328 19.0418663025 8388608 0.465297977034 0.0 0.465297977034 1.08110075791 0.990142202101 -0.990142202101 1.08110075791 
85.7084547556 160.793399096 1.25285816193 51.5 18.5699157715 8388608 0.637083249849 0.0 0.637083249849 0.77992254343 0.980497016903 -0.980497016903 0.77992254343 
191.219116738 125.31303826 1.73726582527 18.1298217773 18.0558357239 14286848 0.331335101296 0.0 0.331335101296 1.65101735146 0.540586952156 -0.540586952156 1.65101735146 
88.7673614683 99.0765744906 2.70383834839 191.967193604 18.0326118469 12911104 0.13678502475 0.0 0.13678502475 -2.64507444083 -0.560645178941 0.560645178941 -2.64507444083 
132.465156464 166.006794889 3.92481684685 22.7727050781 18.015247345 23134209 0.0649174138005 0.0 0.0649174138005 3.61886816631 1.51920389552 -1.51920389552 3.61886816631 
92.6876012929 139.297299401 2.31997704506 216.429595947 15.9659042358 18546944 0.185794401946 0.0 0.185794401946 -1.86662374521 -1.37768257716 1.37768257716 -1.86662374521 
29.7992582879 180.113031773 1.99183666706 152.323135376 15.1767501831 24182784 0.252053396585 0.0 0.252053396585 -1.76393320827 0.925177250591 -0.925177250591 -1.76393320827 
85.0834401654 147.543505366 2.24170207977 223.882919312 15.1609611511 16056576 0.198995937562 0.0 0.198995937562 -1.61572424274 -1.5539187192 1.5539187192 -1.61572424274 
87.7643637398 94.7495693884 1.40426838398 207.168487549 14.8282146454 8388608 0.507107184719 0.0 0.507107184719 -1.24933214023 -0.641201136651 0.641201136651 -1.24933214023 
180.322638531 147.114582082 3.38167262077 27.7282714844 14.8207054138 12320769 0.0874453816162 0.0 0.0874453816162 2.99333537345 1.57342081342 -1.57342081342 2.99333537345 
86.6898291821 128.037081668 1.88772904873 43.4524841309 14.8121032715 20316160 0.280621332336 0.0 0.280621332336 1.37038742599 1.29829090119 -1.29829090119 1.37038742599 
57.8413427277 122.36725629 1.77631163597 218.968566895 14.3108978271 15925248 0.316928779795 0.0 0.316928779795 -1.38106648192 -1.11711163301 1.11711163301 -1.38106648192 
66.3243489392 126.234102419 1.54359102249 218.312301636 14.0483627319 8388608 0.419696658876 0.0 0.419696658876 -1.21116832808 -0.956945414204 0.956945414204 -1.21116832808 
67.4631449893 202.637368262 1.61888289452 117.727676392 13.6079902649 9175040 0.381565527515 0.0 0.381565527515 -0.753217119321 1.43298492571 -1.43298492571 -0.753217119321 
83.314388025 102.730896959 1.6146427393 208.6171875 13.5750160217 9043968 0.383572189887 0.0 0.383572189887 -1.41739691446 -0.773341556124 0.773341556124 -1.41739691446 
76.4237859867 139.785021663 1.26818132401 55.1245422363 13.3917236328 8388608 0.621780780314 0.0 0.621780780314 0.725139124829 1.04041199541 -1.04041199541 0.725139124829 
82.3286333499 133.884766788 1.84238421917 50.8892211914 12.9533615112 18546688 0.294604644909 0.0 0.294604644909 1.16221611201 1.4295570363 -1.4295570363 1.16221611201 
42.2532227375 139.79472904 1.46979963779 223.996444702 12.7137145996 8388608 0.462896319767 0.0 0.462896319767 -1.05734873123 -1.02094301302 1.02094301302 -1.05734873123 
192.080847005 79.829161316 1.58324635029 345.603057861 12.5567245483 8388608 0.398935797956 0.0 0.398935797956 1.53352676629 -0.393655512831 0.393655512831 1.53352676629 
189.209934407 71.8798919434 1.91816365719 340.399291992 12.5514831543 21495808 0.271787002188 0.0 0.271787002188 1.80701241761 -0.643473339265 0.643473339265 1.80701241761 
39.4922116273 153.171541567 1.7603085041 240.740203857 12.1693382263 15269888 0.322717432628 0.0 0.322717432628 -0.860386708061 -1.53571505893 1.53571505893 -0.860386708061 
132.212535594 147.320630276 1.98934137821 216.771057129 11.5896835327 24117248 0.252686108988 0.0 0.252686108988 -1.59352981216 -1.190857614 1.190857614 -1.59352981216 
153.347795194 169.402869301 1.58689367771 246.710739136 11.5870857239 8388608 0.3971040718 0.0 0.3971040718 -0.627415466595 -1.45759438001 1.45759438001 -0.627415466595 
56.0991935855 140.832390112 2.41671514511 228.730407715 11.0676345825 21496064 0.171217863116 0.0 0.171217863116 -1.59407224105 -1.81643766282 1.81643766282 -1.59407224105 
66.4812439605 148.115989148 1.45827424526 55.9634399414 10.8279457092 8388608 0.470242186969 0.0 0.470242186969 0.816227875236 1.20844355685 -1.20844355685 0.816227875236 
47.7742887737 144.147916075 1.28785598278 222.870880127 10.7361526489 8388608 0.602927926884 0.0 0.602927926884 -0.943855189921 -0.87619085412 0.87619085412 -0.943855189921 
169.26726223 51.6509311675 1.70555138588 299.662200928 10.2920188904 12976128 0.343771906557 0.0 0.343771906557 0.844052665009 -1.4820528427 1.4820528427 0.844052665009 
44.254570153 161.303534635 1.58268272877 19.647277832 9.8567199707 8388608 0.399219984841 0.0 0.399219984841 1.49053946726 0.532143511158 -0.532143511158 1.49053946726 
49.1356907905 176.58059073 2.12331151962 254.322814941 9.70638465881 12124416 0.221805631353 0.0 0.221805631353 -0.573755048696 -2.04432310398 2.04432310398 -0.573755048696 
54.5486658537 155.019193229 1.40311646461 54.9870605469 9.69706344604 8388608 0.507940168131 0.0 0.507940168131 0.80505408926 1.14918393943 -1.14918393943 0.80505408926 
29.8534708356 191.386460152 2.97235178947 120.717285156 9.49797439575 19726848 0.113187790642 0.0 0.113187790642 -1.51828412272 2.55532551412 -2.55532551412 -1.51828412272 
186.03922431 64.3836859859 1.41070878506 329.223144531 8.5482673645 8388608 0.502487494941 0.0 0.502487494941 1.2120339631 -0.721853827678 0.721853827678 1.2120339631 
70.740504975 135.047619102 1.43333506584 218.299804688 8.35618209839 8388608 0.486748417683 0.0 0.486748417683 -1.12485051897 -0.888347184908 0.888347184908 -1.12485051897 
83.3474332192 169.937213044 1.24878644943 45.6810302734 8.28058242798 8388608 0.641244487786 0.0 0.641244487786 0.872467402342 0.89345857662 -0.89345857662 0.872467402342 
180.320360154 58.0670965199 1.72031009197 322.221130371 7.63944625854 13631488 0.337898703835 0.0 0.337898703835 1.35970040292 -1.05388881143 1.05388881143 1.35970040292 
63.4339633131 170.621707228 1.35074162483 231.713821411 7.62759590149 8388608 0.548094486279 0.0 0.548094486279 -0.836905601946 -1.06023202672 1.06023202672 -0.836905601946 
100.780577751 157.100735742 1.38788974285 55.6914367676 7.41704559326 8388608 0.519146664133 0.0 0.519146664133 0.782283371391 1.14641644491 -1.14641644491 0.782283371391 
99.1785054342 127.713747887 1.2828758955 53.8005371094 7.39998245239 8388608 0.607618110523 0.0 0.607618110523 0.757664070118 1.03523703571 -1.03523703571 0.757664070118 
56.3243680473 146.80288141 1.31250655651 81.4254760742 7.3299331665 8388608 0.580493066566 0.0 0.580493066566 0.195689066313 1.29783637266 -1.29783637266 0.195689066313 
181.938829178 127.372889794 1.46142172813 199.677200317 6.6473274231 8388608 0.468218834821 0.0 0.468218834821 -1.37608143699 -0.492090790646 0.492090790646 -1.37608143699 
170.901790987 165.373719547 1.2989333868 29.3271179199 6.32002258301 8388608 0.592688145038 0.0 0.592688145038 1.13245890354 0.63621126612 -0.63621126612 1.13245890354 
164.972156884 147.292696503 1.41259384155 215.282012939 6.28406906128 8388608 0.501147286206 0.0 0.501147286206 -1.15312713378 -0.815916156555 0.815916156555 -1.15312713378 
62.4979734589 142.482095052 1.2412815094 233.28616333 6.26055526733 8388608 0.649022014282 0.0 0.649022014282 -0.7420613662 -0.995050106462 0.995050106462 -0.7420613662 
160.359116825 152.579416535 1.49552798271 37.2834777832 6.03356552124 8388608 0.447106427273 0.0 0.447106427273 1.18991413985 0.905929515398 -0.905929515398 1.18991413985 
22.2651456984 180.522744161 1.26283478737 177.507598877 5.80983734131 8388608 0.627056864013 0.0 0.627056864013 -1.26164014293 0.0549167546954 -0.0549167546954 -1.26164014293 
114.068389524 139.532003576 1.31677210331 34.8237304688 5.71521377563 8388608 0.57673826379 0.0 0.57673826379 1.08095502626 0.751947473735 -0.751947473735 1.08095502626 
105.030091343 15.3459925194 1.33058702946 201.698974609 5.49616241455 8388608 0.564824372791 0.0 0.564824372791 -1.23630055283 -0.491958114109 0.491958114109 -1.23630055283 
102.196777798 12.9903283929 1.77841711044 202.694519043 5.39181137085 15990784 0.316178797746 0.0 0.316178797746 -1.64072316797 -0.68614495903 0.68614495903 -1.64072316797 
178.243877816 67.5571575728 1.26741361618 144.360473633 5.23477554321 8388608 0.622534268418 0.0 0.622534268418 -1.03002575461 0.738501333317 -0.738501333317 -1.03002575461 
144.305421933 107.507737298 1.42687618732 187.64743042 5.22296524048 8388608 0.491165008805 0.0 0.491165008805 -1.41418514606 -0.189884245303 0.189884245303 -1.41418514606 
158.464816886 137.690710163 1.25858163834 38.6393737793 5.15270996094 8388608 0.631302075414 0.0 0.631302075414 0.983067490941 0.785879156494 -0.785879156494 0.983067490941 
168.989622408 58.3317388608 1.3796492815 61.8380126953 4.81986999512 8388608 0.52536677248 0.0 0.52536677248 0.65114750182 1.21632194374 -1.21632194374 0.65114750182 
175.819305319 122.471669689 1.35481548309 9.33361816406 4.7334022522 8388608 0.544803259933 0.0 0.544803259933 1.33687870953 0.219727807179 -0.219727807179 1.33687870953 
167.308313558 140.472555304 1.65362262726 38.1128234863 4.60124969482 10747904 0.365701875305 0.0 0.365701875305 1.30106516051 1.02063570459 -1.02063570459 1.30106516051 
126.833714368 140.092572556 1.37159657478 226.898681641 4.51807022095 8388608 0.531553786523 0.0 0.531553786523 -0.937199011324 -1.00146651323 1.00146651323 -0.937199011324 
137.003932292 118.3860905 1.74744343758 185.563796997 4.512840271 14745600 0.327486759427 0.0 0.327486759427 -1.73921098724 -0.16942169106 0.16942169106 -1.73921098724 
178.710052675 115.175439209 1.47472465038 13.2409057617 4.48170089722 8388608 0.459809691461 0.0 0.459809691461 1.43552001857 0.337779618572 -0.337779618572 1.43552001857 
164.544325718 180.531221555 1.29984724522 59.7283325195 4.37599945068 8388608 0.591855058454 0.0 0.591855058454 0.65525379795 1.12260648545 -1.12260648545 0.65525379795 
39.4742882973 196.586964423 1.2135001421 79.0289001465 4.37241744995 8388608 0.679079057082 0.0 0.679079057082 0.23094586668 1.19132136787 -1.19132136787 0.23094586668 
27.4065665483 195.959852615 1.35179913044 102.130004883 4.35510635376 8388608 0.547237278628 0.0 0.547237278628 -0.284054340149 1.32161795573 -1.32161795573 -0.284054340149 
139.524239016 197.021804166 1.66494333744 59.1393432617 4.33132171631 11206656 0.360745634503 0.0 0.360745634503 0.85403588841 1.42921622514 -1.42921622514 0.85403588841 
132.269146268 135.233964101 1.42494010925 218.975006104 4.3032989502 8388608 0.492500615568 0.0 0.492500615568 -1.10777752865 -0.896260710945 0.896260710945 -1.10777752865 
90.8152063812 174.768192984 1.62130856514 259.306213379 3.97637557983 9306112 0.380424646695 0.0 0.380424646695 -0.300850107996 -1.59315117798 1.59315117798 -0.300850107996 
140.691255754 19.8458104785 1.23482728004 273.827758789 3.85229492188 8388608 0.655824397789 0.0 0.655824397789 0.0824337471834 -1.23207268003 1.23207268003 0.0824337471834 
201.396377259 138.99194287 1.92118728161 4.35623168945 3.65325927734 21561344 0.27093218168 0.0 0.27093218168 1.91563710039 0.145928306475 -0.145928306475 1.91563710039 
181.470052088 39.4131295865 1.65511572361 271.497314453 3.64667129517 10813440 0.365042366318 0.0 0.365042366318 0.0432483272966 -1.65455058573 1.65455058573 0.0432483272966 
188.20814814 27.0409381027 3.30873632431 284.24621582 3.63192749023 10747905 0.0913430862939 0.0 0.0913430862939 0.814244534084 -3.2069833025 3.2069833025 0.814244534084 
190.864931383 43.9670997757 1.90965628624 347.646118164 3.626537323 21168128 0.274213976281 0.0 0.274213976281 1.86543782323 -0.408569283256 0.408569283256 1.86543782323 
198.029138384 140.962982443 1.28623235226 3.03256225586 3.62070465088 8388608 0.604451057668 0.0 0.604451057668 1.28443115104 0.0680461771392 -0.0680461771392 1.28443115104 
108.044579515 147.773093794 1.27833080292 38.584564209 3.5968208313 8388608 0.611946552152 0.0 0.611946552152 0.999256514135 0.797255329644 -0.797255329644 0.999256514135 
197.792996961 148.930914952 1.27147591114 357.559844971 3.59050369263 8388608 0.618562698177 0.0 0.618562698177 1.27032298345 -0.0541341881506 0.0541341881506 1.27032298345 
167.027963585 24.0046578175 2.83688354492 280.596466064 3.58153533936 16384512 0.124255889761 0.0 0.124255889761 0.521676568921 -2.78850529942 2.78850529942 0.521676568921 
209.017976628 83.7419766251 1.67346334457 1.11370849609 3.57046127319 11599872 0.357081698532 0.0 0.357081698532 1.67314721121 0.0325265316045 -0.0325265316045 1.67314721121 
209.662807819 89.6491985287 1.69861626625 1.27520751953 3.55860900879 12713984 0.346584744573 0.0 0.346584744573 1.69819557467 0.0378022504965 -0.0378022504965 1.69819557467 
191.095777851 41.5466535289 1.24951934814 338.184051514 3.558177948 8388608 0.640492471531 0.0 0.640492471531 1.16003179544 -0.464354212807 0.464354212807 1.16003179544 
201.572684317 143.969117218 2.04485177994 7.00555419922 3.55806350708 9371904 0.239153274851 0.0 0.239153274851 2.02958559764 0.249401491081 -0.249401491081 2.02958559764 
195.95714814 180.810964324 2.20790982246 38.3271789551 3.55779266357 14942464 0.205133852763 0.0 0.205133852763 1.73206613702 1.36923799288 -1.36923799288 1.73206613702 
152.146772829 201.764526412 1.67279958725 80.6686706543 3.5570526123 11599872 0.357365130711 0.0 0.357365130711 0.271233429081 1.65066377135 -1.65066377135 0.271233429081 
194.95435722 174.166788568 1.72219228745 45.935333252 3.55634689331 13697024 0.337160523928 0.0 0.337160523928 1.19773274127 1.2374904264 -1.2374904264 1.19773274127 
208.870830203 112.195711789 1.4734787941 0.0941162109375 3.55421066284 8388608 0.460587577071 0.0 0.460587577071 1.47347680618 0.0024203908178 -0.0024203908178 1.47347680618 
203.454636514 75.5430855188 1.64820146561 300.172546387 3.55411529541 10485760 0.368111519307 0.0 0.368111519307 0.828395560957 -1.42489608948 1.42489608948 0.828395560957 
169.436917728 193.513244009 1.64630401134 88.0201416016 3.55364990234 10420224 0.368960545102 0.0 0.368960545102 0.0568767932204 1.6453212234 -1.6453212234 0.0568767932204 
208.360653113 102.221811906 1.47025346756 356.884857178 3.55334472656 8388608 0.462610595284 0.0 0.462610595284 1.46808093701 -0.0798975673018 0.0798975673018 1.46808093701 
209.089056355 107.640191222 1.65074241161 1.09832763672 3.55176925659 10616832 0.366979142012 0.0 0.366979142012 1.65043912407 0.0316418589547 -0.0316418589547 1.65043912407 
203.844120427 169.894400178 2.6209025383 12.7044677734 3.55061340332 10617344 0.145578840875 0.0 0.145578840875 2.55673602445 0.576394844293 -0.576394844293 2.55673602445 
174.306337275 27.4999917999 1.95582997799 280.816558838 3.55057907104 22872064 0.261419393661 0.0 0.261419393661 0.36704121206 -1.921080855 1.921080855 0.36704121206 
155.035282052 205.443551941 2.19369602203 77.3013305664 3.55053710938 14483712 0.207800747071 0.0 0.207800747071 0.482226046492 2.14003744761 -2.14003744761 0.482226046492 
210.71579207 78.1326146175 1.87455248833 355.779144287 3.54594802856 19791872 0.284580271426 0.0 0.284580271426 1.86946823782 -0.137969341834 0.137969341834 1.86946823782 
178.711727456 187.90781115 1.91733801365 50.7754211426 3.54581832886 21430272 0.272021126267 0.0 0.272021126267 1.21245109075 1.48531054366 -1.48531054366 1.21245109075 
176.455221876 195.031541911 1.90383899212 76.6616516113 3.54452133179 20905984 0.275892290937 0.0 0.275892290937 0.439217634951 1.85248232841 -1.85248232841 0.439217634951 
191.453423297 193.075711271 2.52075147629 57.9708862305 3.54253005981 24510720 0.157376520679 0.0 0.157376520679 1.33688083646 2.13703945549 -2.13703945549 1.33688083646 
209.463922298 94.5272787889 1.61903357506 359.843597412 3.54145431519 9240576 0.381494507586 0.0 0.381494507586 1.61902754296 -0.00441953541246 0.00441953541246 1.61902754296 
202.150129318 71.0416624536 1.59354543686 298.710998535 3.50941085815 8388608 0.393795816327 0.0 0.393795816327 0.765526266197 -1.39762534146 1.39762534146 0.765526266197 
133.035427307 20.0031985351 1.48711395264 306.036010742 3.34852981567 8388608 0.452180160118 0.0 0.452180160118 0.874859633023 -1.20255084326 1.20255084326 0.874859633023 
182.132101706 99.9414623996 1.67133677006 359.894165039 3.2557258606 11534336 0.357990963441 0.0 0.357990963441 1.67133391873 -0.00308723893253 0.00308723893253 1.67133391873 
179.590534806 74.8521682448 1.45886933804 347.215179443 3.24831008911 8388608 0.469858628764 0.0 0.469858628764 1.42270107159 -0.322833403404 0.322833403404 1.42270107159 
182.931261796 50.4903628147 1.64936709404 317.485137939 2.48896408081 10551296 0.367591405093 0.0 0.367591405093 1.2157518982 -1.11461165117 1.11461165117 1.2157518982 
140.54724872 169.062683477 1.28284621239 344.949523926 2.24215698242 8388608 0.607646229569 0.0 0.607646229569 1.23884130157 -0.333116547422 0.333116547422 1.23884130157 
118.398308695 74.5671879756 1.40589010715 176.080795288 -0.0341081619263 8388608 0.505937942331 0.0 0.505937942331 -1.40260232778 0.0960921615698 -0.0960921615698 -1.40260232778 
