13
92
32.5493248956 170.823826833 1.78037977219 131.267750586 62.7866439819 16056320 0.31548208124 0.0 0.31548208124 -1.17430059 1.33819664382 -1.33819664382 -1.17430059 
112.499501847 66.9132746534 3.73769640923 127.768737089 51.1449813843 19595265 0.0715800427365 0.0 0.0715800427365 -2.28924867944 2.95460909956 -2.95460909956 -2.28924867944 
135.882804176 37.4851609984 1.49536979198 141.032515608 50.5268478394 8388608 0.447201028397 0.0 0.447201028397 -1.16265446707 0.940407042179 -0.940407042179 -1.16265446707 
125.550988211 40.4764157834 1.58134400845 130.701470485 50.5041313171 8388608 0.399896207252 0.0 0.399896207252 -1.03122267226 1.19884472442 -1.19884472442 -1.03122267226 
122.633021913 177.426192162 1.93869102001 129.09019939 48.7455444336 22216704 0.266061970168 0.0 0.266061970168 -1.22242815499 1.5047233224 -1.5047233224 -1.22242815499 
62.7798201436 183.176767556 1.75177550316 126.989248317 47.1352386475 14942208 0.325869040796 0.0 0.325869040796 -1.05398226526 1.39922792925 -1.39922792925 -1.05398226526 
53.3278392578 186.983058406 2.62195491791 131.981899431 43.5614547729 10682880 0.145462001751 0.0 0.145462001751 -1.75381463952 1.94904638266 -1.94904638266 -1.75381463952 
133.624804131 43.8847923809 1.26293098927 141.612037781 40.3500366211 8388608 0.626961337397 0.0 0.626961337397 -0.989915547115 0.784258817755 -0.784258817755 -0.989915547115 
142.851840818 61.6132190177 2.04127597809 129.921438455 39.3690757751 9240832 0.239991881436 0.0 0.239991881436 -1.30996158359 1.56550575478 -1.56550575478 -1.30996158359 
115.815797465 120.635651704 1.4066221714 131.726714038 37.0322494507 8388608 0.505411457385 0.0 0.505411457385 -0.936217335418 1.04980142596 -1.04980142596 -0.936217335418 
114.742181305 67.3276413564 1.52399420738 132.666463752 34.912651062 8388608 0.430559689717 0.0 0.430559689717 -1.03285567219 1.12061032681 -1.12061032681 -1.03285567219 
111.267645253 130.380834978 1.26733505726 128.965384507 28.7764434814 8388608 0.622611449486 0.0 0.622611449486 -0.796964614098 0.985385990986 -0.985385990986 -0.796964614098 
115.506097038 182.912794149 2.00532031059 123.032962081 24.6457481384 24707072 0.248675210909 0.0 0.248675210909 -1.09314307409 1.68117452029 -1.68117452029 -1.09314307409 
96.9168280466 150.862173308 1.56099200249 123.088187665 21.5197525024 8388608 0.410391771045 0.0 0.410391771045 -0.852191180445 1.30784793604 -1.30784793604 -0.852191180445 
118.586506247 169.006290124 1.32166790962 126.289380298 20.6201381683 8388608 0.572473396444 0.0 0.572473396444 -0.782247379188 1.06531455499 -1.06531455499 -0.782247379188 
75.1036146545 119.530195743 2.89578342438 117.816662985 20.1795463562 17826304 0.119252596645 0.0 0.119252596645 -1.35129960683 2.56116204357 -2.56116204357 -1.35129960683 
134.545110426 160.989407355 1.58503508568 121.883690782 20.0789031982 8388608 0.398035896196 0.0 0.398035896196 -0.837210228578 1.34588827768 -1.34588827768 -0.837210228578 
82.4197791205 163.593754216 1.22971904278 122.706296963 20.069852829 8388608 0.661284286858 0.0 0.661284286858 -0.6644575355 1.03474881381 -1.03474881381 -0.6644575355 
110.278619313 75.1779951308 1.46600151062 130.91228798 19.0418663025 8388608 0.465297977034 0.0 0.465297977034 -0.960088645559 1.107876447 -1.107876447 -0.960088645559 
85.7084547556 160.793399096 1.25285816193 123.70862723 18.5699157715 8388608 0.637083249849 0.0 0.637083249849 -0.69529830756 1.04221583053 -1.04221583053 -0.69529830756 
191.219116738 125.31303826 1.73726582527 129.534518319 18.0558357239 14286848 0.331335101296 0.0 0.331335101296 -1.10584435933 1.33985103672 -1.33985103672 -1.10584435933 
88.7673614683 99.0765744906 2.70383834839 124.701902709 18.0326118469 12911104 0.13678502475 0.0 0.13678502475 -1.53931362629 2.22289346891 -2.22289346891 -1.53931362629 
132.465156464 166.006794889 3.92481684685 127.935209141 18.015247345 23134209 0.0649174138005 0.0 0.0649174138005 -2.41285960752 3.09552835485 -3.09552835485 -2.41285960752 
92.6876012929 139.297299401 2.31997704506 122.632273462 15.9659042358 18546944 0.185794401946 0.0 0.185794401946 -1.25103656583 1.95376585101 -1.95376585101 -1.25103656583 
85.0834401654 147.543505366 2.24170207977 120.538081289 15.1609611511 16056576 0.198995937562 0.0 0.198995937562 -1.13903332263 1.93075925594 -1.93075925594 -1.13903332263 
87.7643637398 94.7495693884 1.40426838398 120.8484142 14.8282146454 8388608 0.507107184719 0.0 0.507107184719 -0.720064581762 1.20560221148 -1.20560221148 -0.720064581762 
86.6898291821 128.037081668 1.88772904873 124.109457679 14.8121032715 20316160 0.280621332336 0.0 0.280621332336 -1.05859252754 1.56297882969 -1.56297882969 -1.05859252754 
57.8413427277 122.36725629 1.77631163597 124.980825528 14.3108978271 15925248 0.316928779795 0.0 0.316928779795 -1.01836349087 1.45541019254 -1.45541019254 -1.01836349087 
66.3243489392 126.234102419 1.54359102249 120.429842271 14.0483627319 8388608 0.419696658876 0.0 0.419696658876 -0.781802507124 1.3309613385 -1.3309613385 -0.781802507124 
67.4631449893 202.637368262 1.61888289452 140.117934155 13.6079902649 9175040 0.381565527515 0.0 0.381565527515 -1.2422755203 1.03804304238 -1.03804304238 -1.2422755203 
83.314388025 102.730896959 1.6146427393 121.887582644 13.5750160217 9043968 0.383572189887 0.0 0.383572189887 -0.852942018423 1.37097085628 -1.37097085628 -0.852942018423 
76.4237859867 139.785021663 1.26818132401 122.763068183 13.3917236328 8388608 0.621780780314 0.0 0.621780780314 -0.686296974354 1.06643346419 -1.06643346419 -0.686296974354 
82.3286333499 133.884766788 1.84238421917 123.871692214 12.9533615112 18546688 0.294604644909 0.0 0.294604644909 -1.02682513818 1.52970903986 -1.52970903986 -1.02682513818 
42.2532227375 139.79472904 1.46979963779 124.55947823 12.7137145996 8388608 0.462896319767 0.0 0.462896319767 -0.833760673046 1.21043550648 -1.21043550648 -0.833760673046 
192.080847005 79.829161316 1.58324635029 128.77479131 12.5567245483 8388608 0.398935797956 0.0 0.398935797956 -0.991525223741 1.23432035403 -1.23432035403 -0.991525223741 
189.209934407 71.8798919434 1.91816365719 127.868055734 12.5514831543 21495808 0.271787002188 0.0 0.271787002188 -1.17745548574 1.51424911916 -1.51424911916 -1.17745548574 
39.4922116273 153.171541567 1.7603085041 116.59352028 12.1693382263 15269888 0.322717432628 0.0 0.322717432628 -0.788016118999 1.57407643583 -1.57407643583 -0.788016118999 
132.212535594 147.320630276 1.98934137821 122.49283143 11.5896835327 24117248 0.252686108988 0.0 0.252686108988 -1.06866241765 1.67792722017 -1.67792722017 -1.06866241765 
153.347795194 169.402869301 1.58689367771 121.211738347 11.5870857239 8388608 0.3971040718 0.0 0.3971040718 -0.822331857436 1.35720369164 -1.35720369164 -0.822331857436 
56.0991935855 140.832390112 2.41671514511 115.131496025 11.0676345825 21496064 0.171217863116 0.0 0.171217863116 -1.02637205442 2.18793795582 -2.18793795582 -1.02637205442 
66.4812439605 148.115989148 1.45827424526 124.148887434 10.8279457092 8388608 0.470242186969 0.0 0.470242186969 -0.81859543764 1.20684103504 -1.20684103504 -0.81859543764 
47.7742887737 144.147916075 1.28785598278 119.695246469 10.7361526489 8388608 0.602927926884 0.0 0.602927926884 -0.637986597776 1.11872522696 -1.11872522696 -0.637986597776 
169.26726223 51.6509311675 1.70555138588 150.133704403 10.2920188904 12976128 0.343771906557 0.0 0.343771906557 -1.47903682616 0.849326554827 -0.849326554827 -1.47903682616 
44.254570153 161.303534635 1.58268272877 125.042097422 9.8567199707 8388608 0.399219984841 0.0 0.399219984841 -0.908741831933 1.29579045483 -1.29579045483 -0.908741831933 
49.1356907905 176.58059073 2.12331151962 133.740398454 9.70638465881 12124416 0.221805631353 0.0 0.221805631353 -1.46804058403 1.53404975571 -1.53404975571 -1.46804058403 
54.5486658537 155.019193229 1.40311646461 125.834786802 9.69706344604 8388608 0.507940168131 0.0 0.507940168131 -0.821454534012 1.13751846659 -1.13751846659 -0.821454534012 
186.03922431 64.3836859859 1.41070878506 126.37497356 8.5482673645 8388608 0.502487494941 0.0 0.502487494941 -0.836645190147 1.13583630072 -1.13583630072 -0.836645190147 
70.740504975 135.047619102 1.43333506584 123.538013262 8.35618209839 8388608 0.486748417683 0.0 0.486748417683 -0.791903449383 1.19471265911 -1.19471265911 -0.791903449383 
83.3474332192 169.937213044 1.24878644943 125.0092031 8.28058242798 8388608 0.641244487786 0.0 0.641244487786 -0.716438782273 1.02283090858 -1.02283090858 -0.716438782273 
180.320360154 58.0670965199 1.72031009197 138.128513993 7.63944625854 13631488 0.337898703835 0.0 0.337898703835 -1.28101826065 1.14824171167 -1.14824171167 -1.28101826065 
63.4339633131 170.621707228 1.35074162483 119.815808135 7.62759590149 8388608 0.548094486279 0.0 0.548094486279 -0.671606784564 1.17194166407 -1.17194166407 -0.671606784564 
100.780577751 157.100735742 1.38788974285 125.041586859 7.41704559326 8388608 0.519146664133 0.0 0.519146664133 -0.796885831112 1.13631461774 -1.13631461774 -0.796885831112 
99.1785054342 127.713747887 1.2828758955 125.521182159 7.39998245239 8388608 0.607618110523 0.0 0.607618110523 -0.745355889836 1.04413368911 -1.04413368911 -0.745355889836 
56.3243680473 146.80288141 1.31250655651 125.140001024 7.3299331665 8388608 0.580493066566 0.0 0.580493066566 -0.755447671117 1.07329971447 -1.07329971447 -0.755447671117 
181.938829178 127.372889794 1.46142172813 125.203080805 6.6473274231 8388608 0.468218834821 0.0 0.468218834821 -0.84247492244 1.19414801115 -1.19414801115 -0.84247492244 
170.901790987 165.373719547 1.2989333868 125.163894193 6.32002258301 8388608 0.592688145038 0.0 0.592688145038 -0.748078164155 1.06188841394 -1.06188841394 -0.748078164155 
164.972156884 147.292696503 1.41259384155 124.865948681 6.28406906128 8388608 0.501147286206 0.0 0.501147286206 -0.80752106456 1.15902160959 -1.15902160959 -0.80752106456 
62.4979734589 142.482095052 1.2412815094 124.925264728 6.26055526733 8388608 0.649022014282 0.0 0.649022014282 -0.710642931519 1.01772609746 -1.01772609746 -0.710642931519 
160.359116825 152.579416535 1.49552798271 124.178103149 6.03356552124 8388608 0.447106427273 0.0 0.447106427273 -0.840138641629 1.23724331072 -1.23724331072 -0.840138641629 
22.2651456984 180.522744161 1.26283478737 124.678493173 5.80983734131 8388608 0.627056864013 0.0 0.627056864013 -0.718516219349 1.0385018742 -1.0385018742 -0.718516219349 
114.068389524 139.532003576 1.31677210331 127.547408961 5.71521377563 8388608 0.57673826379 0.0 0.57673826379 -0.802464193406 1.04400191109 -1.04400191109 -0.802464193406 
178.243877816 67.5571575728 1.26741361618 124.81508702 5.23477554321 8388608 0.622534268418 0.0 0.622534268418 -0.723604166158 1.04054518652 -1.04054518652 -0.723604166158 
144.305421933 107.507737298 1.42687618732 124.526874689 5.22296524048 8388608 0.491165008805 0.0 0.491165008805 -0.808743053127 1.17554682083 -1.17554682083 -0.808743053127 
158.464816886 137.690710163 1.25858163834 128.155169105 5.15270996094 8388608 0.631302075414 0.0 0.631302075414 -0.777543322507 0.989673745222 -0.989673745222 -0.777543322507 
168.989622408 58.3317388608 1.3796492815 127.006189147 4.81986999512 8388608 0.52536677248 0.0 0.52536677248 -0.830412680971 1.10174721204 -1.10174721204 -0.830412680971 
175.819305319 122.471669689 1.35481548309 125.210472795 4.7334022522 8388608 0.544803259933 0.0 0.544803259933 -0.781161771299 1.10693779423 -1.10693779423 -0.781161771299 
167.308313558 140.472555304 1.65362262726 125.268999351 4.60124969482 10747904 0.365701875305 0.0 0.365701875305 -0.954828092891 1.35010040605 -1.35010040605 -0.954828092891 
126.833714368 140.092572556 1.37159657478 124.880471079 4.51807022095 8388608 0.531553786523 0.0 0.531553786523 -0.784369853371 1.12518491684 -1.12518491684 -0.784369853371 
137.003932292 118.3860905 1.74744343758 124.464635451 4.512840271 14745600 0.327486759427 0.0 0.327486759427 -0.988873794865 1.44072453486 -1.44072453486 -0.988873794865 
178.710052675 115.175439209 1.47472465038 124.685445522 4.48170089722 8388608 0.459809691461 0.0 0.459809691461 -0.839222531743 1.21264930489 -1.21264930489 -0.839222531743 
164.544325718 180.531221555 1.29984724522 126.423999674 4.37599945068 8388608 0.591855058454 0.0 0.591855058454 -0.771792078946 1.04591579382 -1.04591579382 -0.771792078946 
39.4742882973 196.586964423 1.2135001421 125.6585388 4.37241744995 8388608 0.679079057082 0.0 0.679079057082 -0.707414042243 0.985975642553 -0.985975642553 -0.707414042243 
27.4065665483 195.959852615 1.35179913044 125.084887782 4.35510635376 8388608 0.547237278628 0.0 0.547237278628 -0.776999863212 1.10617905496 -1.10617905496 -0.776999863212 
139.524239016 197.021804166 1.66494333744 126.036268639 4.33132171631 11206656 0.360745634503 0.0 0.360745634503 -0.979481583566 1.34634770559 -1.34634770559 -0.979481583566 
132.269146268 135.233964101 1.42494010925 124.783034799 4.3032989502 8388608 0.492500615568 0.0 0.492500615568 -0.812886156267 1.17032918955 -1.17032918955 -0.812886156267 
90.8152063812 174.768192984 1.62130856514 124.578066054 3.97637557983 9306112 0.380424646695 0.0 0.380424646695 -0.92013896513 1.33491038959 -1.33491038959 -0.92013896513 
181.470052088 39.4131295865 1.65511572361 125.024140387 3.64667129517 10813440 0.365042366318 0.0 0.365042366318 -0.949906528787 1.35539132545 -1.35539132545 -0.949906528787 
190.864931383 43.9670997757 1.90965628624 124.925462551 3.626537323 21168128 0.274213976281 0.0 0.274213976281 -1.09329788725 1.56572247264 -1.56572247264 -1.09329788725 
198.029138384 140.962982443 1.28623235226 124.969395706 3.62070465088 8388608 0.604451057668 0.0 0.604451057668 -0.737189677198 1.05401377782 -1.05401377782 -0.737189677198 
108.044579515 147.773093794 1.27833080292 125.329256492 3.5968208313 8388608 0.611946552152 0.0 0.611946552152 -0.739225833522 1.04291649174 -1.04291649174 -0.739225833522 
197.792996961 148.930914952 1.27147591114 124.945685371 3.59050369263 8388608 0.618562698177 0.0 0.618562698177 -0.728300954232 1.04222296687 -1.04222296687 -0.728300954232 
191.095777851 41.5466535289 1.24951934814 124.951088624 3.558177948 8388608 0.640492471531 0.0 0.640492471531 -0.715820828609 1.02415777237 -1.02415777237 -0.715820828609 
152.146772829 201.764526412 1.67279958725 124.952354949 3.5570526123 11599872 0.357365130711 0.0 0.357365130711 -0.958338622536 1.37107459449 -1.37107459449 -0.958338622536 
169.436917728 193.513244009 1.64630401134 124.952539673 3.55364990234 10420224 0.368960545102 0.0 0.368960545102 -0.943163788333 1.34935501857 -1.34935501857 -0.943163788333 
155.035282052 205.443551941 2.19369602203 124.951739782 3.55053710938 14483712 0.207800747071 0.0 0.207800747071 -1.25673831279 1.79802976901 -1.79802976901 -1.25673831279 
178.711727456 187.90781115 1.91733801365 124.958037741 3.54581832886 21430272 0.272021126267 0.0 0.272021126267 -1.09858934127 1.57139635924 -1.57139635924 -1.09858934127 
176.455221876 195.031541911 1.90383899212 124.951275691 3.54452133179 20905984 0.275892290937 0.0 0.275892290937 -1.09067056301 1.56046167236 -1.56046167236 -1.09067056301 
182.132101706 99.9414623996 1.67133677006 124.767427266 3.2557258606 11534336 0.357990963441 0.0 0.357990963441 -0.953074195755 1.37295891283 -1.37295891283 -0.953074195755 
179.590534806 74.8521682448 1.45886933804 124.343287009 3.24831008911 8388608 0.469858628764 0.0 0.469858628764 -0.823021145811 1.20454802271 -1.20454802271 -0.823021145811 
182.931261796 50.4903628147 1.64936709404 130.510477361 2.48896408081 10551296 0.367591405093 0.0 0.367591405093 -1.07140756879 1.25399267639 -1.25399267639 -1.07140756879 
140.54724872 169.062683477 1.28284621239 124.978324896 2.24215698242 8388608 0.607646229569 0.0 0.607646229569 -0.735412769147 1.05112438066 -1.05112438066 -0.735412769147 
118.398308695 74.5671879756 1.40589010715 134.209645268 -0.0341081619263 8388608 0.505937942331 0.0 0.505937942331 -0.980307178435 1.00773251873 -1.00773251873 -0.980307178435 
