13
114
82.5912474461 98.6759239153 1.67618203163 80.0171508789 130.791122437 11730944 0.355924299056 0.0 0.355924299056 0.290571817698 1.65080411373 -1.65080411373 0.290571817698 
96.5466418776 114.074779917 2.69777917862 108.462509155 125.945648193 12714496 0.1374001488 0.0 0.1374001488 -0.854343673176 2.55892738949 -2.55892738949 -0.854343673176 
123.766695467 131.667914342 2.49528813362 340.83895874 109.169296265 23789824 0.160604828281 0.0 0.160604828281 2.35704859089 -0.819014535879 0.819014535879 2.35704859089 
123.883658996 132.803823099 1.83379435539 106.83605957 107.843528748 18219008 0.297371084575 0.0 0.297371084575 -0.531129628144 1.75519316771 -1.75519316771 -0.531129628144 
80.7287630826 92.8416038077 1.27832710743 327.475769043 91.0235900879 8388608 0.611950090283 0.0 0.611950090283 1.07783957749 -0.687300544726 0.687300544726 1.07783957749 
218.119439897 19.5957379515 1.32733631134 34.0498046875 66.1860580444 8388608 0.567594331152 0.0 0.567594331152 1.09976606402 0.743193304488 -0.743193304488 1.09976606402 
224.245011882 37.6804194331 2.95505595207 338.852172852 63.8878326416 19333632 0.114516636365 0.0 0.114516636365 2.75604092905 -1.06611166267 1.06611166267 2.75604092905 
176.251726323 141.895230281 1.94439506531 95.1907348633 54.860710144 22478848 0.264503229859 0.0 0.264503229859 -0.17591241086 1.9364211819 -1.9364211819 -0.17591241086 
197.970353045 36.717020608 1.91506886482 161.774520874 53.4137763977 21364736 0.272666139218 0.0 0.272666139218 -1.81899572752 0.598951834683 -0.598951834683 -1.81899572752 
209.626376075 39.8158722328 3.35323762894 37.8324584961 51.8609237671 11730945 0.0889347191543 0.0 0.0889347191543 2.64841279559 2.05672367135 -2.05672367135 2.64841279559 
220.181394827 112.533420853 1.85146713257 44.9489135742 49.8232269287 18939904 0.291721196641 0.0 0.291721196641 1.31035174782 1.30801714055 -1.30801714055 1.31035174782 
207.998909149 22.36907402 1.86367845535 27.6539611816 49.3631973267 19398656 0.287910849308 0.0 0.287910849308 1.65078460214 0.864989931905 -0.864989931905 1.65078460214 
218.634478318 28.4274011926 1.93208158016 320.542480469 43.1405220032 22020096 0.267885421579 0.0 0.267885421579 1.49175241132 -1.22784932941 1.22784932941 1.49175241132 
97.6763278489 99.9296530203 3.18691754341 316.421203613 41.2384262085 24773120 0.0984596632709 0.0 0.0984596632709 2.30868918318 -2.19690638945 2.19690638945 2.30868918318 
94.9737832829 102.167944603 1.75708413124 307.466369629 39.2515563965 15138816 0.32390293771 0.0 0.32390293771 1.0688266459 -1.39461616414 1.39461616414 1.0688266459 
192.542396361 28.2241332128 1.45701301098 174.58505249 38.5025749207 8388608 0.471056650889 0.0 0.471056650889 -1.45051091476 0.137495455638 -0.137495455638 -1.45051091476 
201.468981738 89.5211902375 6.87619113922 218.878662109 29.52917099 13565954 0.0211496955093 0.0 0.0211496955093 -5.3529563629 -4.31600078313 4.31600078313 -5.3529563629 
209.687224803 72.2278375865 6.70578479767 16.907989502 28.5609893799 11730946 0.0222382585998 0.0 0.0222382585998 6.41591409529 1.95028102448 -1.95028102448 6.41591409529 
83.7774722621 110.940986608 2.62151074409 170.678009033 27.7502822876 10617344 0.145511298429 0.0 0.145511298429 -2.58689007123 0.424639071196 -0.424639071196 -2.58689007123 
178.737369378 127.498110615 2.63772940636 246.579101562 24.9675540924 11076096 0.143727382981 0.0 0.143727382981 -1.04845157428 -2.42040610591 2.42040610591 -1.04845157428 
173.257729641 129.38449581 3.00669431686 241.606246948 24.8891963959 20578816 0.110616890637 0.0 0.110616890637 -1.42976823207 -2.64499026796 2.64499026796 -1.42976823207 
122.759949149 120.461256403 1.69595384598 314.907684326 23.9575710297 12582912 0.347673781934 0.0 0.347673781934 1.19728671036 -1.2011511066 1.2011511066 1.19728671036 
77.6443928336 85.9140431881 1.40469551086 252.088256836 23.0439529419 8388608 0.506798838633 0.0 0.506798838633 -0.432016418125 -1.33661187063 1.33661187063 -0.432016418125 
184.732875045 98.646646987 1.79411780834 54.1640319824 22.7734069824 16646144 0.310669119097 0.0 0.310669119097 1.05039625668 1.45448493088 -1.45448493088 1.05039625668 
168.648255169 82.313608261 4.10584640503 52.6697387695 20.0060577393 9699585 0.0593191066955 0.0 0.0593191066955 2.48981996055 3.26477736848 -3.26477736848 2.48981996055 
112.532115399 96.9295312492 2.75950026512 81.1421508789 19.993221283 14352896 0.131322493318 0.0 0.131322493318 0.424917593142 2.72658884914 -2.72658884914 0.424917593142 
170.06523974 134.104571608 1.56201934814 249.3359375 19.4156494141 8388608 0.409852116327 0.0 0.409852116327 -0.551217942895 -1.4615277019 1.4615277019 -0.551217942895 
192.638176872 93.4114131126 3.50676202774 46.9211120605 18.0782775879 15007745 0.0813181349662 0.0 0.0813181349662 2.39513487933 2.56138806686 -2.56138806686 2.39513487933 
159.145044792 61.2071276336 4.5175948143 229.661224365 16.0050582886 16580865 0.0489988003916 0.0 0.0489988003916 -2.92426521998 -3.44344824695 3.44344824695 -2.92426521998 
165.287769896 63.4887498767 2.93268990517 225.804412842 15.9653320312 18743808 0.116270010443 0.0 0.116270010443 -2.04440712348 -2.10263396561 2.10263396561 -2.04440712348 
260.767256012 107.004262797 1.30972850323 20.8707275391 15.6716766357 8388608 0.582958235407 0.0 0.582958235407 1.22379277632 0.46660475008 -0.46660475008 1.22379277632 
96.6208817256 85.3940904136 2.25670218468 261.075195312 15.4370002747 16515328 0.196359311805 0.0 0.196359311805 -0.350100450377 -2.22937982968 2.22937982968 -0.350100450377 
83.1227481536 70.5524539693 6.32029676437 254.477828979 15.228767395 24183297 0.0250337008752 0.0 0.0250337008752 -1.69138245369 -6.08977639861 6.08977639861 -1.69138245369 
170.882700353 26.9057939421 1.28052711487 226.102676392 14.6277389526 8388608 0.60984917694 0.0 0.60984917694 -0.887876741307 -0.922726711523 0.922726711523 -0.887876741307 
176.976318035 92.092758057 1.98703920841 235.252532959 14.191368103 24051712 0.253271968914 0.0 0.253271968914 -1.13253373811 -1.63269475035 1.63269475035 -1.13253373811 
133.539447541 115.26893951 1.88763272762 58.1724243164 13.9089012146 20316160 0.280649971855 0.0 0.280649971855 0.99547101115 1.60380634129 -1.60380634129 0.99547101115 
162.378755618 34.7236686359 1.56960296631 222.099334717 13.6370582581 8388608 0.405901240344 0.0 0.405901240344 -1.16461969955 -1.05229008704 1.05229008704 -1.16461969955 
179.719623632 29.0853434565 1.68341076374 218.599578857 13.4417457581 12058624 0.352874113848 0.0 0.352874113848 -1.31562769496 -1.05023595812 1.05023595812 -1.31562769496 
170.500901461 37.7948603954 1.29733407497 219.10043335 13.1988372803 8388608 0.594150339619 0.0 0.594150339619 -1.00678525929 -0.818204829963 0.818204829963 -1.00678525929 
146.109598002 50.693726118 1.33258509636 230.151916504 13.1658210754 8388608 0.563131856773 0.0 0.563131856773 -0.853859536402 -1.02308696167 1.02308696167 -0.853859536402 
184.11947939 89.7780552964 1.40787601471 224.718780518 12.6362533569 8388608 0.504511627316 0.0 0.504511627316 -1.00039287685 -0.990620494816 0.990620494816 -1.00039287685 
175.059461737 32.798725806 1.58737671375 220.607116699 12.4181976318 8388608 0.39686243238 0.0 0.39686243238 -1.20512127167 -1.03317353428 1.03317353428 -1.20512127167 
154.218080519 111.205641201 4.66234350204 90.041015625 12.3886260986 18874625 0.0460035625698 0.0 0.0460035625698 -0.00333757421565 4.66234230743 -4.66234230743 -0.00333757421565 
153.989576938 42.5498108484 1.62269198895 226.548080444 12.3407859802 9371648 0.379776262192 0.0 0.379776262192 -1.11599931895 -1.17799609977 1.17799609977 -1.11599931895 
106.633635825 113.216989715 1.92812108994 264.356536865 12.0753917694 21823488 0.268987061137 0.0 0.268987061137 -0.189607236328 -1.91877565999 1.91877565999 -0.189607236328 
162.538991392 45.8140651929 1.49305224419 220.678146362 11.9905281067 8388608 0.448590415984 0.0 0.448590415984 -1.13230544469 -0.973185174469 0.973185174469 -1.13230544469 
110.698694935 62.0627293732 5.14627122879 249.849304199 11.699382782 9306625 0.0377584933804 0.0 0.0377584933804 -1.77284143893 -4.83126699662 4.83126699662 -1.77284143893 
186.018396259 37.9200421656 2.39610171318 151.774581909 11.6716957092 20840704 0.174176476466 0.0 0.174176476466 -2.11119019101 1.13321639473 -1.13321639473 -2.11119019101 
152.209784168 56.7468423235 2.07340407372 230.012802124 11.3292770386 10420480 0.232611994464 0.0 0.232611994464 -1.33240352229 -1.58861741986 1.58861741986 -1.33240352229 
129.207824406 55.9935460766 3.56149315834 232.424865723 11.278175354 16121857 0.0788380313771 0.0 0.0788380313771 -2.17180302141 -2.82267694806 2.82267694806 -2.17180302141 
158.493809132 51.7146954334 2.0912938118 227.14024353 11.1859931946 11010304 0.228649310066 0.0 0.228649310066 -1.42251096675 -1.53296195541 1.53296195541 -1.42251096675 
144.300186046 63.1073889225 2.12156891823 229.725021362 10.8940429688 12058880 0.22217015172 0.0 0.22217015172 -1.37150234974 -1.61865251968 1.61865251968 -1.37150234974 
128.696568646 142.959857156 1.40174245834 112.770812988 10.4458961487 8388608 0.508936435347 0.0 0.508936435347 -0.542538713955 1.2924912624 -1.2924912624 -0.542538713955 
196.032363391 70.9284398903 1.36591362953 205.323165894 10.2567329407 8388608 0.535986094789 0.0 0.535986094789 -1.23466255992 -0.584233178173 0.584233178173 -1.23466255992 
134.749633818 68.2262718666 1.36496567726 237.865936279 10.1937065125 8388608 0.536730825114 0.0 0.536730825114 -0.726028137404 -1.15586091023 1.15586091023 -0.726028137404 
181.179723832 39.586653604 1.18653559685 55.8552246094 9.50825881958 8388608 0.710294507255 0.0 0.710294507255 0.665985740974 0.98200291008 -0.98200291008 0.665985740974 
246.062819948 102.261762621 2.18587446213 207.761901855 7.40358352661 14221568 0.209290525112 0.0 0.209290525112 -1.93426041541 -1.01817670841 1.01817670841 -1.93426041541 
247.592983647 46.2457889743 1.60991466045 152.335479736 6.70789337158 8781824 0.385828486666 0.0 0.385828486666 -1.4258713157 0.747473213565 -0.747473213565 -1.4258713157 
189.532463023 68.8499419298 1.27458703518 205.295013428 6.67906188965 8388608 0.615546699154 0.0 0.615546699154 -1.15237929897 -0.544604500122 0.544604500122 -1.15237929897 
149.947761597 135.458332423 1.53118860722 78.514831543 6.58295059204 8388608 0.426523163643 0.0 0.426523163643 0.304881494345 1.50052851532 -1.50052851532 0.304881494345 
251.271238731 111.218359654 1.26553678513 218.175949097 6.3404006958 8388608 0.624382113604 0.0 0.624382113604 -0.994859236331 -0.782201031956 0.782201031956 -0.994859236331 
219.933509571 79.2455823573 1.52809166908 213.200546265 6.33120727539 8388608 0.428253759271 0.0 0.428253759271 -1.27864459887 -0.8367389909 0.8367389909 -1.27864459887 
218.841121312 86.8694829626 1.30954957008 201.491119385 6.30584335327 8388608 0.583117553815 0.0 0.583117553815 -1.21850230207 -0.479762666703 0.479762666703 -1.21850230207 
252.572849161 82.1634779124 2.3292453289 189.462722778 6.12732696533 18809088 0.184318757245 0.0 0.184318757245 -2.29755076235 -0.382941636066 0.382941636066 -2.29755076235 
240.632241721 111.49091742 1.45724964142 211.436401367 6.01840209961 8388608 0.470903681501 0.0 0.470903681501 -1.24335397839 -0.760031184772 0.760031184772 -1.24335397839 
250.712230085 88.8824292147 2.56863594055 194.903121948 6.00982666016 9175552 0.15156359227 0.0 0.15156359227 -2.4822323373 -0.660615787533 0.660615787533 -2.4822323373 
252.560339665 74.0864867941 2.22717094421 183.705368042 5.99267959595 15597824 0.201601099207 0.0 0.201601099207 -2.22251519449 -0.14393271 0.14393271 -2.22251519449 
175.352980976 84.7919110616 1.25078094006 257.807189941 5.95038223267 8388608 0.639201066164 0.0 0.639201066164 -0.26416761206 -1.22256633061 1.22256633061 -0.26416761206 
158.201314084 92.6641818834 1.28090059757 255.901794434 5.49507141113 8388608 0.609493591324 0.0 0.609493591324 -0.312007706406 -1.24231941626 1.24231941626 -0.312007706406 
115.506211723 145.885015842 1.37741971016 119.219329834 5.44463729858 8388608 0.527068927159 0.0 0.527068927159 -0.6723931181 1.20215329832 -1.20215329832 -0.6723931181 
147.037706383 72.0231777813 1.26393592358 83.1649780273 5.37341308594 8388608 0.625964760791 0.0 0.625964760791 0.150422145561 1.25495306567 -1.25495306567 0.150422145561 
252.53227529 95.3242280527 1.28081893921 205.983978271 5.25545120239 8388608 0.609571310093 0.0 0.609571310093 -1.15134939801 -0.561152135117 0.561152135117 -1.15134939801 
230.796893007 122.880946728 1.64758658409 239.169006348 5.12341308594 10485760 0.368386329999 0.0 0.368386329999 -0.844400377116 -1.41475423845 1.41475423845 -0.844400377116 
151.55345743 118.20434174 1.66972136497 113.49822998 4.97813034058 11468800 0.358683989449 0.0 0.358683989449 -0.665752535401 1.53125536677 -1.53125536677 -0.665752535401 
99.7045665326 139.301457036 1.50062215328 93.7964477539 4.763671875 8388608 0.444075990269 0.0 0.444075990269 -0.0993592513188 1.49732915089 -1.49732915089 -0.0993592513188 
247.600626903 83.8981142272 1.27622306347 345.388427734 4.73657989502 8388608 0.613969535479 0.0 0.613969535479 1.23494776249 -0.321946162657 0.321946162657 1.23494776249 
39.0050519381 118.941907922 3.15419077873 358.832611084 4.57168960571 24052224 0.100513427931 0.0 0.100513427931 3.15353609914 -0.0642614975592 0.0642614975592 3.15353609914 
205.046617022 92.7697968138 1.32700526714 49.4997558594 4.4927444458 8388608 0.567877558735 0.0 0.567877558735 0.861825280537 1.00905904924 -1.00905904924 0.861825280537 
63.0901845274 111.206335163 1.29062628746 111.126403809 4.45541381836 8388608 0.600342358239 0.0 0.600342358239 -0.465176181497 1.20388011615 -1.20388011615 -0.465176181497 
216.162034583 140.156942124 2.04801416397 269.885314941 4.42465209961 9502976 0.238415281329 0.0 0.238415281329 -0.0040993676943 -2.04801006126 2.04801006126 -0.0040993676943 
108.129713514 143.039660815 1.40339398384 199.005493164 4.32771682739 8388608 0.507739299058 0.0 0.507739299058 -1.32689126973 -0.457027605503 0.457027605503 -1.32689126973 
78.2097902352 22.2826688227 2.70056581497 23.153137207 4.30389785767 12780032 0.137116736558 0.0 0.137116736558 2.48305479289 1.06183549409 -1.06183549409 2.48305479289 
67.8440381962 119.425589614 1.71785318851 98.0786132812 4.22204208374 13500416 0.3388659322 0.0 0.3388659322 -0.241412789985 1.70080552743 -1.70080552743 -0.241412789985 
75.8225662536 127.479488935 1.66091454029 97.9238891602 4.21876525879 11075584 0.362497842257 0.0 0.362497842257 -0.228969562033 1.64505624518 -1.64505624518 -0.228969562033 
137.139531034 124.243775307 1.88777256012 305.444915771 4.21352005005 20316160 0.280608396367 0.0 0.280608396367 1.09475705526 -1.5379181476 1.5379181476 1.09475705526 
167.502339521 129.235627042 1.30029976368 264.065124512 4.19499206543 8388608 0.591443186137 0.0 0.591443186137 -0.134448376049 -1.29333023996 1.29333023996 -0.134448376049 
39.3893765151 102.705222269 3.29677081108 358.117126465 4.19236373901 10485761 0.0920073425693 0.0 0.0920073425693 3.29499082456 -0.108320112947 0.108320112947 3.29499082456 
251.441976996 11.8305292163 1.58673453331 359.918640137 4.15951919556 8388608 0.397183732332 0.0 0.397183732332 1.58673293357 -0.00225315830251 0.00225315830251 1.58673293357 
31.4968142684 123.527540409 1.51946270466 181.89276123 4.15120315552 8388608 0.433131640661 0.0 0.433131640661 -1.51863368095 -0.0501861926995 0.0501861926995 -1.51863368095 
25.4785678926 115.289221298 2.0567138195 198.039489746 4.02216720581 9830656 0.236402610302 0.0 0.236402610302 -1.95561257143 -0.636907533168 0.636907533168 -1.95561257143 
255.214869953 23.460812195 1.24711322784 68.827331543 3.9759979248 8388608 0.642966326458 0.0 0.642966326458 0.450432089757 1.16292834499 -1.16292834499 0.450432089757 
21.0357767133 132.390588509 2.6614151001 180.092102051 3.96533203125 11731456 0.141180516622 0.0 0.141180516622 -2.66141166154 -0.0042781804387 0.0042781804387 -2.66141166154 
296.351396348 34.8630499918 1.22984063625 181.033004761 3.85541152954 8388608 0.661153531901 0.0 0.661153531901 -1.22964075758 -0.0221720066826 0.0221720066826 -1.22964075758 
244.421582106 11.9116916592 1.27975189686 178.94631958 3.77719116211 8388608 0.610588240905 0.0 0.610588240905 -1.27953549743 0.0235335572952 -0.0235335572952 -1.27953549743 
75.856198144 12.1848307029 1.29969441891 270.832183838 3.74214935303 8388608 0.591994254777 0.0 0.591994254777 0.0188765502675 -1.29955733171 1.29955733171 0.0188765502675 
275.772395093 126.76719814 2.21324276924 24.7933654785 3.57540893555 15139072 0.20414647809 0.0 0.20414647809 2.00923942448 0.928116636379 -0.928116636379 2.00923942448 
272.853133462 51.6812917276 1.41282570362 287.730773926 3.5750541687 8388608 0.500982810842 0.0 0.500982810842 0.43026857661 -1.34571372171 1.34571372171 0.43026857661 
283.409921239 98.5569140929 2.22594022751 4.42694091797 3.56278991699 15532288 0.201824090308 0.0 0.201824090308 2.21929928649 0.17181552154 -0.17181552154 2.21929928649 
283.019760887 90.6534374751 2.26176118851 0.0523071289062 3.55693817139 16711936 0.195481879175 0.0 0.195481879175 2.26176024598 0.00206483302285 -0.00206483302285 2.26176024598 
281.641595318 103.691903388 1.92794942856 5.4755859375 3.55513381958 21823488 0.269034963582 0.0 0.269034963582 1.91915209589 0.183968018737 -0.183968018737 1.91915209589 
283.189352248 66.3798731268 2.16815376282 0.282531738281 3.55316162109 13631744 0.2127256419 0.0 0.2127256419 2.16812740263 0.0106913593662 -0.0106913593662 2.16812740263 
279.649391202 77.5511623713 1.43241488934 350.623931885 3.55213546753 8388608 0.487373988283 0.0 0.487373988283 1.41327824926 -0.23336024805 0.23336024805 1.41327824926 
282.955300018 59.274748442 1.91894352436 357.707214355 3.55192184448 21495808 0.271566136188 0.0 0.271566136188 1.91740729562 -0.0767692150968 0.0767692150968 1.91740729562 
88.7869239246 19.7050860028 1.7214653492 0.4287109375 3.55150222778 13631488 0.337445335504 0.0 0.337445335504 1.72141715995 0.0128806020892 -0.0128806020892 1.72141715995 
281.794112297 53.1557944772 1.87877571583 352.398193359 3.55140304565 19988480 0.283302315335 0.0 0.283302315335 1.86226385022 -0.248538814984 0.248538814984 1.86226385022 
279.174940536 68.9928234095 1.24710774422 1.51342773438 3.55018234253 8388608 0.642971980814 0.0 0.642971980814 1.24667270657 0.0329376437981 -0.0329376437981 1.24667270657 
266.364269591 140.848892608 1.91057884693 47.0208435059 3.54899215698 21168128 0.27394922096 0.0 0.27394922096 1.30250323023 1.39778283921 -1.39778283921 1.30250323023 
289.377762536 76.2528035925 2.86071157455 359.69833374 3.54886627197 16974336 0.122194554876 0.0 0.122194554876 2.86067192382 -0.0150617756002 0.0150617756002 2.86067192382 
281.591291671 71.740501764 1.75276005268 5.21234130859 3.54767227173 14942208 0.325503053336 0.0 0.325503053336 1.74551213322 0.159233146883 -0.159233146883 1.74551213322 
279.01168895 49.3345404698 1.26766562462 330.412261963 3.54690933228 8388608 0.622286776821 0.0 0.622286776821 1.10236281172 -0.625917220707 0.625917220707 1.10236281172 
264.267935551 13.7815498765 1.43162870407 351.294647217 3.54321289062 8388608 0.487909422444 0.0 0.487909422444 1.41513598514 -0.21668154024 0.21668154024 1.41513598514 
277.884263658 115.86949837 1.62403404713 0.798522949219 3.54206848145 9437184 0.379148847703 0.0 0.379148847703 1.62387632681 0.0226331936941 -0.0226331936941 1.62387632681 
280.456064016 84.160650917 1.55345582962 357.088348389 3.54153823853 8388608 0.414383239838 0.0 0.414383239838 1.55145039272 -0.0789094007 0.0789094007 1.55145039272 
88.2542801157 14.2084168776 1.35935115814 350.168182373 3.54145431519 8388608 0.54117369295 0.0 0.54117369295 1.33938667409 -0.232118306927 0.232118306927 1.33938667409 
