13
97
251.464217906 42.0412137052 3.96355223656 13.8566589355 69.0648803711 23855105 0.0636547515709 0.0 0.0636547515709 3.84820463403 0.949245714537 -0.949245714537 3.84820463403 
248.828928363 55.3875651519 5.21929454803 0.584442138672 62.1051559448 10289665 0.036709323957 0.0 0.036709323957 5.21902301928 0.0532381755888 -0.0532381755888 5.21902301928 
88.1229186136 136.339435266 2.67580127716 110.442581177 45.3534927368 12124672 0.139666511778 0.0 0.139666511778 -0.934573156839 2.50728647932 -2.50728647932 -0.934573156839 
245.885519013 19.0583072157 1.51719474792 161.164260864 38.4810028076 8388608 0.434427529707 0.0 0.434427529707 -1.43594602235 0.489835609194 -0.489835609194 -1.43594602235 
246.690987836 20.8621513898 2.20032668114 172.590927124 37.2197380066 14680320 0.206550223819 0.0 0.206550223819 -2.18195561452 0.28373790719 -0.28373790719 -2.18195561452 
239.295300555 56.7601257791 2.09448051453 133.410522461 29.4140205383 11141376 0.227954070294 0.0 0.227954070294 -1.43937085923 1.52153217361 -1.52153217361 -1.43937085923 
56.5583279673 120.270827698 1.77882122993 123.001800537 28.4801006317 15990784 0.316035152619 0.0 0.316035152619 -0.968862359336 1.49181456513 -1.49181456513 -0.968862359336 
22.5067842284 65.0259812111 1.46274328232 165.071533203 28.2101306915 8388608 0.467373167584 0.0 0.467373167584 -1.41337307291 0.376821531666 -0.376821531666 -1.41337307291 
45.3725521507 111.159766373 1.33272254467 131.249176025 22.0523757935 8388608 0.563015707269 0.0 0.563015707269 -0.878710622683 1.00200649831 -1.00200649831 -0.878710622683 
251.449981468 14.8060982115 1.30520629883 288.278747559 20.8423442841 8388608 0.587004834438 0.0 0.587004834438 0.409365254217 -1.23934804278 1.23934804278 0.409365254217 
230.763402108 52.6793012493 1.49490010738 198.865234375 17.320690155 8388608 0.447482085884 0.0 0.447482085884 -1.41459665908 -0.483365930928 0.483365930928 -1.41459665908 
181.47745075 87.7470003137 2.66186285019 248.388305664 16.1166763306 11731456 0.141133024864 0.0 0.141133024864 -0.980402196909 -2.47473743365 2.47473743365 -0.980402196909 
226.603829484 45.2583509678 1.475512743 216.767120361 14.3329467773 8388608 0.459318640674 0.0 0.459318640674 -1.18199636106 -0.883188800415 0.883188800415 -1.18199636106 
194.407479264 81.4414678314 2.71364927292 239.349700928 14.2290000916 13173248 0.135797747833 0.0 0.135797747833 -1.38340985545 -2.33453840154 2.33453840154 -1.38340985545 
160.866516248 94.0908646981 2.90954113007 259.571685791 14.1661720276 18153984 0.118127496031 0.0 0.118127496031 -0.526642018213 -2.86148174417 2.86148174417 -0.526642018213 
216.16259181 92.2718233523 4.77932882309 230.30368042 13.5519351959 20644097 0.043779034257 0.0 0.043779034257 -3.05264522777 -3.67740956552 3.67740956552 -3.05264522777 
193.389147975 85.9493966338 1.44292652607 241.108947754 12.3940162659 8388608 0.480298870475 0.0 0.480298870475 -0.697143685916 -1.26333987542 1.26333987542 -0.697143685916 
223.078739663 58.9869239635 1.87603032589 222.956604004 10.5406265259 19857408 0.28413209342 0.0 0.28413209342 -1.37301038854 -1.27841005026 1.27841005026 -1.37301038854 
159.18402723 97.7997953126 1.55761396885 260.467834473 9.82093811035 8388608 0.412173753621 0.0 0.412173753621 -0.257942859191 -1.53610766463 1.53610766463 -0.257942859191 
42.412033103 58.7798834359 1.66470766068 305.632385254 8.85958862305 11206656 0.36084778503 0.0 0.36084778503 0.969829493335 -1.35302710593 1.35302710593 0.969829493335 
172.392949698 105.179653887 2.04761004448 250.237182617 8.32791519165 9502976 0.238509398635 0.0 0.238509398635 -0.692352765344 -1.92700662754 1.92700662754 -0.692352765344 
51.4130324262 125.024736596 1.41561806202 121.61680603 7.88357925415 8388608 0.499008346284 0.0 0.499008346284 -0.742117543298 1.20550240541 -1.20550240541 -0.742117543298 
211.346314079 137.768281501 1.51339828968 270.067810059 6.99518585205 8388608 0.43660984306 0.0 0.43660984306 0.0017911197581 -1.51339722978 1.51339722978 0.0017911197581 
162.797231476 83.03716569 1.22040319443 251.057754517 6.9909362793 8388608 0.671418538733 0.0 0.671418538733 -0.396161061374 -1.15431380933 1.15431380933 -0.396161061374 
45.0952283215 126.411988219 2.57742714882 129.329803467 6.90525436401 9437696 0.150531435258 0.0 0.150531435258 -1.63353032079 1.99366732393 -1.99366732393 -1.63353032079 
116.411588653 98.5411999682 1.30811202526 280.939758301 6.62576293945 8388608 0.58439988775 0.0 0.58439988775 0.248249303174 -1.28434004613 1.28434004613 0.248249303174 
187.990723553 73.2737463437 1.46387732029 241.827651978 6.61075973511 8388608 0.466649317827 0.0 0.466649317827 -0.691133631572 -1.29045383961 1.29045383961 -0.691133631572 
197.919823675 64.8765952783 2.30806350708 235.501342773 6.60318756104 18153728 0.187717383087 0.0 0.187717383087 -1.30725698717 -1.90216621835 1.90216621835 -1.30725698717 
154.694147785 92.0147397964 1.2586016655 257.889465332 6.52209472656 8388608 0.631281984724 0.0 0.631281984724 -0.26405253904 -1.23059108115 1.23059108115 -0.26405253904 
35.6825606565 112.711272663 1.53095805645 138.299102783 6.44274139404 8388608 0.426651635676 0.0 0.426651635676 -1.14305579214 1.01845767053 -1.01845767053 -1.14305579214 
184.829366095 99.5209093181 1.66521131992 249.481033325 6.36157798767 11272192 0.360629534245 0.0 0.360629534245 -0.583685591476 -1.55956400007 1.55956400007 -0.583685591476 
75.7164242391 75.4185869034 1.29150438309 300.575073242 6.11208724976 8388608 0.599526288548 0.0 0.599526288548 0.656945528725 -1.11193801258 1.11193801258 0.656945528725 
44.502200858 51.2276293346 1.49402463436 298.860656738 5.50162124634 8388608 0.44800667332 0.0 0.44800667332 0.721137475775 -1.30846106137 1.30846106137 0.721137475775 
197.758233381 92.8665359928 1.36198365688 233.854125977 5.46097183228 8388608 0.539083708599 0.0 0.539083708599 -0.80335664565 -1.09982615968 1.09982615968 -0.80335664565 
217.182440634 133.330136851 1.23694813251 59.403503418 5.37896728516 8388608 0.653577392691 0.0 0.653577392691 0.629592725485 1.06473174206 -1.06473174206 0.629592725485 
210.942490036 83.9892609243 1.2899876833 228.651611328 5.37077522278 8388608 0.60093690039 0.0 0.60093690039 -0.852212182347 -0.968402095886 0.968402095886 -0.852212182347 
53.7455425668 141.17158136 1.94136798382 256.801971436 5.30632019043 22347776 0.265328727202 0.0 0.265328727202 -0.443248034272 -1.89009016417 1.89009016417 -0.443248034272 
47.68163583 79.7940039951 1.27435290813 205.054367065 5.30612754822 8388608 0.615772899239 0.0 0.615772899239 -1.15444440851 -0.539660487836 0.539660487836 -1.15444440851 
82.3744209249 79.1838521848 1.32452666759 300.524810791 5.16005706787 8388608 0.570004896851 0.0 0.570004896851 0.672742229352 -1.14095959 1.14095959 0.672742229352 
225.778806963 72.0832303839 1.98736202717 231.752456665 5.1409072876 24051712 0.253189694723 0.0 0.253189694723 -1.23029688662 -1.56076180047 1.56076180047 -1.23029688662 
116.131481881 91.1310179131 1.5291967392 281.588684082 5.08016204834 8388608 0.427635029945 0.0 0.427635029945 0.307191847559 -1.4980239771 1.4980239771 0.307191847559 
128.719373092 83.7314605143 2.16799759865 276.769592285 5.00199508667 13631744 0.212756288907 0.0 0.212756288907 0.255556988379 -2.15288276816 2.15288276816 0.255556988379 
240.546147205 134.719345481 2.90119099617 270.061279297 4.99520111084 17957376 0.118808457675 0.0 0.118808457675 0.00310289714116 -2.90118933686 2.90118933686 0.00310289714116 
233.923418447 71.3255716192 1.32379484177 252.273468018 4.85623073578 8388608 0.570635296059 0.0 0.570635296059 -0.403061345881 -1.26094184424 1.26094184424 -0.403061345881 
74.7766023179 81.6934850939 1.37130153179 300.779296875 4.79781341553 8388608 0.531782544512 0.0 0.531782544512 0.701739501959 -1.17814666425 1.17814666425 0.701739501959 
62.946534986 58.2929410714 2.34027576447 296.63671875 4.77656555176 19136768 0.182585350561 0.0 0.182585350561 1.04922057557 -2.09189551306 2.09189551306 1.04922057557 
107.774416136 95.5702676761 1.52608370781 280.522338867 4.75160217285 8388608 0.429381459779 0.0 0.429381459779 0.278691681826 -1.5004207509 1.5004207509 0.278691681826 
65.4828827383 62.1531825447 1.39283919334 299.94329834 4.66002655029 8388608 0.515463646903 0.0 0.515463646903 0.695225529567 -1.20692273222 1.20692273222 0.695225529567 
96.3834684854 92.8732309769 1.2997584343 292.087402344 4.64566802979 8388608 0.591935942697 0.0 0.591935942697 0.488735865292 -1.20437089034 1.20437089034 0.488735865292 
277.243754211 24.6201105116 2.95220947266 8.57580566406 4.49131393433 19268096 0.11473757353 0.0 0.11473757353 2.91920210955 0.440227002821 -0.440227002821 2.91920210955 
55.5897509801 89.5913282024 1.80761170387 246.950820923 4.44438552856 17170432 0.306048116265 0.0 0.306048116265 -0.707718100379 -1.66330849886 1.66330849886 -0.707718100379 
272.04761044 28.5969857725 1.7244412899 3.21377563477 4.43643569946 13762560 0.336281653325 0.0 0.336281653325 1.72172928548 0.0966748665525 -0.0966748665525 1.72172928548 
283.829435493 40.533883734 3.97154092789 18.7741699219 4.33420181274 23986177 0.0633989280842 0.0 0.0633989280842 3.76023289935 1.27819634035 -1.27819634035 3.76023289935 
271.362714428 22.5567280242 1.7017455101 5.43884277344 4.23250198364 12845056 0.345311286212 0.0 0.345311286212 1.69408414389 0.161296914357 -0.161296914357 1.69408414389 
152.853964287 137.579693084 1.53901743889 257.438690186 4.19578742981 8388608 0.4221948371 0.0 0.4221948371 -0.334711950781 -1.50217927932 1.50217927932 -0.334711950781 
279.353286903 103.524016214 4.43498039246 13.1645202637 4.09605026245 15270145 0.050841293556 0.0 0.050841293556 4.318429639 1.0100576887 -1.0100576887 4.318429639 
190.651694966 126.817332778 2.15385961533 229.143508911 4.05734443665 13172992 0.215558530011 0.0 0.215558530011 -1.4089831285 -1.62907267675 1.62907267675 -1.4089831285 
268.230906141 91.5735978037 2.5679898262 11.542388916 3.91024398804 9175552 0.151639869622 0.0 0.151639869622 2.5160572109 0.513836412628 -0.513836412628 2.5160572109 
264.946112035 53.4320836127 2.1765294075 354.893859863 3.90473175049 13893888 0.211091585204 0.0 0.211091585204 2.16789192298 -0.193713375844 0.193713375844 2.16789192298 
292.261915796 140.275639904 1.30339372158 279.946228027 3.7896270752 8388608 0.588638617714 0.0 0.588638617714 0.225127196326 -1.283804089 1.283804089 0.225127196326 
183.442948185 127.159220204 1.49324762821 248.131988525 3.76246786118 8388608 0.448473032014 0.0 0.448473032014 -0.556189509198 -1.3858000249 1.3858000249 -0.556189509198 
92.6426344749 77.0190219282 1.3505449295 294.265197754 3.74884033203 8388608 0.548254148462 0.0 0.548254148462 0.555020867751 -1.23122842843 1.23122842843 0.555020867751 
260.742109377 92.2143958752 1.41443574429 338.436340332 3.73712921143 8388608 0.499842930679 0.0 0.499842930679 1.31543908239 -0.51985430194 0.51985430194 1.31543908239 
266.904988388 82.243936393 2.5122256279 4.82601928711 3.7303314209 24248576 0.158446524224 0.0 0.158446524224 2.5033191764 0.211354457146 -0.211354457146 2.5033191764 
270.382305655 34.6171652623 1.72377085686 56.1180419922 3.69745254517 13762560 0.336543286911 0.0 0.336543286911 0.960974184476 1.43105366207 -1.43105366207 0.960974184476 
80.8211096123 85.6872315275 1.28663218021 300.400390625 3.63115692139 8388608 0.604075443124 0.0 0.604075443124 0.651086891029 -1.10973340379 1.10973340379 0.651086891029 
251.871019306 120.247218809 2.49898982048 45.666809082 3.59307098389 23920896 0.160129381392 0.0 0.160129381392 1.74636846258 1.78749750091 -1.78749750091 1.74636846258 
87.5589938523 65.7148662676 1.42549026012 273.083709717 3.58062744141 8388608 0.492120539512 0.0 0.492120539512 0.0766841170809 -1.42342615822 1.42342615822 0.0766841170809 
264.868610082 41.9470315783 1.64714193344 0.387451171875 3.56734466553 10485760 0.36858525072 0.0 0.36858525072 1.64710427277 0.0111383807652 -0.0111383807652 1.64710427277 
83.9515897851 57.1836979521 2.22129654884 131.932128906 3.56018829346 15401216 0.202668809443 0.0 0.202668809443 -1.48438103452 1.65250455438 -1.65250455438 -1.48438103452 
245.681004094 121.496248974 1.25268137455 30.121307373 3.55463409424 8388608 0.637263082049 0.0 0.637263082049 1.08352536603 0.628636148583 -0.628636148583 1.08352536603 
261.585476985 42.6130179063 1.26516771317 0.424011230469 3.53575515747 8388608 0.62474645351 0.0 0.62474645351 1.26513306936 0.00936265161072 -0.00936265161072 1.26513306936 
294.481568872 128.150142261 2.57378029823 276.865234375 3.52995300293 9306624 0.150958320625 0.0 0.150958320625 0.307655378381 -2.55532643545 2.55532643545 0.307655378381 
253.902628301 110.344042063 1.28039836884 12.8085632324 3.52936935425 8388608 0.609971825658 0.0 0.609971825658 1.24853723228 0.28385694027 -0.28385694027 1.24853723228 
65.1783030236 30.9042581396 3.9008026123 274.313598633 3.52800369263 22675457 0.0657191670592 0.0 0.0657191670592 0.293400419232 -3.88975284744 3.88975284744 0.293400419232 
114.897252258 52.320788943 4.36619615555 277.848693848 3.52026367188 14090497 0.0524557999243 0.0 0.0524557999243 0.596236954524 -4.32529425158 4.32529425158 0.596236954524 
90.2174667196 43.6654815065 3.8938062191 103.797424316 3.51847457886 22544385 0.0659555477056 0.0 0.0659555477056 -0.928633069596 3.78145044843 -3.78145044843 -0.928633069596 
73.8122259302 53.1309836805 1.9913636446 91.4512023926 3.51726531982 24182784 0.2521731548 0.0 0.2521731548 -0.0504323832325 1.9907249282 -1.9907249282 -0.0504323832325 
110.219401288 42.8152059797 5.140147686 301.074768066 3.51425170898 9241089 0.0378485116014 0.0 0.0378485116014 2.65311907454 -4.40250808179 4.40250808179 2.65311907454 
28.6382205461 138.816519796 2.03906822205 19.2035217285 3.50847244263 9175296 0.240511854588 0.0 0.240511854588 1.92560662476 0.670699888793 -0.670699888793 1.92560662476 
24.6720947255 122.773222157 2.02991223335 111.302352905 3.50568008423 8847616 0.242686421707 0.0 0.242686421707 -0.737445781921 1.89122113827 -1.89122113827 -0.737445781921 
73.6811506451 46.2425918587 1.72037160397 329.618133545 3.48375701904 13631488 0.337874541089 0.0 0.337874541089 1.48411947574 -0.870096452959 0.870096452959 1.48411947574 
262.339955032 125.655658502 1.67314898968 91.2241210938 3.4827003479 11599872 0.35721588972 0.0 0.35721588972 -0.035744014245 1.67276714073 -1.67276714073 -0.035744014245 
31.9626841947 129.825791016 2.1346373558 108.534179688 3.47440338135 12517632 0.219458188243 0.0 0.219458188243 -0.678537860594 2.02392267949 -2.02392267949 -0.678537860594 
92.2625448232 60.9692717981 2.09356451035 86.4201660156 3.47398376465 11075840 0.228153588924 0.0 0.228153588924 0.130720591147 2.08947947729 -2.08947947729 0.130720591147 
92.0630647159 71.8377153998 2.79237771034 298.81729126 3.45846557617 15204864 0.128248317023 0.0 0.128248317023 1.3459766326 -2.4465731507 2.4465731507 1.3459766326 
181.285451008 134.166214926 1.33116161823 216.204696655 3.21578598022 8388608 0.564336871203 0.0 0.564336871203 -1.07413014558 -0.78627964759 0.78627964759 -1.07413014558 
232.203200661 87.0759862378 1.52655434608 224.430984497 2.79454827309 8388608 0.4291167431 0.0 0.4291167431 -1.09010362009 -1.06866377735 1.06866377735 -1.09010362009 
192.837531357 119.816807914 1.5829474926 222.064926147 2.68540430069 8388608 0.399086448923 0.0 0.399086448923 -1.17515822567 -1.06053095615 1.06053095615 -1.17515822567 
235.003602264 95.5465818282 1.80531442165 18.1566772461 2.68067741394 17104896 0.306827510951 0.0 0.306827510951 1.71542410503 0.562565819185 -0.562565819185 1.71542410503 
107.760998175 111.340678395 1.5822467804 273.436218262 2.49672985077 8388608 0.399440005233 0.0 0.399440005233 0.0948357217003 -1.57940212105 1.57940212105 0.0948357217003 
163.690163744 122.955064774 1.61667346954 242.627349854 2.44461297989 9109504 0.382609172371 0.0 0.382609172371 -0.743307561126 -1.4356625567 1.4356625567 -0.743307561126 
182.990235437 111.663856821 1.38226461411 244.994918823 2.36135149002 8388608 0.523380598518 0.0 0.523380598518 -0.584281364778 -1.25270537246 1.25270537246 -0.584281364778 
176.263666843 131.416582624 1.37064409256 232.839294434 2.29448628426 8388608 0.532292813454 0.0 0.532292813454 -0.82794126316 -1.09232709992 1.09232709992 -0.82794126316 
210.048334325 96.1886164924 1.78757035732 229.581634521 1.58434295654 16384000 0.312949103246 0.0 0.312949103246 -1.15899621314 -1.36093187203 1.36093187203 -1.15899621314 
226.763482199 100.329517455 1.33840894699 205.608978271 1.43534016609 8388608 0.558241781082 0.0 0.558241781082 -1.2069300862 -0.578496565591 0.578496565591 -1.2069300862 
139.440881615 126.865751599 1.4218108654 279.567596436 1.34843730927 8388608 0.494670876766 0.0 0.494670876766 0.236320735294 -1.40203375389 1.40203375389 0.236320735294 
