13
90
60.1010284255 78.4279226432 4.77838230133 3.21313476562 89.7283782959 20644097 0.0437963798397 0.0 0.0437963798397 4.77087040315 0.267830196261 -0.267830196261 4.77087040315 
53.2841933897 71.6892002436 1.39401507378 206.185119629 74.7080764771 8388608 0.51459440526 0.0 0.51459440526 -1.25095149374 -0.615140948251 0.615140948251 -1.25095149374 
53.3395375004 64.5523602375 1.26333463192 256.262664795 33.8068733215 8388608 0.626560765919 0.0 0.626560765919 -0.30000556422 -1.22719642016 1.22719642016 -0.30000556422 
96.9748003172 141.044933757 5.10466241837 123.74987793 33.7195739746 8716801 0.0383765515137 0.0 0.0383765515137 -2.83598944649 4.2443777241 -4.2443777241 -2.83598944649 
53.975483036 58.8965550843 3.0427069664 260.352722168 30.3107070923 21430784 0.108013923664 0.0 0.108013923664 -0.509903795927 -2.99967728302 2.99967728302 -0.509903795927 
235.049461852 24.9009270948 1.38347899914 33.1566162109 26.2410697937 8388608 0.522462179641 0.0 0.522462179641 1.15821912635 0.756665445503 -0.756665445503 1.15821912635 
221.269288473 25.0868050123 1.73435401917 199.281158447 24.3470077515 14155776 0.332448591908 0.0 0.332448591908 -1.63707338986 -0.572690649481 0.572690649481 -1.63707338986 
210.095288662 52.8602125321 3.18369603157 216.152816772 20.7383728027 24707584 0.0986590224095 0.0 0.0986590224095 -2.57066391152 -1.87819260872 1.87819260872 -2.57066391152 
219.18308378 31.9687737735 1.51660370827 199.370849609 20.6953105927 8388608 0.434766199498 0.0 0.434766199498 -1.43075109211 -0.503028945838 0.503028945838 -1.43075109211 
224.730371962 16.6326214405 2.01444339752 256.668609619 20.1710281372 25034752 0.246427892057 0.0 0.246427892057 -0.464496147638 -1.96015956765 1.96015956765 -0.464496147638 
38.6358812605 71.0997522532 3.6690120697 192.933181763 19.0807380676 18219009 0.0742851011666 0.0 0.0742851011666 -3.57593561636 -0.821178443007 0.821178443007 -3.57593561636 
202.571314361 42.5771667656 1.62860918045 220.897979736 17.0897026062 9633792 0.377021609288 0.0 0.377021609288 -1.2310274968 -1.06627349436 1.06627349436 -1.2310274968 
206.338044614 51.1693638512 1.66394150257 219.419799805 16.7736549377 11206656 0.361180164628 0.0 0.361180164628 -1.28541840943 -1.05659871128 1.05659871128 -1.28541840943 
207.989822539 105.403538037 6.08194541931 32.1461791992 15.7976531982 21365249 0.0270342896914 0.0 0.0270342896914 5.1495427425 3.23608863085 -3.23608863085 5.1495427425 
198.896990532 119.325686862 1.24521529675 39.311340332 15.4972381592 8388608 0.644927811788 0.0 0.644927811788 0.963441544055 0.788886256971 -0.788886256971 0.963441544055 
178.761779433 77.1239121555 2.35771918297 222.989440918 15.1289634705 19661056 0.179893655104 0.0 0.179893655104 -1.72462295482 -1.60764281152 1.60764281152 -1.72462295482 
203.945565198 113.33133335 2.9416680336 39.1754455566 15.0132255554 19005952 0.1155613689 0.0 0.1155613689 2.28042600071 1.85824327664 -1.85824327664 2.28042600071 
65.3869968901 122.015635484 1.6557264328 131.725006104 14.8591003418 10813440 0.364773126655 0.0 0.364773126655 -1.10197891535 1.23574774546 -1.23574774546 -1.10197891535 
185.524956023 71.6396968923 2.12645792961 220.671875 14.5172424316 12189952 0.221149728288 0.0 0.221149728288 -1.61282125171 -1.38586829693 1.38586829693 -1.61282125171 
195.827283565 61.6200624933 2.04084920883 215.032363892 14.1288452148 9240832 0.240092263047 0.0 0.240092263047 -1.67110432345 -1.17152713726 1.17152713726 -1.67110432345 
221.580054112 88.4760374029 1.27796649933 21.8780517578 12.779914856 8388608 0.612295491034 0.0 0.612295491034 1.18592615831 0.476211634086 -0.476211634086 1.18592615831 
219.259471259 132.346228838 5.10312652588 71.9887084961 12.4711112976 8716801 0.038399655439 0.0 0.038399655439 1.57790926134 4.85305086539 -4.85305086539 1.57790926134 
194.306501414 77.8052785699 5.44494867325 213.882858276 11.3504562378 13369857 0.0337296954205 0.0 0.0337296954205 -4.52028266456 -3.03554125104 3.03554125104 -4.52028266456 
215.467359404 99.5827184748 1.57465159893 31.5108642578 10.8537902832 8388608 0.403302619661 0.0 0.403302619661 1.34245516593 0.823007767577 -0.823007767577 1.34245516593 
161.897107619 88.3279625282 2.27242326736 237.267333984 10.5408096313 17039616 0.193651803179 0.0 0.193651803179 -1.22874471548 -1.9115684477 1.9115684477 -1.22874471548 
125.044904983 137.58544514 4.02943229675 281.183837891 9.82416534424 25034753 0.0615902935261 0.0 0.0615902935261 0.781539153359 -3.95291300004 3.95291300004 0.781539153359 
197.386068495 77.2361284684 3.04839420319 59.4234313965 9.72280883789 21561856 0.107611267259 0.0 0.107611267259 1.55068572192 2.62451538571 -2.62451538571 1.55068572192 
58.7148167732 127.162802692 1.7198472023 132.480712891 7.86683273315 13565952 0.338080616354 0.0 0.338080616354 -1.1614850225 1.26839542012 -1.26839542012 -1.1614850225 
185.672505227 88.2546870498 2.97994065285 213.616363525 7.62560272217 19923456 0.112612025527 0.0 0.112612025527 -2.48158479336 -1.64978277596 1.64978277596 -2.48158479336 
165.169508762 122.453756941 3.84576940536 241.335632324 7.49082183838 21626881 0.067613515889 0.0 0.067613515889 -1.84473061611 -3.3744497734 3.3744497734 -1.84473061611 
40.4284997944 69.3390720971 1.35180401802 240.701293945 6.61935424805 8388608 0.547233321455 0.0 0.547233321455 -0.661522541392 -1.17888168633 1.17888168633 -0.661522541392 
180.904663693 117.194753654 2.73163938522 239.143829346 6.19576263428 13632000 0.134014956077 0.0 0.134014956077 -1.40101607679 -2.34499630778 2.34499630778 -1.40101607679 
28.7964670518 54.135156673 3.58095765114 206.444381714 6.1872177124 16515073 0.0779833037325 0.0 0.0779833037325 -3.20627157427 -1.59470382556 1.59470382556 -3.20627157427 
68.0397939259 168.73123411 1.52503418922 200.554412842 6.11484146118 8388608 0.42997265818 0.0 0.42997265818 -1.42794926347 -0.535434570479 0.535434570479 -1.42794926347 
91.7084166674 169.447143373 1.45310461521 96.321472168 5.47132492065 8388608 0.473594048072 0.0 0.473594048072 -0.159996699555 1.44426939277 -1.44426939277 -0.159996699555 
174.960528752 126.085547914 1.77012240887 241.252670288 5.47113800049 15663104 0.319148935249 0.0 0.319148935249 -0.851336669921 -1.55195335523 1.55195335523 -0.851336669921 
191.25868575 113.59810144 1.65113532543 40.918762207 5.03535079956 10616832 0.366804505787 0.0 0.366804505787 1.24766228864 1.08147430685 -1.08147430685 1.24766228864 
99.2196057631 169.238291057 1.62144291401 81.6413574219 4.84498214722 9306112 0.38036160716 0.0 0.38036160716 0.235707390439 1.60421917127 -1.60421917127 0.235707390439 
221.52771894 112.062329281 1.71938383579 259.39831543 4.82707595825 13565952 0.338262863436 0.0 0.338262863436 -0.316332668142 -1.6900338511 1.6900338511 -0.316332668142 
205.415102157 27.0199129581 1.33632075787 179.883956909 4.74021530151 8388608 0.559987806811 0.0 0.559987806811 -1.33631801709 0.00270649402751 -0.00270649402751 -1.33631801709 
223.466658642 140.740786707 1.30981481075 77.0280151367 4.31435775757 8388608 0.582881412295 0.0 0.582881412295 0.294020159669 1.27638825761 -1.27638825761 0.294020159669 
166.912440125 155.324736288 1.20903921127 70.4429626465 4.25579452515 8388608 0.684099429031 0.0 0.684099429031 0.404719931724 1.139288195 -1.139288195 0.404719931724 
175.638171856 154.375419296 1.6034809351 66.4736022949 4.18525695801 8519680 0.388930855295 0.0 0.388930855295 0.640063955515 1.470193607 -1.470193607 0.640063955515 
151.577062179 164.151754121 1.29951202869 44.5062255859 4.14417648315 8388608 0.592160442597 0.0 0.592160442597 0.926778563557 0.910940726311 -0.910940726311 0.926778563557 
234.025548037 107.682133021 2.34618496895 272.829620361 4.13335418701 19333376 0.181666773841 0.0 0.181666773841 0.115822046094 -2.34332438261 2.34332438261 0.115822046094 
235.428753914 122.734954296 1.28040981293 291.104949951 4.11545181274 8388608 0.609960922052 0.0 0.609960922052 0.461046645824 -1.19452303428 1.19452303428 0.461046645824 
167.35203072 119.569571044 1.61727929115 218.051177979 4.08781433105 9109504 0.382322580573 0.0 0.382322580573 -1.27354358444 -0.996834511903 0.996834511903 -1.27354358444 
101.416159363 88.289714634 1.30118107796 305.367248535 4.07292938232 8388608 0.590642266406 0.0 0.590642266406 0.753143299536 -1.06105954969 1.06105954969 0.753143299536 
176.230341998 107.279283229 1.59413063526 216.553131104 3.98136520386 8388608 0.393506747941 0.0 0.393506747941 -1.28057299575 -0.949413126538 0.949413126538 -1.28057299575 
210.798500502 82.811547145 1.26343464851 48.490020752 3.91282272339 8388608 0.626461569663 0.0 0.626461569663 0.837341925226 0.94611078174 -0.94611078174 0.837341925226 
244.223286685 110.194394105 1.5071605444 278.97052002 3.87085342407 8388608 0.440231350865 0.0 0.440231350865 0.235005901273 -1.48872601003 1.48872601003 0.235005901273 
167.811399045 107.334727503 1.56988346577 221.25617981 3.84708404541 8388608 0.40575620422 0.0 0.40575620422 -1.18018923238 -1.03522339225 1.03522339225 -1.18018923238 
151.065755784 110.730537736 1.62887251377 248.548034668 3.82623672485 9633792 0.376899715983 0.0 0.376899715983 -0.595712999038 -1.51603155933 1.51603155933 -0.595712999038 
243.729257939 97.119076645 3.33243370056 279.010131836 3.73059463501 11272193 0.0900485998437 0.0 0.0900485998437 0.521889507208 -3.29131367556 3.29131367556 0.521889507208 
238.257875626 87.9666304604 2.20630645752 38.3080444336 3.70260238647 14876928 0.205432110457 0.0 0.205432110457 1.7312651683 1.3676655664 -1.3676655664 1.7312651683 
221.952238201 150.295329225 2.24464702606 85.0859375 3.65574645996 16122112 0.198474120183 0.0 0.198474120183 0.192279742535 2.23639638084 -2.23639638084 0.192279742535 
239.974383087 31.8862182913 1.4705709219 36.0563659668 3.65144348145 8388608 0.462410887964 0.0 0.462410887964 1.18886593919 0.86554989167 -0.86554989167 1.18886593919 
166.018945181 164.527211492 1.80809521675 77.8293151855 3.64220809937 17170432 0.305884454066 0.0 0.305884454066 0.381191090756 1.76745626966 -1.76745626966 0.381191090756 
213.633707498 150.105686154 1.82129979134 75.4741821289 3.62850570679 17694720 0.301465157148 0.0 0.301465157148 0.456811552071 1.76308143199 -1.76308143199 0.456811552071 
85.782055817 42.1450001471 3.97239947319 283.574493408 3.62505340576 23986177 0.0633715265249 0.0 0.0633715265249 0.932359489137 -3.86143281149 3.86143281149 0.932359489137 
102.616890838 73.8159160204 1.21908283234 276.600097656 3.61155700684 8388608 0.672873723967 0.0 0.672873723967 0.140119971026 -1.21100344583 1.21100344583 0.140119971026 
113.039645857 67.5165725629 2.54099082947 282.498962402 3.60619354248 8389120 0.154879452475 0.0 0.154879452475 0.549926148763 -2.48076916023 2.48076916023 0.549926148763 
248.768813549 142.852946033 1.93144369125 74.5274658203 3.59954833984 21954560 0.268062397338 0.0 0.268062397338 0.515263615669 1.86144517482 -1.86144517482 0.515263615669 
247.010531681 28.7110944195 1.23095035553 76.2120361328 3.5924987793 8388608 0.659961990589 0.0 0.659961990589 0.293371716282 1.19547974214 -1.19547974214 0.293371716282 
151.808786967 127.288737385 1.56053125858 254.571014404 3.58620452881 8388608 0.410634141608 0.0 0.410634141608 -0.415169687342 -1.50429117518 1.50429117518 -0.415169687342 
244.963346374 48.6438715567 2.84712958336 0.659149169922 3.58435821533 16646656 0.123363173247 0.0 0.123363173247 2.84694117741 0.0327535766408 -0.0327535766408 2.84694117741 
242.403441642 39.1977839696 2.16291093826 59.0014038086 3.58421707153 13435136 0.21375817163 0.0 0.21375817163 1.11393606108 1.85400382381 -1.85400382381 1.11393606108 
183.662256631 100.26219648 1.40561175346 220.765090942 3.58293533325 8388608 0.506138344238 0.0 0.506138344238 -1.06460054484 -0.917807213633 0.917807213633 -1.06460054484 
230.783264203 100.860118918 1.33236515522 1.51593017578 3.57965087891 8388608 0.563317790913 0.0 0.563317790913 1.33189883841 0.0352475683384 -0.0352475683384 1.33189883841 
255.488841386 12.169416578 1.25691795349 0.337951660156 3.57085800171 8388608 0.632974392663 0.0 0.632974392663 1.25689608899 0.00741372313321 -0.00741372313321 1.25689608899 
242.25731349 52.9757740244 1.94693422318 359.710876465 3.56996154785 22544384 0.263813758695 0.0 0.263813758695 1.94690943515 -0.00982449529736 0.00982449529736 1.94690943515 
242.271600617 45.6237379439 1.8928437233 0.646545410156 3.56674194336 20512768 0.279106841074 0.0 0.279106841074 1.89272321056 0.0213590505167 -0.0213590505167 1.89272321056 
255.370973944 20.316777527 1.32633376122 8.11828613281 3.56498718262 8388608 0.568452722679 0.0 0.568452722679 1.31304209074 0.187301132066 -0.187301132066 1.31304209074 
46.2525248672 128.07985754 1.56268489361 105.395904541 3.56019592285 8388608 0.409503079703 0.0 0.409503079703 -0.414872843134 1.50660698284 -1.50660698284 -0.414872843134 
242.629343461 74.3694325985 2.18175768852 0.961883544922 3.55809783936 14090496 0.210081093739 0.0 0.210081093739 2.18145024451 0.0366257036974 -0.0366257036974 2.18145024451 
243.056802967 66.1223808085 2.17587375641 359.657958984 3.55770111084 13893888 0.211218819865 0.0 0.211218819865 2.17583498483 -0.0129893275795 0.0129893275795 2.17583498483 
239.303057191 63.4591247377 1.26932799816 359.94052124 3.55501556396 8388608 0.620657890233 0.0 0.620657890233 1.26932731421 -0.00131768940309 0.00131768940309 1.26932731421 
238.946922565 58.863439015 1.23162150383 2.58712768555 3.55372619629 8388608 0.659242919538 0.0 0.659242919538 1.2303661564 0.0555936137495 -0.0555936137495 1.2303661564 
104.449652903 63.5763404156 1.50800025463 330.783111572 3.55296707153 8388608 0.439741213217 0.0 0.439741213217 1.31614980587 -0.736080468742 0.736080468742 1.31614980587 
106.329255512 70.4717231101 1.79123032093 278.977966309 3.53616714478 16515072 0.31167153201 0.0 0.31167153201 0.279529780676 -1.76928493023 1.76928493023 0.279529780676 
186.388442351 106.578849026 1.31532251835 87.6085205078 3.51665496826 8388608 0.57801018271 0.0 0.57801018271 0.0548845584736 1.31417693349 -1.31417693349 0.0548845584736 
211.433246421 92.196295843 1.29096484184 29.9204101562 3.46920776367 8388608 0.600027521028 0.0 0.600027521028 1.11890391222 0.643928767865 -0.643928767865 1.11890391222 
218.414310822 73.4199706977 1.3896073103 8.83151245117 3.13935852051 8388608 0.517864117119 0.0 0.517864117119 1.37313225162 0.213345485987 -0.213345485987 1.37313225162 
90.8323425679 82.1140928073 1.4459707737 306.56741333 3.10527038574 8388608 0.478278622805 0.0 0.478278622805 0.861463376742 -1.16134074626 1.16134074626 0.861463376742 
77.7401907587 85.933955689 1.52501857281 9.82006835938 3.03667259216 8388608 0.429981464193 0.0 0.429981464193 1.50267433716 0.260098988571 -0.260098988571 1.50267433716 
211.202908386 76.0149397463 1.42467594147 4.55560302734 2.7661781311 8388608 0.492683274453 0.0 0.492683274453 1.42017499583 0.113157056347 -0.113157056347 1.42017499583 
125.642039676 130.588990002 2.43952083588 302.167633057 2.58899307251 22151424 0.168031589828 0.0 0.168031589828 1.29879642459 -2.06503989214 2.06503989214 1.29879642459 
108.261805552 123.546716573 1.75033903122 18.3040161133 2.39820098877 14876672 0.326404130063 0.0 0.326404130063 1.66177794326 0.549709733866 -0.549709733866 1.66177794326 
94.429410966 62.9343062465 5.09005117416 301.100952148 2.05617523193 8520193 0.0385971913254 0.0 0.0385971913254 2.62925350589 -4.35839958671 4.35839958671 2.62925350589 
83.7044213162 105.326401336 1.63944876194 333.277404785 1.2852268219 10092544 0.372052565668 0.0 0.372052565668 1.46434600244 -0.737213014107 0.737213014107 1.46434600244 
