13
69
53.2841933897 71.6892002436 1.39401507378 128.367491017 74.7080764771 8388608 0.51459440526 0.0 0.51459440526 -0.865269368215 1.09297161278 -1.09297161278 -0.865269368215 
53.3395375004 64.5523602375 1.26333463192 129.913961111 33.8068733215 8388608 0.626560765919 0.0 0.626560765919 -0.81060166919 0.9689888163 -0.9689888163 -0.81060166919 
96.9748003172 141.044933757 5.10466241837 140.025015147 33.7195739746 8716801 0.0383765515137 0.0 0.0383765515137 -3.91183047388 3.27950617458 -3.27950617458 -3.91183047388 
53.975483036 58.8965550843 3.0427069664 129.585560528 30.3107070923 21430784 0.108013923664 0.0 0.108013923664 -1.93890351392 2.34493472129 -2.34493472129 -1.93890351392 
235.049461852 24.9009270948 1.38347899914 125.635229204 26.2410697937 8388608 0.522462179641 0.0 0.522462179641 -0.806046418976 1.12441242945 -1.12441242945 -0.806046418976 
219.18308378 31.9687737735 1.51660370827 127.08772084 20.6953105927 8388608 0.434766199498 0.0 0.434766199498 -0.91456821452 1.20981477463 -1.20981477463 -0.91456821452 
202.571314361 42.5771667656 1.62860918045 123.20914045 17.0897026062 9633792 0.377021609288 0.0 0.377021609288 -0.891983884027 1.36261976108 -1.36261976108 -0.891983884027 
206.338044614 51.1693638512 1.66394150257 115.529405748 16.7736549377 11206656 0.361180164628 0.0 0.361180164628 -0.717115976607 1.50148126864 -1.50148126864 -0.717115976607 
198.896990532 119.325686862 1.24521529675 123.046312529 15.4972381592 8388608 0.644927811788 0.0 0.644927811788 -0.679036770593 1.0437768916 -1.0437768916 -0.679036770593 
178.761779433 77.1239121555 2.35771918297 117.363389561 15.1289634705 19661056 0.179893655104 0.0 0.179893655104 -1.08368412914 2.09391223646 -2.09391223646 -1.08368412914 
203.945565198 113.33133335 2.9416680336 126.516904029 15.0132255554 19005952 0.1155613689 0.0 0.1155613689 -1.75046875511 2.36416369088 -2.36416369088 -1.75046875511 
65.3869968901 122.015635484 1.6557264328 140.705515488 14.8591003418 10813440 0.364773126655 0.0 0.364773126655 -1.28136863605 1.04858210876 -1.04858210876 -1.28136863605 
185.524956023 71.6396968923 2.12645792961 116.638007478 14.5172424316 12189952 0.221149728288 0.0 0.221149728288 -0.95340194536 1.90074934091 -1.90074934091 -0.95340194536 
195.827283565 61.6200624933 2.04084920883 116.08229396 14.1288452148 9240832 0.240092263047 0.0 0.240092263047 -0.897283094965 1.83301624125 -1.83301624125 -0.897283094965 
221.580054112 88.4760374029 1.27796649933 129.22164352 12.779914856 8388608 0.612295491034 0.0 0.612295491034 -0.808086324324 0.990047910884 -0.990047910884 -0.808086324324 
215.467359404 99.5827184748 1.57465159893 126.946332154 10.8537902832 8388608 0.403302619661 0.0 0.403302619661 -0.946470628963 1.25845977549 -1.25845977549 -0.946470628963 
161.897107619 88.3279625282 2.27242326736 120.43840763 10.5408096313 17039616 0.193651803179 0.0 0.193651803179 -1.15123650424 1.95922485115 -1.95922485115 -1.15123650424 
125.044904983 137.58544514 4.02943229675 125.850853542 9.82416534424 25034753 0.0615902935261 0.0 0.0615902935261 -2.35994708334 3.26603343491 -3.26603343491 -2.35994708334 
197.386068495 77.2361284684 3.04839420319 123.105420895 9.72280883789 21561856 0.107611267259 0.0 0.107611267259 -1.66497565642 2.55353936362 -2.55353936362 -1.66497565642 
58.7148167732 127.162802692 1.7198472023 132.209523508 7.86683273315 13565952 0.338080616354 0.0 0.338080616354 -1.15546853197 1.27387867197 -1.27387867197 -1.15546853197 
185.672505227 88.2546870498 2.97994065285 121.683335815 7.62560272217 19923456 0.112612025527 0.0 0.112612025527 -1.56513687031 2.53582193218 -2.53582193218 -1.56513687031 
165.169508762 122.453756941 3.84576940536 119.927296477 7.49082183838 21626881 0.067613515889 0.0 0.067613515889 -1.91865698837 3.33297129904 -3.33297129904 -1.91865698837 
40.4284997944 69.3390720971 1.35180401802 125.36483246 6.61935424805 8388608 0.547233321455 0.0 0.547233321455 -0.782398138661 1.10237346474 -1.10237346474 -0.782398138661 
180.904663693 117.194753654 2.73163938522 121.760340421 6.19576263428 13632000 0.134014956077 0.0 0.134014956077 -1.43784587143 2.32259617259 -2.32259617259 -1.43784587143 
68.0397939259 168.73123411 1.52503418922 124.032745806 6.11484146118 8388608 0.42997265818 0.0 0.42997265818 -0.853510738366 1.26382304845 -1.26382304845 -0.853510738366 
91.7084166674 169.447143373 1.45310461521 125.985485655 5.47132492065 8388608 0.473594048072 0.0 0.473594048072 -0.853815632276 1.17580265726 -1.17580265726 -0.853815632276 
174.960528752 126.085547914 1.77012240887 122.657042107 5.47113800049 15663104 0.319148935249 0.0 0.319148935249 -0.955174408397 1.49029365963 -1.49029365963 -0.955174408397 
191.25868575 113.59810144 1.65113532543 121.873294765 5.03535079956 10616832 0.366804505787 0.0 0.366804505787 -0.871869751372 1.40217366953 -1.40217366953 -0.871869751372 
99.2196057631 169.238291057 1.62144291401 126.823597986 4.84498214722 9306112 0.38036160716 0.0 0.38036160716 -0.971817224458 1.29794006242 -1.29794006242 -0.971817224458 
221.52771894 112.062329281 1.71938383579 124.796420112 4.82707595825 13565952 0.338262863436 0.0 0.338262863436 -0.981187466375 1.41193198512 -1.41193198512 -0.981187466375 
205.415102157 27.0199129581 1.33632075787 124.860937123 4.74021530151 8388608 0.559987806811 0.0 0.559987806811 -0.763823012843 1.09650698719 -1.09650698719 -0.763823012843 
223.466658642 140.740786707 1.30981481075 125.377278607 4.31435775757 8388608 0.582881412295 0.0 0.582881412295 -0.75832760234 1.06796726822 -1.06796726822 -0.75832760234 
166.912440125 155.324736288 1.20903921127 125.604772449 4.25579452515 8388608 0.684099429031 0.0 0.684099429031 -0.703891379078 0.983012075641 -0.983012075641 -0.703891379078 
175.638171856 154.375419296 1.6034809351 125.671182186 4.18525695801 8519680 0.388930855295 0.0 0.388930855295 -0.935042146843 1.30263091198 -1.30263091198 -0.935042146843 
151.577062179 164.151754121 1.29951202869 125.182754796 4.14417648315 8388608 0.592160442597 0.0 0.592160442597 -0.748761081189 1.06211503898 -1.06211503898 -0.748761081189 
234.025548037 107.682133021 2.34618496895 124.861574255 4.13335418701 19333376 0.181666773841 0.0 0.181666773841 -1.34106925193 1.92512783213 -1.92512783213 -1.34106925193 
235.428753914 122.734954296 1.28040981293 124.28468377 4.11545181274 8388608 0.609960922052 0.0 0.609960922052 -0.721261502342 1.05793720715 -1.05793720715 -0.721261502342 
167.35203072 119.569571044 1.61727929115 124.278827475 4.08781433105 9109504 0.382322580573 0.0 0.382322580573 -0.910885242604 1.33636835506 -1.33636835506 -0.910885242604 
101.416159363 88.289714634 1.30118107796 132.643759914 4.07292938232 8388608 0.590642266406 0.0 0.590642266406 -0.881469467701 0.957122654181 -0.957122654181 -0.881469467701 
176.230341998 107.279283229 1.59413063526 124.104339248 3.98136520386 8388608 0.393506747941 0.0 0.393506747941 -0.89383176584 1.31996865745 -1.31996865745 -0.89383176584 
210.798500502 82.811547145 1.26343464851 124.810384703 3.91282272339 8388608 0.626461569663 0.0 0.626461569663 -0.721247322242 1.03733765536 -1.03733765536 -0.721247322242 
244.223286685 110.194394105 1.5071605444 124.689610064 3.87085342407 8388608 0.440231350865 0.0 0.440231350865 -0.857770925141 1.2392586278 -1.2392586278 -0.857770925141 
167.811399045 107.334727503 1.56988346577 123.872797331 3.84708404541 8388608 0.40575620422 0.0 0.40575620422 -0.874976082015 1.30343812741 -1.30343812741 -0.874976082015 
151.065755784 110.730537736 1.62887251377 124.213530723 3.82623672485 9633792 0.376899715983 0.0 0.376899715983 -0.915880290086 1.34699256136 -1.34699256136 -0.915880290086 
221.952238201 150.295329225 2.24464702606 125.05652784 3.65574645996 16122112 0.198474120183 0.0 0.198474120183 -1.28929007804 1.83743608495 -1.83743608495 -1.28929007804 
239.974383087 31.8862182913 1.4705709219 124.506363216 3.65144348145 8388608 0.462410887964 0.0 0.462410887964 -0.83307513335 1.21184349589 -1.21184349589 -0.83307513335 
166.018945181 164.527211492 1.80809521675 125.048443038 3.64220809937 17170432 0.305884454066 0.0 0.305884454066 -1.03833270033 1.48022752179 -1.48022752179 -1.03833270033 
213.633707498 150.105686154 1.82129979134 125.021397001 3.62850570679 17694720 0.301465157148 0.0 0.301465157148 -1.04521172623 1.49153121901 -1.49153121901 -1.04521172623 
102.616890838 73.8159160204 1.21908283234 124.969330706 3.61155700684 8388608 0.672873723967 0.0 0.672873723967 -0.698702548076 0.998988338976 -0.998988338976 -0.698702548076 
113.039645857 67.5165725629 2.54099082947 124.908629407 3.60619354248 8389120 0.154879452475 0.0 0.154879452475 -1.45413127533 2.08377941001 -2.08377941001 -1.45413127533 
247.010531681 28.7110944195 1.23095035553 124.950820874 3.5924987793 8388608 0.659961990589 0.0 0.659961990589 -0.705178365918 1.0089411529 -1.0089411529 -0.705178365918 
151.808786967 127.288737385 1.56053125858 124.527515534 3.58620452881 8388608 0.410634141608 0.0 0.410634141608 -0.884512156042 1.28565005146 -1.28565005146 -0.884512156042 
183.662256631 100.26219648 1.40561175346 124.139537076 3.58293533325 8388608 0.506138344238 0.0 0.506138344238 -0.788843745856 1.16338727262 -1.16338727262 -0.788843745856 
230.783264203 100.860118918 1.33236515522 124.961998407 3.57965087891 8388608 0.563317790913 0.0 0.563317790913 -0.763489208991 1.09191626721 -1.09191626721 -0.763489208991 
242.271600617 45.6237379439 1.8928437233 124.950351574 3.56674194336 20512768 0.279106841074 0.0 0.279106841074 -1.08434657426 1.55146700504 -1.55146700504 -1.08434657426 
46.2525248672 128.07985754 1.56268489361 124.957617195 3.56019592285 8388608 0.409503079703 0.0 0.409503079703 -0.895372089725 1.2807391997 -1.2807391997 -0.895372089725 
239.303057191 63.4591247377 1.26932799816 124.952155606 3.55501556396 8388608 0.620657890233 0.0 0.620657890233 -0.727188121993 1.04038021999 -1.04038021999 -0.727188121993 
238.946922565 58.863439015 1.23162150383 124.957602824 3.55372619629 8388608 0.659242919538 0.0 0.659242919538 -0.705682334612 1.00940773294 -1.00940773294 -0.705682334612 
104.449652903 63.5763404156 1.50800025463 124.950700186 3.55296707153 8388608 0.439741213217 0.0 0.439741213217 -0.863890201374 1.23602527803 -1.23602527803 -0.863890201374 
106.329255512 70.4717231101 1.79123032093 124.934499792 3.53616714478 16515072 0.31167153201 0.0 0.31167153201 -1.02572943564 1.46846354653 -1.46846354653 -1.02572943564 
186.388442351 106.578849026 1.31532251835 124.595641913 3.51665496826 8388608 0.57801018271 0.0 0.57801018271 -0.746815310014 1.08274660932 -1.08274660932 -0.746815310014 
211.433246421 92.196295843 1.29096484184 125.610914458 3.46920776367 8388608 0.600027521028 0.0 0.600027521028 -0.751700232251 1.04954132063 -1.04954132063 -0.751700232251 
218.414310822 73.4199706977 1.3896073103 126.451674129 3.13935852051 8388608 0.517864117119 0.0 0.517864117119 -0.825627631944 1.1177421394 -1.1177421394 -0.825627631944 
90.8323425679 82.1140928073 1.4459707737 130.66973533 3.10527038574 8388608 0.478278622805 0.0 0.478278622805 -0.942336048096 1.09673800465 -1.09673800465 -0.942336048096 
77.7401907587 85.933955689 1.52501857281 125.579170595 3.03667259216 8388608 0.429981464193 0.0 0.429981464193 -0.887297493066 1.24031641375 -1.24031641375 -0.887297493066 
211.202908386 76.0149397463 1.42467594147 124.80321264 2.7661781311 8388608 0.492683274453 0.0 0.492683274453 -0.813147484109 1.16982593033 -1.16982593033 -0.813147484109 
125.642039676 130.588990002 2.43952083588 124.196278231 2.58899307251 22151424 0.168031589828 0.0 0.168031589828 -1.37108304617 2.01776935976 -2.01776935976 -1.37108304617 
108.261805552 123.546716573 1.75033903122 124.938701661 2.39820098877 14876672 0.326404130063 0.0 0.326404130063 -1.00241869413 1.43486706209 -1.43486706209 -1.00241869413 
83.7044213162 105.326401336 1.63944876194 124.446338981 1.2852268219 10092544 0.372052565668 0.0 0.372052565668 -0.927328196757 1.35198175229 -1.35198175229 -0.927328196757 
