13
118
29.450836902 45.8195353823 1.9478302002 130.932601929 70.729598999 22609920 0.263571112594 0.0 0.263571112594 -1.27616146398 1.47154830252 -1.47154830252 -1.27616146398 
210.127913673 137.845998434 2.05034708977 89.970489502 68.1918106079 9568512 0.237873042669 0.0 0.237873042669 0.00105604220114 2.05034681781 -2.05034681781 0.00105604220114 
99.612447788 77.981261977 1.57498145103 39.3959350586 57.437171936 8388608 0.403133708101 0.0 0.403133708101 1.21711196632 0.999602437245 -0.999602437245 1.21711196632 
161.498381058 79.8661559226 2.70955610275 11.919708252 56.6706314087 13042176 0.136208341383 0.0 0.136208341383 2.65113264962 0.559633762445 -0.559633762445 2.65113264962 
211.57837957 108.165923529 6.86170816422 59.3262329102 50.6766090393 13369346 0.0212390708567 0.0 0.0212390708567 3.50049479672 5.90165867439 -5.90165867439 3.50049479672 
159.695998024 88.517388083 4.7670917511 359.858795166 48.0414199829 20447489 0.044004083333 0.0 0.044004083333 4.76707727415 -0.0117484345901 0.0117484345901 4.76707727415 
97.4778752641 83.943697866 1.31535232067 119.077392578 46.8064880371 8388608 0.577983990715 0.0 0.577983990715 -0.639248830413 1.14957064172 -1.14957064172 -0.639248830413 
155.820700757 97.2941229496 2.11218261719 39.6841125488 46.7668838501 11731200 0.224149137299 0.0 0.224149137299 1.62548641919 1.34874360401 -1.34874360401 1.62548641919 
218.774369675 140.431065319 5.30745887756 83.2510070801 45.9110374451 11534849 0.0354998668519 0.0 0.0354998668519 0.623732261641 5.27068096196 -5.27068096196 0.623732261641 
129.856334838 63.8555483537 7.11064052582 259.778381348 44.8732528687 15990786 0.0197780081996 0.0 0.0197780081996 -1.26182640188 -6.99778556537 6.99778556537 -1.26182640188 
39.4995451706 62.5014449933 1.52495586872 159.052947998 44.4585838318 8388608 0.430016825412 0.0 0.430016825412 -1.42417336789 0.545179438122 -0.545179438122 -1.42417336789 
153.610040023 148.646260639 2.52870488167 109.569488525 41.712726593 24772864 0.156388100991 0.0 0.156388100991 -0.846989326911 2.38263666107 -2.38263666107 -0.846989326911 
152.466816821 148.191619069 1.99431788921 111.528381348 41.6244087219 24313856 0.251426604407 0.0 0.251426604407 -0.731839005284 1.85518611292 -1.85518611292 -0.731839005284 
119.720942146 63.0282858972 1.65404045582 60.6027832031 40.4526748657 10747904 0.36551713812 0.0 0.36551713812 0.811904668223 1.44106233009 -1.44106233009 0.811904668223 
30.4344528554 34.8220354992 1.25507581234 237.16708374 40.0539932251 8388608 0.634833856268 0.0 0.634833856268 -0.680490839823 -1.05458404674 1.05458404674 -0.680490839823 
36.6388006422 55.961847116 1.51764249802 152.400634766 39.0904350281 8388608 0.434171229198 0.0 0.434171229198 -1.34494800332 0.703102851761 -0.703102851761 -1.34494800332 
150.674498753 62.0816790871 1.33231401443 120.08493042 38.6846694946 8388608 0.563361037576 0.0 0.563361037576 -0.667866596671 1.15282906023 -1.15282906023 -0.667866596671 
161.189368502 83.405581517 1.33316481113 18.3948974609 36.9487686157 8388608 0.562642217568 0.0 0.562642217568 1.26504557973 0.42069953036 -0.42069953036 1.26504557973 
164.202713028 117.632476847 2.05336499214 57.8125610352 35.5775718689 9699584 0.237174335836 0.0 0.237174335836 1.09380854002 1.73778326288 -1.73778326288 1.09380854002 
148.034250013 73.1649743184 2.67651033401 222.810531616 35.4680938721 12124672 0.139592521121 0.0 0.139592521121 -1.96350126473 -1.81889261681 1.81889261681 -1.96350126473 
243.414751875 121.27891573 3.94399666786 23.4025878906 34.6988601685 23461889 0.0642875568383 0.0 0.0642875568383 3.61955043426 1.56651344391 -1.56651344391 3.61955043426 
44.4022600724 88.3164069115 2.68596315384 168.483718872 33.8267555237 12386816 0.138611702759 0.0 0.138611702759 -2.63188937803 0.536242823354 -0.536242823354 -2.63188937803 
229.966099607 104.895799794 1.25616264343 100.626251221 32.5969810486 8388608 0.633735815816 0.0 0.633735815816 -0.231638505581 1.23462066623 -1.23462066623 -0.231638505581 
74.2969224113 126.548691178 1.78251981735 121.041564941 32.3319854736 16187392 0.31472501743 0.0 0.31472501743 -0.919173753925 1.52725129214 -1.52725129214 -0.919173753925 
176.748499315 107.283243463 4.42472219467 41.5231628418 32.2659416199 15073537 0.0510773059366 0.0 0.0510773059366 3.31273545302 2.93324910608 -2.93324910608 3.31273545302 
245.60177223 43.4873527765 1.64494383335 357.613006592 30.2753105164 10354688 0.369570972632 0.0 0.369570972632 1.64351653279 -0.0685100089811 0.0685100089811 1.64351653279 
153.008851609 125.343032735 3.94408369064 53.0024719238 29.2727870941 23461889 0.0642847199714 0.0 0.0642847199714 2.37347291923 3.14998769212 -3.14998769212 2.37347291923 
178.44976841 103.010552051 2.13858413696 30.7964782715 28.8128032684 12648704 0.218648910573 0.0 0.218648910573 1.83702531427 1.09493383617 -1.09493383617 1.83702531427 
68.0127111441 123.384020324 1.30510377884 120.208312988 27.9101791382 8388608 0.587097060196 0.0 0.587097060196 -0.656656882081 1.12787304816 -1.12787304816 -0.656656882081 
61.7560656442 119.115058177 1.3804063797 122.910064697 26.3999710083 8388608 0.524790644803 0.0 0.524790644803 -0.750005059732 1.15888488794 -1.15888488794 -0.750005059732 
227.923482257 116.068357605 2.70137572289 205.211608887 26.3998718262 12845568 0.137034530087 0.0 0.137034530087 -2.44404473902 -1.15068506112 1.15068506112 -2.44404473902 
225.004429168 90.0175266114 2.01707983017 37.4281311035 26.1192626953 8388864 0.245784123834 0.0 0.245784123834 1.60179600215 1.22591215377 -1.22591215377 1.60179600215 
244.71057954 57.0970531006 1.71340489388 8.15026855469 22.9948310852 13303808 0.340627725013 0.0 0.340627725013 1.69609891632 0.242909029073 -0.242909029073 1.69609891632 
200.337422464 134.453873536 1.63200986385 38.7196655273 22.905330658 9764864 0.375452016672 0.0 0.375452016672 1.27331981701 1.02083928183 -1.02083928183 1.27331981701 
46.5063661568 102.984120517 1.27561473846 139.044586182 22.8308048248 8388608 0.614555264173 0.0 0.614555264173 -0.963369610776 0.836129149128 -0.836129149128 -0.963369610776 
217.770281674 101.192735521 1.28248107433 46.3100891113 22.7866744995 8388608 0.607992287459 0.0 0.607992287459 0.885880335535 0.927347689454 -0.927347689454 0.885880335535 
227.251161883 122.79962858 1.25152862072 229.722213745 22.1971588135 8388608 0.638437559022 0.0 0.638437559022 -0.809105796831 -0.954815007222 0.954815007222 -0.809105796831 
90.1070670225 67.6692022512 2.98580050468 219.872543335 21.4492454529 20054528 0.112170440604 0.0 0.112170440604 -2.29151963537 -1.91414273619 1.91414273619 -2.29151963537 
87.9689418813 81.2494233415 1.925142169 289.794555664 20.7936286926 21757952 0.269820154039 0.0 0.269820154039 0.651946536179 -1.81139120149 1.81139120149 0.651946536179 
194.329164684 151.997549986 2.90722942352 70.3957519531 20.7316360474 18153984 0.118315430751 0.0 0.118315430751 0.975437730588 2.73870483162 -2.73870483162 0.975437730588 
201.674780494 127.87125291 2.38686513901 359.106292725 20.1154899597 20578560 0.175527124002 0.0 0.175527124002 2.3865747806 -0.0372291337872 0.0372291337872 2.3865747806 
115.246246646 57.0631155056 1.30399823189 248.859710693 20.1106071472 8388608 0.588092979503 0.0 0.588092979503 -0.47029055395 -1.21623936116 1.21623936116 -0.47029055395 
169.310736172 127.059309439 1.35655844212 248.618988037 17.8952293396 8388608 0.543404190485 0.0 0.543404190485 -0.494558081514 -1.26319559486 1.26319559486 -0.494558081514 
120.247788745 102.152636058 8.98517894745 261.28225708 17.5875358582 16187650 0.0123864409978 0.0 0.0123864409978 -1.3618559188 -8.88137315814 8.88137315814 -1.3618559188 
213.712678354 69.738944174 1.57426559925 223.206970215 15.0353775024 8388608 0.403500418263 0.0 0.403500418263 -1.14745912393 -1.07779855998 1.07779855998 -1.14745912393 
217.515869976 64.6538165974 1.4902009964 220.591918945 14.7447776794 8388608 0.450308662113 0.0 0.450308662113 -1.13160362684 -0.969624794125 0.969624794125 -1.13160362684 
191.567618567 88.6721101439 1.83894729614 226.357223511 14.6191558838 18415616 0.295706883874 0.0 0.295706883874 -1.26916788683 -1.33076670872 1.33076670872 -1.26916788683 
27.739566458 56.6042211512 2.08302307129 149.916595459 13.3195037842 10748160 0.230468640333 0.0 0.230468640333 -1.80243287412 1.04413641342 -1.04413641342 -1.80243287412 
242.016591084 124.027171854 1.30997598171 30.5535583496 12.6846847534 8388608 0.582737993211 0.0 0.582737993211 1.12809151854 0.665917861653 -0.665917861653 1.12809151854 
184.527576213 92.1561007246 1.88186347485 232.347335815 12.6652908325 20119552 0.282373393943 0.0 0.282373393943 -1.14957986821 -1.48992491911 1.48992491911 -1.14957986821 
225.735544039 56.5352873609 1.555108428 231.937133789 12.514125824 8388608 0.413502985845 0.0 0.413502985845 -0.958764355042 -1.22439092382 1.22439092382 -0.958764355042 
199.026373478 98.4922102865 2.73428440094 226.640045166 12.3003845215 13697536 0.13375580219 0.0 0.13375580219 -1.87730368648 -1.98797435949 1.98797435949 -1.87730368648 
222.963804664 56.2662196861 3.5309176445 232.629058838 12.0638122559 15466497 0.0802093180077 0.0 0.0802093180077 -2.1431711686 -2.80609991881 2.80609991881 -2.1431711686 
198.685259531 82.8474321127 1.28856873512 232.571975708 12.0564727783 8388608 0.602261110394 0.0 0.602261110394 -0.783146111498 -1.02327491574 1.02327491574 -0.783146111498 
217.29679239 80.9506620549 2.04471540451 221.09854126 12.0093688965 9371904 0.239185177303 0.0 0.239185177303 -1.54085689771 -1.34410606212 1.34410606212 -1.54085689771 
214.76615067 67.5360014027 3.67195701599 224.680465698 11.9836196899 18284545 0.0741659941586 0.0 0.0741659941586 -2.61090554968 -2.58194510746 2.58194510746 -2.61090554968 
139.38411727 151.339308494 2.93510317802 91.6084594727 11.8959617615 18809344 0.116078892182 0.0 0.116078892182 -0.0823860759187 2.93394669347 -2.93394669347 -0.0823860759187 
229.566673888 65.7207148532 1.87302362919 226.304489136 11.781047821 19726336 0.28504503942 0.0 0.28504503942 -1.29393298025 -1.35423593148 1.35423593148 -1.29393298025 
204.337707298 66.8949532207 1.72229659557 225.230621338 11.7200546265 13697024 0.337119685993 0.0 0.337119685993 -1.21293578933 -1.2227396837 1.2227396837 -1.21293578933 
209.899999468 63.1331079569 1.29107546806 245.173980713 11.6860275269 8388608 0.599924698327 0.0 0.599924698327 -0.542076473261 -1.17176318485 1.17176318485 -0.542076473261 
233.019879666 46.8114891918 2.37301015854 217.961761475 11.0495033264 20185344 0.177582761518 0.0 0.177582761518 -1.87093214155 -1.45972262237 1.45972262237 -1.87093214155 
184.966130901 110.624880568 1.95907509327 22.1231079102 10.9841518402 23003136 0.260554053218 0.0 0.260554053218 1.8148417567 0.737783585607 -0.737783585607 1.8148417567 
207.23251177 91.9321629537 2.72214055061 223.992797852 10.5260410309 13369856 0.134951870909 0.0 0.134951870909 -1.95838172036 -1.89071156305 1.89071156305 -1.95838172036 
158.960251807 58.0537950432 1.75463020802 320.283050537 10.2883644104 15007744 0.324809554662 0.0 0.324809554662 1.3496800824 -1.12120062525 1.12120062525 1.3496800824 
108.803449707 53.3312542657 1.21946275234 239.496643066 10.0867233276 8388608 0.672454525649 0.0 0.672454525649 -0.618985689432 -1.0506884032 1.0506884032 -0.618985689432 
53.0999435188 120.339804558 1.25916135311 129.269622803 9.73138809204 8388608 0.630720909397 0.0 0.630720909397 -0.797012000568 0.974812384062 -0.974812384062 -0.797012000568 
194.049908646 121.428905042 1.25302004814 27.5811157227 9.51403427124 8388608 0.636918642213 0.0 0.636918642213 1.11062212616 0.580153198673 -0.580153198673 1.11062212616 
209.749782998 90.4349239971 1.63753163815 225.53805542 9.39213371277 10027008 0.372924229258 0.0 0.372924229258 -1.14698508576 -1.1687322529 1.1687322529 -1.14698508576 
58.7931460979 125.239839869 1.56547009945 121.319091797 9.3907661438 8388608 0.408047241275 0.0 0.408047241275 -0.813737308497 1.33735867479 -1.33735867479 -0.813737308497 
178.574133343 119.991147506 1.35558509827 1.77911376953 9.25695610046 8388608 0.544184826117 0.0 0.544184826117 1.35493163065 0.0420860417827 -0.0420860417827 1.35493163065 
194.565461042 75.4516592626 1.70492315292 229.198944092 9.12802886963 12976128 0.344025300537 0.0 0.344025300537 -1.11405570105 -1.29059786623 1.29059786623 -1.11405570105 
201.798125635 94.5282214249 1.48140239716 229.665267944 9.12034797668 8388608 0.45567364817 0.0 0.45567364817 -0.958840637091 -1.12923766097 1.12923766097 -0.958840637091 
189.930076788 61.5144794898 4.43200063705 228.607376099 8.9116897583 15204609 0.0509096805254 0.0 0.0509096805254 -2.93050659821 -3.32487003125 3.32487003125 -2.93050659821 
218.621636874 152.564989567 3.3787252903 87.7417602539 8.78253555298 12255233 0.0875980089106 0.0 0.0875980089106 0.133133653261 3.37610130441 -3.37610130441 0.133133653261 
198.842269725 71.5893062886 1.91943633556 222.640213013 8.56462097168 21495808 0.271426706032 0.0 0.271426706032 -1.4119792905 -1.30021164796 1.30021164796 -1.4119792905 
174.762973111 87.9552438132 2.03456449509 236.352508545 8.28021240234 9044224 0.241577830737 0.0 0.241577830737 -1.12731506142 -1.69369815403 1.69369815403 -1.12731506142 
131.384300258 128.431887887 1.20379805565 260.124206543 8.24940490723 8388608 0.690069328808 0.0 0.690069328808 -0.206466886079 -1.1859600262 1.1859600262 -0.206466886079 
63.4517274613 69.748350896 1.76922786236 294.855285645 8.14412689209 15597568 0.319471749226 0.0 0.319471749226 0.743655684334 -1.60534838963 1.60534838963 0.743655684334 
124.61264894 106.665653441 2.40463900566 271.021087646 8.14221763611 21102848 0.172941899594 0.0 0.172941899594 0.0428516242569 -2.40425715884 2.40425715884 0.0428516242569 
195.975825643 63.2649736 1.4594912529 227.708114624 7.51221084595 8388608 0.469458284046 0.0 0.469458284046 -0.982102982571 -1.07962421653 1.07962421653 -0.982102982571 
129.898113858 43.0344560182 1.55418205261 257.723999023 7.34214782715 8388608 0.413996072418 0.0 0.413996072418 -0.330451929269 -1.51864524334 1.51864524334 -0.330451929269 
179.511350304 73.750324013 1.48666536808 242.334320068 6.47832870483 8388608 0.452453081844 0.0 0.452453081844 -0.690275995316 -1.31669775079 1.31669775079 -0.690275995316 
90.8726854 144.734807501 1.25694024563 89.2020874023 6.0594367981 8388608 0.632951940957 0.0 0.632951940957 0.0175038379351 1.25681836267 -1.25681836267 0.0175038379351 
113.869562834 104.975669263 2.04478383064 270.127319336 5.97770500183 9371904 0.239169169505 0.0 0.239169169505 0.00454379550133 -2.04477878216 2.04477878216 0.00454379550133 
137.510970921 42.5389535978 1.58689916134 270.596557617 5.93314361572 8388608 0.397101327369 0.0 0.397101327369 0.0165223282772 -1.58681314619 1.58681314619 0.0165223282772 
99.9219715494 119.841362335 1.25679218769 91.5760803223 5.69486618042 8388608 0.633101081093 0.0 0.633101081093 -0.0345672169395 1.25631672382 -1.25631672382 -0.0345672169395 
188.883497809 120.123447452 2.49489283562 15.1119689941 5.41441726685 23789824 0.160655725696 0.0 0.160655725696 2.40861492773 0.650434002145 -0.650434002145 2.40861492773 
112.413994245 75.2470834135 1.26612174511 51.1224975586 5.22652816772 8388608 0.623805306231 0.0 0.623805306231 0.794690716854 0.98566268976 -0.98566268976 0.794690716854 
184.961848676 126.755682821 2.23834896088 18.9979553223 5.16438674927 15925504 0.199592588787 0.0 0.199592588787 2.11642652574 0.728659613132 -0.728659613132 2.11642652574 
91.1707338775 117.450208726 1.2924759388 93.7207336426 4.91618728638 8388608 0.598625298056 0.0 0.598625298056 -0.0838731840304 1.2897516588 -1.2897516588 -0.0838731840304 
59.6653457304 140.845312893 1.36306524277 100.365478516 4.53168106079 8388608 0.538228527231 0.0 0.538228527231 -0.245251554814 1.3408200964 -1.3408200964 -0.245251554814 
158.289831615 50.5318945026 1.19641268253 307.361450195 4.10765457153 8388608 0.698615124865 0.0 0.698615124865 0.726032512072 -0.950936432334 0.950936432334 0.726032512072 
133.549867143 114.611694909 1.93986606598 259.936828613 3.91207695007 22282240 0.265739741367 0.0 0.265739741367 -0.338960305769 -1.91002258234 1.91002258234 -0.338960305769 
243.843953223 97.0071984225 2.71331548691 313.923309326 3.90486526489 13107712 0.135831160959 0.0 0.135831160959 1.88221313903 -1.95431692178 1.95431692178 1.88221313903 
75.8457643121 59.2231990199 1.43738484383 272.096557617 3.81622314453 8388608 0.48400949065 0.0 0.48400949065 0.0525848100254 -1.43642264916 1.43642264916 0.0525848100254 
50.8464801565 27.1328667884 1.89395904541 342.772857666 3.79287338257 20578304 0.278778214778 0.0 0.278778214778 1.80899257897 -0.560915960651 0.560915960651 1.80899257897 
63.7464999593 28.2463187081 3.28117036819 327.459442139 3.69811248779 10158081 0.0928843269107 0.0 0.0928843269107 2.76606237604 -1.76493000341 1.76493000341 2.76606237604 
59.9999019837 34.7931113822 2.46312022209 338.28213501 3.68243789673 22872320 0.164827161793 0.0 0.164827161793 2.28828114623 -0.911444251887 0.911444251887 2.28828114623 
247.730578855 93.6614662733 1.43134963512 345.685546875 3.63801193237 8388608 0.48809969551 0.0 0.48809969551 1.38691108686 -0.35389181272 0.35389181272 1.38691108686 
168.831763873 45.9854242948 1.63443994522 351.353759766 3.61971664429 9895936 0.374336404329 0.0 0.374336404329 1.6158651521 -0.245710693243 0.245710693243 1.6158651521 
254.615634449 47.5086114044 1.36740553379 0.0 3.61885070801 8388608 0.534817160343 0.0 0.534817160343 1.36740553379 0.0 0.0 1.36740553379 
257.308753461 63.1611737799 1.89977288246 1.89559936523 3.61804580688 20774912 0.277074546805 0.0 0.277074546805 1.89873324979 0.0628414757196 -0.0628414757196 1.89873324979 
166.958765128 50.1807082501 1.1627202034 281.929351807 3.59127807617 8388608 0.739689684768 0.0 0.739689684768 0.240340584782 -1.13760919243 1.13760919243 0.240340584782 
157.56860049 40.2003821816 1.50075435638 274.312561035 3.5884513855 8388608 0.44399775543 0.0 0.44399775543 0.112852734598 -1.49650522836 1.49650522836 0.112852734598 
160.688263261 34.1300019434 2.36054635048 278.828582764 3.58243942261 19792128 0.179463004857 0.0 0.179463004857 0.362293840416 -2.33257845441 2.33257845441 0.362293840416 
171.822201143 43.6352232454 2.13997888565 293.502746582 3.57316970825 12648704 0.218363991032 0.0 0.218363991032 0.85340866284 -1.96244828855 1.96244828855 0.85340866284 
255.764733258 19.8306439168 2.22919011116 296.355438232 3.55866622925 15663360 0.20123605011 0.0 0.20123605011 0.989623103159 -1.99748208137 1.99748208137 0.989623103159 
253.713785621 55.4366725068 1.2887314558 0.534606933594 3.55549240112 8388608 0.602109031929 0.0 0.602109031929 1.28867535705 0.0120245292186 -0.0120245292186 1.28867535705 
167.233997669 40.9069115097 1.31653428078 330.722259521 3.55452728271 8388608 0.576946649922 0.0 0.576946649922 1.14835931316 -0.643842682917 0.643842682917 1.14835931316 
138.484497493 159.944859199 1.63267278671 116.278106689 3.55446624756 9830400 0.375147184993 0.0 0.375147184993 -0.72283093996 1.4639453066 -1.4639453066 -0.72283093996 
255.394160161 110.698963533 1.2905446291 359.99597168 3.55445480347 8388608 0.600418333179 0.0 0.600418333179 1.29054462591 -9.07349054936e-05 9.07349054936e-05 1.29054462591 
55.0771531834 33.4859075775 1.25596678257 334.552886963 3.552734375 8388608 0.633933486206 0.0 0.633933486206 1.13411575364 -0.53966101977 0.53966101977 1.13411575364 
255.284603182 144.094793289 1.51450634003 3.37664794922 3.55269241333 8388608 0.435971207617 0.0 0.435971207617 1.51187703059 0.0892036902276 -0.0892036902276 1.51187703059 
255.345562575 102.398540373 1.25837552547 350.024291992 3.55067443848 8388608 0.63150889783 0.0 0.63150889783 1.23935050709 -0.217989182492 0.217989182492 1.23935050709 
255.174958899 52.1294419334 1.41405165195 0.0 3.5478553772 8388608 0.500114507619 0.0 0.500114507619 1.41405165195 0.0 0.0 1.41405165195 
141.506683061 160.256798921 1.57469308376 103.028533936 3.53296279907 8388608 0.40328137016 0.0 0.40328137016 -0.354992940803 1.53415720186 -1.53415720186 -0.354992940803 
110.923037773 111.695514254 1.7497215271 278.167663574 2.93473243713 14811136 0.326634556971 0.0 0.326634556971 0.24858346924 -1.73197334888 1.73197334888 0.24858346924 
123.834504713 115.307450503 1.70984137058 266.01083374 2.17707252502 13172736 0.342049026128 0.0 0.342049026128 -0.118949985703 -1.70569880502 1.70569880502 -0.118949985703 
