13
150
244.158159157 140.987023541 2.05098748207 142.438934931 64.444442749 9634048 0.237724520764 0.0 0.237724520764 -1.62582614529 1.25029556382 -1.25029556382 -1.62582614529 
92.8464086666 123.190724476 3.5106959343 141.578467575 59.6395187378 15073281 0.0811359951742 0.0 0.0811359951742 -2.75048972216 2.18169480711 -2.18169480711 -2.75048972216 
164.692008115 151.951268853 1.23652803898 137.798852919 58.783039093 8388608 0.654021556137 0.0 0.654021556137 -0.916009025608 0.830619682035 -0.830619682035 -0.916009025608 
108.609929476 145.370975519 2.83271360397 152.52539908 50.006061554 16253440 0.124621984724 0.0 0.124621984724 -2.51322724103 1.30688759924 -1.30688759924 -2.51322724103 
228.358568952 132.797296524 2.19862103462 148.739384014 44.0104827881 14614784 0.206870823248 0.0 0.206870823248 -1.87941585714 1.1409340427 -1.1409340427 -1.87941585714 
161.383287809 95.3035539672 1.27111637592 141.369494081 36.4228210449 8388608 0.618912668535 0.0 0.618912668535 -0.992981101294 0.793552376099 -0.793552376099 -0.992981101294 
106.641859364 70.7746303679 3.39106297493 141.57295681 33.2867546082 12582913 0.0869617538124 0.0 0.0869617538124 -2.65655938843 2.10760535102 -2.10760535102 -2.65655938843 
160.082180165 80.1680972525 2.17207288742 132.641798051 32.840171814 13762816 0.211958682217 0.0 0.211958682217 -1.47138993816 1.59778355172 -1.59778355172 -1.47138993816 
81.4255323228 45.2585576893 1.26055836678 132.00557665 30.7425861359 8388608 0.62932369131 0.0 0.62932369131 -0.843569357707 0.936695326553 -0.936695326553 -0.843569357707 
233.728968953 143.280367547 1.77200055122 148.722201002 30.6452465057 15728640 0.318472762234 0.0 0.318472762234 -1.51445811436 0.920001398584 -0.920001398584 -1.51445811436 
135.066222307 91.3691123229 2.27382564545 140.339941086 29.8098564148 17039616 0.193413008003 0.0 0.193413008003 -1.75049252028 1.45122672327 -1.45122672327 -1.75049252028 
153.919550536 153.990832156 1.59233653545 141.858716319 26.2382469177 8388608 0.394393982628 0.0 0.394393982628 -1.25235711378 0.983431391457 -0.983431391457 -1.25235711378 
148.956516266 84.1791976393 1.44983756542 123.340625883 25.4217739105 8388608 0.475730837264 0.0 0.475730837264 -0.796852928297 1.2112202016 -1.2112202016 -0.796852928297 
173.707947082 159.886356962 1.97601342201 132.735214593 25.2844390869 23592960 0.256106275075 0.0 0.256106275075 -1.34094489496 1.45137721928 -1.45137721928 -1.34094489496 
184.336095415 154.069263923 2.72675013542 134.916849159 24.1864433289 13500928 0.134495982943 0.0 0.134495982943 -1.92530331021 1.93089965164 -1.93089965164 -1.92530331021 
124.801216438 87.0347673874 1.27628850937 139.573915742 23.9352607727 8388608 0.61390657047 0.0 0.61390657047 -0.971565908203 0.827630379556 -0.827630379556 -0.971565908203 
246.891470341 86.7556450938 2.02309417725 129.686562573 23.3313522339 8585472 0.244324939415 0.0 0.244324939415 -1.29192235899 1.55687079372 -1.55687079372 -1.29192235899 
84.0341563142 143.765917841 3.38876080513 139.754208127 23.0540809631 12517377 0.0870799496595 0.0 0.0870799496595 -2.5865730855 2.18936965077 -2.18936965077 -2.5865730855 
224.700262933 98.4184481403 2.55526566505 135.182641326 22.7562160492 8782336 0.153153836794 0.0 0.153153836794 -1.81259615814 1.80107684082 -1.80107684082 -1.81259615814 
147.466634365 88.6513826898 1.96818983555 127.121624829 22.3247127533 23330816 0.258146374927 0.0 0.258146374927 -1.18782022526 1.56934838109 -1.56934838109 -1.18782022526 
257.106769361 54.03074203 1.34334075451 125.891834123 22.2016716003 8388608 0.554150358709 0.0 0.554150358709 -0.787542789704 1.08827420125 -1.08827420125 -0.787542789704 
49.2720806852 36.0189882136 2.07779359818 125.272316759 20.650806427 10551552 0.231630205413 0.0 0.231630205413 -1.19984940016 1.69634538156 -1.69634538156 -1.19984940016 
175.212506727 152.802775965 1.6701914072 132.615472301 20.632188797 11468800 0.358482128875 0.0 0.358482128875 -1.13084438366 1.22911769845 -1.22911769845 -1.13084438366 
209.055086955 54.7463644145 1.7061868906 127.890333333 19.6447944641 12976128 0.343515864286 0.0 0.343515864286 -1.04785819515 1.34650172986 -1.34650172986 -1.04785819515 
220.53212706 78.5185996117 3.51223015785 147.997812396 18.7963447571 15073281 0.0810651264888 0.0 0.0810651264888 -2.97846903425 1.86131214302 -1.86131214302 -2.97846903425 
216.222160167 103.040140104 1.87071526051 137.099384527 18.7942390442 19660800 0.285748935966 0.0 0.285748935966 -1.37036550039 1.27344963828 -1.27344963828 -1.37036550039 
226.429121131 97.6324513409 1.39614212513 131.88954688 18.6718902588 8388608 0.51302760929 0.0 0.51302760929 -0.932199561094 1.03933479296 -1.03933479296 -0.932199561094 
140.306649423 82.152388086 1.46960556507 128.720477511 18.3800926208 8388608 0.463018585881 0.0 0.463018585881 -0.919269939504 1.14659639595 -1.14659639595 -0.919269939504 
25.2558508664 67.1748123539 1.35937142372 130.418072357 18.2515830994 8388608 0.54115755738 0.0 0.54115755738 -0.881362158035 1.0349354637 -1.0349354637 -0.881362158035 
204.627428568 68.9898349375 1.66870808601 140.878524672 18.2209701538 11403264 0.359119724482 0.0 0.359119724482 -1.29460036296 1.05289912934 -1.05289912934 -1.29460036296 
219.500274857 132.588800904 1.74633896351 134.684886093 18.1450462341 14680064 0.327901129168 0.0 0.327901129168 -1.22803809499 1.24162080069 -1.24162080069 -1.22803809499 
218.220490614 78.6181677743 1.37657141685 139.943475991 17.8760528564 8388608 0.527718725344 0.0 0.527718725344 -1.05364144715 0.885882930495 -0.885882930495 -1.05364144715 
153.978925771 42.7285971134 1.98559832573 123.370451232 17.6858978271 23986176 0.253639684378 0.0 0.253639684378 -1.09217859022 1.65823600196 -1.65823600196 -1.09217859022 
115.817436161 80.0862025907 2.35984110832 140.118137366 17.4431648254 19726592 0.179570286477 0.0 0.179570286477 -1.81086694946 1.51314604315 -1.51314604315 -1.81086694946 
130.227074901 64.4353772121 1.84781742096 127.670967528 16.9537773132 18743296 0.292874719379 0.0 0.292874719379 -1.12924934136 1.46260902029 -1.46260902029 -1.12924934136 
187.619657455 62.3071834928 2.21667861938 137.837168147 16.9134216309 15204608 0.203514114786 0.0 0.203514114786 -1.64309128082 1.48792309765 -1.48792309765 -1.64309128082 
168.448797652 44.2567627052 2.53816843033 118.529563213 16.8325595856 25035008 0.155224090498 0.0 0.155224090498 -1.2122600677 2.22996065189 -2.22996065189 -1.2122600677 
110.216820396 77.0506268181 1.36299335957 137.522844327 16.4525375366 8388608 0.538285300229 0.0 0.538285300229 -1.0052711753 0.920424229547 -0.920424229547 -1.0052711753 
156.740332205 71.403529877 1.47869777679 124.664482723 16.2920036316 8388608 0.457342077422 0.0 0.457342077422 -0.841038597949 1.21622415362 -1.21622415362 -0.841038597949 
157.992813232 142.655784498 2.27389502525 148.781127764 16.2653465271 17039616 0.193401205565 0.0 0.193401205565 -1.94462043777 1.17857962772 -1.17857962772 -1.94462043777 
199.667149269 99.3256725136 2.96176171303 139.452305654 15.5947647095 19464704 0.113998666364 0.0 0.113998666364 -2.25053932019 1.92538443253 -1.92538443253 -2.25053932019 
52.7909415439 65.6858816214 1.49800169468 129.093832651 15.5165596008 8388608 0.445630995941 0.0 0.445630995941 -0.944628288693 1.16262051997 -1.16262051997 -0.944628288693 
150.342429665 136.858531659 1.72600495815 144.013140266 15.4644584656 13828096 0.335672622911 0.0 0.335672622911 -1.39659997779 1.01419998895 -1.01419998895 -1.39659997779 
155.156383574 133.969624145 4.74850273132 145.834951941 15.3374004364 20185345 0.0443492843046 0.0 0.0443492843046 -3.92902182892 2.66665814406 -2.66665814406 -3.92902182892 
103.071712362 114.789003447 1.29794883728 124.067330837 14.5627212524 8388608 0.593587644509 0.0 0.593587644509 -0.727067790052 1.07519468603 -1.07519468603 -0.727067790052 
151.693590547 73.8300330852 1.27428925037 122.714253987 13.8578224182 8388608 0.615834423266 0.0 0.615834423266 -0.688689184421 1.07215684528 -1.07215684528 -0.688689184421 
121.413176916 144.853530686 1.57887589931 140.067256865 13.4520339966 8388608 0.401147425177 0.0 0.401147425177 -1.21067959834 1.01346140311 -1.01346140311 -1.21067959834 
130.05150726 137.031254327 3.99353671074 144.795636674 13.3891716003 24379393 0.0627024683865 0.0 0.0627024683865 -3.26312283232 2.30225212373 -2.30225212373 -3.26312283232 
154.9084796 161.98668406 1.43895983696 125.966526394 12.9928588867 8388608 0.482950539016 0.0 0.482950539016 -0.845119105498 1.16463690046 -1.16463690046 -0.845119105498 
235.250475946 99.056972142 1.35906171799 115.087712776 12.9845523834 8388608 0.541404225641 0.0 0.541404225641 -0.576249251154 1.23084749414 -1.23084749414 -0.576249251154 
171.926503801 68.4367105817 1.71730709076 132.592348077 12.8827438354 13500416 0.339081482872 0.0 0.339081482872 -1.16223506917 1.26425997641 -1.26425997641 -1.16223506917 
223.165567419 110.129951621 1.66199433804 124.847253632 12.8554229736 11075584 0.362026965565 0.0 0.362026965565 -0.949647943826 1.36396259569 -1.36396259569 -0.949647943826 
258.87023732 46.3872941464 1.37541639805 128.543972627 12.4064292908 8388608 0.528605410976 0.0 0.528605410976 -0.857042697899 1.07575465697 -1.07575465697 -0.857042697899 
102.003156573 160.729801956 1.79379701614 139.355438975 11.7557220459 16646144 0.31078024554 0.0 0.31078024554 -1.36107029757 1.16841575657 -1.16841575657 -1.36107029757 
74.5379307624 41.6989973528 1.25003683567 129.005076941 11.6674766541 8388608 0.639962281941 0.0 0.639962281941 -0.786759747684 0.971391368068 -0.971391368068 -0.786759747684 
101.334430796 135.533749915 2.08359217644 152.082402629 11.573551178 10748160 0.230342758715 0.0 0.230342758715 -1.84110761975 0.975540409313 -0.975540409313 -1.84110761975 
132.058721452 143.453997652 1.53917646408 132.31977891 11.5711288452 8388608 0.422107600648 0.0 0.422107600648 -1.03627795073 1.1380651108 -1.1380651108 -1.03627795073 
140.448053665 58.4610567796 2.24983048439 137.254089289 11.5329933167 16318720 0.197560631619 0.0 0.197560631619 -1.65221016058 1.5270686932 -1.5270686932 -1.65221016058 
227.300670646 51.1924643687 1.58721315861 126.773145179 11.5024909973 8388608 0.396944226355 0.0 0.396944226355 -0.950182341519 1.27137686337 -1.27137686337 -0.950182341519 
153.930847463 56.000909107 1.80118405819 118.209864485 11.4746818542 16908288 0.308236319998 0.0 0.308236319998 -0.851424189045 1.58724316404 -1.58724316404 -0.851424189045 
165.736518822 145.550234417 1.33046388626 141.181163094 11.4221286774 8388608 0.564928934062 0.0 0.564928934062 -1.0366068779 0.834014588201 -0.834014588201 -1.0366068779 
205.111488427 75.496195242 1.27977275848 138.380550751 11.2843055725 8388608 0.610568334622 0.0 0.610568334622 -0.956723144954 0.84999949251 -0.84999949251 -0.956723144954 
152.201627019 65.9105054323 1.31022262573 128.923522772 11.1844406128 8388608 0.582518617801 0.0 0.582518617801 -0.823189962978 1.01933390694 -1.01933390694 -0.823189962978 
115.654480084 123.199441831 1.8497095108 125.798625345 11.1000175476 18874368 0.292275855765 0.0 0.292275855765 -1.08196578058 1.50025841908 -1.50025841908 -1.08196578058 
130.34217264 143.904469309 2.00943136215 134.721639356 11.0788536072 24838144 0.247658733447 0.0 0.247658733447 -1.41396271352 1.42776883422 -1.42776883422 -1.41396271352 
45.2661221366 124.5867352 1.70013105869 123.420408381 10.5507392883 12713984 0.345967415616 0.0 0.345967415616 -0.936394907491 1.41901733392 -1.41901733392 -0.936394907491 
122.925231114 116.028536245 2.33567976952 126.846986009 10.5060920715 19005696 0.18330461609 0.0 0.18330461609 -1.40066054984 1.86910406608 -1.86910406608 -1.40066054984 
137.773181354 121.315799823 2.3862426281 135.189469545 10.498008728 20578560 0.175618717205 0.0 0.175618717205 -1.69289887903 1.68173935719 -1.68173935719 -1.69289887903 
137.086335967 123.241513111 1.39330935478 130.271473547 10.4156494141 8388608 0.515115827176 0.0 0.515115827176 -0.900649074463 1.06308146574 -1.06308146574 -0.900649074463 
47.3689786055 26.887932147 1.27173149586 124.29238354 10.10521698 8388608 0.618314093364 0.0 0.618314093364 -0.716514163451 1.05067047695 -1.05067047695 -0.716514163451 
141.612153844 128.049431984 1.21458947659 131.712779105 10.0530529022 8388608 0.677861505766 0.0 0.677861505766 -0.808184031666 0.906678646264 -0.906678646264 -0.808184031666 
140.646674084 136.764239755 1.4111263752 133.1786975 9.95959854126 8388608 0.502190139892 0.0 0.502190139892 -0.965599952412 1.02902593684 -1.02902593684 -0.965599952412 
220.232977562 51.9989310939 1.81670570374 126.087922294 9.52796554565 17563648 0.302991775883 0.0 0.302991775883 -1.07008693644 1.46810543302 -1.46810543302 -1.07008693644 
109.921855171 155.76236234 1.82101416588 140.978262833 9.47201919556 17694720 0.301559733981 0.0 0.301559733981 -1.41475892706 1.14653816798 -1.14653816798 -1.41475892706 
118.023504754 104.750482306 2.14013791084 125.749647245 9.42331314087 12714240 0.218331540707 0.0 0.218331540707 -1.25036416528 1.73688794445 -1.73688794445 -1.25036416528 
112.954139703 116.080572628 1.44095027447 124.445515396 9.18657684326 8388608 0.481617225915 0.0 0.481617225915 -0.815033593897 1.18830043941 -1.18830043941 -0.815033593897 
237.274938446 90.1543148853 1.28142845631 130.333614738 9.1087474823 8388608 0.608991557442 0.0 0.608991557442 -0.829388058962 0.976818476629 -0.976818476629 -0.829388058962 
84.2511911029 63.2894968908 2.28104066849 133.356912701 9.05723953247 17301760 0.192191396876 0.0 0.192191396876 -1.5660277622 1.65852451876 -1.65852451876 -1.5660277622 
114.06663083 92.421766535 2.71926283836 137.548364355 8.94055938721 13304320 0.135237652877 0.0 0.135237652877 -2.00640088309 1.83541436205 -1.83541436205 -2.00640088309 
180.354923499 109.849504742 2.59050178528 136.270635889 8.78594017029 9765376 0.149015762078 0.0 0.149015762078 -1.8719301978 1.79069171945 -1.79069171945 -1.8719301978 
115.454160006 136.250965968 2.59423160553 150.018411353 8.71559143066 9896448 0.148587579446 0.0 0.148587579446 -2.24708717123 1.29639379358 -1.29639379358 -2.24708717123 
130.107442602 128.818928597 2.137373209 130.067869952 8.60372161865 12583168 0.218896731665 0.0 0.218896731665 -1.37581554924 1.6356942896 -1.6356942896 -1.37581554924 
102.873193851 82.399898598 2.68481683731 138.362586143 8.59557342529 12386816 0.138730092069 0.0 0.138730092069 -2.00653649951 1.78383091296 -1.78383091296 -2.00653649951 
95.0620273737 71.3234872787 1.30951631069 132.697108182 8.55966949463 8388608 0.583147174494 0.0 0.583147174494 -0.888012574677 0.96242747009 -0.96242747009 -0.888012574677 
50.2406651281 98.3050333777 2.29107427597 148.665468994 8.33218955994 17629440 0.190511704107 0.0 0.190511704107 -1.95691094639 1.19143648002 -1.19143648002 -1.95691094639 
93.1354697122 73.7739682065 2.3858063221 137.335955026 8.24106216431 20513024 0.17568295587 0.0 0.17568295587 -1.75437886475 1.61685701454 -1.61685701454 -1.75437886475 
130.078432408 111.472417783 1.3681730032 126.529580581 8.23974990845 8388608 0.534217322916 0.0 0.534217322916 -0.814388181049 1.09939495053 -1.09939495053 -0.814388181049 
190.46225637 70.420334497 1.75441086292 140.821242158 8.13660812378 15007744 0.324890778322 0.0 0.324890778322 -1.3599820329 1.10833494311 -1.10833494311 -1.3599820329 
60.8586447898 140.135256514 1.96173608303 127.628654934 8.05932235718 23068672 0.259847677432 0.0 0.259847677432 -1.19772095687 1.55366436817 -1.55366436817 -1.19772095687 
76.267434829 87.8217120889 1.20860528946 125.687335475 7.88227844238 8388608 0.68459073741 0.0 0.68459073741 -0.705054031528 0.981644313556 -0.981644313556 -0.705054031528 
247.757075772 106.895595463 1.22489118576 126.838282308 7.79975509644 8388608 0.666507408297 0.0 0.666507408297 -0.734393891722 0.980318330317 -0.980318330317 -0.734393891722 
120.906885653 75.7274242628 1.68617749214 128.300346801 7.69812393188 12124160 0.35171705196 0.0 0.35171705196 -1.04506546303 1.32326592679 -1.32326592679 -1.04506546303 
116.072089293 88.3581304783 1.26079154015 130.963399492 7.68995666504 8388608 0.62909093601 0.0 0.62909093601 -0.82654566717 0.952059645078 -0.952059645078 -0.82654566717 
62.4043008502 70.2604890231 1.6151214838 126.371618544 7.66995620728 9043968 0.383344831307 0.0 0.383344831307 -0.957799519652 1.30047586967 -1.30047586967 -0.957799519652 
55.5912273693 133.382680793 1.54250597954 129.175680215 7.64218521118 8388608 0.420287319885 0.0 0.420287319885 -0.974401509397 1.19577021011 -1.19577021011 -0.974401509397 
70.4059697483 159.2643402 1.49661278725 125.701268765 7.585521698 8388608 0.4464585011 0.0 0.4464585011 -0.873362151993 1.21535525112 -1.21535525112 -0.873362151993 
131.327802891 71.386057837 1.30777978897 123.633379016 7.43518066406 8388608 0.584696854433 0.0 0.584696854433 -0.724348745127 1.08885576266 -1.08885576266 -0.724348745127 
136.780564032 130.690579123 1.29219353199 129.836638081 7.4107875824 8388608 0.59888698383 0.0 0.59888698383 -0.8277802768 0.992241874473 -0.992241874473 -0.8277802768 
47.7912031021 134.235375196 1.69948160648 127.216987374 7.29486846924 12713984 0.346231887128 0.0 0.346231887128 -1.02790637882 1.35338324474 -1.35338324474 -1.02790637882 
76.7829423019 69.9656866011 1.56691122055 125.105425487 7.27388000488 8388608 0.407297007231 0.0 0.407297007231 -0.901103570169 1.28188265021 -1.28188265021 -0.901103570169 
70.6962353684 140.860060786 1.36066246033 125.647219924 7.08615112305 8388608 0.540131112123 0.0 0.540131112123 -0.792984399143 1.10570252494 -1.10570252494 -0.792984399143 
65.2419308147 51.3049072527 1.65655636787 125.515919745 7.05082321167 10878976 0.364407715393 0.0 0.364407715393 -0.962341861011 1.34836090958 -1.34836090958 -0.962341861011 
77.5990256397 68.6183244371 3.55869436264 128.779372368 7.0072517395 16056321 0.0789620871618 0.0 0.0789620871618 -2.22889281764 2.77422824838 -2.77422824838 -2.22889281764 
75.1038384843 139.787235557 2.21022462845 129.599917219 6.86909484863 15008000 0.204704397397 0.0 0.204704397397 -1.40884774039 1.70300938124 -1.70300938124 -1.40884774039 
81.2902945406 92.2567976175 1.48778295517 125.836800988 6.46784973145 8388608 0.45177359321 0.0 0.45177359321 -0.87106493186 1.20612769066 -1.20612769066 -0.87106493186 
66.3877469644 133.730264037 1.50366556644 129.826754843 6.37411689758 8388608 0.442280193355 0.0 0.442280193355 -0.963050260587 1.15479189956 -1.15479189956 -0.963050260587 
100.07249947 75.6464959107 1.23919582367 128.083952863 6.36004638672 8388608 0.651208585757 0.0 0.651208585757 -0.764355129385 0.975380708023 -0.975380708023 -0.764355129385 
102.351929484 153.894070658 1.61981332302 135.140499314 6.16267204285 9240576 0.381127307289 0.0 0.381127307289 -1.14818621381 1.14256886875 -1.14256886875 -1.14818621381 
70.8341007481 132.5555342 1.22583949566 129.750021664 6.12260055542 8388608 0.665476586406 0.0 0.665476586406 -0.783849940055 0.942476387287 -0.942476387287 -0.783849940055 
137.931443589 68.7918064497 1.50947523117 124.162304423 5.78656005859 8388608 0.438882251019 0.0 0.438882251019 -0.847629377977 1.24901557681 -1.24901557681 -0.847629377977 
116.47970916 43.431120324 1.29377806187 129.731452537 5.45686340332 8388608 0.597420931437 0.0 0.597420931437 -0.826970107258 0.99497844955 -0.99497844955 -0.826970107258 
81.7795741507 80.368925054 1.98839628696 126.19660469 5.10415267944 24051712 0.252926371139 0.0 0.252926371139 -1.17426302952 1.60462647726 -1.60462647726 -1.17426302952 
206.688376287 94.3248527448 1.28868126869 132.094939021 5.07489204407 8388608 0.602155930572 0.0 0.602155930572 -0.863881763265 0.956246679145 -0.956246679145 -0.863881763265 
58.8835252023 39.2555357424 1.18801665306 124.493063443 5.06307220459 8388608 0.708524615638 0.0 0.708524615638 -0.672781504404 0.979157094282 -0.979157094282 -0.672781504404 
30.2886980295 134.873397929 1.50962138176 124.917938251 4.88269805908 8388608 0.438797276343 0.0 0.438797276343 -0.864111233839 1.23784833151 -1.23784833151 -0.864111233839 
198.66181425 109.086765972 1.36259424686 126.146078542 4.87900543213 8388608 0.53860068093 0.0 0.53860068093 -0.803720725533 1.10031635312 -1.10031635312 -0.803720725533 
98.9118511942 89.1397917287 1.4286801815 126.2928341 4.85244369507 8388608 0.489925404007 0.0 0.489925404007 -0.845653483469 1.15151953823 -1.15151953823 -0.845653483469 
47.2910379188 157.537334868 1.39223885536 124.966163717 4.81128692627 8388608 0.515908281993 0.0 0.515908281993 -0.797881760934 1.14092669613 -1.14092669613 -0.797881760934 
191.342454357 87.7220654378 1.31558859348 128.225658134 4.71064567566 8388608 0.57777640357 0.0 0.57777640357 -0.814033933468 1.03349992862 -1.03349992862 -0.814033933468 
158.771679709 27.2954125747 1.51702940464 125.057866445 4.68619537354 8388608 0.434522232669 0.0 0.434522232669 -0.871386930557 1.2417983056 -1.2417983056 -0.871386930557 
90.0670617996 87.2104062324 2.03268313408 125.375066108 4.672996521 8978688 0.242025225054 0.0 0.242025225054 -1.17677391167 1.65740878614 -1.65740878614 -1.17677391167 
51.8200011003 163.5964276 1.50925278664 124.9162743 4.66672515869 8388608 0.439011631801 0.0 0.439011631801 -0.863864308579 1.23757118193 -1.23757118193 -0.863864308579 
73.9115824666 61.7352440871 1.29893732071 124.910326727 4.65456390381 8388608 0.592684555063 0.0 0.592684555063 -0.74337362526 1.06519191529 -1.06519191529 -0.74337362526 
210.491417717 116.03768385 1.28280842304 124.380453909 4.44692611694 8388608 0.607682030536 0.0 0.607682030536 -0.724383300791 1.05870972592 -1.05870972592 -0.724383300791 
195.656609797 55.2205872319 1.4341108799 124.386573296 4.17276382446 8388608 0.486221925447 0.0 0.486221925447 -0.809948008402 1.1834940809 -1.1834940809 -0.809948008402 
38.4011433311 151.166086728 1.85208189487 125.029550522 4.08912277222 18939904 0.291527566508 0.0 0.291527566508 -1.06309286094 1.51658857781 -1.51658857781 -1.06309286094 
235.818834573 66.1393519167 1.55917167664 124.145300549 4.06872940063 8388608 0.411350591485 0.0 0.411350591485 -0.875152958616 1.29039668949 -1.29039668949 -0.875152958616 
178.557716526 144.831207896 1.78376233578 135.569036779 3.85262393951 16187392 0.314286713036 0.0 0.314286713036 -1.27377482004 1.24872165768 -1.24872165768 -1.27377482004 
189.52356376 128.343044484 1.89226448536 124.409831073 3.77445220947 20512768 0.27927774109 0.0 0.27927774109 -1.06933488093 1.56114951077 -1.56114951077 -1.06933488093 
180.056911979 138.118828301 1.28715670109 123.708658752 3.72896385193 8388608 0.603583217709 0.0 0.603583217709 -0.714333546346 1.07074738278 -1.07074738278 -0.714333546346 
254.008454362 155.337664851 1.69907391071 125.053946526 3.6967124939 12713984 0.346398064962 0.0 0.346398064962 -0.975858768141 1.39088166956 -1.39088166956 -0.975858768141 
198.96709643 91.8419113068 1.67255735397 133.87645336 3.69063949585 11534336 0.357468651221 0.0 0.357468651221 -1.15925894769 1.20563957903 -1.20563957903 -1.15925894769 
108.621711841 38.116019085 1.35542345047 128.447208078 3.60747909546 8388608 0.544314632819 0.0 0.544314632819 -0.84279319702 1.06154244246 -1.06154244246 -0.84279319702 
184.39050602 164.583467941 1.20466089249 126.94536388 3.5909538269 8388608 0.689081160258 0.0 0.689081160258 -0.724065268262 0.962775858226 -0.962775858226 -0.724065268262 
134.038331702 29.326367535 1.69494950771 124.950801142 3.55549240112 12517376 0.348085930537 0.0 0.348085930537 -0.970990527659 1.38925563843 -1.38925563843 -0.970990527659 
220.338562914 156.42918378 1.29046881199 126.244063807 3.55096054077 8388608 0.600488886328 0.0 0.600488886328 -0.762958833333 1.04077066319 -1.04077066319 -0.762958833333 
120.22631432 29.6468072185 1.21358239651 124.805874797 3.5334815979 8388608 0.678987006712 0.0 0.678987006712 -0.692710114526 0.996461203633 -0.996461203633 -0.692710114526 
204.130903513 164.365784904 1.23571658134 126.202365907 3.50177383423 8388608 0.654880790436 0.0 0.654880790436 -0.729862392076 0.997144100942 -0.997144100942 -0.729862392076 
155.878143612 125.849062607 1.33117330074 123.137621938 3.48817253113 8388608 0.564326965892 0.0 0.564326965892 -0.727688429682 1.11467120978 -1.11467120978 -0.727688429682 
191.070488105 138.256733651 2.06634378433 121.571563399 3.48135185242 10158336 0.234204288766 0.0 0.234204288766 -1.08186139641 1.76049781426 -1.76049781426 -1.08186139641 
128.576938916 42.9049738635 1.53866064548 131.751764785 3.44034576416 8388608 0.422390661694 0.0 0.422390661694 -1.02460127126 1.14789756377 -1.14789756377 -1.02460127126 
110.872888822 48.4348359441 1.40505313873 124.271973116 3.31733703613 8388608 0.506540880671 0.0 0.506540880671 -0.791216173608 1.16109917289 -1.16109917289 -0.791216173608 
119.960337062 38.0455951687 1.27647042274 129.280203291 3.14312362671 8388608 0.613731603848 0.0 0.613731603848 -0.808150605024 0.988063429007 -0.988063429007 -0.808150605024 
104.272390726 43.9744100823 1.60460996628 124.981091413 2.80962753296 8585216 0.388383730962 0.0 0.388383730962 -0.91993263516 1.31472319925 -1.31472319925 -0.91993263516 
180.088923811 127.364404055 1.32947397232 123.614060249 2.77803993225 8388608 0.565770528915 0.0 0.565770528915 -0.735991379441 1.1071665333 -1.1071665333 -0.735991379441 
86.3437747601 104.174707825 1.64505839348 141.505390875 2.74258232117 10354688 0.369519501361 0.0 0.369519501361 -1.28753246503 1.02395179058 -1.02395179058 -1.28753246503 
180.185684073 125.584960339 2.35551929474 123.809232096 2.65846824646 19595520 0.180229827883 0.0 0.180229827883 -1.31068043565 1.95718878586 -1.95718878586 -1.31068043565 
120.935035942 58.0079477405 1.72264099121 122.207166675 2.14151000977 13697024 0.336984903477 0.0 0.336984903477 -0.918136839738 1.4575722034 -1.4575722034 -0.918136839738 
63.9299378388 91.1960487577 1.24775135517 133.097720724 1.39203071594 8388608 0.64230884055 0.0 0.64230884055 -0.852519533594 0.911094884835 -0.911094884835 -0.852519533594 
73.7754844316 101.809781438 1.70176744461 149.075257669 1.23601341248 12845056 0.345302384661 0.0 0.345302384661 -1.45984939306 0.87455828 -0.87455828 -1.45984939306 
