13
29
134.462492611 36.6089024282 1.88979303837 189.717941284 43.592376709 20381696 0.280008690405 0.0 0.280008690405 -1.86267575729 -0.318993340177 0.318993340177 -1.86267575729 
133.02267387 27.3345452079 1.71744048595 229.078842163 34.3538856506 13500416 0.339028811371 0.0 0.339028811371 -1.12495767139 -1.29771802036 1.29771802036 -1.12495767139 
130.929172345 95.5185408979 1.37725484371 47.8327026367 32.9971389771 8388608 0.527195121934 0.0 0.527195121934 0.924547942604 1.02080458774 -1.02080458774 0.924547942604 
125.188934549 99.7950923369 2.3549015522 50.6749572754 32.3626289368 19595520 0.180324396792 0.0 0.180324396792 1.49234595248 1.82166541348 -1.82166541348 1.49234595248 
131.502164689 44.8035653925 1.60950767994 182.132873535 27.5268249512 8781824 0.386023632711 0.0 0.386023632711 -1.60839262093 -0.0599011579521 0.0599011579521 -1.60839262093 
129.411760427 58.1616330352 2.38231635094 193.907806396 23.7020626068 20447488 0.176198065922 0.0 0.176198065922 -2.31247575049 -0.572614267488 0.572614267488 -2.31247575049 
140.18944093 24.4591619199 1.52239072323 289.02243042 21.8418197632 8388608 0.431467156131 0.0 0.431467156131 0.496205422246 -1.43925456161 1.43925456161 0.496205422246 
116.373711009 42.8029059375 4.05872344971 192.492523193 21.3226661682 8847617 0.0607045268761 0.0 0.0607045268761 -3.96263009987 -0.87795144102 0.87795144102 -3.96263009987 
105.556799057 67.654207448 1.48046755791 229.92338562 16.9414596558 8388608 0.456249298884 0.0 0.456249298884 -0.953141844928 -1.13283044339 1.13283044339 -0.953141844928 
102.067062616 80.0072951585 1.56586360931 236.820388794 16.3692378998 8388608 0.407842178155 0.0 0.407842178155 -0.856943013522 -1.31056381552 1.31056381552 -0.856943013522 
96.799607986 73.8759318691 1.26592695713 242.611053467 16.0040855408 8388608 0.623997290646 0.0 0.623997290646 -0.582362478463 -1.12402179893 1.12402179893 -0.582362478463 
23.4539205621 67.412886286 1.29653167725 303.235046387 13.8502731323 8388608 0.594885982897 0.0 0.594885982897 0.710596532499 -1.08445698767 1.08445698767 0.710596532499 
122.455358084 71.7365010007 3.57311081886 223.926376343 11.027463913 16318465 0.0783261947594 0.0 0.0783261947594 -2.57346812606 -2.47878654346 2.47878654346 -2.57346812606 
127.767884323 84.3555734842 1.79390132427 86.4925842285 7.11156749725 16646144 0.310744105355 0.0 0.310744105355 0.109746805911 1.7905411472 -1.7905411472 0.109746805911 
123.883207597 43.5673628242 1.28025388718 182.683227539 6.43939590454 8388608 0.61010950884 0.0 0.61010950884 -1.27885024479 -0.0599338554048 0.0599338554048 -1.27885024479 
121.434730996 91.4943675285 1.88368713856 83.493927002 5.65014076233 20185088 0.281826907397 0.0 0.281826907397 0.213437812361 1.8715559132 -1.8715559132 0.213437812361 
23.581328184 60.7369019728 1.23022532463 297.381561279 5.63658905029 8388608 0.660740114442 0.0 0.660740114442 0.565797908289 -1.09239510999 1.09239510999 0.565797908289 
116.64463094 22.1693336799 2.32617521286 203.440567017 5.56103515625 18743552 0.184805610856 0.0 0.184805610856 -2.13420342524 -0.925346886647 0.925346886647 -2.13420342524 
129.891088935 20.8525596492 1.36334729195 260.537231445 5.54878234863 8388608 0.538005852917 0.0 0.538005852917 -0.224143390401 -1.34479573876 1.34479573876 -0.224143390401 
30.2485295313 63.2249450231 1.38107097149 289.215698242 5.29672622681 8388608 0.524285692279 0.0 0.524285692279 0.454545508724 -1.30412630093 1.30412630093 0.454545508724 
106.017592615 88.6100576066 1.84615468979 233.766311646 5.11590671539 18677760 0.293402509626 0.0 0.293402509626 -1.09122518076 -1.48913221156 1.48913221156 -1.09122518076 
112.314794878 84.2665232496 1.75051188469 227.991699219 4.8810300827 14876672 0.326339672002 0.0 0.326339672002 -1.17150953335 -1.30071413912 1.30071413912 -1.17150953335 
47.1720128947 90.0400704001 1.72195732594 292.749603271 4.67469024658 13697024 0.337252541482 0.0 0.337252541482 0.665888777799 -1.58799532995 1.58799532995 0.665888777799 
17.0977387303 101.942987708 1.59698081017 131.018127441 4.04914474487 8388608 0.392103397058 0.0 0.392103397058 -1.04809495057 1.20492517719 -1.20492517719 -1.04809495057 
60.3258057404 68.9314336553 1.47253167629 274.266113281 3.66608428955 8388608 0.461180258358 0.0 0.461180258358 0.109540076026 -1.46845173888 1.46845173888 0.109540076026 
136.890876235 130.512174301 1.52755773067 93.0204467773 3.61100769043 8388608 0.428553192921 0.0 0.428553192921 -0.0804905720973 1.52543563887 -1.52543563887 -0.0804905720973 
30.1152222144 57.0553664033 1.16501450539 272.548950195 3.59638595581 8388608 0.736779162272 0.0 0.736779162272 0.0518115739181 -1.16386182967 1.16386182967 0.0518115739181 
47.1864105471 56.8085302828 1.29169225693 335.618499756 3.55233383179 8388608 0.599351901631 0.0 0.599351901631 1.17649526273 -0.533223952376 0.533223952376 1.17649526273 
40.0857656801 66.2209524591 1.87548148632 299.969543457 3.54814147949 19857408 0.28429841418 0.0 0.28429841418 0.936877231902 -1.62471285398 1.62471285398 0.936877231902 
