13
17
130.929172345 95.5185408979 1.37725484371 126.946099735 32.9971389771 8388608 0.527195121934 0.0 0.527195121934 -0.82781754916 1.10070387018 -1.10070387018 -0.82781754916 
105.556799057 67.654207448 1.48046755791 122.81634084 16.9414596558 8388608 0.456249298884 0.0 0.456249298884 -0.802336312258 1.24420280985 -1.24420280985 -0.802336312258 
102.067062616 80.0072951585 1.56586360931 117.333620734 16.3692378998 8388608 0.407842178155 0.0 0.407842178155 -0.718999017515 1.3910317235 -1.3910317235 -0.718999017515 
96.799607986 73.8759318691 1.26592695713 121.54780556 16.0040855408 8388608 0.623997290646 0.0 0.623997290646 -0.662345384212 1.07882790694 -1.07882790694 -0.662345384212 
23.4539205621 67.412886286 1.29653167725 152.887469352 13.8502731323 8388608 0.594885982897 0.0 0.594885982897 -1.15405990201 0.590880810894 -0.590880810894 -1.15405990201 
127.767884323 84.3555734842 1.79390132427 120.522926 7.11156749725 16646144 0.310744105355 0.0 0.310744105355 -0.911092147014 1.54531325655 -1.54531325655 -0.911092147014 
123.883207597 43.5673628242 1.28025388718 127.864628685 6.43939590454 8388608 0.61010950884 0.0 0.61010950884 -0.785817205339 1.01071328052 -1.01071328052 -0.785817205339 
121.434730996 91.4943675285 1.88368713856 118.777812775 5.65014076233 20185088 0.281826907397 0.0 0.281826907397 -0.906833919334 1.6510389089 -1.6510389089 -0.906833919334 
23.581328184 60.7369019728 1.23022532463 138.984006018 5.63658905029 8388608 0.660740114442 0.0 0.660740114442 -0.928237501968 0.80735957869 -0.80735957869 -0.928237501968 
30.2485295313 63.2249450231 1.38107097149 138.965975218 5.29672622681 8388608 0.524285692279 0.0 0.524285692279 -1.04176924825 0.906682889271 -0.906682889271 -1.04176924825 
106.017592615 88.6100576066 1.84615468979 118.896745333 5.11590671539 18677760 0.293402509626 0.0 0.293402509626 -0.89212222678 1.61629362157 -1.61629362157 -0.89212222678 
112.314794878 84.2665232496 1.75051188469 117.867787751 4.8810300827 14876672 0.326339672002 0.0 0.326339672002 -0.818246809332 1.54750250968 -1.54750250968 -0.818246809332 
47.1720128947 90.0400704001 1.72195732594 146.622047417 4.67469024658 13697024 0.337252541482 0.0 0.337252541482 -1.43793704136 0.947351095119 -0.947351095119 -1.43793704136 
60.3258057404 68.9314336553 1.47253167629 125.069289792 3.66608428955 8388608 0.461180258358 0.0 0.461180258358 -0.846067586271 1.20520503531 -1.20520503531 -0.846067586271 
30.1152222144 57.0553664033 1.16501450539 124.949270826 3.59638595581 8388608 0.736779162272 0.0 0.736779162272 -0.667379656487 0.954915279942 -0.954915279942 -0.667379656487 
47.1864105471 56.8085302828 1.29169225693 124.951231604 3.55233383179 8388608 0.599351901631 0.0 0.599351901631 -0.739983357825 1.05872258725 -1.05872258725 -0.739983357825 
40.0857656801 66.2209524591 1.87548148632 140.365808375 3.54814147949 19857408 0.28429841418 0.0 0.28429841418 -1.444369656 1.19633904155 -1.19633904155 -1.444369656 
