13
93
187.45170713 62.9028251655 1.69990134239 127.824045691 61.3322715759 12713984 0.346060926602 0.0 0.346060926602 -1.04244513489 1.34274819479 -1.34274819479 -1.04244513489 
40.3885010102 131.558529601 1.59523129463 128.012365322 45.350769043 8388608 0.392963920738 0.0 0.392963920738 -0.982393722468 1.25684742806 -1.25684742806 -0.982393722468 
191.298651484 81.4300713136 1.53412008286 128.28239429 38.4626960754 8388608 0.424894676188 0.0 0.424894676188 -0.950445470553 1.20423329805 -1.20423329805 -0.950445470553 
187.535019719 71.6012953775 1.46763586998 128.272510707 35.486743927 8388608 0.464262242363 0.0 0.464262242363 -0.909057241115 1.15220223018 -1.15220223018 -0.909057241115 
31.3251430489 44.139483147 1.4932128191 129.86229073 31.006778717 8388608 0.448493941466 0.0 0.448493941466 -0.957066666511 1.14617098156 -1.14617098156 -0.957066666511 
176.842975066 64.9819728558 2.52288269997 123.93307274 26.4796867371 24576256 0.157110743043 0.0 0.157110743043 -1.40833398147 2.09321105349 -2.09321105349 -1.40833398147 
56.8786054841 160.220153006 1.72205460072 149.538536278 25.1909217834 13697024 0.337214441366 0.0 0.337214441366 -1.48435996933 0.873010612364 -0.873010612364 -1.48435996933 
65.2255964948 165.924121174 1.3636752367 143.273344178 23.8256435394 8388608 0.537747118318 0.0 0.537747118318 -1.09298232471 0.81547519219 -0.81547519219 -1.09298232471 
50.3559042159 155.333051762 1.19189691544 149.734863643 22.1102676392 8388608 0.703918871276 0.0 0.703918871276 -1.02944421262 0.600718628086 -0.600718628086 -1.02944421262 
81.0799119202 98.2019524277 1.4401140213 139.884432256 21.6548194885 8388608 0.482176724483 0.0 0.482176724483 -1.10132195419 0.927910743325 -0.927910743325 -1.10132195419 
44.2282507775 147.022704013 2.02543067932 139.221698016 20.7700805664 8716544 0.243761566437 0.0 0.243761566437 -1.53374209586 1.32287740177 -1.32287740177 -1.53374209586 
36.9272753172 76.2652914666 1.41916644573 142.254833161 18.4375362396 8388608 0.496516095342 0.0 0.496516095342 -1.12219339854 0.868743562265 -0.868743562265 -1.12219339854 
42.8305172545 79.1133721233 1.3199750185 143.746503145 17.9583854675 8388608 0.573942752428 0.0 0.573942752428 -1.06443909341 0.780578929947 -0.780578929947 -1.06443909341 
68.1228623323 72.7230661826 1.26727032661 143.121746144 16.9776802063 8388608 0.622675055598 0.0 0.622675055598 -1.01370535672 0.760510046268 -0.760510046268 -1.01370535672 
32.3567790428 131.406093827 1.324005723 124.541757092 16.581199646 8388608 0.57045353447 0.0 0.57045353447 -0.750720127132 1.09060095601 -1.09060095601 -0.750720127132 
148.715545125 101.698034779 1.35095930099 127.258262869 13.0688400269 8388608 0.547917874752 0.0 0.547917874752 -0.817882617649 1.07524836977 -1.07524836977 -0.817882617649 
28.2550647514 120.152633512 1.54430270195 135.496919316 9.68157196045 8388608 0.419309920361 0.0 0.419309920361 -1.10141639478 1.08247529328 -1.08247529328 -1.10141639478 
73.3223990523 175.647279482 1.21877586842 133.142113659 9.47166061401 8388608 0.673212709949 0.0 0.673212709949 -0.833411461012 0.889291827292 -0.889291827292 -0.833411461012 
35.9936242244 150.709031541 1.65759623051 131.362405374 8.4668006897 10944512 0.363950649793 0.0 0.363950649793 -1.0953719746 1.24410027757 -1.24410027757 -1.0953719746 
45.7598627445 161.548219773 1.57797980309 135.086754569 7.627784729 8388608 0.40160315821 0.0 0.40160315821 -1.11748843172 1.1141094488 -1.1141094488 -1.11748843172 
102.940577711 188.074006797 1.63926446438 129.919692984 7.00090789795 10092544 0.372136227867 0.0 0.372136227867 -1.05193776644 1.25722508713 -1.25722508713 -1.05193776644 
94.4062990026 188.275702639 1.8717675209 129.290891539 6.31537628174 19726336 0.285427744613 0.0 0.285427744613 -1.18531146702 1.44863742133 -1.44863742133 -1.18531146702 
69.0010356812 127.7610201 2.28035330772 144.532482233 6.2776889801 17301760 0.19230727781 0.0 0.19230727781 -1.85722143926 1.32315521901 -1.32315521901 -1.85722143926 
144.649126221 119.055181756 1.7313426733 124.288632667 6.25873565674 14090240 0.333606061582 0.0 0.333606061582 -0.975372917155 1.43045276919 -1.43045276919 -0.975372917155 
67.4334562547 130.038143361 1.55162239075 145.263107857 6.20316505432 8388608 0.415363111246 0.0 0.415363111246 -1.27508808619 0.884128054032 -0.884128054032 -1.27508808619 
111.842858122 67.1148148709 1.75247395039 133.803558703 6.11626434326 14942208 0.325609342816 0.0 0.325609342816 -1.21304144201 1.26479065728 -1.26479065728 -1.21304144201 
147.999212869 188.883316223 1.46220374107 128.280710524 6.01362991333 8388608 0.467718144986 0.0 0.467718144986 -0.905856843648 1.14780798012 -1.14780798012 -0.905856843648 
140.082464602 186.655168266 1.31839501858 129.635923732 5.8059463501 8388608 0.575319233492 0.0 0.575319233492 -0.841013366987 1.01531371583 -1.01531371583 -0.841013366987 
52.598303049 179.257438599 1.72019088268 124.839654398 5.7748260498 13565952 0.337945538242 0.0 0.337945538242 -0.982713654622 1.41185358514 -1.41185358514 -0.982713654622 
172.327990491 50.9633978453 1.99881768227 125.007816356 5.75955581665 24444928 0.250295841742 0.0 0.250295841742 -1.14669807965 1.63717917195 -1.63717917195 -1.14669807965 
79.7011922394 135.178528973 1.41741061211 145.202138134 5.6248664856 8388608 0.497746987258 0.0 0.497746987258 -1.16393578976 0.808892032732 -0.808892032732 -1.16393578976 
48.5326789758 88.7202819483 1.33902597427 136.996166484 5.59452056885 8388608 0.557727420563 0.0 0.557727420563 -0.979240499852 0.913279039084 -0.913279039084 -0.979240499852 
29.143662455 68.0501373431 1.43263781071 133.345486146 5.58226966858 8388608 0.487222327306 0.0 0.487222327306 -0.983356724005 1.04185442842 -1.04185442842 -0.983356724005 
102.788176771 191.600608372 2.6917219162 131.988372252 5.51926422119 12583424 0.13801923593 0.0 0.13801923593 -1.80070752703 2.00070469491 -2.00070469491 -1.80070752703 
76.0771065312 50.9653294318 1.34116375446 127.583088185 5.43374633789 8388608 0.555950831567 0.0 0.555950831567 -0.817990901747 1.0628316428 -1.0628316428 -0.817990901747 
153.62851377 188.875958154 1.66366958618 128.219666696 5.34537887573 11206656 0.361298239555 0.0 0.361298239555 -1.02927594393 1.30705299174 -1.30705299174 -1.02927594393 
100.107608351 196.021727552 1.62472772598 125.800141765 5.23416137695 9437184 0.378825160984 0.0 0.378825160984 -0.950400213566 1.31775552271 -1.31775552271 -0.950400213566 
76.5571769936 148.307234658 1.68913304806 135.21061824 5.14246559143 12255232 0.350487296889 0.0 0.350487296889 -1.19877993605 1.18999878948 -1.18999878948 -1.19877993605 
151.533929352 196.273396553 1.56252801418 125.827980709 5.03178405762 8388608 0.409585312895 0.0 0.409585312895 -0.914631543047 1.2668634242 -1.2668634242 -0.914631543047 
44.5727402176 44.9397696034 1.28520798683 137.289428691 5.01477050781 8388608 0.605414988062 0.0 0.605414988062 -0.944357281828 0.871750476728 -0.871750476728 -0.944357281828 
39.1392316117 93.6235504189 1.27649271488 124.457366516 5.00590133667 8388608 0.613710168129 0.0 0.613710168129 -0.722230454062 1.05252877508 -1.05252877508 -0.722230454062 
75.9904356041 196.433571278 1.60405290127 125.377286248 4.98463821411 8519680 0.388653538217 0.0 0.388653538217 -0.928679237017 1.30787636449 -1.30787636449 -0.928679237017 
95.949398605 60.8814535094 1.7083132267 131.646425476 4.70260238647 13107200 0.342661248647 0.0 0.342661248647 -1.13522866601 1.27655393791 -1.27655393791 -1.13522866601 
135.724385991 196.819889806 1.36554217339 125.812023178 4.63370895386 8388608 0.536277733396 0.0 0.536277733396 -0.799016768308 1.10737420561 -1.10737420561 -0.799016768308 
115.945758941 114.593668051 1.32621753216 124.43849335 4.62376022339 8388608 0.568552364884 0.0 0.568552364884 -0.750004152248 1.09377635475 -1.09377635475 -0.750004152248 
157.902935884 104.030762516 1.23618912697 123.290711173 4.5894241333 8388608 0.654380216701 0.0 0.654380216701 -0.678528523531 1.03332598941 -1.03332598941 -0.678528523531 
147.253471016 157.211645767 1.60154855251 127.561167827 4.58886528015 8454144 0.389869967152 0.0 0.389869967152 -0.976316890202 1.26955232108 -1.26955232108 -0.976316890202 
82.9349210632 196.582312092 1.29208493233 125.393392171 4.58382797241 8388608 0.598987660893 0.0 0.598987660893 -0.748359003899 1.05330065681 -1.05330065681 -0.748359003899 
167.765161899 189.054539888 1.53280580044 126.365964399 4.56363677979 8388608 0.425623628299 0.0 0.425623628299 -0.908862864891 1.23428599388 -1.23428599388 -0.908862864891 
33.533101165 88.2816719881 1.32533693314 125.625603365 4.43860244751 8388608 0.569308147016 0.0 0.569308147016 -0.771990549031 1.07728760252 -1.07728760252 -0.771990549031 
92.376731586 196.553408688 1.3633582592 125.447058687 4.42004776001 8388608 0.537997197197 0.0 0.537997197197 -0.790680256384 1.11066217866 -1.11066217866 -0.790680256384 
146.803243834 109.730692461 1.49993264675 124.251669622 4.39142990112 8388608 0.444484360169 0.0 0.444484360169 -0.844205613559 1.23980435022 -1.23980435022 -0.844205613559 
179.11893173 188.458416087 1.93503260612 126.286057576 4.3755607605 22085632 0.267068966056 0.0 0.267068966056 -1.14518528031 1.5597762213 -1.5597762213 -1.14518528031 
166.746779987 203.468958342 1.79099166393 125.214968531 4.35642242432 16515072 0.311754600568 0.0 0.311754600568 -1.03276777736 1.46322994035 -1.46322994035 -1.03276777736 
67.8770616339 197.274285072 1.71705937386 125.186550271 4.33397293091 13434880 0.339179327216 0.0 0.339179327216 -0.989439121245 1.40331860912 -1.40331860912 -0.989439121245 
84.4404172122 203.527010189 1.7448952198 125.169121538 4.27874755859 14614528 0.32844397098 0.0 0.32844397098 -1.00504542206 1.42637408406 -1.42637408406 -1.00504542206 
44.4899918067 190.988586509 1.79689621925 125.007150312 4.25490570068 16777216 0.309709131386 0.0 0.309709131386 -1.03084101374 1.47180257751 -1.47180257751 -1.03084101374 
77.8958476501 206.807577218 2.33207416534 125.216499448 4.22323226929 18874624 0.183871866329 0.0 0.183871866329 -1.34483162414 1.90525531501 -1.90525531501 -1.34483162414 
136.098796422 114.133415047 1.31300318241 123.218539436 4.17747306824 8388608 0.580054022129 0.0 0.580054022129 -0.719307720001 1.09844151459 -1.09844151459 -0.719307720001 
99.992016701 156.230051483 1.96422576904 131.496341986 4.17594909668 23199744 0.259189373142 0.0 0.259189373142 -1.30144144851 1.47120121937 -1.47120121937 -1.30144144851 
51.9378510931 40.4351199967 1.38243532181 130.643325238 4.16970825195 8388608 0.523251348951 0.0 0.523251348951 -0.900446714041 1.04896288502 -1.04896288502 -0.900446714041 
48.9304690665 37.6176923488 1.96223628521 132.378700487 4.16572570801 23134208 0.259715216515 0.0 0.259715216515 -1.32260185096 1.44951563732 -1.44951563732 -1.32260185096 
109.440492221 159.438919291 2.39476513863 132.9640366 4.16134643555 20840704 0.17437095467 0.0 0.17437095467 -1.63212624455 1.75244514637 -1.75244514637 -1.63212624455 
183.856512367 196.18484042 1.28605246544 125.161262438 4.15168380737 8388608 0.604620164894 0.0 0.604620164894 -0.740611526536 1.05139217736 -1.05139217736 -0.740611526536 
140.083241859 156.549780785 1.35581088066 127.652136777 4.14102363586 8388608 0.544003595646 0.0 0.544003595646 -0.828218582085 1.07344171915 -1.07344171915 -0.828218582085 
61.0611016249 111.425789734 1.17484271526 125.131926835 4.09413337708 8388608 0.724503592551 0.0 0.724503592551 -0.676076233085 0.960820655827 -0.960820655827 -0.676076233085 
53.3549242493 199.086101112 2.18578958511 124.974456196 4.07090759277 14221568 0.209306779467 0.0 0.209306779467 -1.25291903199 1.79105276574 -1.79105276574 -1.25291903199 
50.7524192712 199.549371678 1.14213371277 124.913360913 4.05936431885 8388608 0.766595204397 0.0 0.766595204397 -0.653685509184 0.936570698306 -0.936570698306 -0.653685509184 
155.364862623 158.224263385 1.67223513126 125.316222051 3.96686172485 11534336 0.357606425643 0.0 0.357606425643 -0.966700187615 1.36450030469 -1.36450030469 -0.966700187615 
92.3459380606 171.050959274 1.35152292252 136.064895737 3.91964912415 8388608 0.54746097697 0.0 0.54746097697 -0.973266984748 0.937744947458 -0.937744947458 -0.973266984748 
44.2570491341 38.7857387069 1.20809221268 131.437992317 3.82099533081 8388608 0.685172352285 0.0 0.685172352285 -0.799526434264 0.90567338221 -0.90567338221 -0.799526434264 
91.737634313 67.4057252927 1.30015647411 131.972974071 3.81091308594 8388608 0.59157355861 0.0 0.59157355861 -0.869518642692 0.966614808075 -0.966614808075 -0.869518642692 
152.590663801 107.671723661 1.42372524738 122.599013679 3.76338768005 8388608 0.493341473722 0.0 0.493341473722 -0.767040921565 1.19943395178 -1.19943395178 -0.767040921565 
92.3982412832 52.976062853 1.34157180786 124.908065621 3.73648834229 8388608 0.55561268623 0.0 0.55561268623 -0.767729656198 1.10018457117 -1.10018457117 -0.767729656198 
49.2934592808 100.413025833 1.69588887691 126.462576433 3.70027160645 12582912 0.347700421029 0.0 0.347700421029 -1.00786270497 1.36391049955 -1.36391049955 -1.00786270497 
101.462083528 108.612314829 1.14762723446 131.466422612 3.64820861816 8388608 0.75927361459 0.0 0.75927361459 -0.759936972076 0.859967480632 -0.859967480632 -0.759936972076 
180.729299141 140.483976711 1.2076267004 126.664073095 3.61784744263 8388608 0.685700690414 0.0 0.685700690414 -0.721100811018 0.968698027185 -0.968698027185 -0.721100811018 
52.3168170704 206.905945847 1.69128191471 124.986225482 3.59951782227 12386304 0.349597235926 0.0 0.349597235926 -0.969746356396 1.38565021534 -1.38565021534 -0.969746356396 
121.041768843 55.4155574372 1.61413359642 124.950891984 3.54145431519 8978432 0.383814206841 0.0 0.383814206841 -0.924695385165 1.32301387436 -1.32301387436 -0.924695385165 
118.923591067 57.6438288157 1.23538184166 124.950963391 3.53995895386 8388608 0.655235732174 0.0 0.655235732174 -0.707719563857 1.01257163383 -1.01257163383 -0.707719563857 
188.408570877 180.775174561 1.26633763313 125.704891347 3.39805221558 8388608 0.623592628961 0.0 0.623592628961 -0.739047985964 1.02830884248 -1.02830884248 -0.739047985964 
187.271038969 179.972869985 1.89818489552 126.162516766 3.33600616455 20709376 0.27753833177 0.0 0.27753833177 -1.12007643139 1.53249296423 -1.53249296423 -1.12007643139 
124.2902879 171.676389286 1.26304090023 124.743574414 3.01376342773 8388608 0.626852224656 0.0 0.626852224656 -0.71981283577 1.03785442 -1.03785442 -0.71981283577 
132.207044867 164.468199363 1.65541434288 124.926455524 2.9744052887 10813440 0.364910678619 0.0 0.364910678619 -0.947765279019 1.35725370602 -1.35725370602 -0.947765279019 
60.6740015585 117.945966746 1.62868964672 124.536611018 2.95233726501 9633792 0.376984356306 0.0 0.376984356306 -0.923357457523 1.34165605539 -1.34165605539 -0.923357457523 
171.679589914 155.634301513 1.39046573639 123.736600644 2.88154983521 8388608 0.517224891232 0.0 0.517224891232 -0.772230976148 1.15631063454 -1.15631063454 -0.772230976148 
124.582577114 164.57678328 1.62296497822 125.724912311 2.84108734131 9371648 0.379648513131 0.0 0.379648513131 -0.947639921332 1.3175712125 -1.3175712125 -0.947639921332 
77.2855587499 124.945714331 1.4187514782 124.699324894 2.68101882935 8388608 0.496806587646 0.0 0.496806587646 -0.807652421619 1.16642759001 -1.16642759001 -0.807652421619 
177.970522281 155.035634423 1.65317738056 123.023589725 2.34950447083 10747904 0.365898889226 0.0 0.365898889226 -0.900955692604 1.38610039015 -1.38610039015 -0.900955692604 
163.348907837 157.467208926 2.72451090813 126.015812239 2.27813529968 13435392 0.13471715353 0.0 0.13471715353 -1.60203556926 2.20373358719 -2.20373358719 -1.60203556926 
59.4670504307 50.7499193198 1.49974453449 128.721608907 1.41449737549 8388608 0.444595870095 0.0 0.444595870095 -0.938145619661 1.17009250277 -1.17009250277 -0.938145619661 
199.869010848 116.246911279 1.32932674885 126.318786212 1.31200790405 8388608 0.565895854482 0.0 0.565895854482 -0.787330184908 1.07108393002 -1.07108393002 -0.787330184908 
106.333555493 168.655459442 1.25030052662 121.277662849 1.01195144653 8388608 0.639692371687 0.0 0.639692371687 -0.649138473943 1.06858347756 -1.06858347756 -0.649138473943 
