13
153
114.032239265 160.674493473 1.64237654209 180.764099121 64.8446502686 10223616 0.370727270061 0.0 0.370727270061 -1.64223049583 -0.0219021590215 0.0219021590215 -1.64223049583 
113.503700571 175.164987361 2.19472241402 185.813522339 58.412979126 14483712 0.207606430791 0.0 0.207606430791 -2.1834345855 -0.222305837638 0.222305837638 -2.1834345855 
48.6897042647 113.118090689 2.44389820099 69.4999694824 57.3794708252 22282496 0.167430192524 0.0 0.167430192524 0.855872408298 2.28913102236 -2.28913102236 0.855872408298 
91.4989273349 207.013296124 1.68647933006 193.396530151 56.4385070801 12189696 0.351591165989 0.0 0.351591165989 -1.64059007764 -0.390738695145 0.390738695145 -1.64059007764 
17.3027188753 174.57764772 2.09582662582 144.371871948 52.5885772705 11141376 0.22766134283 0.0 0.22766134283 -1.70351907392 1.22086527115 -1.22086527115 -1.70351907392 
60.2606263834 118.164836186 2.28981995583 197.967910767 51.3396720886 17563904 0.190720478703 0.0 0.190720478703 -2.17814414522 -0.706373493798 0.706373493798 -2.17814414522 
13.7640147664 168.58073991 1.52796173096 154.014007568 48.3551292419 8388608 0.428326599913 0.0 0.428326599913 -1.37348662071 0.66947856874 -0.66947856874 -1.37348662071 
70.5280697991 77.2269238194 2.36456012726 348.410705566 45.3638458252 19923200 0.178854254783 0.0 0.178854254783 2.31635337503 -0.475028038544 0.475028038544 2.31635337503 
70.4335704215 128.061164956 6.88156223297 188.334671021 44.3124771118 13631490 0.0211166935071 0.0 0.0211166935071 -6.80888092458 -0.997516576888 0.997516576888 -6.80888092458 
77.1825198449 40.9423750714 5.05148601532 151.250946045 43.0643310547 24641793 0.039188775169 0.0 0.039188775169 -4.42881306347 2.42963491327 -2.42963491327 -4.42881306347 
81.7777238728 62.422163038 1.41612780094 160.86555481 42.5356063843 8388608 0.498649172208 0.0 0.498649172208 -1.33788960604 0.464186762673 -0.464186762673 -1.33788960604 
101.880799443 199.392166821 1.31247913837 232.798187256 42.1471710205 8388608 0.580517320215 0.0 0.580517320215 -0.793556800589 -1.04540379419 1.04540379419 -0.793556800589 
79.5251424171 54.5599594584 1.71223819256 158.046295166 40.4470062256 13238272 0.34109208355 0.0 0.34109208355 -1.58807735489 0.640132754146 -0.640132754146 -1.58807735489 
26.4845306247 131.516296409 1.80070233345 27.9419250488 38.8818054199 16908288 0.30840126111 0.0 0.30840126111 1.59078184883 0.843766557241 -0.843766557241 1.59078184883 
56.7585381401 198.150435151 1.32506632805 60.2769775391 34.62758255 8388608 0.569540699015 0.0 0.569540699015 0.656978035431 1.15073047874 -1.15073047874 0.656978035431 
83.8981107109 70.7699971616 1.6040790081 174.450256348 34.1146774292 8519680 0.38864088743 0.0 0.38864088743 -1.59656006558 0.155130336231 -0.155130336231 -1.59656006558 
70.2492354947 39.3473884328 1.58261704445 147.81312561 33.9507598877 8388608 0.399253123669 0.0 0.399253123669 -1.3393928889 0.843032264239 -0.843032264239 -1.3393928889 
73.7076791532 45.4749363223 1.42512845993 145.547088623 33.2281265259 8388608 0.492370442468 0.0 0.492370442468 -1.17514868915 0.806236122787 -0.806236122787 -1.17514868915 
71.6291807325 187.687486072 3.07406592369 50.1895446777 32.3752861023 22151680 0.105821434991 0.0 0.105821434991 1.96817035428 2.3613950876 -2.3613950876 1.96817035428 
121.15636968 98.9837106458 1.29195582867 66.225769043 31.8934211731 8388608 0.59910737917 0.0 0.59910737917 0.520830995708 1.1823218416 -1.1823218416 0.520830995708 
86.4335305049 69.0625018096 2.85234856606 179.822265625 31.3227539062 16777728 0.122912147547 0.0 0.122912147547 -2.8523348424 0.00884811378644 -0.00884811378644 -2.8523348424 
159.051804184 157.645801381 1.36819469929 30.1507568359 30.4122543335 8388608 0.534200380393 0.0 0.534200380393 1.18308726824 0.687212667871 -0.687212667871 1.18308726824 
61.9882978727 17.1492674772 1.24178242683 202.793045044 28.0816268921 8388608 0.648498507323 0.0 0.648498507323 -1.14481186574 -0.481071083782 0.481071083782 -1.14481186574 
105.73405183 105.715378863 2.27580738068 69.025177002 26.6159229279 17105152 0.193076312997 0.0 0.193076312997 0.814642729144 2.12500740182 -2.12500740182 0.814642729144 
16.0120466235 115.152314099 1.71781730652 202.226959229 26.5845909119 13500416 0.338880088901 0.0 0.338880088901 -1.590170937 -0.64980973345 0.64980973345 -1.590170937 
63.1333178788 100.749073056 2.90622091293 269.826690674 26.3630046844 18088448 0.118397560136 0.0 0.118397560136 -0.00879077698816 -2.90620761767 2.90620761767 -0.00879077698816 
110.478119131 102.737782999 6.62711000443 47.5248718262 26.0149917603 10878978 0.0227694028443 0.0 0.0227694028443 4.47508920476 4.88796109029 -4.88796109029 4.47508920476 
83.7853080572 91.4455801415 8.91581439972 206.728424072 25.7308769226 15597826 0.0125799223839 0.0 0.0125799223839 -7.96314513491 -4.00999575693 4.00999575693 -7.96314513491 
21.3103277607 123.877791864 1.3500648737 222.018661499 25.6357116699 8388608 0.548644113991 0.0 0.548644113991 -1.00299944006 -0.90369645702 0.90369645702 -1.00299944006 
18.8112456467 129.948703944 1.31058645248 216.815963745 25.3804473877 8388608 0.582195241287 0.0 0.582195241287 -1.04920890936 -0.785364573908 0.785364573908 -1.04920890936 
126.020137283 66.8148807271 1.54448890686 352.846313477 25.1190948486 8388608 0.419208821727 0.0 0.419208821727 1.5324661216 -0.192337124788 0.192337124788 1.5324661216 
55.7015627696 73.7135666406 3.10004711151 201.856781006 24.4739074707 22741504 0.104055109903 0.0 0.104055109903 -2.87720747814 -1.15410970939 1.15410970939 -2.87720747814 
152.924236499 168.732599678 1.23907363415 37.153503418 24.0784454346 8388608 0.651337028147 0.0 0.651337028147 0.9875668384 0.74834164025 -0.74834164025 0.9875668384 
79.7531075948 105.476008821 2.23395371437 150.263183594 23.5885162354 15794432 0.200378747976 0.0 0.200378747976 -1.93977098343 1.10807839514 -1.10807839514 -1.93977098343 
35.4729006547 160.503287425 2.26598262787 220.399841309 22.9870910645 16843008 0.194754207023 0.0 0.194754207023 -1.72563664297 -1.46862365712 1.46862365712 -1.72563664297 
156.644778127 162.605870853 1.20685374737 31.5276794434 22.8904838562 8388608 0.686579312466 0.0 0.686579312466 1.02870722618 0.631076390252 -0.631076390252 1.02870722618 
87.3061556887 80.3967574501 2.73980975151 185.692428589 22.8033561707 13828608 0.133216857847 0.0 0.133216857847 -2.72629888929 -0.271756951601 0.271756951601 -2.72629888929 
56.8384292903 87.805677292 2.79895043373 266.333312988 22.5436477661 15401472 0.12764669795 0.0 0.12764669795 -0.178998724314 -2.79322089839 2.79322089839 -0.178998724314 
45.5746345785 150.072584253 2.26811885834 219.726348877 22.5383224487 16908544 0.194387520819 0.0 0.194387520819 -1.74442318888 -1.44960370228 1.44960370228 -1.74442318888 
33.9153099681 144.85309067 2.18865060806 221.411071777 22.4760513306 14287104 0.208759921875 0.0 0.208759921875 -1.64145132767 -1.44769783555 1.44769783555 -1.64145132767 
62.5395874507 24.1126657514 1.446179986 159.256317139 22.1722393036 8388608 0.478140252014 0.0 0.478140252014 -1.35243030737 0.512219499459 -0.512219499459 -1.35243030737 
108.311537405 42.1998225449 1.30815660954 30.0785522461 21.8946399689 8388608 0.58436005368 0.0 0.58436005368 1.13199905325 0.655630885867 -0.655630885867 1.13199905325 
83.4265449282 111.946510172 1.46368050575 156.049194336 21.7755584717 8388608 0.466774822736 0.0 0.466774822736 -1.33764933889 0.594184204686 -0.594184204686 -1.33764933889 
50.1019448836 141.626270909 1.35341739655 218.119277954 21.4269618988 8388608 0.545929409961 0.0 0.545929409961 -1.06477050511 -0.835465391693 0.835465391693 -1.06477050511 
122.765148946 63.7792659334 4.44104862213 348.628234863 21.3117446899 15335681 0.0507024498302 0.0 0.0507024498302 4.35386399587 -0.875660419135 0.875660419135 4.35386399587 
126.22436907 73.1976529037 1.57877337933 353.174133301 20.9868278503 8388608 0.401199525073 0.0 0.401199525073 1.56758295842 -0.187640751808 0.187640751808 1.56758295842 
54.4765096716 92.6173048557 5.1762213707 256.667266846 20.9009189606 9699841 0.0373228085503 0.0 0.0373228085503 -1.1936660386 -5.03670815779 5.03670815779 -1.1936660386 
29.0376233395 154.504145449 1.25078129768 220.095397949 19.7714385986 8388608 0.639200700639 0.0 0.639200700639 -0.95681409057 -0.805580939895 0.805580939895 -0.95681409057 
38.4486724846 104.136305398 2.35125279427 261.979431152 19.5815353394 19464448 0.180884498707 0.0 0.180884498707 -0.328066992745 -2.32825293961 2.32825293961 -0.328066992745 
40.0952128552 87.913068888 2.10447216034 253.35333252 19.183303833 11469056 0.225794640984 0.0 0.225794640984 -0.60286567213 -2.01627281264 2.01627281264 -0.60286567213 
29.4692096913 110.456069789 1.97173917294 249.512130737 19.0364227295 23461888 0.257217830299 0.0 0.257217830299 -0.69012657439 -1.84701940364 1.84701940364 -0.69012657439 
124.420600176 57.9096161964 1.9622579813 352.298461914 18.3952293396 23134208 0.259709473363 0.0 0.259709473363 1.9445576344 -0.262967662812 0.262967662812 1.9445576344 
52.3602136185 85.3241602891 1.61298048496 269.896514893 18.2883415222 8912896 0.384363176606 0.0 0.384363176606 -0.00291329255698 -1.61297785403 1.61297785403 -0.00291329255698 
49.746816825 146.025594888 2.46088790894 219.07170105 18.164604187 22806784 0.165126332451 0.0 0.165126332451 -1.91052954615 -1.55107902882 1.55107902882 -1.91052954615 
19.5579547876 91.8238862183 1.35712409019 221.533004761 18.1006469727 8388608 0.542951304148 0.0 0.542951304148 -1.01590767263 -0.899842984569 0.899842984569 -1.01590767263 
44.0545730454 99.6152882468 2.66755700111 263.549682617 17.7817897797 11928064 0.140531144545 0.0 0.140531144545 -0.29967767514 -2.65067041429 2.65067041429 -0.29967767514 
114.085064629 48.1467168391 1.23525667191 47.2048950195 17.7505645752 8388608 0.655368530244 0.0 0.655368530244 0.839206968352 0.906416410794 -0.906416410794 0.839206968352 
30.6361972091 93.8662961851 2.46618747711 238.152526855 17.6309280396 22937856 0.164417417967 0.0 0.164417417967 -1.30130800055 -2.09491722031 2.09491722031 -1.30130800055 
70.9289907293 59.1142074276 2.22625756264 160.195236206 16.1686325073 15532288 0.201766557604 0.0 0.201766557604 -2.09458021989 0.754292010851 -0.754292010851 -2.09458021989 
149.577484683 119.472110545 1.36327636242 336.080688477 16.0933113098 8388608 0.538061837888 0.0 0.538061837888 1.24619457637 -0.552740009546 0.552740009546 1.24619457637 
137.820546267 90.4200373405 2.64987707138 134.192825317 15.4228191376 11403776 0.142412642616 0.0 0.142412642616 -1.84716391949 1.89995630159 -1.89995630159 -1.84716391949 
130.55451295 180.725050262 1.69370985031 47.3584289551 15.2174797058 12451840 0.348595658002 0.0 0.348595658002 1.14733576596 1.24590276394 -1.24590276394 1.14733576596 
85.7847488567 105.336479908 1.54824984074 59.4656066895 15.1803998947 8388608 0.417174651664 0.0 0.417174651664 0.786596827195 1.33354527512 -1.33354527512 0.786596827195 
156.195146979 103.587281434 1.50253987312 333.898376465 14.6437492371 8388608 0.442943148622 0.0 0.442943148622 1.34930350834 -0.661064378633 0.661064378633 1.34930350834 
72.6131547324 113.523946053 2.35154104233 309.311767578 14.5730266571 19464448 0.180840156372 0.0 0.180840156372 1.4897948249 -1.81941107325 1.81941107325 1.4897948249 
96.9016457821 45.5212187099 1.72630190849 27.3026123047 14.2355804443 13828096 0.33555715119 0.0 0.33555715119 1.53398552375 0.791837541548 -0.791837541548 1.53398552375 
124.66639507 185.572749839 1.74882638454 39.729675293 13.8960552216 14811136 0.326969020499 0.0 0.326969020499 1.34496748342 1.11779076388 -1.11779076388 1.34496748342 
116.619992188 59.8012984783 1.23916482925 9.32379150391 13.742477417 8388608 0.651241162669 0.0 0.651241162669 1.2227936365 0.200761541602 -0.200761541602 1.2227936365 
98.6300979154 76.510976214 1.28565740585 312.005493164 13.5652217865 8388608 0.604991799965 0.0 0.604991799965 0.860364316265 -0.955347166492 0.955347166492 0.860364316265 
129.772005182 161.760974116 2.1724178791 49.8244018555 13.5140380859 13762816 0.211891367197 0.0 0.211891367197 1.40149701683 1.65988118649 -1.65988118649 1.40149701683 
47.9611611099 121.785791603 1.74825870991 196.659317017 13.4219703674 14745600 0.327181394278 0.0 0.327181394278 -1.67487781331 -0.501191407797 0.501191407797 -1.67487781331 
14.4719317379 98.6666577198 1.36944842339 210.094070435 13.3455200195 8388608 0.533222711856 0.0 0.533222711856 -1.18485131906 -0.686670471207 0.686670471207 -1.18485131906 
142.249796278 165.507872379 2.17148852348 51.0581054688 13.2723178864 13762816 0.212072776927 0.0 0.212072776927 1.36484989257 1.68894854225 -1.68894854225 1.36484989257 
11.5077179867 104.226583129 1.26536989212 207.36265564 13.0081367493 8388608 0.624546827306 0.0 0.624546827306 -1.12379416711 -0.581590606753 0.581590606753 -1.12379416711 
39.3800350352 186.675292451 1.86502277851 87.4869995117 12.8133640289 19464192 0.287495942065 0.0 0.287495942065 0.0817739222927 1.86322918343 -1.86322918343 0.0817739222927 
87.5711212303 115.200807107 2.71887397766 0.278198242188 12.683344841 13304320 0.135276339752 0.0 0.135276339752 2.71884192813 0.0132013735689 -0.0132013735689 2.71884192813 
150.672692603 79.8578228036 2.29358482361 318.961486816 12.5821304321 17694976 0.190094865857 0.0 0.190094865857 1.72997859824 -1.50589023263 1.50589023263 1.72997859824 
42.0482965589 188.170260185 2.89738512039 50.5473632812 12.3708267212 17891840 0.119120785645 0.0 0.119120785645 1.84111481598 2.23721629938 -2.23721629938 1.84111481598 
122.424115943 149.451833502 1.52206194401 279.079284668 12.2775831223 8388608 0.431653577922 0.0 0.431653577922 0.240182983163 -1.50299191481 1.50299191481 0.240182983163 
97.953432549 37.7927300628 1.6340457201 317.273620605 12.2356967926 9895936 0.374517048743 0.0 0.374517048743 1.20037372405 -1.10869668439 1.10869668439 1.20037372405 
106.018441998 85.3061572076 3.40791773796 334.340698242 12.2302017212 12910593 0.0861036960115 0.0 0.0861036960115 3.07184535079 -1.47569287101 1.47569287101 3.07184535079 
118.301246035 35.7966277677 1.72509229183 337.748626709 12.160533905 13828096 0.336027894498 0.0 0.336027894498 1.59662713252 -0.653242079972 0.653242079972 1.59662713252 
142.90247644 122.596398278 1.72978889942 262.363922119 11.5860595703 14024704 0.334205650569 0.0 0.334205650569 -0.229855231883 -1.71444924362 1.71444924362 -0.229855231883 
144.745679524 108.193533037 3.19011974335 321.706970215 11.4569854736 24838656 0.0982620974664 0.0 0.0982620974664 2.5037711042 -1.97686474871 1.97686474871 2.5037711042 
135.993038546 172.519998105 2.20365762711 48.6479492188 11.4179496765 14811392 0.205926272397 0.0 0.205926272397 1.45592108683 1.65420697811 -1.65420697811 1.45592108683 
91.6748858124 102.177917305 1.49044978619 88.2624511719 11.4031238556 8388608 0.450158341254 0.0 0.450158341254 0.0451923749569 1.48976448286 -1.48976448286 0.0451923749569 
124.852407188 114.561659558 1.29281044006 119.202255249 11.2878303528 8388608 0.598315561982 0.0 0.598315561982 -0.630754480505 1.12849794827 -1.12849794827 -0.630754480505 
62.7426827921 176.370208028 1.46511173248 62.8170166016 11.2468481064 8388608 0.465863309595 0.0 0.465863309595 0.669312492842 1.303293204 -1.303293204 0.669312492842 
58.6336932284 32.2416462087 1.72903609276 154.358688354 10.9147949219 13959168 0.334496734153 0.0 0.334496734153 -1.55876191117 0.74821595435 -0.74821595435 -1.55876191117 
61.8756719737 183.598599419 1.68207144737 143.980041504 9.84654045105 11993088 0.353436275736 0.0 0.353436275736 -1.36047990003 0.989170761641 -0.989170761641 -1.36047990003 
127.368813258 81.0990801443 2.24979996681 345.994049072 9.78489303589 16318720 0.197565991307 0.0 0.197565991307 2.18291475072 -0.544502600319 0.544502600319 2.18291475072 
148.929373511 149.18469438 2.20458674431 46.2579956055 9.54540634155 14811392 0.205752734817 0.0 0.205752734817 1.52427826669 1.59272674332 -1.59272674332 1.52427826669 
48.3121341218 105.157742704 1.24757814407 264.786407471 9.510887146 8388608 0.642487206519 0.0 0.642487206519 -0.113365973363 -1.24241675039 1.24241675039 -0.113365973363 
33.7031555311 189.339826954 1.30398738384 89.9702148438 9.47784042358 8388608 0.588102764392 0.0 0.588102764392 0.000677876565368 1.30398720765 -1.30398720765 0.000677876565368 
116.705676223 66.359063115 1.36124122143 75.1411743164 9.35205078125 8388608 0.539671912951 0.0 0.539671912951 0.349074333668 1.31572214867 -1.31572214867 0.349074333668 
50.7822087825 183.075643475 2.97290110588 143.608154297 9.14645195007 19726848 0.113145966064 0.0 0.113145966064 -2.39312071234 1.76383509477 -1.76383509477 -2.39312071234 
122.385144845 177.147853845 1.49049818516 31.6831054688 9.00889968872 8388608 0.450129106939 0.0 0.450129106939 1.26836330209 0.782840580119 -0.782840580119 1.26836330209 
123.497632462 174.392256699 1.70284831524 32.7585144043 8.70881080627 12845056 0.34486416741 0.0 0.34486416741 1.43202495648 0.921410282523 -0.921410282523 1.43202495648 
141.601758809 134.747801009 2.5641143322 257.842163086 8.54970169067 9044480 0.152098603866 0.0 0.152098603866 -0.540016514134 -2.50660417159 2.50660417159 -0.540016514134 
139.872247468 123.98649735 2.89632606506 259.41595459 8.52241325378 17826304 0.11920791573 0.0 0.11920791573 -0.531990322357 -2.84704952048 2.84704952048 -0.531990322357 
47.5318925872 169.525030907 1.35157108307 221.281616211 8.51712226868 8388608 0.547421962294 0.0 0.547421962294 -1.01567304391 -0.891713328635 0.891713328635 -1.01567304391 
123.308351612 139.921851548 1.47936344147 287.626586914 8.49196434021 8388608 0.45693059237 0.0 0.45693059237 0.447969248711 -1.40990770767 1.40990770767 0.447969248711 
38.6524694326 177.592253938 1.40434026718 239.327545166 8.25692558289 8388608 0.507055272008 0.0 0.507055272008 -0.716395372553 -1.20786971823 1.20786971823 -0.716395372553 
43.5062109459 173.121640448 1.52116405964 228.249847412 8.21168136597 8388608 0.432163305171 0.0 0.432163305171 -1.01291828065 -1.13487296781 1.13487296781 -1.01291828065 
137.790273982 145.444693424 1.24944317341 262.838256836 8.20259857178 8388608 0.640570571653 0.0 0.640570571653 -0.155769033755 -1.23969522533 1.23969522533 -0.155769033755 
143.517153655 145.348970591 1.30921781063 286.840270996 8.17431354523 8388608 0.583413118495 0.0 0.583413118495 0.379286407073 -1.25307346037 1.25307346037 0.379286407073 
116.243895823 109.313996242 1.33934259415 105.954315186 7.7013053894 8388608 0.557463758804 0.0 0.557463758804 -0.368146178163 1.28775268433 -1.28775268433 -0.368146178163 
130.403839531 112.236448976 1.32774662971 338.01260376 7.64352416992 8388608 0.567243573873 0.0 0.567243573873 1.23117462103 -0.497111823677 0.497111823677 1.23117462103 
59.5911646974 169.007730153 1.52026808262 216.645797729 7.43454837799 8388608 0.43267285016 0.0 0.43267285016 -1.21977287187 -0.907396927523 0.907396927523 -1.21977287187 
133.145268369 115.135988154 3.96017003059 256.330474854 7.29634094238 23789569 0.0637635274139 0.0 0.0637635274139 -0.935872762297 -3.84799803067 3.84799803067 -0.935872762297 
125.032861129 105.41946983 1.50934040546 71.0972595215 6.9552154541 8388608 0.438960663089 0.0 0.438960663089 0.488969946853 1.42794147311 -1.42794147311 0.488969946853 
65.5519551921 145.131226294 1.79872810841 68.3190612793 6.70645904541 16842752 0.309078614868 0.0 0.309078614868 0.664517851288 1.67147803853 -1.67147803853 0.664517851288 
62.2187684147 136.807730389 1.45147633553 69.3246154785 6.66001224518 8388608 0.474657208506 0.0 0.474657208506 0.512476994819 1.35799517023 -1.35799517023 0.512476994819 
52.7857753479 176.180482835 1.83557891846 221.450759888 6.65840911865 18284544 0.296793153019 0.0 0.296793153019 -1.37581210748 -1.21510946453 1.21510946453 -1.37581210748 
105.905694412 162.360769062 1.52171647549 183.70741272 6.61421203613 8388608 0.431849592952 0.0 0.431849592952 -1.51853192002 -0.0983963396338 0.0983963396338 -1.51853192002 
97.1510443321 177.252522529 1.70360851288 75.685760498 6.53137969971 12910592 0.344556460057 0.0 0.344556460057 0.421199880615 1.65071882091 -1.65071882091 0.421199880615 
89.9983415314 137.214183393 3.48537874222 180.481658936 6.37917327881 14548993 0.0823189920136 0.0 0.0823189920136 -3.4852555874 -0.0292996108318 0.0292996108318 -3.4852555874 
56.2825408548 206.298077355 1.42812788486 60.1454467773 6.18914031982 8388608 0.490304412747 0.0 0.490304412747 0.710922009767 1.23860371046 -1.23860371046 0.710922009767 
46.5364566297 181.532225396 1.38835322857 63.9448242188 6.00280189514 8388608 0.518800099734 0.0 0.518800099734 0.609815386783 1.24725694278 -1.24725694278 0.609815386783 
106.160985721 215.690006675 1.27477681637 60.705871582 5.94815063477 8388608 0.615363434935 0.0 0.615363434935 0.623739475917 1.11175761645 -1.11175761645 0.623739475917 
101.083826631 173.444549767 1.26897358894 182.47177124 5.90687561035 8388608 0.621004623367 0.0 0.621004623367 -1.26779292442 -0.0547272348945 0.0547272348945 -1.26779292442 
54.1575942141 160.242468588 2.07062292099 210.089553833 5.71541786194 10289408 0.233237278708 0.0 0.233237278708 -1.79159166011 -1.03811300173 1.03811300173 -1.79159166011 
82.6075781956 12.279745855 1.47609162331 284.744018555 5.62890625 8388608 0.458958448426 0.0 0.458958448426 0.375666781194 -1.42748763564 1.42748763564 0.375666781194 
88.7947597656 183.891090354 1.96890950203 41.7156982422 5.62768173218 23330816 0.257957696534 0.0 0.257957696534 1.46970409555 1.31018109385 -1.31018109385 1.46970409555 
114.886951629 89.7719256269 1.98941814899 300.891296387 5.54865074158 24117248 0.25266660727 0.0 0.25266660727 1.02138896298 -1.70720507199 1.70720507199 1.02138896298 
71.5197183982 154.924835502 1.30178165436 182.621902466 5.45188713074 8388608 0.590097407015 0.0 0.590097407015 -1.30041889189 -0.059549821388 0.059549821388 -1.30041889189 
71.45690539 176.10608009 1.51726126671 112.965393066 5.44090461731 8388608 0.434389438763 0.0 0.434389438763 -0.59199751757 1.39700418419 -1.39700418419 -0.59199751757 
67.2880422988 54.6812696512 1.30850887299 161.850570679 5.22998046875 8388608 0.58404546509 0.0 0.58404546509 -1.24340709689 0.407595709123 -0.407595709123 -1.24340709689 
120.903004924 206.858851237 1.44696128368 63.2888183594 5.21573638916 8388608 0.47762404053 0.0 0.47762404053 0.650399456263 1.29254690583 -1.29254690583 0.650399456263 
84.2633475348 163.338374945 1.44899177551 60.4977416992 5.09236335754 8388608 0.476286376338 0.0 0.476286376338 0.713567395596 1.26111012106 -1.26111012106 0.713567395596 
79.1902411453 189.89005099 1.43328547478 51.5643920898 4.74499893188 8388608 0.48678210084 0.0 0.48678210084 0.890979995298 1.12270294388 -1.12270294388 0.890979995298 
64.236894122 163.35823664 1.46357548237 196.732650757 4.59352779388 8388608 0.466841814881 0.0 0.466841814881 -1.40160562277 -0.421372603308 0.421372603308 -1.40160562277 
126.675824504 134.215762248 3.41377973557 265.341583252 4.54293060303 13041665 0.0858082426782 0.0 0.0858082426782 -0.277250677394 -3.40250262966 3.40250262966 -0.277250677394 
109.148978824 21.0100694405 1.53932607174 317.832336426 4.53311157227 8388608 0.422025555054 0.0 0.422025555054 1.14092321172 -1.03335326974 1.03335326974 1.14092321172 
121.809240199 18.8884868678 1.26942145824 70.8440551758 4.28504180908 8388608 0.620566502772 0.0 0.620566502772 0.416548479257 1.19913227089 -1.19913227089 0.416548479257 
125.079120501 128.175494723 1.71245932579 269.708435059 4.28001403809 13238272 0.341003997458 0.0 0.341003997458 -0.00871427096931 -1.71243715329 1.71243715329 -0.00871427096931 
153.427305052 191.551534509 1.31661963463 79.7777709961 4.20823669434 8388608 0.576871847723 0.0 0.576871847723 0.233655963536 1.29572070794 -1.29572070794 0.233655963536 
88.1564828738 150.121789253 2.32634449005 44.5899963379 4.02600765228 18743552 0.184778716957 0.0 0.184778716957 1.65670303881 1.63316065578 -1.63316065578 1.65670303881 
83.9042130921 138.378175867 2.20177602768 181.222305298 3.92119979858 14745856 0.206278384795 0.0 0.206278384795 -2.20127502414 -0.0469674799202 0.0469674799202 -2.20127502414 
79.885304659 143.792949534 2.12852978706 179.983276367 3.85527896881 12321024 0.220719414632 0.0 0.220719414632 -2.12852969639 0.000621280491973 -0.000621280491973 -2.12852969639 
145.451692602 197.356859968 1.46396660805 82.6897583008 3.78534698486 8388608 0.466592397402 0.0 0.466592397402 0.186277906013 1.45206706843 -1.45206706843 0.186277906013 
57.7990404426 213.080071124 1.32865452766 82.2436218262 3.69773864746 8388608 0.566468619494 0.0 0.566468619494 0.179316852968 1.31649850745 -1.31649850745 0.179316852968 
158.209955255 181.823583186 1.27768158913 11.2333679199 3.67197418213 8388608 0.612568593008 0.0 0.612568593008 1.25320360015 0.248899537494 -0.248899537494 1.25320360015 
40.958860853 39.8473438184 1.72105562687 114.492431641 3.54901504517 13631488 0.337606022171 0.0 0.337606022171 -0.713503262751 1.56618822778 -1.56618822778 -0.713503262751 
134.253915651 37.8605917243 1.2656891346 358.069244385 3.54878234863 8388608 0.624231810409 0.0 0.624231810409 1.26497057084 -0.0426431745937 0.0426431745937 1.26497057084 
137.306059101 16.7493617746 1.62915849686 352.140899658 3.542552948 9633792 0.376767405366 0.0 0.376767405366 1.61385633799 -0.222766981839 0.222766981839 1.61385633799 
142.07001195 25.8315940691 2.41943597794 358.685638428 3.54191207886 21561600 0.170832985614 0.0 0.170832985614 2.418799403 -0.0554968411555 0.0554968411555 2.418799403 
142.13415162 39.3046909782 2.81627321243 356.754882812 3.53898239136 15860224 0.126081228375 0.0 0.126081228375 2.81175731371 -0.159422758327 0.159422758327 2.81175731371 
150.29496751 65.8023567333 1.77800965309 315.734130859 3.44020462036 15990784 0.316323728497 0.0 0.316323728497 1.273248092 -1.24103087097 1.24103087097 1.273248092 
81.630355546 155.415575893 1.40927672386 168.471298218 3.40399074554 8388608 0.503509236724 0.0 0.503509236724 -1.38084415752 0.281656345671 -0.281656345671 -1.38084415752 
100.368466794 138.400160286 1.71093058586 49.8748168945 3.33395004272 13172736 0.341613653195 0.0 0.341613653195 1.10262593525 1.3082429119 -1.3082429119 1.10262593525 
97.7492321084 144.362511983 1.25898253918 53.6554260254 3.23728370667 8388608 0.630900085348 0.0 0.630900085348 0.74612338893 1.014069486 -1.014069486 0.74612338893 
109.43051536 120.218557546 1.30397713184 331.902252197 1.67078018188 8388608 0.588112011874 0.0 0.588112011874 1.15029740247 -0.614143506224 0.614143506224 1.15029740247 
