13
61
172.409539413 134.250282438 1.26159989834 129.131806994 30.2169837952 8388608 0.628285026158 0.0 0.628285026158 -0.796203924146 0.978618217008 -0.978618217008 -0.796203924146 
223.880279423 46.7815925183 2.20332241058 118.571521466 29.8891487122 14811392 0.20598893698 0.0 0.20598893698 -1.05375084629 1.93500356561 -1.93500356561 -1.05375084629 
177.603255576 81.5685929136 2.23716759682 116.187766298 29.8287658691 15859968 0.199803439121 0.0 0.199803439121 -0.987293965999 2.00752820178 -2.00752820178 -0.987293965999 
68.5403093575 106.791806075 1.36335802078 125.731651695 28.5241470337 8388608 0.537997385363 0.0 0.537997385363 -0.796187094146 1.10672092415 -1.10672092415 -0.796187094146 
177.396215371 132.180621553 1.41197097301 128.364821569 27.9200820923 8388608 0.501589530039 0.0 0.501589530039 -0.876363070001 1.10709069103 -1.10709069103 -0.876363070001 
95.0533266626 103.050583127 2.04790067673 133.600876753 23.9388389587 9502976 0.238441706285 0.0 0.238441706285 -1.41229502383 1.48301043402 -1.48301043402 -1.41229502383 
215.629303234 53.2034811268 2.82530879974 116.049677376 23.3865337372 16056832 0.125276080076 0.0 0.125276080076 -1.24073511297 2.53829592312 -2.53829592312 -1.24073511297 
75.0096367348 104.7709075 1.33695209026 126.324919959 23.0537414551 8388608 0.559459059411 0.0 0.559459059411 -0.791961819373 1.07714315126 -1.07714315126 -0.791961819373 
86.0634953621 103.339603414 1.98669111729 130.495522786 21.5925159454 23986176 0.253360729011 0.0 0.253360729011 -1.29013461615 1.51079259586 -1.51079259586 -1.29013461615 
81.8360425414 110.118117703 4.53994750977 132.97680789 21.4081344604 16974081 0.0485174913084 0.0 0.0485174913084 -3.09489251313 3.32156043503 -3.32156043503 -3.09489251313 
211.605455804 51.9373198109 1.41083109379 110.077212423 20.420173645 8388608 0.50240037474 0.0 0.50240037474 -0.484318806226 1.32509609808 -1.32509609808 -0.484318806226 
228.396806925 39.7955339099 1.46236431599 119.645507953 16.2925186157 8388608 0.467615435044 0.0 0.467615435044 -0.723332652679 1.27094424199 -1.27094424199 -0.723332652679 
78.796300161 127.937798221 2.76698923111 157.416455866 14.8170661926 14549504 0.130612596239 0.0 0.130612596239 -2.5548180246 1.06260729636 -1.06260729636 -2.5548180246 
222.930515652 72.6086880814 1.52398169041 128.255509234 12.0518798828 8388608 0.43056676241 0.0 0.43056676241 -0.9436029173 1.1967178979 -1.1967178979 -0.9436029173 
97.1909847309 114.968741548 2.38846755028 133.91430257 12.0369033813 20644096 0.175291682419 0.0 0.175291682419 -1.65659732574 1.72059947085 -1.72059947085 -1.65659732574 
214.236426872 84.6491772491 2.30956506729 126.512280541 11.6947727203 18219264 0.187473374092 0.0 0.187473374092 -1.37417982529 1.856265231 -1.856265231 -1.37417982529 
218.431254075 79.3243816457 2.33891534805 128.468025335 11.0769271851 19136768 0.182797811731 0.0 0.182797811731 -1.45498730222 1.83126648954 -1.83126648954 -1.45498730222 
234.660750729 83.0221050606 1.25811994076 127.488954741 10.7668762207 8388608 0.631765503599 0.0 0.631765503599 -0.765702462427 0.998281285192 -0.998281285192 -0.765702462427 
78.7247695293 114.107326308 2.24220657349 134.2169597 10.6115150452 16056576 0.198906399955 0.0 0.198906399955 -1.56366392079 1.60699889889 -1.60699889889 -1.56366392079 
206.102545661 91.939070139 2.48404788971 127.509746023 10.4155216217 23462144 0.162061581006 0.0 0.162061581006 -1.51252774235 1.97047043799 -1.97047043799 -1.51252774235 
133.014193936 117.474335738 1.96846854687 128.397964624 9.66311264038 23330816 0.258073279298 0.0 0.258073279298 -1.22265506562 1.54271935573 -1.54271935573 -1.22265506562 
230.637242639 89.0172872366 1.39927196503 125.743774525 9.59385299683 8388608 0.510735133573 0.0 0.510735133573 -0.81740078284 1.13570154192 -1.13570154192 -0.81740078284 
88.7207883727 115.725825548 1.59255611897 129.932907204 9.33935165405 8388608 0.394285231114 0.0 0.394285231114 -1.02224606801 1.22116664239 -1.22116664239 -1.02224606801 
238.997753131 73.6941012511 2.80185198784 127.856960043 9.11988449097 15467008 0.127382456994 0.0 0.127382456994 -1.71947492228 2.21218908627 -2.21218908627 -1.71947492228 
171.096171591 109.168151296 1.55578386784 124.984872438 8.59690666199 8388608 0.413144021125 0.0 0.413144021125 -0.892024454892 1.27465909768 -1.27465909768 -0.892024454892 
242.585549805 65.2012994549 1.66209197044 126.206513069 8.27084350586 11141120 0.361984435396 0.0 0.361984435396 -0.98179339654 1.34113065908 -1.34113065908 -0.98179339654 
237.346747046 78.4107410308 1.0906869173 127.630192456 8.24975585938 8388608 0.840620142857 0.0 0.840620142857 -0.665932620765 0.863789150303 -0.863789150303 -0.665932620765 
67.2381282694 141.597985152 1.35129702091 139.162570568 8.19750976562 8388608 0.547644034651 0.0 0.547644034651 -1.02234813337 0.883633370195 -0.883633370195 -1.02234813337 
59.0956234146 136.351554833 1.4956612587 140.386141501 7.52653503418 8388608 0.447026748944 0.0 0.447026748944 -1.152196175 0.95364908383 -0.95364908383 -1.152196175 
145.073532831 116.067684491 1.89463949203 125.983882496 7.47671318054 20578304 0.278578008213 0.0 0.278578008213 -1.11320992699 1.53310875779 -1.53310875779 -1.11320992699 
127.034189488 128.348628531 2.20333790779 133.747998941 7.25779342651 14811392 0.205986039338 0.0 0.205986039338 -1.52358134145 1.59166511299 -1.59166511299 -1.52358134145 
172.675286208 120.496422186 2.35641479492 115.327702601 7.16501808167 19661056 0.180092869673 0.0 0.180092869673 -1.00806232292 2.12990634508 -2.12990634508 -1.00806232292 
192.97284073 91.363046422 1.75683546066 128.88802025 6.67399406433 15138816 0.323994637625 0.0 0.323994637625 -1.10294187163 1.36747580002 -1.36747580002 -1.10294187163 
126.34270958 117.995141908 1.7860866785 129.007056074 6.58017730713 16318464 0.313469244638 0.0 0.313469244638 -1.12419169919 1.3879116134 -1.3879116134 -1.12419169919 
187.361604206 96.6647936316 1.54792761803 126.954314352 6.50266265869 8388608 0.417348351178 0.0 0.417348351178 -0.930580072765 1.23697236785 -1.23697236785 -0.930580072765 
183.98564529 109.40539751 2.75057482719 123.216850229 6.34703826904 14090752 0.132176142136 0.0 0.132176142136 -1.50679043075 2.30113982143 -2.30113982143 -1.50679043075 
116.585290307 118.221224476 1.75202953815 130.53208038 6.09497451782 14942208 0.32577454908 0.0 0.32577454908 -1.13859792563 1.3316164111 -1.3316164111 -1.13859792563 
203.327753341 81.2312495218 1.79410481453 130.029826463 5.84753799438 16646144 0.310673619159 0.0 0.310673619159 -1.15394364163 1.37376350129 -1.37376350129 -1.15394364163 
212.941900198 31.9042273256 1.51960968971 125.076515881 5.71937942505 8388608 0.433047854938 0.0 0.433047854938 -0.873273894443 1.243626276 -1.243626276 -0.873273894443 
181.94934686 48.1044374262 2.28404545784 125.017453451 5.61532211304 17367296 0.191686052468 0.0 0.191686052468 -1.31064453181 1.87058134405 -1.87058134405 -1.31064453181 
146.020049892 107.480269104 1.7405115366 125.572602679 5.53601455688 14417920 0.330100504056 0.0 0.330100504056 -1.01251491302 1.4156955746 -1.4156955746 -1.01251491302 
178.194180475 59.6350059428 1.51190245152 124.895559604 5.48603057861 8388608 0.437474211981 0.0 0.437474211981 -0.864932647468 1.24005666735 -1.24005666735 -0.864932647468 
173.646567696 55.1405546129 2.29203820229 124.976839039 5.46199417114 17629440 0.190351496804 0.0 0.190351496804 -1.31390003417 1.87805905683 -1.87805905683 -1.31390003417 
189.033341136 45.0433603246 2.00471925735 125.074124121 5.41675567627 24641536 0.248824348448 0.0 0.248824348448 -1.1519832562 1.64068091908 -1.64068091908 -1.1519832562 
161.620555765 68.585441563 1.72288691998 125.003277962 4.9644317627 13697024 0.336888706373 0.0 0.336888706373 -0.988288080761 1.4112498037 -1.4112498037 -0.988288080761 
159.749938 121.53983456 1.44421255589 121.831573384 4.70429992676 8388608 0.479443866614 0.0 0.479443866614 -0.76171244526 1.22700613581 -1.22700613581 -0.76171244526 
190.820368046 134.077920652 1.66834747791 124.991968293 4.39670181274 11403264 0.359274986476 0.0 0.359274986476 -0.956733217705 1.36676437516 -1.36676437516 -0.956733217705 
224.497781362 121.143406343 2.54256153107 125.230735898 3.64674377441 8454656 0.154688153851 0.0 0.154688153851 -1.4667289567 2.07685466676 -2.07685466676 -1.4667289567 
212.090072235 124.657093684 1.26401805878 124.944706649 3.61680984497 8388608 0.62588341374 0.0 0.62588341374 -0.724011400169 1.03612216719 -1.03612216719 -0.724011400169 
241.765913417 106.759229283 2.91444444656 125.220182166 3.60396194458 18285056 0.117730350524 0.0 0.117730350524 -1.68081873873 2.38093149831 -2.38093149831 -1.68081873873 
233.849420326 115.244899914 2.90965414047 125.223472625 3.59620285034 18219520 0.11811832011 0.0 0.11811832011 -1.6781925807 2.37692172342 -2.37692172342 -1.6781925807 
204.86337338 133.264228214 1.478125453 124.936113869 3.58895111084 8388608 0.457696307746 0.0 0.457696307746 -0.846467322218 1.21175407043 -1.21175407043 -0.846467322218 
245.546627957 94.2765179834 1.68696534634 124.933987205 3.58629989624 12189696 0.351388607693 0.0 0.351388607693 -0.966010808374 1.38299501006 -1.38299501006 -0.966010808374 
248.723830842 109.939955082 3.78449440002 125.112945941 3.56906509399 20512769 0.069820710855 0.0 0.069820710855 -2.17680370376 3.09579125574 -3.09579125574 -2.17680370376 
255.343169006 76.9487300014 1.31427824497 124.952570874 3.56161499023 8388608 0.578929075564 0.0 0.578929075564 -0.752947575691 1.07721736593 -1.07721736593 -0.752947575691 
263.128817624 55.3228145568 2.63591861725 124.956016824 3.55932617188 11010560 0.143924922748 0.0 0.143924922748 -1.51024283521 2.16037810011 -2.16037810011 -1.51024283521 
211.662967307 136.070983278 2.08627939224 124.956482645 3.55914306641 10813696 0.229749758499 0.0 0.229749758499 -1.19534234758 1.70988840998 -1.70988840998 -1.19534234758 
262.82178106 66.2486111629 2.5502974987 124.951113886 3.55527114868 8651264 0.153751127799 0.0 0.153751127799 -1.46100756503 2.09032873654 -2.09032873654 -1.46100756503 
255.491536908 61.1371987368 1.26851344109 124.951465353 3.55472946167 8388608 0.621455238656 0.0 0.621455238656 -0.72670894292 1.03972133887 -1.03972133887 -0.72670894292 
255.306935159 71.9490435677 1.33831691742 124.967526904 3.55054855347 8388608 0.558318558888 0.0 0.558318558888 -0.767005591753 1.0967199249 -1.0967199249 -0.767005591753 
216.99686651 67.6679440065 1.32156670094 128.010364059 0.984789848328 8388608 0.57256108252 0.0 0.57256108252 -0.813826068786 1.04126157846 -1.04126157846 -0.813826068786 
