13
178
298.68614092 23.6640651177 2.28111028671 73.9389343262 78.1283493042 17301760 0.192179665905 0.0 0.192179665905 0.631095870269 2.19207256784 -2.19207256784 0.631095870269 
101.858794882 42.454618525 4.02167892456 23.2149963379 74.9919967651 24903681 0.0618280016048 0.0 0.0618280016048 3.69605242652 1.58527531762 -1.58527531762 3.69605242652 
96.1358901806 24.3166817628 1.44743692875 63.526763916 61.4558334351 8388608 0.477310186177 0.0 0.477310186177 0.645238034733 1.29566258773 -1.29566258773 0.645238034733 
253.138280999 51.3800715169 2.16108775139 333.236114502 59.773399353 13369600 0.214118995002 0.0 0.214118995002 1.92957006808 -0.973169883208 0.973169883208 1.92957006808 
268.287701435 88.8468831241 3.36565899849 139.506668091 57.0208015442 11993089 0.0882794819389 0.0 0.0882794819389 -2.55952154941 2.18552280524 -2.18552280524 -2.55952154941 
106.968274169 26.5188463964 2.45349407196 41.7797546387 56.3197097778 22544640 0.166123079801 0.0 0.166123079801 1.82959867398 1.63468708117 -1.63468708117 1.82959867398 
60.9013093182 55.4871809006 2.36213707924 3.77304077148 52.5096206665 19792128 0.179221375494 0.0 0.179221375494 2.35701724519 0.155439013805 -0.155439013805 2.35701724519 
302.030193361 98.3212363205 2.71915149689 61.6065673828 51.8209838867 13304320 0.135248728294 0.0 0.135248728294 1.29302010637 2.3920459585 -2.3920459585 1.29302010637 
79.7102131229 110.163437272 2.88807487488 318.105133057 51.2539901733 17629696 0.1198900395 0.0 0.1198900395 2.14980026144 -1.92855783393 1.92855783393 2.14980026144 
253.370042023 76.8380281043 1.78315556049 118.999298096 50.5125541687 16187392 0.314500641489 0.0 0.314500641489 -0.864471864323 1.55959358447 -1.55959358447 -0.864471864323 
247.280368364 59.7798242534 1.27977561951 210.883422852 47.39818573 8388608 0.610565604693 0.0 0.610565604693 -1.09832065035 -0.65689982897 0.65689982897 -1.09832065035 
229.196000527 27.0492429341 3.47852563858 116.964355469 45.7458992004 14417921 0.0826436676687 0.0 0.0826436676687 -1.57728911289 3.10037089275 -3.10037089275 -1.57728911289 
235.342326346 68.8737717131 1.39177453518 116.347579956 45.1418113708 8388608 0.516252571359 0.0 0.516252571359 -0.617691117349 1.24719446772 -1.24719446772 -0.617691117349 
70.6588075921 98.3955443908 4.71688318253 311.466369629 43.7337532043 19726593 0.0449458666098 0.0 0.0449458666098 3.12342724596 -3.53457058167 3.53457058167 3.12342724596 
264.511461702 34.7828210737 2.42844223976 48.9651489258 43.5107879639 21823744 0.169568213026 0.0 0.169568213026 1.5943159738 1.83179919411 -1.83179919411 1.5943159738 
306.712947964 116.327600771 1.15476572514 111.766952515 43.2941398621 8388608 0.749915327089 0.0 0.749915327089 -0.428224354584 1.07243078196 -1.07243078196 -0.428224354584 
58.3950832829 97.5837945253 3.34562826157 125.781539917 41.3462371826 11599873 0.0893397292089 0.0 0.0893397292089 -1.95617656141 2.71414843462 -2.71414843462 -1.95617656141 
246.071722899 63.7885644584 1.76722216606 208.082260132 40.3606758118 15532032 0.32019732514 0.0 0.32019732514 -1.55917179775 -0.83189992747 0.83189992747 -1.55917179775 
137.400494805 29.7569661994 2.79628276825 332.257537842 38.8083496094 15335936 0.127890365094 0.0 0.127890365094 2.47484694933 -1.30166427984 1.30166427984 2.47484694933 
242.896969542 123.749649296 2.0820953846 18.6983642578 38.5042114258 10682624 0.230674058704 0.0 0.230674058704 1.97220120459 0.667490523669 -0.667490523669 1.97220120459 
232.361495582 140.361028877 1.34569859505 33.1352233887 36.115940094 8388608 0.552210171628 0.0 0.552210171628 1.12686490384 0.735581536742 -0.735581536742 1.12686490384 
124.460945856 36.7359416534 2.80164670944 349.529602051 36.0754852295 15467008 0.127401124462 0.0 0.127401124462 2.7549962909 -0.509136250562 0.509136250562 2.7549962909 
80.5242061776 120.836307755 1.40968859196 153.331787109 35.4861602783 8388608 0.503215059561 0.0 0.503215059561 -1.25972666441 0.632701080503 -0.632701080503 -1.25972666441 
265.861206375 127.266891866 1.66099846363 180.815811157 32.7567710876 11075584 0.362461212168 0.0 0.362461212168 -1.66083009316 -0.0236494782653 0.0236494782653 -1.66083009316 
180.056244934 71.9291738486 1.19350910187 130.101165771 32.3627319336 8388608 0.702018455138 0.0 0.702018455138 -0.768785989882 0.912925012255 -0.912925012255 -0.768785989882 
265.315062146 118.663899886 1.83306622505 180.170562744 31.9655704498 18219008 0.297607374906 0.0 0.297607374906 -1.8330581029 -0.00545681281265 0.00545681281265 -1.8330581029 
267.337321941 101.896589771 1.93184006214 215.212768555 31.2632026672 22020096 0.267952407664 0.0 0.267952407664 -1.57834504809 -1.11392680858 1.11392680858 -1.57834504809 
277.629174641 130.284088419 2.66241335869 54.1656188965 30.8840179443 11796992 0.141074666611 0.0 0.141074666611 1.558694617 2.15845221941 -2.15845221941 1.558694617 
62.8647117887 43.8312687884 1.70460164547 11.9440307617 30.5982475281 12910592 0.344155087023 0.0 0.344155087023 1.66769741536 0.352777692824 -0.352777692824 1.66769741536 
120.422914667 16.6719794016 1.38503837585 47.2360534668 30.5613594055 8388608 0.521286390234 0.0 0.521286390234 0.940412620997 1.01683597736 -1.01683597736 0.940412620997 
188.942131762 77.0689983728 3.27188014984 129.480560303 30.0103664398 9961473 0.0934125496609 0.0 0.0934125496609 -2.08031499821 2.52536912612 -2.52536912612 -2.08031499821 
222.768527774 62.8686949104 1.4880822897 119.716918945 29.7269306183 8388608 0.45159185886 0.0 0.45159185886 -0.737664929732 1.29237740322 -1.29237740322 -0.737664929732 
62.7960823789 44.9811935584 2.61810851097 7.34893798828 29.5745296478 10551808 0.145889728143 0.0 0.145889728143 2.59660219271 0.334886888407 -0.334886888407 2.59660219271 
235.064768177 105.649985954 1.6655806303 129.392150879 29.4867610931 11272192 0.360469626688 0.0 0.360469626688 -1.05701852147 1.28719488862 -1.28719488862 -1.05701852147 
88.7373138447 21.4282765934 1.36421966553 49.4225769043 29.3024406433 8388608 0.537317998842 0.0 0.537317998842 0.887390763042 1.03616259799 -1.03616259799 0.887390763042 
261.871573205 106.441172894 2.02072381973 227.755157471 28.7202091217 8519936 0.244898473632 0.0 0.244898473632 -1.3585329758 -1.49589869621 1.49589869621 -1.3585329758 
216.876973061 57.6060202173 1.72235023975 124.26373291 26.2167320251 13697024 0.337098686516 0.0 0.337098686516 -0.969688407623 1.4234446742 -1.4234446742 -0.969688407623 
214.672972596 21.3187310308 2.16819524765 124.970031738 25.9822940826 13631744 0.21271750167 0.0 0.21271750167 -1.24269656309 1.77673179856 -1.77673179856 -1.24269656309 
234.213926138 72.8271480051 5.69522619247 131.016876221 25.8867454529 16646657 0.0308303209236 0.0 0.0308303209236 -3.73767043189 4.29714104097 -4.29714104097 -3.73767043189 
235.064538114 33.8403297447 1.31518065929 119.877380371 25.1141662598 8388608 0.578134881016 0.0 0.578134881016 -0.655151276282 1.14038457187 -1.14038457187 -0.655151276282 
215.480989023 57.8348593563 6.32260036469 120.298919678 24.5994377136 24183297 0.0250154624504 0.0 0.0250154624504 -3.18982360912 5.4589651688 -5.4589651688 -3.18982360912 
284.984249835 28.2428709916 3.28108549118 69.8985290527 23.4909591675 10158081 0.0928891325437 0.0 0.0928891325437 1.12765594194 3.08121957625 -3.08121957625 1.12765594194 
297.976301234 117.250670639 1.53423249722 69.7953491211 23.2086601257 8388608 0.42483241377 0.0 0.42483241377 0.529884594887 1.43982348627 -1.43982348627 0.529884594887 
278.290502601 101.125602575 1.56221163273 205.817733765 22.9330596924 8388608 0.409751229364 0.0 0.409751229364 -1.40627794573 -0.680358379664 0.680358379664 -1.40627794573 
152.502639217 44.9782495148 1.47135770321 309.919464111 21.8061237335 8388608 0.46191648885 0.0 0.46191648885 0.944185261292 -1.12845366903 1.12845366903 0.944185261292 
113.368923487 18.0072976485 1.25793981552 60.6668701172 21.6890277863 8388608 0.631946442395 0.0 0.631946442395 0.6162478877 1.09665451277 -1.09665451277 0.6162478877 
259.82212587 62.0949236583 2.21161437035 31.208190918 21.5842266083 15073536 0.204447212511 0.0 0.204447212511 1.89157208622 1.14594640615 -1.14594640615 1.89157208622 
300.24277623 109.243138995 1.46676397324 127.961853027 21.5094566345 8388608 0.464814354434 0.0 0.464814354434 -0.902260334064 1.15642675633 -1.15642675633 -0.902260334064 
253.053186094 31.7042134269 2.33567285538 125.336273193 21.1445922852 19005696 0.183305701341 0.0 0.183305701341 -1.35089290602 1.90537556503 -1.90537556503 -1.35089290602 
48.9763189529 77.8140146529 4.03561878204 231.656402588 19.7319927216 8454401 0.0614016060343 0.0 0.0614016060343 -2.50360104997 -3.16515414105 3.16515414105 -2.50360104997 
272.298262281 111.778810523 1.72861540318 211.567504883 19.3046474457 13959168 0.334659565532 0.0 0.334659565532 -1.47282176545 -0.90493494756 0.90493494756 -1.47282176545 
236.240172276 60.486871577 1.78366994858 202.808258057 18.848400116 16187392 0.314319271549 0.0 0.314319271549 -1.64419996028 -0.691436892339 0.691436892339 -1.64419996028 
42.5231470969 52.1467774995 1.33171272278 257.495483398 18.4206771851 8388608 0.56386988721 0.0 0.56386988721 -0.288337876632 -1.30012308837 1.30012308837 -0.288337876632 
64.1234702049 73.8784746211 4.15032625198 335.606658936 18.1815338135 10420481 0.058054451367 0.0 0.058054451367 3.77983354107 -1.71407887791 1.71407887791 3.77983354107 
236.56670443 117.483778859 1.52221393585 228.219787598 16.309053421 8388608 0.431567381696 0.0 0.431567381696 -1.01421305032 -1.13512429058 1.13512429058 -1.01421305032 
161.72308483 95.9252687376 1.33006215096 130.913772583 16.3060646057 8388608 0.565270250703 0.0 0.565270250703 -0.871087608481 1.00512273069 -1.00512273069 -0.871087608481 
37.5311611706 54.3273535739 1.24515378475 254.046310425 16.2434997559 8388608 0.644991533677 0.0 0.644991533677 -0.342243352111 -1.19719565469 1.19719565469 -0.342243352111 
189.730391403 117.613986704 3.15644097328 100.902709961 15.5214061737 24052224 0.100370169019 0.0 0.100370169019 -0.597015202545 3.09946648082 -3.09946648082 -0.597015202545 
114.805035076 32.7655566335 1.50218951702 163.974319458 14.8935852051 8388608 0.443149788237 0.0 0.443149788237 -1.44381151208 0.414706718816 -0.414706718816 -1.44381151208 
246.426727674 42.7278929598 1.26202178001 159.595611572 14.6350212097 8388608 0.627865037153 0.0 0.627865037153 -1.18283658782 0.439996113341 -0.439996113341 -1.18283658782 
213.817954153 125.923827985 2.60810089111 127.392883301 14.5456466675 10289664 0.147011471605 0.0 0.147011471605 -1.58384010458 2.07211022423 -2.07211022423 -1.58384010458 
76.2194023115 27.7528729826 1.27238225937 69.5943603516 14.4762325287 8388608 0.617681778115 0.0 0.617681778115 0.443634273238 1.19253731412 -1.19253731412 0.443634273238 
101.908207017 82.985568921 1.31517136097 332.372406006 14.4044456482 8388608 0.578143055928 0.0 0.578143055928 1.16521598308 -0.609874922816 0.609874922816 1.16521598308 
291.20912134 119.022501692 1.43184554577 48.5423583984 14.3479328156 8388608 0.487761653578 0.0 0.487761653578 0.947976495197 1.07309003886 -1.07309003886 0.947976495197 
179.756259366 29.0867011899 1.34434592724 130.332824707 14.2351150513 8388608 0.553321987714 0.0 0.553321987714 -0.870096451011 1.02479175349 -1.02479175349 -0.870096451011 
119.650322987 50.7432610107 2.35804533958 150.5987854 14.0622901917 19726592 0.179843894019 0.0 0.179843894019 -2.05433712751 1.15761685806 -1.15761685806 -2.05433712751 
262.99435677 53.3138414012 1.30547904968 303.699401855 13.4264698029 8388608 0.586759576814 0.0 0.586759576814 0.724326437401 -1.08610623847 1.08610623847 0.724326437401 
97.7627011664 95.4955649173 1.92140114307 168.082550049 11.8450012207 21626880 0.270871872849 0.0 0.270871872849 -1.87998752868 0.396773543234 -0.396773543234 -1.87998752868 
201.042225847 28.8431018949 3.36509513855 315.941009521 11.8326778412 11993089 0.0883090688787 0.0 0.0883090688787 2.41823884956 -2.34008251093 2.34008251093 2.41823884956 
144.460406431 98.6466277936 3.12561583519 139.326568604 11.607509613 23396864 0.102359652552 0.0 0.102359652552 -2.37058156876 2.03711005472 -2.03711005472 -2.37058156876 
60.9708111099 114.938146533 4.26445865631 151.380432129 11.5967712402 12386561 0.0549885393037 0.0 0.0549885393037 -3.74342470778 2.04264022495 -2.04264022495 -3.74342470778 
237.035105071 50.1255629478 3.35025334358 185.687469482 11.5925312042 11665409 0.089093229428 0.0 0.089093229428 -3.33376094181 -0.332017242128 0.332017242128 -3.33376094181 
257.131633848 67.9315715313 1.48916244507 26.9034118652 11.5886497498 8388608 0.450936977364 0.0 0.450936977364 1.32799126676 0.673827858746 -0.673827858746 1.32799126676 
213.079268457 63.7472637776 1.48683130741 122.368759155 11.4297008514 8388608 0.452352094501 0.0 0.452352094501 -0.795999436464 1.25580740317 -1.25580740317 -0.795999436464 
31.0164706175 31.5253466129 1.64658176899 67.2568054199 11.24061203 10420224 0.36883607759 0.0 0.36883607759 0.636570854415 1.51855492798 -1.51855492798 0.636570854415 
25.8722295928 99.8619003455 2.36732006073 246.494949341 11.0724849701 19988736 0.178437464417 0.0 0.178437464417 -0.944158039189 -2.17089149129 2.17089149129 -0.944158039189 
182.184731911 90.9719742508 3.49670386314 127.607131958 11.0015277863 14745601 0.0817866261892 0.0 0.0817866261892 -2.13384178417 2.7701366657 -2.7701366657 -2.13384178417 
136.143477136 87.4824927616 2.63720393181 143.186981201 10.7521190643 11076096 0.143784665321 0.0 0.143784665321 -2.11133291365 1.58022716901 -1.58022716901 -2.11133291365 
49.3154725212 107.564507153 1.6814545393 165.581451416 10.6563243866 11927552 0.353695667452 0.0 0.353695667452 -1.62849309484 0.418687959941 -0.418687959941 -1.62849309484 
58.601266219 75.3197592022 1.22109639645 100.405792236 10.6469326019 8388608 0.670656442344 0.0 0.670656442344 -0.220552693633 1.20101328833 -1.20101328833 -0.220552693633 
276.893346822 52.1228761394 2.07808947563 281.983947754 10.5331830978 10551552 0.231564251297 0.0 0.231564251297 0.431489595224 -2.03279920256 2.03279920256 0.431489595224 
132.577075865 77.3256872888 2.57183051109 142.803359985 10.4624385834 9241088 0.151187300073 0.0 0.151187300073 -2.0486311279 1.55480631578 -1.55480631578 -2.0486311279 
174.154779423 25.6930010639 1.40248286724 130.691009521 10.4408168793 8388608 0.508399214385 0.0 0.508399214385 -0.914389986438 1.06341391076 -1.06341391076 -0.914389986438 
50.3898549283 112.303937986 1.99118542671 163.288146973 10.2953414917 24182784 0.252218297536 0.0 0.252218297536 -1.90708378126 0.572582618311 -0.572582618311 -1.90708378126 
190.691446051 57.2353388169 3.53970599174 301.501159668 10.2644233704 15663105 0.0798115266251 0.0 0.0798115266251 1.84955238615 -3.0180580642 3.0180580642 1.84955238615 
157.915795298 111.543454733 3.16417074203 127.410827637 10.1424827576 24248832 0.0998803784171 0.0 0.0998803784171 -1.92231585403 2.51330026899 -2.51330026899 -1.92231585403 
125.471727084 86.9874287053 1.45061063766 139.133087158 9.93109893799 8388608 0.475223911012 0.0 0.475223911012 -1.09699737538 0.949140653707 -0.949140653707 -1.09699737538 
229.432481644 122.897753524 1.75574207306 228.625457764 9.77848148346 15073280 0.324398298312 0.0 0.324398298312 -1.16050777827 -1.31751733335 1.31751733335 -1.16050777827 
177.570306971 116.651657961 1.7208917141 120.583877563 9.72656440735 13631488 0.337670338332 0.0 0.337670338332 -0.875588313213 1.48149026234 -1.48149026234 -0.875588313213 
233.473403136 50.0721939338 1.48899006844 127.4243927 9.63884735107 8388608 0.451041391086 0.0 0.451041391086 -0.904880100228 1.18249035011 -1.18249035011 -0.904880100228 
181.158730316 38.5393285248 1.4344265461 114.415252686 9.59659385681 8388608 0.486007948734 0.0 0.486007948734 -0.592915691375 1.3061510246 -1.3061510246 -0.592915691375 
119.755458698 63.3471348933 1.24208116531 154.498062134 9.54472923279 8388608 0.648186598302 0.0 0.648186598302 -1.12106609543 0.534767641971 -0.534767641971 -1.12106609543 
140.996846283 97.8521138688 1.43568336964 133.432220459 9.52424240112 8388608 0.485157400655 0.0 0.485157400655 -0.987026564783 1.04257627935 -1.04257627935 -0.987026564783 
128.022960467 12.5910713701 1.41139006615 12.0980834961 9.37495708466 8388608 0.502002508383 0.0 0.502002508383 1.38004344253 0.295807396036 -0.295807396036 1.38004344253 
223.436906042 42.8841889734 3.05270338058 113.21546936 9.05912590027 21627392 0.107307674873 0.0 0.107307674873 -1.20334530967 2.80552276689 -2.80552276689 -1.20334530967 
170.037189068 111.167818429 1.52183413506 120.778518677 8.99218940735 8388608 0.43178281922 0.0 0.43178281922 -0.778754162495 1.30748655405 -1.30748655405 -0.778754162495 
140.746749233 138.642079596 1.28838384151 47.5169067383 8.82587432861 8388608 0.602433981577 0.0 0.602433981577 0.870139175378 0.950153007967 -0.950153007967 0.870139175378 
153.101977408 110.49130034 1.66884720325 124.042816162 8.76846885681 11403264 0.359059853617 0.0 0.359059853617 -0.934241146083 1.382839278 -1.382839278 -0.934241146083 
120.61883599 75.2527399424 1.47978997231 150.885559082 8.60639572144 8388608 0.456667221346 0.0 0.456667221346 -1.29281794484 0.720000085852 -0.720000085852 -1.29281794484 
229.032469558 45.204662963 1.31514084339 119.646774292 8.59620475769 8388608 0.578169887625 0.0 0.578169887625 -0.650536427045 1.14297760041 -1.14297760041 -0.650536427045 
214.485026461 132.517784254 1.75864994526 132.839675903 8.56246948242 15204352 0.3233264205 0.0 0.3233264205 -1.1957926779 1.28954623858 -1.28954623858 -1.1957926779 
101.483888397 102.465231182 1.74090790749 180.186462402 8.53116893768 14483456 0.329950206233 0.0 0.329950206233 -1.74089868851 -0.00566557084047 0.00566557084047 -1.74089868851 
214.026620797 36.3592920498 3.16589522362 118.748443604 8.4854259491 24314368 0.0997715972034 0.0 0.0997715972034 -1.52268464782 2.77566641191 -2.77566641191 -1.52268464782 
204.757077988 60.6846212428 2.11715531349 127.573852539 8.40854072571 11927808 0.223097427409 0.0 0.223097427409 -1.2910064441 1.67798956574 -1.67798956574 -1.2910064441 
178.962148509 82.6630481494 2.03302526474 126.303253174 8.39659309387 8978688 0.241943772763 0.0 0.241943772763 -1.20367077779 1.63840421929 -1.63840421929 -1.20367077779 
176.73847279 34.2009012675 1.27107667923 137.801589966 8.20760154724 8388608 0.618951327367 0.0 0.618951327367 -0.941643139144 0.853782245648 -0.853782245648 -0.941643139144 
57.0492300202 67.9786540062 1.49471008778 55.5722351074 8.18573188782 8388608 0.447595868183 0.0 0.447595868183 0.845059426113 1.23289610788 -1.23289610788 0.845059426113 
146.633805974 103.48710374 1.68102324009 134.076156616 8.01304626465 11927552 0.353877185742 0.0 0.353877185742 -1.16934311737 1.20767371735 -1.20767371735 -1.16934311737 
214.841512558 139.473111959 1.32688784599 276.69631958 7.91074371338 8388608 0.567978070299 0.0 0.567978070299 0.154724331577 -1.31783600537 1.31783600537 0.154724331577 
265.264041984 44.5429648395 1.62894260883 342.396087646 7.81272220612 9633792 0.376867279923 0.0 0.376867279923 1.55265925694 -0.492649220751 0.492649220751 1.55265925694 
172.617752544 31.7262661525 1.30251276493 129.896514893 7.79803657532 8388608 0.589435140381 0.0 0.589435140381 -0.835435551116 0.999293221602 -0.999293221602 -0.835435551116 
314.644843644 113.115075697 1.34645009041 348.588500977 7.74142599106 8388608 0.551593932559 0.0 0.551593932559 1.31983277278 -0.266400634107 0.266400634107 1.31983277278 
143.438574988 109.568100807 1.33655655384 138.449081421 7.69718933105 8388608 0.559790237583 0.0 0.559790237583 -1.00023422611 0.886518423122 -0.886518423122 -1.00023422611 
161.260009811 17.4358100838 1.28848958015 112.768844604 7.69073677063 8388608 0.602335109321 0.0 0.602335109321 -0.498663832334 1.18808239634 -1.18808239634 -0.498663832334 
152.219830163 55.2795566295 1.96474444866 138.485321045 7.54508781433 23199744 0.259052542624 0.0 0.259052542624 -1.47117301009 1.30225601282 -1.30225601282 -1.47117301009 
81.6485177762 36.2002281662 1.34455966949 173.358062744 7.44129943848 8388608 0.553146080475 0.0 0.553146080475 -1.33553548523 0.155517434759 -0.155517434759 -1.33553548523 
197.833455989 55.0663319928 2.05213093758 127.926101685 7.43795013428 9634048 0.237459672479 0.0 0.237459672479 -1.2613312234 1.61872941835 -1.61872941835 -1.2613312234 
54.6729102217 37.1444406362 1.68003296852 247.359588623 7.16798210144 11862016 0.354294484451 0.0 0.354294484451 -0.646722605949 -1.55056784639 1.55056784639 -0.646722605949 
30.7853003406 88.4330210086 1.45677399635 248.668685913 7.02293586731 8388608 0.471211237208 0.0 0.471211237208 -0.529916658196 -1.35697413823 1.35697413823 -0.529916658196 
108.954878782 96.4752197876 1.34138739109 319.875793457 7.01248168945 8388608 0.555765470342 0.0 0.555765470342 1.02569079658 -0.864452730224 0.864452730224 1.02569079658 
142.990272768 15.0136211834 1.37158679962 110.353469849 7.00107765198 8388608 0.531561363211 0.0 0.531561363211 -0.477052649497 1.28595144485 -1.28595144485 -0.477052649497 
15.7315677904 132.417193901 1.38234603405 157.595993042 6.97065162659 8388608 0.523318946278 0.0 0.523318946278 -1.2780057002 0.526860501561 -0.526860501561 -1.2780057002 
19.322419212 39.0106885396 1.34288930893 235.508514404 6.94270896912 8388608 0.554523004136 0.0 0.554523004136 -0.760456409679 -1.10682326729 1.10682326729 -0.760456409679 
17.4810822768 108.264547906 1.30295407772 179.904006958 6.77710151672 8388608 0.589035922607 0.0 0.589035922607 -1.30295224906 0.00218296125904 -0.00218296125904 -1.30295224906 
141.323480993 43.1172413201 1.38443398476 133.232086182 6.60136604309 8388608 0.521741637113 0.0 0.521741637113 -0.948275295588 1.00867805663 -1.00867805663 -0.948275295588 
303.704327184 49.9300225233 1.63737034798 259.399078369 6.56713867188 10027008 0.372997703136 0.0 0.372997703136 -0.301222375387 -1.60942434957 1.60942434957 -0.301222375387 
27.622053168 82.473113208 1.35536313057 73.651184082 6.44910812378 8388608 0.544363082912 0.0 0.544363082912 0.381513522859 1.3005601284 -1.3005601284 0.381513522859 
14.6461303657 42.8994328546 1.55591917038 219.100463867 6.31232833862 8388608 0.413072170341 0.0 0.413072170341 -1.20745753736 -0.981290354697 0.981290354697 -1.20745753736 
12.5159954325 48.0524387618 1.28773212433 229.897567749 6.09811019897 8388608 0.603043915775 0.0 0.603043915775 -0.82950050395 -0.984978648487 0.984978648487 -0.82950050395 
15.317281487 115.268693786 1.34822368622 177.971511841 6.01268196106 8388608 0.550143637308 0.0 0.550143637308 -1.34737882323 0.0477222671187 -0.0477222671187 -1.34737882323 
203.601633154 105.241607356 1.49035418034 74.0062561035 5.92029190063 8388608 0.450216098198 0.0 0.450216098198 0.410640855796 1.43266523319 -1.43266523319 0.410640855796 
229.774977439 111.615074554 1.55234897137 129.287277222 5.86274147034 8388608 0.414974378861 0.0 0.414974378861 -0.982961374601 1.20148835406 -1.20148835406 -0.982961374601 
40.0301311297 85.2567145275 1.42223834991 248.795135498 5.85137939453 8388608 0.494373553383 0.0 0.494373553383 -0.514428908345 -1.32594299358 1.32594299358 -0.514428908345 
166.291999133 125.368779966 1.57598865032 124.875015259 5.84449577332 8388608 0.402618594954 0.0 0.402618594954 -0.901131680041 1.29294312372 -1.29294312372 -0.901131680041 
189.557523403 124.680375589 2.06070637703 101.592132568 5.84210586548 9961728 0.235487451608 0.0 0.235487451608 -0.414085368965 2.01867384179 -2.01867384179 -0.414085368965 
60.2419535473 30.3436394219 1.68736433983 246.44291687 5.7075214386 12189696 0.351222448923 0.0 0.351222448923 -0.674376296601 -1.54674336136 1.54674336136 -0.674376296601 
303.056787401 73.0380885682 1.67791318893 267.955474854 5.66717529297 11796480 0.355190240707 0.0 0.355190240707 -0.0598614374759 -1.67684503694 1.67684503694 -0.0598614374759 
164.939465101 27.0080165438 1.67921495438 127.5418396 5.5519695282 11862016 0.354639751137 0.0 0.354639751137 -1.02321385457 1.33146395776 -1.33146395776 -1.02321385457 
285.109022478 13.8865049216 1.29440760612 251.907196045 5.51748657227 8388608 0.596839952995 0.0 0.596839952995 -0.401987404374 -1.23040528994 1.23040528994 -0.401987404374 
14.34502143 123.365193097 1.3067407608 175.789932251 5.48322677612 8388608 0.585627043568 0.0 0.585627043568 -1.30321464206 0.0959323337556 -0.0959323337556 -1.30321464206 
133.572481551 136.048091762 1.99454045296 298.743774414 5.32083940506 24313856 0.251370495919 0.0 0.251370495919 0.959161546505 -1.74877121036 1.74877121036 0.959161546505 
297.33527529 33.7500471156 2.06096243858 78.9378051758 5.22030830383 9961728 0.235428939588 0.0 0.235428939588 0.395446020846 2.02266868712 -2.02266868712 0.395446020846 
151.610818299 19.6262356353 1.27866172791 78.032043457 5.14458847046 8388608 0.611629842586 0.0 0.611629842586 0.265149197893 1.25086838527 -1.25086838527 0.265149197893 
107.247379715 117.155557748 3.07529234886 300.622924805 4.94634151459 22217216 0.105737048742 0.0 0.105737048742 1.56651015909 -2.64640680025 2.64640680025 1.56651015909 
22.3002480846 45.7684123493 1.26882922649 233.748428345 4.89986991882 8388608 0.621145942383 0.0 0.621145942383 -0.750299031528 -1.02321990271 1.02321990271 -0.750299031528 
222.779096196 119.951499063 1.66715729237 268.342315674 4.84872817993 11337728 0.359788143251 0.0 0.359788143251 -0.0482275483139 -1.66645958279 1.66645958279 -0.0482275483139 
39.2030370155 38.8966490175 1.33879673481 241.387756348 4.7170009613 8388608 0.557918433997 0.0 0.557918433997 -0.641122264093 -1.17530376483 1.17530376483 -0.641122264093 
108.61184652 71.5690671703 1.26591610909 173.654754639 4.71432495117 8388608 0.624007985162 0.0 0.624007985162 -1.25816109498 0.139908020965 -0.139908020965 -1.25816109498 
170.746833377 40.1650420363 1.44087648392 321.279418945 4.70583724976 8388608 0.481666556597 0.0 0.481666556597 1.12418013991 -0.901301311959 0.901301311959 1.12418013991 
291.32936349 130.83072391 1.28492355347 54.4779968262 4.67569160461 8388608 0.605683049584 0.0 0.605683049584 0.746560572704 1.04578958186 -1.04578958186 0.746560572704 
195.504916321 100.516649279 1.43755686283 102.905395508 4.63641738892 8388608 0.483893663789 0.0 0.483893663789 -0.321066692135 1.40124441589 -1.40124441589 -0.321066692135 
208.832105767 33.1965186742 1.23991322517 92.495300293 4.6335811615 8388608 0.650455238092 0.0 0.650455238092 -0.0539826475558 1.23873753464 -1.23873753464 -0.0539826475558 
96.8014325943 112.077402509 1.73219347 289.510650635 4.3964881897 14090240 0.333278429321 0.0 0.333278429321 0.578521577751 -1.63272992304 1.63272992304 0.578521577751 
152.110638709 32.5817395776 1.84770536423 310.700439453 4.26787185669 18743296 0.292910244068 0.0 0.292910244068 1.2048964628 -1.4007996384 1.4007996384 1.2048964628 
277.430182406 138.529112169 1.41474986076 68.0660400391 4.2587223053 8388608 0.499620995374 0.0 0.499620995374 0.528462349304 1.31234321498 -1.31234321498 0.528462349304 
111.37550076 79.0060958692 1.26479947567 160.01071167 4.23394393921 8388608 0.625110287562 0.0 0.625110287562 -1.1886035871 0.432364691418 -0.432364691418 -1.1886035871 
186.152056026 92.232543139 1.28135442734 121.410095215 4.11052322388 8388608 0.60906192723 0.0 0.60906192723 -0.667790692458 1.09358344882 -1.09358344882 -0.667790692458 
292.42431876 128.629032072 1.9165314436 55.0042724609 3.981300354 21430272 0.272250134001 0.0 0.272250134001 1.09916020513 1.57001261707 -1.57001261707 1.09916020513 
312.290185916 68.5732891723 1.26503920555 94.7460327148 3.97409248352 8388608 0.624873388318 0.0 0.624873388318 -0.104668335552 1.26070168205 -1.26070168205 -0.104668335552 
167.1859858 79.0045377595 1.28296470642 125.899368286 3.6394329071 8388608 0.607533990897 0.0 0.607533990897 -0.752283580177 1.03926312978 -1.03926312978 -0.752283580177 
106.280583699 110.568369581 1.99267327785 287.656860352 3.5480120182 24248320 0.251841795086 0.0 0.251841795086 0.604409067129 -1.89879869177 1.89879869177 0.604409067129 
71.4487301149 138.708116289 1.38249886036 182.136932373 3.40126228333 8388608 0.523203253622 0.0 0.523203253622 -1.38153742357 -0.0515504234684 0.0515504234684 -1.38153742357 
167.312735781 87.0956862734 2.02068090439 311.430389404 3.34609985352 8519936 0.24490887608 0.0 0.24490887608 1.33710400868 -1.51502613421 1.51502613421 1.33710400868 
203.559489935 81.3315968497 1.30527746677 301.330810547 2.89449310303 8388608 0.586940825382 0.0 0.586940825382 0.678716242912 -1.11494104188 1.11494104188 0.678716242912 
239.437426531 88.3553301287 3.45691633224 286.632446289 2.86970329285 13959169 0.0836801139895 0.0 0.0836801139895 0.989476668618 -3.3122811551 3.3122811551 0.989476668618 
188.381858953 71.1206723308 1.35624718666 307.813201904 2.81428432465 8388608 0.543653639005 0.0 0.543653639005 0.831500370153 -1.07145394944 1.07145394944 0.831500370153 
211.231711423 41.5082453362 2.00376272202 325.930175781 2.6468963623 24641536 0.249061967492 0.0 0.249061967492 1.65982785079 -1.12251349742 1.12251349742 1.65982785079 
205.260163084 40.4433608361 1.57298398018 314.167938232 2.5012550354 8388608 0.404158205641 0.0 0.404158205641 1.09599833067 -1.12830238016 1.12830238016 1.09599833067 
303.301238791 36.4780962585 1.28050494194 269.758239746 2.43268013 8388608 0.609870297138 0.0 0.609870297138 -0.00540309048757 -1.28049354272 1.28049354272 -0.00540309048757 
248.968726767 133.393755669 2.10303330421 345.941314697 2.41810512543 11403520 0.226103715635 0.0 0.226103715635 2.04004204865 -0.510859587718 0.510859587718 2.04004204865 
191.766006836 56.9910918527 1.26965260506 102.732025146 2.39118385315 8388608 0.620340568668 0.0 0.620340568668 -0.279820565174 1.23843376441 -1.23843376441 -0.279820565174 
125.389310508 128.170109785 1.70719850063 307.832824707 2.13361477852 13041664 0.343108880404 0.0 0.343108880404 1.04712664449 -1.34835177567 1.34835177567 1.04712664449 
111.856562762 137.140724223 1.34090614319 304.921478271 2.10232830048 8388608 0.556164467637 0.0 0.556164467637 0.767606120841 -1.0994590161 1.0994590161 0.767606120841 
121.330168788 113.471524649 1.29854357243 315.368377686 1.74039173126 8388608 0.593044040739 0.0 0.593044040739 0.924093482955 -0.912286492418 0.912286492418 0.924093482955 
158.443947226 83.8054224727 1.30840373039 318.469665527 1.31682777405 8388608 0.584139335997 0.0 0.584139335997 0.979477313759 -0.867493235442 0.867493235442 0.979477313759 
275.008326363 82.9511579625 1.46105659008 292.987915039 1.12653422356 8388608 0.468452892664 0.0 0.468452892664 0.57059660601 -1.34503006384 1.34503006384 0.57059660601 
241.135126975 27.6723270161 1.61940228939 317.893554688 0.756232976913 9240576 0.381320805869 0.0 0.381320805869 1.20143523654 -1.08582556024 1.08582556024 1.20143523654 
180.516777022 103.706927436 1.25785589218 307.303710938 -0.346363067627 8388608 0.632030771333 0.0 0.632030771333 0.762310884625 -1.00054163366 1.00054163366 0.762310884625 
