13
131
253.138280999 51.3800715169 2.16108775139 131.92687818 59.773399353 13369600 0.214118995002 0.0 0.214118995002 -1.44399917521 1.6078453443 -1.6078453443 -1.44399917521 
268.287701435 88.8468831241 3.36565899849 140.20550758 57.0208015442 11993089 0.0882794819389 0.0 0.0882794819389 -2.58598743431 2.15414240098 -2.15414240098 -2.58598743431 
60.9013093182 55.4871809006 2.36213707924 134.54716548 52.5096206665 19792128 0.179221375494 0.0 0.179221375494 -1.65703011285 1.68343184781 -1.68343184781 -1.65703011285 
79.7102131229 110.163437272 2.88807487488 133.267537968 51.2539901733 17629696 0.1198900395 0.0 0.1198900395 -1.97950358529 2.10298407951 -2.10298407951 -1.97950358529 
253.370042023 76.8380281043 1.78315556049 151.099825426 50.5125541687 16187392 0.314500641489 0.0 0.314500641489 -1.56108681361 0.861772425457 -0.861772425457 -1.56108681361 
247.280368364 59.7798242534 1.27977561951 127.159160862 47.39818573 8388608 0.610565604693 0.0 0.610565604693 -0.773024419545 1.01993082269 -1.01993082269 -0.773024419545 
235.342326346 68.8737717131 1.39177453518 146.451125453 45.1418113708 8388608 0.516252571359 0.0 0.516252571359 -1.15992536293 0.769161562483 -0.769161562483 -1.15992536293 
58.3950832829 97.5837945253 3.34562826157 131.02284322 41.3462371826 11599873 0.0893397292089 0.0 0.0893397292089 -2.19593613602 2.52410240503 -2.52410240503 -2.19593613602 
246.071722899 63.7885644584 1.76722216606 133.733726903 40.3606758118 15532032 0.32019732514 0.0 0.32019732514 -1.22169457857 1.27692464183 -1.27692464183 -1.22169457857 
242.896969542 123.749649296 2.0820953846 124.78028559 38.5042114258 10682624 0.230674058704 0.0 0.230674058704 -1.18769173518 1.71011974222 -1.71011974222 -1.18769173518 
232.361495582 140.361028877 1.34569859505 129.383574705 36.115940094 8388608 0.552210171628 0.0 0.552210171628 -0.853857820539 1.04011130703 -1.04011130703 -0.853857820539 
80.5242061776 120.836307755 1.40968859196 126.275863172 35.4861602783 8388608 0.503215059561 0.0 0.503215059561 -0.834075545495 1.13645937486 -1.13645937486 -0.834075545495 
265.861206375 127.266891866 1.66099846363 125.495103121 32.7567710876 11075584 0.362461212168 0.0 0.362461212168 -0.964431141903 1.35232705686 -1.35232705686 -0.964431141903 
180.056244934 71.9291738486 1.19350910187 158.17869379 32.3627319336 8388608 0.702018455138 0.0 0.702018455138 -1.10799138732 0.443642944114 -0.443642944114 -1.10799138732 
265.315062146 118.663899886 1.83306622505 131.178217875 31.9655704498 18219008 0.297607374906 0.0 0.297607374906 -1.20689697468 1.3796852822 -1.3796852822 -1.20689697468 
267.337321941 101.896589771 1.93184006214 122.997079414 31.2632026672 22020096 0.267952407664 0.0 0.267952407664 -1.05207291922 1.62023103239 -1.62023103239 -1.05207291922 
277.629174641 130.284088419 2.66241335869 129.296095499 30.8840179443 11796992 0.141074666611 0.0 0.141074666611 -1.68618129168 2.06039742382 -2.06039742382 -1.68618129168 
62.8647117887 43.8312687884 1.70460164547 126.702206225 30.5982475281 12910592 0.344155087023 0.0 0.344155087023 -1.01876543448 1.36666885501 -1.36666885501 -1.01876543448 
188.942131762 77.0689983728 3.27188014984 158.69543444 30.0103664398 9961473 0.0934125496609 0.0 0.0934125496609 -3.04828731799 1.18875739405 -1.18875739405 -3.04828731799 
222.768527774 62.8686949104 1.4880822897 151.755975562 29.7269306183 8388608 0.45159185886 0.0 0.45159185886 -1.3109113573 0.704201898753 -0.704201898753 -1.3109113573 
62.7960823789 44.9811935584 2.61810851097 126.896111821 29.5745296478 10551808 0.145889728143 0.0 0.145889728143 -1.57182321941 2.09376788163 -2.09376788163 -1.57182321941 
235.064768177 105.649985954 1.6655806303 146.762421866 29.4867610931 11272192 0.360469626688 0.0 0.360469626688 -1.3930999796 0.91292457677 -0.91292457677 -1.3930999796 
261.871573205 106.441172894 2.02072381973 122.684740956 28.7202091217 8519936 0.244898473632 0.0 0.244898473632 -1.09122357756 1.70075155723 -1.70075155723 -1.09122357756 
216.876973061 57.6060202173 1.72235023975 154.971102808 26.2167320251 13697024 0.337098686516 0.0 0.337098686516 -1.56061212026 0.728683853589 -0.728683853589 -1.56061212026 
235.064538114 33.8403297447 1.31518065929 147.789552825 25.1141662598 8388608 0.578134881016 0.0 0.578134881016 -1.11276908022 0.701031483374 -0.701031483374 -1.11276908022 
297.976301234 117.250670639 1.53423249722 139.691035708 23.2086601257 8388608 0.42483241377 0.0 0.42483241377 -1.16995526595 0.99250895774 -0.99250895774 -1.16995526595 
278.290502601 101.125602575 1.56221163273 129.026227081 22.9330596924 8388608 0.409751229364 0.0 0.409751229364 -0.983687270207 1.21361630669 -1.21361630669 -0.983687270207 
152.502639217 44.9782495148 1.47135770321 157.407128785 21.8061237335 8388608 0.46191648885 0.0 0.46191648885 -1.35844280608 0.565266869187 -0.565266869187 -1.35844280608 
259.82212587 62.0949236583 2.21161437035 134.189007171 21.5842266083 15073536 0.204447212511 0.0 0.204447212511 -1.54155613017 1.58582559591 -1.58582559591 -1.54155613017 
300.24277623 109.243138995 1.46676397324 154.364018861 21.5094566345 8388608 0.464814354434 0.0 0.464814354434 -1.32237719938 0.634598373571 -0.634598373571 -1.32237719938 
272.298262281 111.778810523 1.72861540318 127.009240548 19.3046474457 13959168 0.334659565532 0.0 0.334659565532 -1.04052935505 1.38036584766 -1.38036584766 -1.04052935505 
236.240172276 60.486871577 1.78366994858 142.04813975 18.848400116 16187392 0.314319271549 0.0 0.314319271549 -1.40647325561 1.09695554455 -1.09695554455 -1.40647325561 
42.5231470969 52.1467774995 1.33171272278 123.276633947 18.4206771851 8388608 0.56386988721 0.0 0.56386988721 -0.730686690884 1.11335337417 -1.11335337417 -0.730686690884 
236.56670443 117.483778859 1.52221393585 128.46849986 16.309053421 8388608 0.431567381696 0.0 0.431567381696 -0.94694535932 1.19181783548 -1.19181783548 -0.94694535932 
161.72308483 95.9252687376 1.33006215096 158.573120234 16.3060646057 8388608 0.565270250703 0.0 0.565270250703 -1.23813428687 0.485889712888 -0.485889712888 -1.23813428687 
37.5311611706 54.3273535739 1.24515378475 124.580817892 16.2434997559 8388608 0.644991533677 0.0 0.644991533677 -0.706709610939 1.02516802208 -1.02516802208 -0.706709610939 
189.730391403 117.613986704 3.15644097328 152.94398338 15.5214061737 24052224 0.100370169019 0.0 0.100370169019 -2.81100715467 1.4357431505 -1.4357431505 -2.81100715467 
114.805035076 32.7655566335 1.50218951702 125.200926504 14.8935852051 8388608 0.443149788237 0.0 0.443149788237 -0.865930431969 1.22749249775 -1.22749249775 -0.865930431969 
246.426727674 42.7278929598 1.26202178001 134.249220087 14.6350212097 8388608 0.627865037153 0.0 0.627865037153 -0.880614452979 0.904000640727 -0.904000640727 -0.880614452979 
213.817954153 125.923827985 2.60810089111 150.348864125 14.5456466675 10289664 0.147011471605 0.0 0.147011471605 -2.2665798478 1.29027363446 -1.29027363446 -2.2665798478 
76.2194023115 27.7528729826 1.27238225937 127.034156279 14.4762325287 8388608 0.617681778115 0.0 0.617681778115 -0.766344401683 1.015712987 -1.015712987 -0.766344401683 
101.908207017 82.985568921 1.31517136097 128.61973404 14.4044456482 8388608 0.578143055928 0.0 0.578143055928 -0.820862540061 1.02755067955 -1.02755067955 -0.820862540061 
291.20912134 119.022501692 1.43184554577 132.949820597 14.3479328156 8388608 0.487761653578 0.0 0.487761653578 -0.97559881899 1.04804036722 -1.04804036722 -0.97559881899 
179.756259366 29.0867011899 1.34434592724 147.581164111 14.2351150513 8388608 0.553321987714 0.0 0.553321987714 -1.13483193717 0.720709682512 -0.720709682512 -1.13483193717 
119.650322987 50.7432610107 2.35804533958 121.848466573 14.0622901917 19726592 0.179843894019 0.0 0.179843894019 -1.24428047144 2.00303368217 -2.00303368217 -1.24428047144 
262.99435677 53.3138414012 1.30547904968 138.135060084 13.4264698029 8388608 0.586759576814 0.0 0.586759576814 -0.972216439977 0.871246660252 -0.871246660252 -0.972216439977 
97.7627011664 95.4955649173 1.92140114307 129.372943722 11.8450012207 21626880 0.270871872849 0.0 0.270871872849 -1.21887067623 1.48530691348 -1.48530691348 -1.21887067623 
144.460406431 98.6466277936 3.12561583519 142.525630876 11.607509613 23396864 0.102359652552 0.0 0.102359652552 -2.48056869935 1.90164488719 -1.90164488719 -2.48056869935 
257.131633848 67.9315715313 1.48916244507 132.77632294 11.5886497498 8388608 0.450936977364 0.0 0.450936977364 -1.01134686087 1.09306098403 -1.09306098403 -1.01134686087 
213.079268457 63.7472637776 1.48683130741 140.282964627 11.4297008514 8388608 0.452352094501 0.0 0.452352094501 -1.14368491593 0.950080075458 -0.950080075458 -1.14368491593 
31.0164706175 31.5253466129 1.64658176899 123.038562994 11.24061203 10420224 0.36883607759 0.0 0.36883607759 -0.897721945654 1.38033576722 -1.38033576722 -0.897721945654 
182.184731911 90.9719742508 3.49670386314 152.732920296 11.0015277863 14745601 0.0817866261892 0.0 0.0817866261892 -3.10815226677 1.60197609006 -1.60197609006 -3.10815226677 
136.143477136 87.4824927616 2.63720393181 134.593224318 10.7521190643 11076096 0.143784665321 0.0 0.143784665321 -1.85149871932 1.87797685564 -1.87797685564 -1.85149871932 
49.3154725212 107.564507153 1.6814545393 126.7749551 10.6563243866 11927552 0.353695667452 0.0 0.353695667452 -1.00664232261 1.34683354653 -1.34683354653 -1.00664232261 
58.601266219 75.3197592022 1.22109639645 127.504926493 10.6469326019 8388608 0.670656442344 0.0 0.670656442344 -0.74343968199 0.968696984952 -0.968696984952 -0.74343968199 
276.893346822 52.1228761394 2.07808947563 131.496445949 10.5331830978 10551552 0.231564251297 0.0 0.231564251297 -1.37688720275 1.55648241224 -1.55648241224 -1.37688720275 
132.577075865 77.3256872888 2.57183051109 129.493145982 10.4624385834 9241088 0.151187300073 0.0 0.151187300073 -1.63564796796 1.98468332554 -1.98468332554 -1.63564796796 
174.154779423 25.6930010639 1.40248286724 144.318869248 10.4408168793 8388608 0.508399214385 0.0 0.508399214385 -1.1392026977 0.818031421429 -0.818031421429 -1.1392026977 
50.3898549283 112.303937986 1.99118542671 126.442601473 10.2953414917 24182784 0.252218297536 0.0 0.252218297536 -1.18279837195 1.60181378907 -1.60181378907 -1.18279837195 
157.915795298 111.543454733 3.16417074203 144.828076437 10.1424827576 24248832 0.0998803784171 0.0 0.0998803784171 -2.58647944258 1.82266304562 -1.82266304562 -2.58647944258 
125.471727084 86.9874287053 1.45061063766 126.367268493 9.93109893799 8388608 0.475223911012 0.0 0.475223911012 -0.860152598361 1.16807907679 -1.16807907679 -0.860152598361 
229.432481644 122.897753524 1.75574207306 133.191772733 9.77848148346 15073280 0.324398298312 0.0 0.324398298312 -1.20170436067 1.28005345851 -1.28005345851 -1.20170436067 
177.570306971 116.651657961 1.7208917141 139.598306699 9.72656440735 13631488 0.337670338332 0.0 0.337670338332 -1.31049200031 1.11538289783 -1.11538289783 -1.31049200031 
233.473403136 50.0721939338 1.48899006844 130.782100865 9.63884735107 8388608 0.451041391086 0.0 0.451041391086 -0.972584619492 1.12746200904 -1.12746200904 -0.972584619492 
181.158730316 38.5393285248 1.4344265461 140.792787717 9.59659385681 8388608 0.486007948734 0.0 0.486007948734 -1.11148681652 0.906739528669 -0.906739528669 -1.11148681652 
119.755458698 63.3471348933 1.24208116531 125.564330866 9.54472923279 8388608 0.648186598302 0.0 0.648186598302 -0.722415106921 1.01038707163 -1.01038707163 -0.722415106921 
140.996846283 97.8521138688 1.43568336964 128.408416236 9.52424240112 8388608 0.485157400655 0.0 0.485157400655 -0.891936800948 1.1250046582 -1.1250046582 -0.891936800948 
170.037189068 111.167818429 1.52183413506 142.000666002 8.99218940735 8388608 0.43178281922 0.0 0.43178281922 -1.1992325544 0.936920709069 -0.936920709069 -1.1992325544 
140.746749233 138.642079596 1.28838384151 129.934148278 8.82587432861 8388608 0.602433981577 0.0 0.602433981577 -0.827022281821 0.987910455683 -0.987910455683 -0.827022281821 
153.101977408 110.49130034 1.66884720325 128.934817452 8.76846885681 11403264 0.359059853617 0.0 0.359059853617 -1.04876343379 1.29813182989 -1.29813182989 -1.04876343379 
120.61883599 75.2527399424 1.47978997231 124.898098861 8.60639572144 8388608 0.456667221346 0.0 0.456667221346 -0.846615455386 1.21368061402 -1.21368061402 -0.846615455386 
229.032469558 45.204662963 1.31514084339 131.463569523 8.59620475769 8388608 0.578169887625 0.0 0.578169887625 -0.870812229939 0.985536147558 -0.985536147558 -0.870812229939 
214.485026461 132.517784254 1.75864994526 139.933064222 8.56246948242 15204352 0.3233264205 0.0 0.3233264205 -1.3458824646 1.13201149352 -1.13201149352 -1.3458824646 
101.483888397 102.465231182 1.74090790749 127.855110538 8.53116893768 14483456 0.329950206233 0.0 0.329950206233 -1.06833736516 1.37456015385 -1.37456015385 -1.06833736516 
204.757077988 60.6846212428 2.11715531349 142.801396507 8.40854072571 11927808 0.223097427409 0.0 0.223097427409 -1.68640874679 1.27998912502 -1.27998912502 -1.68640874679 
178.962148509 82.6630481494 2.03302526474 143.873313209 8.39659309387 8978688 0.241943772763 0.0 0.241943772763 -1.64210574352 1.19861605786 -1.19861605786 -1.64210574352 
176.73847279 34.2009012675 1.27107667923 138.629201546 8.20760154724 8388608 0.618951327367 0.0 0.618951327367 -0.953876975237 0.84009204293 -0.84009204293 -0.953876975237 
57.0492300202 67.9786540062 1.49471008778 124.722862814 8.18573188782 8388608 0.447595868183 0.0 0.447595868183 -0.85139813518 1.22852735497 -1.22852735497 -0.85139813518 
146.633805974 103.48710374 1.68102324009 129.554614705 8.01304626465 11927552 0.353877185742 0.0 0.353877185742 -1.07049820688 1.2960990405 -1.2960990405 -1.07049820688 
214.841512558 139.473111959 1.32688784599 127.998549494 7.91074371338 8388608 0.567978070299 0.0 0.567978070299 -0.816887258034 1.04562257221 -1.04562257221 -0.816887258034 
265.264041984 44.5429648395 1.62894260883 126.747645271 7.81272220612 9633792 0.376867279923 0.0 0.376867279923 -0.97458279429 1.30523653027 -1.30523653027 -0.97458279429 
172.617752544 31.7262661525 1.30251276493 135.080844729 7.79803657532 8388608 0.589435140381 0.0 0.589435140381 -0.922314250584 0.919715133059 -0.919715133059 -0.922314250584 
143.438574988 109.568100807 1.33655655384 128.129157097 7.69718933105 8388608 0.559790237583 0.0 0.559790237583 -0.825238475211 1.05136334378 -1.05136334378 -0.825238475211 
152.219830163 55.2795566295 1.96474444866 138.634505037 7.54508781433 23199744 0.259052542624 0.0 0.259052542624 -1.47455877084 1.29842103337 -1.29842103337 -1.47455877084 
81.6485177762 36.2002281662 1.34455966949 124.754295698 7.44129943848 8388608 0.553146080475 0.0 0.553146080475 -0.766477484428 1.10469587249 -1.10469587249 -0.766477484428 
197.833455989 55.0663319928 2.05213093758 143.230220182 7.43795013428 9634048 0.237459672479 0.0 0.237459672479 -1.64385376121 1.22840799277 -1.22840799277 -1.64385376121 
54.6729102217 37.1444406362 1.68003296852 119.491966943 7.16798210144 11862016 0.354294484451 0.0 0.354294484451 -0.827082798382 1.46234223763 -1.46234223763 -0.827082798382 
30.7853003406 88.4330210086 1.45677399635 127.20339035 7.02293586731 8388608 0.471211237208 0.0 0.471211237208 -0.880832929157 1.16031195261 -1.16031195261 -0.880832929157 
108.954878782 96.4752197876 1.34138739109 131.414860351 7.01248168945 8388608 0.555765470342 0.0 0.555765470342 -0.887336335263 1.00595942319 -1.00595942319 -0.887336335263 
141.323480993 43.1172413201 1.38443398476 137.575141491 6.60136604309 8388608 0.521741637113 0.0 0.521741637113 -1.02193755085 0.933970609982 -0.933970609982 -1.02193755085 
27.622053168 82.473113208 1.35536313057 127.586520092 6.44910812378 8388608 0.544363082912 0.0 0.544363082912 -0.826715595504 1.07403470142 -1.07403470142 -0.826715595504 
203.601633154 105.241607356 1.49035418034 125.884148973 5.92029190063 8388608 0.450216098198 0.0 0.450216098198 -0.873568471084 1.20749066629 -1.20749066629 -0.873568471084 
229.774977439 111.615074554 1.55234897137 136.295396926 5.86274147034 8388608 0.414974378861 0.0 0.414974378861 -1.12221113905 1.07258076073 -1.07258076073 -1.12221113905 
40.0301311297 85.2567145275 1.42223834991 126.077347144 5.85137939453 8388608 0.494373553383 0.0 0.494373553383 -0.837523252021 1.14948541804 -1.14948541804 -0.837523252021 
166.291999133 125.368779966 1.57598865032 127.98954984 5.84449577332 8388608 0.402618594954 0.0 0.402618594954 -0.970048972386 1.24207295161 -1.24207295161 -0.970048972386 
189.557523403 124.680375589 2.06070637703 139.581541622 5.84210586548 9961728 0.235487451608 0.0 0.235487451608 -1.56887649396 1.33609031095 -1.33609031095 -1.56887649396 
60.2419535473 30.3436394219 1.68736433983 123.917322166 5.7075214386 12189696 0.351222448923 0.0 0.351222448923 -0.941542586132 1.40024854002 -1.40024854002 -0.941542586132 
133.572481551 136.048091762 1.99454045296 132.105345864 5.32083940506 24313856 0.251370495919 0.0 0.251370495919 -1.33733108552 1.47977605948 -1.47977605948 -1.33733108552 
107.247379715 117.155557748 3.07529234886 145.488835543 4.94634151459 22217216 0.105737048742 0.0 0.105737048742 -2.53408950052 1.74235858374 -1.74235858374 -2.53408950052 
22.3002480846 45.7684123493 1.26882922649 121.950978153 4.89986991882 8388608 0.621145942383 0.0 0.621145942383 -0.67145616233 1.07660309682 -1.07660309682 -0.67145616233 
222.779096196 119.951499063 1.66715729237 140.446691643 4.84872817993 11337728 0.359788143251 0.0 0.359788143251 -1.28543235213 1.06163887721 -1.06163887721 -1.28543235213 
39.2030370155 38.8966490175 1.33879673481 119.932525771 4.7170009613 8388608 0.557918433997 0.0 0.557918433997 -0.668032501408 1.16021949398 -1.16021949398 -0.668032501408 
108.61184652 71.5690671703 1.26591610909 124.187361172 4.71432495117 8388608 0.624007985162 0.0 0.624007985162 -0.71131942529 1.04717155731 -1.04717155731 -0.71131942529 
170.746833377 40.1650420363 1.44087648392 125.616884668 4.70583724976 8388608 0.481666556597 0.0 0.481666556597 -0.839112517855 1.17133053588 -1.17133053588 -0.839112517855 
291.32936349 130.83072391 1.28492355347 130.376828499 4.67569160461 8388608 0.605683049584 0.0 0.605683049584 -0.832388726798 0.97885522206 -0.97885522206 -0.832388726798 
195.504916321 100.516649279 1.43755686283 125.670213375 4.63641738892 8388608 0.483893663789 0.0 0.483893663789 -0.83826664964 1.16785219869 -1.16785219869 -0.83826664964 
208.832105767 33.1965186742 1.23991322517 128.80999311 4.6335811615 8388608 0.650455238092 0.0 0.650455238092 -0.777102877801 0.966175927704 -0.966175927704 -0.777102877801 
96.8014325943 112.077402509 1.73219347 128.147588712 4.3964881897 14090240 0.333278429321 0.0 0.333278429321 -1.06995732777 1.36223549149 -1.36223549149 -1.06995732777 
152.110638709 32.5817395776 1.84770536423 136.572267062 4.26787185669 18743296 0.292910244068 0.0 0.292910244068 -1.34188126528 1.27018494042 -1.27018494042 -1.34188126528 
277.430182406 138.529112169 1.41474986076 130.266913729 4.2587223053 8388608 0.499620995374 0.0 0.499620995374 -0.914422522632 1.07951313963 -1.07951313963 -0.914422522632 
111.37550076 79.0060958692 1.26479947567 124.323466945 4.23394393921 8388608 0.625110287562 0.0 0.625110287562 -0.71317533581 1.04455667823 -1.04455667823 -0.71317533581 
186.152056026 92.232543139 1.28135442734 127.134910601 4.11052322388 8388608 0.60906192723 0.0 0.60906192723 -0.773545784342 1.02151656276 -1.02151656276 -0.773545784342 
292.42431876 128.629032072 1.9165314436 130.73744064 3.981300354 21430272 0.272250134001 0.0 0.272250134001 -1.25071630163 1.45217130778 -1.45217130778 -1.25071630163 
167.1859858 79.0045377595 1.28296470642 124.877443328 3.6394329071 8388608 0.607533990897 0.0 0.607533990897 -0.733628656754 1.05251481315 -1.05251481315 -0.733628656754 
106.280583699 110.568369581 1.99267327785 133.930139319 3.5480120182 24248320 0.251841795086 0.0 0.251841795086 -1.38247838928 1.43509591856 -1.43509591856 -1.38247838928 
71.4487301149 138.708116289 1.38249886036 124.296359544 3.40126228333 8388608 0.523203253622 0.0 0.523203253622 -0.779001553457 1.14212944915 -1.14212944915 -0.779001553457 
167.312735781 87.0956862734 2.02068090439 131.102301753 3.34609985352 8519936 0.24490887608 0.0 0.24490887608 -1.32840677726 1.52265779198 -1.52265779198 -1.32840677726 
203.559489935 81.3315968497 1.30527746677 156.777609492 2.89449310303 8388608 0.586940825382 0.0 0.586940825382 -1.19952561104 0.514672297407 -0.514672297407 -1.19952561104 
239.437426531 88.3553301287 3.45691633224 151.10280088 2.86970329285 13959169 0.0836801139895 0.0 0.0836801139895 -3.02648928792 1.67051881708 -1.67051881708 -3.02648928792 
188.381858953 71.1206723308 1.35624718666 158.813814673 2.81428432465 8388608 0.543653639005 0.0 0.543653639005 -1.26457974941 0.490147415286 -0.490147415286 -1.26457974941 
211.231711423 41.5082453362 2.00376272202 141.814143598 2.6468963623 24641536 0.249061967492 0.0 0.249061967492 -1.57497658494 1.23875494067 -1.23875494067 -1.57497658494 
205.260163084 40.4433608361 1.57298398018 146.193941444 2.5012550354 8388608 0.404158205641 0.0 0.404158205641 -1.30703272195 0.875182304237 -0.875182304237 -1.30703272195 
303.301238791 36.4780962585 1.28050494194 125.625586532 2.43268013 8388608 0.609870297138 0.0 0.609870297138 -0.745876224503 1.04084656124 -1.04084656124 -0.745876224503 
248.968726767 133.393755669 2.10303330421 119.362272532 2.41810512543 11403520 0.226103715635 0.0 0.226103715635 -1.03118027875 1.83287105694 -1.83287105694 -1.03118027875 
191.766006836 56.9910918527 1.26965260506 124.887422286 2.39118385315 8388608 0.620340568668 0.0 0.620340568668 -0.726197890639 1.04146740763 -1.04146740763 -0.726197890639 
125.389310508 128.170109785 1.70719850063 124.69488822 2.13361477852 13041664 0.343108880404 0.0 0.343108880404 -0.971747922735 1.40364977655 -1.40364977655 -0.971747922735 
111.856562762 137.140724223 1.34090614319 139.116153732 2.10232830048 8388608 0.556164467637 0.0 0.556164467637 -1.01377604428 0.877660194424 -0.877660194424 -1.01377604428 
121.330168788 113.471524649 1.29854357243 137.232728573 1.74039173126 8388608 0.593044040739 0.0 0.593044040739 -0.953284023516 0.881739746182 -0.881739746182 -0.953284023516 
158.443947226 83.8054224727 1.30840373039 128.345527526 1.31682777405 8388608 0.584139335997 0.0 0.584139335997 -0.811736845222 1.02615964441 -1.02615964441 -0.811736845222 
275.008326363 82.9511579625 1.46105659008 138.930494983 1.12653422356 8388608 0.468452892664 0.0 0.468452892664 -1.10150979886 0.959876305799 -0.959876305799 -1.10150979886 
180.516777022 103.706927436 1.25785589218 138.97493336 -0.346363067627 8388608 0.632030771333 0.0 0.632030771333 -0.948954768201 0.825642957581 -0.825642957581 -0.948954768201 
