13
154
171.480201897 181.974387905 2.21763849258 26.1876831055 50.265335083 15270144 0.203337976548 0.0 0.203337976548 1.99000512997 0.978672604343 -0.978672604343 1.99000512997 
189.663934517 140.105048499 1.50725769997 3.23941040039 33.2552566528 8388608 0.440174599389 0.0 0.440174599389 1.5048493006 0.0851725107102 -0.0851725107102 1.5048493006 
82.5865099318 114.341264288 5.89710617065 203.840087891 23.9705924988 19137025 0.028755578319 0.0 0.028755578319 -5.39394795362 -2.38352400063 2.38352400063 -5.39394795362 
96.8517355716 201.706451609 1.91762793064 83.8622741699 22.922328949 21430272 0.271938881339 0.0 0.271938881339 0.205030400635 1.90663562727 -1.90663562727 0.205030400635 
89.3777773177 118.79089969 2.54892373085 86.9950866699 21.3407402039 8585728 0.153916903866 0.0 0.153916903866 0.13361864066 2.54541907052 -2.54541907052 0.13361864066 
159.490314378 104.322112999 1.58984541893 119.733947754 20.0715293884 8388608 0.395630896704 0.0 0.395630896704 -0.788520792551 1.38052287768 -1.38052287768 -0.788520792551 
124.396557363 106.749341972 3.45739412308 36.6561889648 18.3871002197 13959169 0.0836569874223 0.0 0.0836569874223 2.77363352276 2.06410542456 -2.06410542456 2.77363352276 
90.6932636355 61.6482624578 6.24989461899 12.454284668 18.0350418091 23331329 0.0256008633031 0.0 0.0256008633031 6.10282453527 1.34785586771 -1.34785586771 6.10282453527 
94.0188369774 133.641436038 3.42687225342 242.06149292 17.5265483856 13303809 0.0851538267685 0.0 0.0851538267685 -1.60557074977 -3.02747353559 3.02747353559 -1.60557074977 
166.426749986 108.268035327 1.58312475681 127.762619019 17.4848899841 8388608 0.398997081632 0.0 0.398997081632 -0.969492001021 1.25154674527 -1.25154674527 -0.969492001021 
85.9465024159 138.032957285 1.92561089993 211.239456177 17.4594211578 21757952 0.269688811141 0.0 0.269688811141 -1.64641142097 -0.99865247749 0.99865247749 -1.64641142097 
82.628265183 200.193313323 1.9584788084 104.125289917 17.2935447693 23003136 0.26071273565 0.0 0.26071273565 -0.477953204628 1.89926300895 -1.89926300895 -0.477953204628 
71.9883952449 139.129911991 2.56823992729 198.148254395 16.628742218 9175552 0.151610336984 0.0 0.151610336984 -2.44047960504 -0.7999472617 0.7999472617 -2.44047960504 
99.5036217781 118.876925979 1.63388741016 260.806304932 16.4540519714 9895936 0.374589627358 0.0 0.374589627358 -0.26105037502 -1.61289825184 1.61289825184 -0.26105037502 
80.4546558012 116.508792757 1.48642146587 100.891479492 16.2218475342 8388608 0.452601577223 0.0 0.452601577223 -0.280858463329 1.45964629201 -1.45964629201 -0.280858463329 
178.498099885 133.91964503 2.11223101616 158.50944519 15.8742103577 11731200 0.224138865256 0.0 0.224138865256 -1.96538443431 0.773811276085 -0.773811276085 -1.96538443431 
119.875338782 115.422706046 1.7606626749 10.8038635254 15.3215637207 15269888 0.322587611514 0.0 0.322587611514 1.72945424786 0.330031906558 -0.330031906558 1.72945424786 
81.8974394392 126.590640017 1.94326877594 222.581359863 14.683807373 22413312 0.264809922901 0.0 0.264809922901 -1.43086233551 -1.3148865017 1.3148865017 -1.43086233551 
74.58058445 104.253554674 2.59650444984 194.5181427 14.0244941711 9961984 0.148327561693 0.0 0.148327561693 -2.5135936722 -0.650908756367 0.650908756367 -2.5135936722 
82.1264707075 54.3736182991 2.38631606102 197.20854187 13.8896789551 20578560 0.175607908916 0.0 0.175607908916 -2.27949087156 -0.705992712102 0.705992712102 -2.27949087156 
75.832904062 84.5347860516 2.23486542702 188.393386841 13.4170837402 15794432 0.20021529243 0.0 0.20021529243 -2.21092820242 -0.32622072375 0.32622072375 -2.21092820242 
85.7469442516 47.2340214836 2.28266382217 212.015365601 13.3900489807 17367296 0.191918167626 0.0 0.191918167626 -1.93548424065 -1.21014663544 1.21014663544 -1.93548424065 
65.5033632952 44.4236207372 4.93030548096 203.246902466 12.5781784058 22937857 0.0411388684649 0.0 0.0411388684649 -4.53002654885 -1.94596289848 1.94596289848 -4.53002654885 
138.045994483 207.787000365 4.56819915771 271.335388184 11.9282188416 17367297 0.0479192421737 0.0 0.0479192421737 0.106461015931 -4.56695846233 4.56695846233 0.106461015931 
79.5436731094 65.1311444296 2.59246969223 189.286270142 11.906627655 9830912 0.148789616442 0.0 0.148789616442 -2.55849385616 -0.418339925334 0.418339925334 -2.55849385616 
76.864854367 75.2467155681 2.27286219597 189.603790283 11.9061584473 17039616 0.193577015444 0.0 0.193577015444 -2.24100803837 -0.379190629938 0.379190629938 -2.24100803837 
77.0124836824 36.3850252553 2.91872906685 217.809127808 11.8732566833 18416128 0.117384953887 0.0 0.117384953887 -2.30596338095 -1.78927701919 1.78927701919 -2.30596338095 
58.2400884228 95.5337593806 3.68445062637 187.133728027 11.8366661072 18546689 0.0736638677241 0.0 0.0736638677241 -3.65592931646 -0.457555735647 0.457555735647 -3.65592931646 
172.492911525 120.861032841 1.54610908031 141.073135376 11.2581977844 8388608 0.418330701095 0.0 0.418330701095 -1.20279343482 0.971463453443 -0.971463453443 -1.20279343482 
89.6518988029 27.9454469638 1.51818490028 227.718719482 11.2286109924 8388608 0.433861051708 0.0 0.433861051708 -1.02139051217 -1.12323052536 1.12323052536 -1.02139051217 
47.7154014166 149.431783659 2.73925876617 183.691726685 11.034954071 13828608 0.133270454768 0.0 0.133270454768 -2.73357460184 -0.176375974061 0.176375974061 -2.73357460184 
118.68068504 103.21791333 1.31567549706 243.992172241 11.0075263977 8388608 0.577700079013 0.0 0.577700079013 -0.576915727318 -1.18244249633 1.18244249633 -0.576915727318 
64.16984944 103.332948599 1.58091676235 182.791824341 10.9112052917 8388608 0.400112382048 0.0 0.400112382048 -1.57904036854 -0.077002103993 0.077002103993 -1.57904036854 
91.0815869595 38.8811772123 1.96024358273 224.230209351 10.8871841431 23068672 0.26024351638 0.0 0.26024351638 -1.40459867221 -1.36735418734 1.36735418734 -1.40459867221 
51.9981376161 160.677945218 3.93708086014 170.640594482 10.171459198 23330817 0.06451360801 0.0 0.06451360801 -3.88466898941 0.640275364205 -0.640275364205 -3.88466898941 
57.5841278701 115.207422791 1.34921360016 239.631530762 9.88175964355 8388608 0.549336656009 0.0 0.549336656009 -0.682107122718 -1.16409072326 1.16409072326 -0.682107122718 
68.0912846273 64.9090960924 1.59074509144 191.129882812 9.62225341797 8388608 0.395183511903 0.0 0.395183511903 -1.5608265487 -0.307067469471 0.307067469471 -1.5608265487 
50.3056714585 118.696711824 1.92450988293 231.363296509 9.41959762573 21692416 0.26999747872 0.0 0.26999747872 -1.20162568885 -1.50327442384 1.50327442384 -1.20162568885 
95.2521488379 33.9535209157 1.4991915226 232.1144104 9.30554962158 8388608 0.444923929782 0.0 0.444923929782 -0.920633603229 -1.1832197556 1.1832197556 -0.920633603229 
112.516204234 99.270906091 1.31616294384 244.012878418 9.17784881592 8388608 0.577272250678 0.0 0.577272250678 -0.57670194975 -1.18308907352 1.18308907352 -0.57670194975 
66.6567856141 73.5182513801 1.46571624279 190.129821777 9.1376953125 8388608 0.465479113678 0.0 0.465479113678 -1.44286832134 -0.257788889703 0.257788889703 -1.44286832134 
161.154059354 111.711426045 1.29395782948 119.461395264 9.05163192749 8388608 0.597254945391 0.0 0.597254945391 -0.636416363275 1.12663262735 -1.12663262735 -0.636416363275 
64.0596350583 83.9301873929 1.76439094543 187.516784668 9.04891586304 15400960 0.32122575551 0.0 0.32122575551 -1.74922879561 -0.230811674179 0.230811674179 -1.74922879561 
108.91842644 183.429868563 1.58517229557 120.032836914 8.89708709717 8388608 0.39796699252 0.0 0.39796699252 -0.793372785797 1.37234501107 -1.37234501107 -0.793372785797 
127.384444168 88.0338860995 3.02918815613 257.960540771 8.6515045166 21103104 0.108980174709 0.0 0.108980174709 -0.631844075809 -2.96255868281 2.96255868281 -0.631844075809 
113.930462959 63.4528663849 1.34320056438 16.892578125 8.48209762573 8388608 0.554266038323 0.0 0.554266038323 1.28524311549 0.390304868332 -0.390304868332 1.28524311549 
36.148642458 150.80588514 2.18385601044 178.699157715 8.47298431396 14156032 0.2096775818 0.0 0.2096775818 -2.18329317767 0.0495779656162 -0.0495779656162 -2.18329317767 
129.183578421 192.000616681 1.36544752121 100.686126709 8.41236495972 8388608 0.53635208501 0.0 0.53635208501 -0.253193138817 1.3417675535 -1.3417675535 -0.253193138817 
100.311224782 29.4163718859 1.5711889267 250.866592407 8.3494758606 8388608 0.405082219308 0.0 0.405082219308 -0.514986735849 -1.48439324482 1.48439324482 -0.514986735849 
35.3661069189 159.515175561 2.91495084763 171.743469238 8.29579925537 18350592 0.117689448568 0.0 0.117689448568 -2.88473745388 0.418602754699 -0.418602754699 -2.88473745388 
49.5604018689 171.717096788 1.44548773766 159.927337646 8.26141357422 8388608 0.478598327231 0.0 0.478598327231 -1.35768608948 0.496108135546 -0.496108135546 -1.35768608948 
42.5822017802 129.570521803 1.33144521713 210.133865356 8.21323013306 8388608 0.564096488394 0.0 0.564096488394 -1.15150684761 -0.668414800957 0.668414800957 -1.15150684761 
112.790926862 91.2875442099 3.71924138069 354.029541016 8.20087051392 19202049 0.0722921713955 0.0 0.0722921713955 3.69906693899 -0.386859443072 0.386859443072 3.69906693899 
110.283711724 119.982898829 1.56663072109 265.812805176 8.19370269775 8388608 0.407442870345 0.0 0.407442870345 -0.114388016815 -1.56244910249 1.56244910249 -0.114388016815 
78.7059377899 193.35565238 1.34335935116 120.302124023 7.97191238403 8388608 0.554135016174 0.0 0.554135016174 -0.677804897956 1.15982536041 -1.15982536041 -0.677804897956 
40.431576686 173.384923826 2.94697785378 153.308776855 7.95052337646 19137024 0.115145310604 0.0 0.115145310604 -2.63294850308 1.32372982545 -1.32372982545 -2.63294850308 
37.6304181938 135.258202397 2.19445729256 192.508422852 7.69697952271 14483712 0.207656597404 0.0 0.207656597404 -2.14237004606 -0.475282436645 0.475282436645 -2.14237004606 
170.018503804 191.824444934 1.72296607494 81.6025085449 7.42789459229 13697024 0.336857753004 0.0 0.336857753004 0.251621475809 1.70449368679 -1.70449368679 0.251621475809 
117.30999762 50.3293466361 2.27785372734 15.0471801758 7.40093612671 17170688 0.192729562377 0.0 0.192729562377 2.19975153166 0.59136351098 -0.59136351098 2.19975153166 
112.815534824 70.6110873861 1.72039914131 10.8945922852 7.39052963257 13631488 0.337863724885 0.0 0.337863724885 1.68939162306 0.325160190309 -0.325160190309 1.68939162306 
114.996661703 56.7826099785 1.71540236473 12.7337036133 7.24028778076 13369344 0.339834910649 0.0 0.339834910649 1.67321213459 0.378109012854 -0.378109012854 1.67321213459 
108.586415139 112.632251395 1.96919107437 207.231826782 7.15427017212 23396352 0.257883931666 0.0 0.257883931666 -1.75093051672 -0.901085907678 0.901085907678 -1.75093051672 
53.1543411422 189.056231217 1.31673157215 132.074859619 7.1244354248 8388608 0.576773770237 0.0 0.576773770237 -0.882343128054 0.977370266314 -0.977370266314 -0.882343128054 
75.5294405568 181.192306507 1.31137299538 117.630645752 7.06718063354 8388608 0.581497065858 0.0 0.581497065858 -0.608175417204 1.16181831407 -1.16181831407 -0.608175417204 
140.981777822 160.742483678 6.01689767838 309.875061035 7.02010345459 20578817 0.0276219762723 0.0 0.0276219762723 3.85752726067 -4.61763371276 4.61763371276 3.85752726067 
85.1322666365 194.599918795 1.39512503147 121.02104187 6.49390792847 8388608 0.513775911156 0.0 0.513775911156 -0.718981639853 1.19559159205 -1.19559159205 -0.718981639853 
57.1873176308 123.367622863 1.32238996029 232.03805542 6.42637634277 8388608 0.571848403877 0.0 0.571848403877 -0.813452247725 -1.04259802788 1.04259802788 -0.813452247725 
86.5750296587 210.953687107 2.29447460175 270.016662598 6.32014846802 17694976 0.189947460033 0.0 0.189947460033 0.00066727264918 -2.29447450472 2.29447450472 0.00066727264918 
85.8393920514 107.527919107 2.36766767502 343.413787842 5.93508911133 19988736 0.178385072893 0.0 0.178385072893 2.26915209082 -0.675869076106 0.675869076106 2.26915209082 
169.004130536 218.39438607 1.48737025261 281.927581787 5.66986465454 8388608 0.452024336406 0.0 0.452024336406 0.30740255761 -1.45525734354 1.45525734354 0.30740255761 
60.9455002897 146.913634467 1.48878490925 199.610107422 5.57320404053 8388608 0.451165709462 0.0 0.451165709462 -1.40243279679 -0.499662642672 0.499662642672 -1.40243279679 
68.7177037074 163.978483417 1.40045583248 336.181304932 5.54598999023 8388608 0.509872004407 0.0 0.509872004407 1.2811761329 -0.565565429643 0.565565429643 1.2811761329 
62.1225326479 138.210885739 1.59452831745 203.991455078 5.50086593628 8388608 0.393310487883 0.0 0.393310487883 -1.45677080857 -0.648335843882 0.648335843882 -1.45677080857 
17.2272600694 166.947469636 1.82277691364 116.722442627 5.46276092529 17760256 0.300976758951 0.0 0.300976758951 -0.819646081839 1.62809581335 -1.62809581335 -0.819646081839 
86.9065217044 78.1841059975 1.5379743576 12.4080200195 5.38343811035 8388608 0.422767711242 0.0 0.422767711242 1.50205067712 0.330467680757 -0.330467680757 1.50205067712 
82.6733613 207.014676716 1.31376552582 103.815246582 5.2774772644 8388608 0.579381037411 0.0 0.579381037411 -0.313716527873 1.27575930213 -1.27575930213 -0.313716527873 
85.6612173524 97.9915271542 1.27892994881 2.05325317383 5.09014129639 8388608 0.611373323916 0.0 0.611373323916 1.27810882239 0.045821960732 -0.045821960732 1.27810882239 
85.9138968245 96.1531645744 1.93395185471 356.808837891 5.05292892456 22085632 0.267367542065 0.0 0.267367542065 1.93095299699 -0.107658254336 0.107658254336 1.93095299699 
188.188342079 149.52412574 1.71734559536 89.9720458984 4.89060974121 13500416 0.339066277952 0.0 0.339066277952 0.000837877618457 1.71734539096 -1.71734539096 0.000837877618457 
163.895284921 233.005018688 1.55457961559 82.3924255371 4.68933868408 8388608 0.413784351558 0.0 0.413784351558 0.205806795558 1.54089627948 -1.54089627948 0.205806795558 
160.415712269 169.10382791 3.41750478745 316.514038086 4.65881347656 13107201 0.0856212840795 0.0 0.0856212840795 2.47954668816 -2.35184761272 2.35184761272 2.47954668816 
98.9929108135 111.155196628 1.37496697903 338.765716553 4.61770629883 8388608 0.528951025315 0.0 0.528951025315 1.28161669378 -0.497988798697 0.497988798697 1.28161669378 
143.44827391 62.4360031388 3.1360373497 356.135101318 4.46843338013 23593472 0.101680470505 0.0 0.101680470505 3.1289052483 -0.21138165925 0.21138165925 3.1289052483 
116.984235221 27.3743699729 1.52224159241 328.954833984 4.41222000122 8388608 0.43155170014 0.0 0.43155170014 1.30419727786 -0.785040716195 0.785040716195 1.30419727786 
161.625476212 65.9165408751 4.5328745842 136.681518555 4.2604675293 16843009 0.0486690191417 0.0 0.0486690191417 -3.29789970672 3.10979252048 -3.10979252048 -3.29789970672 
184.513676042 181.840098337 2.23351955414 0.399719238281 4.25051879883 15794432 0.200456656351 0.0 0.200456656351 2.23346520122 0.0155818369254 -0.0155818369254 2.23346520122 
22.2467011473 205.046156981 2.37182760239 348.503234863 4.22323608398 20119808 0.177759885639 0.0 0.177759885639 2.32423915655 -0.472735146381 0.472735146381 2.32423915655 
171.66260682 71.2706349238 1.67945921421 97.9239196777 4.22156524658 11862016 0.354536601329 0.0 0.354536601329 -0.231526970811 1.66342373254 -1.66342373254 -0.231526970811 
183.069744222 190.679286247 1.90367662907 0.443572998047 4.21824264526 20905984 0.275939354208 0.0 0.275939354208 1.90361958034 0.0147377541895 -0.0147377541895 1.90361958034 
159.030080885 70.4113442632 2.85686373711 31.9404602051 4.19769668579 16843264 0.122523938051 0.0 0.122523938051 2.42432974482 1.51138866635 -1.51138866635 2.42432974482 
159.809017277 178.187155719 1.30752193928 272.951843262 4.18560600281 8388608 0.584927487306 0.0 0.584927487306 0.0673329291769 -1.30578708002 1.30578708002 0.0673329291769 
98.6356754273 75.8996823026 1.35977351665 9.9326171875 4.14894485474 8388608 0.540837557829 0.0 0.540837557829 1.33939226738 0.2345471609 -0.2345471609 1.33939226738 
170.027759034 47.9461352418 2.31758952141 91.2955932617 4.1092376709 18415872 0.186177400758 0.0 0.186177400758 -0.0524017216225 2.31699703265 -2.31699703265 -0.0524017216225 
143.721952786 47.4750204884 2.73066592216 91.1729431152 4.09978866577 13566464 0.134110523874 0.0 0.134110523874 -0.0558975217074 2.73009374299 -2.73009374299 -0.0558975217074 
38.5607121206 204.136837068 2.33326053619 343.925933838 4.09170150757 18940160 0.183684930698 0.0 0.183684930698 2.24204072834 -0.646032586051 0.646032586051 2.24204072834 
92.4118876687 112.355790427 1.43524897099 337.906768799 4.07470703125 8388608 0.485451124766 0.0 0.485451124766 1.3298630463 -0.539818383169 0.539818383169 1.3298630463 
172.501684257 47.7345859976 1.38830053806 94.512512207 4.04843139648 8388608 0.518839480773 0.0 0.518839480773 -0.109227043599 1.38399705091 -1.38399705091 -0.109227043599 
20.3537277474 223.795894213 1.39092898369 92.5266113281 4.04521942139 8388608 0.516880426292 0.0 0.516880426292 -0.0613168730282 1.38957679843 -1.38957679843 -0.0613168730282 
20.2312955916 63.7668398221 1.43753218651 92.4834289551 4.0389213562 8388608 0.483910276731 0.0 0.483910276731 -0.0622889043454 1.43618204962 -1.43618204962 -0.0622889043454 
148.561539295 47.7163777628 1.364828825 94.6087036133 4.03636932373 8388608 0.536838467201 0.0 0.536838467201 -0.109664461224 1.36041590239 -1.36041590239 -0.109664461224 
59.8797021752 220.1354882 1.50021016598 258.140716553 4.01198577881 8388608 0.444319927813 0.0 0.444319927813 -0.30830634267 -1.46818859183 1.46818859183 -0.30830634267 
183.070770978 203.699486246 1.691426754 354.385162354 4.00444412231 12386304 0.349537365469 0.0 0.349537365469 1.68331145077 -0.165490253 0.165490253 1.68331145077 
128.234810814 63.1926041713 2.53714489937 20.0149536133 3.99548339844 24969472 0.155349356272 0.0 0.155349356272 2.3839097835 0.868376867794 -0.868376867794 2.3839097835 
15.4442864015 211.70536182 1.6408970356 354.460296631 3.99422454834 10158080 0.371396100175 0.0 0.371396100175 1.63323329596 -0.158404805514 0.158404805514 1.63323329596 
19.7695602925 207.554645195 1.35653984547 90.1067810059 3.96825408936 8388608 0.543419089519 0.0 0.543419089519 -0.00252815489318 1.35653748963 -1.35653748963 -0.00252815489318 
188.121166584 199.640100529 1.3705893755 90.1033935547 3.96387481689 8388608 0.532335314996 0.0 0.532335314996 -0.00247330661773 1.37058714388 -1.37058714388 -0.00247330661773 
39.5862862505 72.7446176775 2.87679362297 358.734008789 3.95935058594 17367552 0.120832172878 0.0 0.120832172878 2.87609139656 -0.0635596396628 0.0635596396628 2.87609139656 
165.244779345 211.234609411 1.57643473148 267.093719482 3.95623779297 8388608 0.402390770539 0.0 0.402390770539 -0.0799290481407 -1.57440712965 1.57440712965 -0.0799290481407 
151.109664598 75.6762000313 1.66152882576 354.416046143 3.95003509521 11075584 0.362229852933 0.0 0.362229852933 1.65364435612 -0.161673690833 0.161673690833 1.65364435612 
20.2596113859 75.9506483905 1.83019638062 261.522766113 3.94036483765 18087936 0.298541434775 0.0 0.298541434775 -0.269800998902 -1.8102006001 1.8102006001 -0.269800998902 
183.756190698 167.039694116 1.88657999039 0.224029541016 3.92719268799 20250624 0.280963272229 0.0 0.280963272229 1.8865655689 0.00737660916704 -0.00737660916704 1.8865655689 
128.159151337 47.4607719509 1.40132069588 89.9165649414 3.91696929932 8388608 0.509242835715 0.0 0.509242835715 0.00204062557557 1.40131921008 -1.40131921008 0.00204062557557 
28.9269942223 212.791502679 1.93846166134 261.755859375 3.9139251709 22216704 0.266124934767 0.0 0.266124934767 -0.277958758914 -1.91842970703 1.91842970703 -0.277958758914 
127.840426264 58.7833431738 1.3032977581 358.73449707 3.89225769043 8388608 0.588725305332 0.0 0.588725305332 1.30297986797 -0.0287838484092 0.0287838484092 1.30297986797 
155.487145206 59.6312231454 1.45479917526 179.996963501 3.88909912109 8388608 0.472491399446 0.0 0.472491399446 -1.45479917322 7.70998546568e-05 -7.70998546568e-05 -1.45479917322 
132.626520712 68.1890362715 1.29456281662 183.267654419 3.88749694824 8388608 0.596696846349 0.0 0.596696846349 -1.29245805754 -0.0737906204246 0.0737906204246 -1.29245805754 
183.999721606 52.6118294019 1.30565738678 355.167633057 3.85564041138 8388608 0.586599299157 0.0 0.586599299157 1.30101633597 -0.109989568555 0.109989568555 1.30101633597 
39.8805880498 28.6264742408 1.29943704605 355.135437012 3.8510055542 8388608 0.592228784555 0.0 0.592228784555 1.2947563898 -0.110193138254 0.110193138254 1.2947563898 
52.1274672805 218.883025633 1.44519925117 262.588531494 3.84740829468 8388608 0.47878941912 0.0 0.47878941912 -0.186422162356 -1.43312513514 1.43312513514 -0.186422162356 
23.819905609 28.6444890196 1.29932832718 355.134887695 3.84591293335 8388608 0.592327895977 0.0 0.592327895977 1.29464700611 -0.110196331098 0.110196331098 1.29464700611 
159.867668492 52.6431874216 1.2720849514 354.989318848 3.84502410889 8388608 0.617970537406 0.0 0.617970537406 1.26722359365 -0.111105748146 0.111105748146 1.26722359365 
172.605875139 59.599728271 1.74165153503 267.361083984 3.82921218872 14483456 0.329668510753 0.0 0.329668510753 -0.0801882335031 -1.73980456279 1.73980456279 -0.0801882335031 
52.4926551112 235.11056843 1.5417599678 268.899902344 3.81759643555 8388608 0.420694147322 0.0 0.420694147322 -0.029600475503 -1.54147578968 1.54147578968 -0.029600475503 
185.47806124 174.279613866 2.18825960159 359.679321289 3.8011932373 14287104 0.208834532558 0.0 0.208834532558 2.18822532776 -0.0122474047926 0.0122474047926 2.18822532776 
19.8814382568 19.2334100293 1.55404126644 270.002075195 3.79605484009 8388608 0.414071086594 0.0 0.414071086594 5.62858063586e-05 -1.55404126542 1.55404126542 5.62858063586e-05 
51.7493858015 19.28597226 1.59767174721 270.00189209 3.79572677612 8388608 0.391764328435 0.0 0.391764328435 5.27602296654e-05 -1.59767174634 1.59767174634 5.27602296654e-05 
35.6521991716 19.2854384495 1.59921371937 270.001861572 3.79353713989 8388608 0.391009209282 0.0 0.391009209282 5.19593577662e-05 -1.59921371852 1.59921371852 5.19593577662e-05 
129.02088004 19.619243321 1.69073295593 269.940826416 3.7639541626 12320768 0.34982429204 0.0 0.34982429204 -0.00174614450886 -1.69073205425 1.69073205425 -0.00174614450886 
40.1170553763 64.4870159339 1.73574924469 81.1383361816 3.76231384277 14221312 0.331914350754 0.0 0.331914350754 0.267390982313 1.715029884 -1.715029884 0.267390982313 
184.559977018 160.261457644 1.37637996674 79.5664978027 3.76136398315 8388608 0.52786554358 0.0 0.52786554358 0.24925447282 1.35362255471 -1.35362255471 0.24925447282 
39.7999408722 69.5721703188 1.43440914154 0.303161621094 3.75395202637 8388608 0.486019742864 0.0 0.486019742864 1.4343890624 0.00758966498544 -0.00758966498544 1.4343890624 
183.833792665 173.978830094 1.40159893036 359.995910645 3.74719619751 8388608 0.509040673955 0.0 0.509040673955 1.40159892679 -0.000100035924019 0.000100035924019 1.40159892679 
183.750592353 177.612742118 1.33761978149 359.999237061 3.74415206909 8388608 0.558900675507 0.0 0.558900675507 1.33761978138 -1.78114847766e-05 1.78114847766e-05 1.33761978138 
61.3895865105 207.396542532 1.3164908886 269.829986572 3.73211669922 8388608 0.576984683435 0.0 0.576984683435 -0.00390640989619 -1.31648509286 1.31648509286 -0.00390640989619 
29.5340681666 35.7511914512 1.73665487766 265.992431641 3.7154045105 14286848 0.331568266789 0.0 0.331568266789 -0.121371760101 -1.73240845644 1.73240845644 -0.121371760101 
45.5259272329 83.7912087948 1.75106525421 266.023376465 3.7149887085 14876672 0.326133445656 0.0 0.326133445656 -0.121435439486 -1.74684943786 1.74684943786 -0.121435439486 
45.525997369 35.7523902163 1.73704612255 265.993255615 3.7149887085 14286848 0.331418921554 0.0 0.331418921554 -0.121374184007 -1.73280049034 1.73280049034 -0.121374184007 
13.5439687949 35.8758750888 1.7944868803 266.116394043 3.71490097046 16646144 0.310541341657 0.0 0.310541341657 -0.121540274211 -1.79036619867 1.79036619867 -0.121540274211 
29.0529917586 37.9817028914 2.50446867943 267.184814453 3.69161224365 24051968 0.159429539013 0.0 0.159429539013 -0.123005700533 -2.50144617449 2.50144617449 -0.123005700533 
99.5146905247 41.7687026387 1.65583992004 11.436920166 3.68501663208 10813440 0.364723127041 0.0 0.364723127041 1.62296090851 0.32833478383 -0.32833478383 1.62296090851 
100.282333481 68.6716677069 1.36265301704 10.0353393555 3.65662384033 8388608 0.538554223063 0.0 0.538554223063 1.34180505483 0.237449867718 -0.237449867718 1.34180505483 
124.59223519 150.560974397 1.50568580627 343.285919189 3.63945579529 8388608 0.441094138963 0.0 0.441094138963 1.44207335926 -0.433029068004 0.433029068004 1.44207335926 
19.4706040131 181.89381005 1.52439820766 90.59375 3.61031341553 8388608 0.430331503689 0.0 0.430331503689 -0.0157968919118 1.52431635619 -1.52431635619 -0.0157968919118 
157.234542215 140.207386768 1.8914141655 328.546081543 3.5906791687 20447232 0.279528906377 0.0 0.279528906377 1.61348999667 -0.986963817007 0.986963817007 1.61348999667 
145.750561418 136.543159574 1.39073169231 273.196990967 3.57634353638 8388608 0.517027087626 0.0 0.517027087626 0.0775598120801 -1.38856728881 1.38856728881 0.0775598120801 
182.856518567 215.747733402 1.27394366264 280.563537598 3.57374191284 8388608 0.616168588259 0.0 0.616168588259 0.233546720964 -1.25235313898 1.25235313898 0.233546720964 
134.067795236 38.5954714887 2.02819609642 89.9816894531 3.55221557617 8782080 0.243097288618 0.0 0.243097288618 0.000648169540212 2.02819599285 -2.02819599285 0.000648169540212 
168.066909377 41.1206658354 1.46887600422 90.0247497559 3.5447807312 8388608 0.463478643942 0.0 0.463478643942 -0.000634502605087 1.46887586718 -1.46887586718 -0.000634502605087 
134.998667835 120.222872795 1.26018750668 6.24752807617 3.53889465332 8388608 0.629694152671 0.0 0.629694152671 1.25270329613 0.137138630066 -0.137138630066 1.25270329613 
143.120082813 40.5343519293 1.62419497967 90.020690918 3.53823852539 9437184 0.37907371588 0.0 0.37907371588 -0.00058653682077 1.62419487376 -1.62419487376 -0.00058653682077 
167.29112954 144.968225059 1.29285383224 332.396270752 3.52603912354 8388608 0.598275400006 0.0 0.598275400006 1.14569270531 -0.599048626191 0.599048626191 1.14569270531 
141.901284738 166.560224761 1.89616012573 311.97064209 3.38423538208 20643840 0.278131373732 0.0 0.278131373732 1.26805658526 -1.40977151305 1.40977151305 1.26805658526 
99.816351036 55.7615131505 1.57681274414 19.8463439941 3.18841171265 8388608 0.402197861683 0.0 0.402197861683 1.48316027108 0.535326106579 -0.535326106579 1.48316027108 
124.449464692 167.048002738 1.30752551556 319.880645752 1.77242660522 8388608 0.584924287581 0.0 0.584924287581 0.999869698064 -0.842545880486 0.842545880486 0.999869698064 
