13
73
162.062112713 14.8175511408 1.374771595 123.900756836 49.6604309082 8388608 0.529101386183 0.0 0.529101386183 -0.766787205818 1.14106718444 -1.14106718444 -0.766787205818 
173.940030981 26.8145406703 1.90903234482 138.436859131 45.9101829529 21102592 0.274393251838 0.0 0.274393251838 -1.42838581826 1.26653797723 -1.26653797723 -1.42838581826 
169.938670549 20.6572950136 1.55620515347 143.037033081 44.4133605957 8388608 0.412920364135 0.0 0.412920364135 -1.24344577364 0.935744135803 -0.935744135803 -1.24344577364 
188.533114778 63.0319161415 1.86611354351 173.149658203 29.8192043304 19464192 0.287159950867 0.0 0.287159950867 -1.85279152976 0.222583252989 -0.222583252989 -1.85279152976 
195.45695874 168.875848739 1.71474921703 45.342590332 15.7584495544 13369344 0.340093846078 0.0 0.340093846078 1.20523916627 1.21973908251 -1.21973908251 1.20523916627 
159.540891242 30.4953741469 3.9130294323 141.232696533 15.0907669067 22937601 0.0653091108317 0.0 0.0653091108317 -3.05097111533 2.45017848155 -2.45017848155 -3.05097111533 
165.464535786 131.295525732 3.20071315765 225.822662354 13.3858242035 8388609 0.0976127368578 0.0 0.0976127368578 -2.23051774397 -2.29550763698 2.29550763698 -2.23051774397 
205.179125977 157.940479319 1.49891483784 39.9205322266 12.4541702271 8388608 0.445088202001 0.0 0.445088202001 1.14957060476 0.961890386561 -0.961890386561 1.14957060476 
13.7970729022 189.80689166 1.15354120731 247.189910889 11.8468818665 8388608 0.751508286353 0.0 0.751508286353 -0.447202443977 -1.06332840227 1.06332840227 -0.447202443977 
210.03347446 151.842313485 2.0736079216 32.0651855469 11.3429870605 10420480 0.232566262451 0.0 0.232566262451 1.75726795391 1.10084474414 -1.10084474414 1.75726795391 
71.5528829641 161.86351737 1.36229813099 255.292053223 10.7334213257 8388608 0.538834852205 0.0 0.538834852205 -0.345876732887 -1.31765909223 1.31765909223 -0.345876732887 
28.1265408197 210.700141492 1.6365134716 103.641998291 9.42214393616 9961472 0.373388407642 0.0 0.373388407642 -0.385979075593 1.59034477267 -1.59034477267 -0.385979075593 
185.518532811 168.296633853 1.28035187721 42.725189209 8.50102424622 8388608 0.610016124566 0.0 0.610016124566 0.94056746329 0.868696596334 -0.868696596334 0.94056746329 
176.558590685 83.2472189514 1.36112439632 208.231811523 8.31986236572 8388608 0.539764556846 0.0 0.539764556846 -1.19920632927 -0.643866292102 0.643866292102 -1.19920632927 
172.384800667 89.5882894055 1.73224556446 200.929916382 7.95373535156 14090240 0.333258384012 0.0 0.333258384012 -1.61794867626 -0.618802696001 0.618802696001 -1.61794867626 
171.050574651 178.381469428 1.32619988918 62.150604248 7.93805122375 8388608 0.56856749235 0.0 0.56856749235 0.619533058865 1.17259751622 -1.17259751622 0.619533058865 
177.839022706 174.1375476 1.26793587208 54.8531799316 7.07010650635 8388608 0.622021537069 0.0 0.622021537069 0.729917236917 1.03676525933 -1.03676525933 0.729917236917 
149.701775302 207.432664504 1.56856334209 64.5202331543 5.73841094971 8388608 0.406439471208 0.0 0.406439471208 0.674783927315 1.41600056836 -1.41600056836 0.674783927315 
116.367908803 202.244987278 1.47561085224 77.5383300781 5.55937957764 8388608 0.459257565076 0.0 0.459257565076 0.318416808394 1.44084632192 -1.44084632192 0.318416808394 
111.198398182 204.183273057 1.28763723373 63.7132568359 5.42312049866 8388608 0.603132799978 0.0 0.603132799978 0.570247859158 1.15448127955 -1.15448127955 0.570247859158 
170.566653217 74.7013908882 1.70450103283 190.540283203 5.0118522644 12910592 0.344195717534 0.0 0.344195717534 -1.67574020181 -0.311798888637 0.311798888637 -1.67574020181 
59.9247426884 202.132851864 1.26786136627 90.6645507812 4.70952796936 8388608 0.622094645342 0.0 0.622094645342 -0.014705086091 1.26777608612 -1.26777608612 -0.014705086091 
154.526813381 80.1598041958 3.50641822815 193.164382935 4.68051528931 14942209 0.0813340820154 0.0 0.0813340820154 -3.4142718912 -0.798571376685 0.798571376685 -3.4142718912 
158.383584305 71.9503825772 3.37012267113 199.357635498 4.63201522827 12124161 0.0880457873292 0.0 0.0880457873292 -3.17960289644 -1.11707306808 1.11707306808 -3.17960289644 
155.393166476 163.493062546 1.75911402702 49.2559204102 4.43295860291 15204352 0.323155845881 0.0 0.323155845881 1.14814112782 1.3327618357 -1.3327618357 1.14814112782 
197.321241299 154.816316463 1.39690327644 23.8639526367 4.32684326172 8388608 0.512468679751 0.0 0.512468679751 1.27748015348 0.565140001421 -0.565140001421 1.27748015348 
161.798163524 206.725513629 2.33062767982 71.5614624023 4.28372955322 18874624 0.184100174376 0.0 0.184100174376 0.737147672941 2.21098138623 -2.21098138623 0.737147672941 
153.704034772 164.410610574 2.8951830864 51.1519470215 4.20490455627 17826304 0.119302057617 0.0 0.119302057617 1.81602445993 2.25480381956 -2.25480381956 1.81602445993 
167.401231663 199.788832372 1.64668107033 60.923034668 4.1608581543 10420224 0.368791594402 0.0 0.368791594402 0.800260748437 1.43914602521 -1.43914602521 0.800260748437 
175.33338215 160.187595286 2.01067137718 24.5904541016 3.81210136414 24903680 0.247353356986 0.0 0.247353356986 1.82831444519 0.836699274844 -0.836699274844 1.82831444519 
95.9010628127 191.789164081 1.476521492 67.6156616211 3.63964271545 8388608 0.458691248588 0.0 0.458691248588 0.562285430536 1.36526583893 -1.36526583893 0.562285430536 
175.830052711 160.067111435 1.21898162365 26.9825744629 3.60984802246 8388608 0.67298546231 0.0 0.67298546231 1.08628883835 0.553075725799 -0.553075725799 1.08628883835 
204.066253913 180.603856974 1.26721632481 47.8949584961 3.60813140869 8388608 0.622728126719 0.0 0.622728126719 0.849658285693 0.940169139787 -0.940169139787 0.849658285693 
205.952975579 15.6185303141 1.64699327946 335.8855896 3.54485702515 10420224 0.368651789108 0.0 0.368651789108 1.50326256345 -0.672895629288 0.672895629288 1.50326256345 
130.540221792 28.2648429121 2.50538468361 139.82963562 3.54202270508 24051968 0.159312980922 0.0 0.159312980922 -1.91443905319 1.61612979815 -1.61612979815 -1.91443905319 
208.276298334 25.9475961736 1.5854036808 337.57901001 3.54145812988 8388608 0.397850836659 0.0 0.397850836659 1.46555725927 -0.604687316628 0.604687316628 1.46555725927 
197.371226169 190.448774175 1.86177480221 59.7498168945 3.53656005859 19333120 0.288499924419 0.0 0.288499924419 0.937918836156 1.60826417946 -1.60826417946 0.937918836156 
208.316178069 96.1650256147 1.98329854012 347.062164307 3.43090057373 23920640 0.254228254465 0.0 0.254228254465 1.93294964437 -0.444048163538 0.444048163538 1.93294964437 
151.724306621 156.461027468 1.25555384159 133.788314819 3.31112289429 8388608 0.634350545441 0.0 0.634350545441 -0.868838186165 0.906386041041 -0.906386041041 -0.868838186165 
71.8768767387 187.551261433 1.49308657646 359.401580811 3.03290939331 8388608 0.448569786299 0.0 0.448569786299 1.49300514039 -0.0155940877688 0.0155940877688 1.49300514039 
116.826892914 179.34641341 2.70708799362 68.6672973633 3.01887512207 12976640 0.136456822631 0.0 0.136456822631 0.984792460158 2.52160845803 -2.52160845803 0.984792460158 
83.8583671823 188.038624594 1.75499308109 63.0704956055 2.99247741699 15073280 0.324675249338 0.0 0.324675249338 0.794825624813 1.56468940714 -1.56468940714 0.794825624813 
159.021772842 151.478740123 1.28164553642 352.066162109 2.98052024841 8388608 0.608785277689 0.0 0.608785277689 1.26937777677 -0.176904892174 0.176904892174 1.26937777677 
51.3588597551 199.337407853 1.42577290535 83.5025634766 2.95900535583 8388608 0.491925442898 0.0 0.491925442898 0.161338694226 1.41661505123 -1.41661505123 0.161338694226 
66.646859109 210.742137344 1.28479504585 63.4661254883 2.95504188538 8388608 0.605804218757 0.0 0.605804218757 0.573952430581 1.1494681019 -1.1494681019 0.573952430581 
202.783658698 114.618365574 1.29238009453 40.981262207 2.93467521667 8388608 0.598714090713 0.0 0.598714090713 0.975648873128 0.847558602751 -0.847558602751 0.975648873128 
166.663900807 165.883089979 2.01245594025 65.678894043 2.86357688904 24969216 0.246914865946 0.0 0.246914865946 0.828830105538 1.8338537476 -1.8338537476 0.828830105538 
115.43907761 178.700671494 1.40811431408 54.2867126465 2.83994674683 8388608 0.504340881761 0.0 0.504340881761 0.821957898836 1.14331585052 -1.14331585052 0.821957898836 
107.908849606 191.571111751 1.73445785046 60.2612609863 2.77722358704 14221312 0.332408789807 0.0 0.332408789807 0.86037063117 1.50602337699 -1.50602337699 0.86037063117 
83.8725183801 203.506244641 1.37349259853 92.5485534668 2.75531387329 8388608 0.530087243529 0.0 0.530087243529 -0.0610736984092 1.37213407566 -1.37213407566 -0.0610736984092 
196.002981993 131.941207449 1.46885275841 49.1603088379 2.66806602478 8388608 0.463493313925 0.0 0.463493313925 0.960548695337 1.11124913038 -1.11124913038 0.960548695337 
52.336889053 205.014270277 1.3465423584 249.723068237 2.64753341675 8388608 0.551518342335 0.0 0.551518342335 -0.46665504512 -1.26309516341 1.26309516341 -0.46665504512 
148.281289354 183.854865561 1.34967637062 67.1114807129 2.64649200439 8388608 0.548960012835 0.0 0.548960012835 0.52494226199 1.24340738577 -1.24340738577 0.52494226199 
195.788751517 107.565774514 1.65833902359 359.272155762 2.61640548706 10944512 0.363624685709 0.0 0.363624685709 1.65820521958 -0.0210657757115 0.0210657757115 1.65820521958 
185.775958146 135.858159829 2.56472635269 35.6228637695 2.59922790527 9044480 0.152026021966 0.0 0.152026021966 2.08478501002 1.49381817039 -1.49381817039 2.08478501002 
171.597954639 138.625051826 1.26958405972 7.27230834961 2.58630180359 8388608 0.620407555337 0.0 0.620407555337 1.25937119341 0.160710553139 -0.160710553139 1.25937119341 
211.012810437 106.690007974 1.31710636616 19.4440307617 2.45001029968 8388608 0.576445565012 0.0 0.576445565012 1.24198799641 0.438446115892 -0.438446115892 1.24198799641 
118.832437208 191.077329445 1.71676683426 48.0342407227 2.36042785645 13434880 0.339294930378 0.0 0.339294930378 1.14797858877 1.27649266466 -1.27649266466 1.14797858877 
203.805817994 117.167528279 2.24678683281 36.9673156738 2.35875892639 16187648 0.198096252538 0.0 0.198096252538 1.79513478899 1.35112625666 -1.35112625666 1.79513478899 
211.124621617 113.390708476 1.46253359318 22.8138427734 2.34857559204 8388608 0.467507195416 0.0 0.467507195416 1.34811885914 0.567080287791 -0.567080287791 1.34811885914 
193.954025694 147.195748393 1.31890845299 30.364654541 2.34760665894 8388608 0.57487139165 0.0 0.57487139165 1.13798807566 0.666710317164 -0.666710317164 1.13798807566 
79.7562220655 196.225712885 1.52877271175 62.2167358398 2.26601600647 8388608 0.427872284488 0.0 0.427872284488 0.712604130918 1.35253146241 -1.35253146241 0.712604130918 
155.756477584 179.416599909 1.36164212227 52.6267700195 2.16718864441 8388608 0.539354174435 0.0 0.539354174435 0.826523035972 1.08209470017 -1.08209470017 0.826523035972 
44.0012187859 203.671929575 1.46867144108 302.439819336 2.12943458557 8388608 0.4636077637 0.0 0.4636077637 0.787815122411 -1.23949309588 1.23949309588 0.787815122411 
158.344272978 171.819757893 1.48880159855 342.787536621 2.1240940094 8388608 0.451155594483 0.0 0.451155594483 1.42212415254 -0.440559978428 0.440559978428 1.42212415254 
205.692872525 85.3393078331 1.52184379101 14.2010192871 2.08916091919 8388608 0.431777339996 0.0 0.431777339996 1.4753377449 0.373345768282 -0.373345768282 1.4753377449 
190.231107687 139.749899905 1.44291031361 50.3287353516 2.00535774231 8388608 0.480309663761 0.0 0.480309663761 0.921127774047 1.11063666291 -1.11063666291 0.921127774047 
108.328252471 197.470867066 1.36850500107 359.078186035 1.97374725342 8388608 0.533958153238 0.0 0.533958153238 1.36832788893 -0.0220165012103 0.0220165012103 1.36832788893 
203.755708066 131.759324887 1.44956111908 2.04769897461 1.89075088501 8388608 0.475912308178 0.0 0.475912308178 1.44863546809 0.0517949663535 -0.0517949663535 1.44863546809 
148.001999735 172.795001635 1.23124468327 355.468475342 1.84402656555 8388608 0.659646501874 0.0 0.659646501874 1.22739582954 -0.0972776834908 0.0972776834908 1.22739582954 
104.408377088 179.60823229 1.51765835285 332.493041992 1.82013893127 8388608 0.434162157753 0.0 0.434162157753 1.3460942877 -0.700940114849 0.700940114849 1.3460942877 
180.650509589 18.9369644153 1.36312937737 309.001922607 1.49045181274 8388608 0.538177881623 0.0 0.538177881623 0.857880659717 -1.05932170426 1.05932170426 0.857880659717 
202.583681624 63.1122296729 1.67905592918 329.498443604 -0.0857086181641 11862016 0.354706930942 0.0 0.354706930942 1.44670040109 -0.852224596453 0.852224596453 1.44670040109 
