13
218
223.594986987 103.09192719 2.29397964478 72.4290771484 117.807678223 17694976 0.190029436316 0.0 0.190029436316 0.692520603348 2.18695171976 -2.18695171976 0.692520603348 
245.601506181 108.046522208 2.94027352333 78.858581543 98.1314697266 18940416 0.115671011577 0.0 0.115671011577 0.568152820258 2.88485888127 -2.88485888127 0.568152820258 
102.468077661 45.6232334746 5.15546321869 175.538162231 85.6929397583 9437697 0.0376239695699 0.0 0.0376239695699 -5.13983892129 0.401069647835 -0.401069647835 -5.13983892129 
125.997522324 48.0110240088 3.26854920387 40.8782653809 85.5457839966 9895937 0.0936030382736 0.0 0.0936030382736 2.47135588608 2.13911523356 -2.13911523356 2.47135588608 
163.479180077 97.1240855075 8.14837169647 55.9512023926 84.3970947266 9109762 0.0150611570397 0.0 0.0150611570397 4.56226332621 6.7514231571 -6.7514231571 4.56226332621 
72.0361154905 39.2991228941 5.19538259506 29.4364929199 83.7673950195 9961985 0.0370480138022 0.0 0.0370480138022 4.52466372713 2.55331519118 -2.55331519118 4.52466372713 
98.017827745 40.4422875524 3.11321878433 297.042236328 75.9588394165 23069184 0.103176481979 0.0 0.103176481979 1.41541618262 -2.77285560913 2.77285560913 1.41541618262 
202.689977398 70.5463162535 1.4992890358 74.0653991699 75.619468689 8388608 0.444866056292 0.0 0.444866056292 0.411614756036 1.44167989008 -1.44167989008 0.411614756036 
189.522407789 73.2246514214 3.3591504097 67.8949279785 73.7601318359 11862017 0.0886219086933 0.0 0.0886219086933 1.26406939866 3.11223714237 -3.11223714237 1.26406939866 
78.3211764167 63.7872870652 3.41129970551 159.823791504 72.2269210815 12976129 0.0859330539791 0.0 0.0859330539791 -3.20196981392 1.17658615984 -1.17658615984 -3.20196981392 
146.818479204 123.908354061 1.32421314716 4.23962402344 69.3992843628 8388608 0.570274837286 0.0 0.570274837286 1.3205895563 0.0978962865346 -0.0978962865346 1.3205895563 
170.180443767 93.0170540928 3.08676981926 39.2474975586 66.9649963379 22479360 0.104952190993 0.0 0.104952190993 2.39045713934 1.95291130933 -1.95291130933 2.39045713934 
144.659289137 129.496024071 4.37558984756 77.8395080566 66.9234771729 14287105 0.052230813253 0.0 0.052230813253 0.921721385348 4.27740764972 -4.27740764972 0.921721385348 
60.6294989896 63.2775610243 3.38647699356 4.60940551758 64.9448471069 12451841 0.0871974412334 0.0 0.0871974412334 3.37552411031 0.272145932566 -0.272145932566 3.37552411031 
182.463562688 58.5104681792 2.904058218 7.0788269043 64.3460083008 18022912 0.118573970614 0.0 0.118573970614 2.88192216738 0.357880922557 -0.357880922557 2.88192216738 
165.585523899 61.9855273436 3.6676223278 52.5021362305 64.0658035278 18219009 0.0743414083147 0.0 0.0743414083147 2.23259852103 2.90980366749 -2.90980366749 2.23259852103 
34.552550713 46.2810770205 2.89948916435 327.014587402 62.2522964478 17957376 0.11894796594 0.0 0.11894796594 2.43211820051 -1.57855581876 1.57855581876 2.43211820051 
138.021941126 110.663395683 3.35014867783 59.5407714844 61.6400032043 11665409 0.0890987964382 0.0 0.0890987964382 1.69827446053 2.88779501008 -2.88779501008 1.69827446053 
91.598481168 78.1902814346 6.7502117157 147.568389893 60.7310905457 12189698 0.0219464970617 0.0 0.0219464970617 -5.69739591754 3.62008811572 -3.62008811572 -5.69739591754 
144.45829637 132.491982541 2.01429486275 31.6036682129 58.6808013916 25034752 0.246464236747 0.0 0.246464236747 1.71556161118 1.05557195507 -1.05557195507 1.71556161118 
167.078059939 96.328283998 2.008913517 51.3434753418 58.5502319336 24838144 0.24778642974 0.0 0.24778642974 1.25486842159 1.56876982483 -1.56876982483 1.25486842159 
66.014883575 157.105309739 1.51550900936 108.75112915 57.9171066284 8388608 0.435394516417 0.0 0.435394516417 -0.487172687243 1.43507154186 -1.43507154186 -0.487172687243 
171.268635303 53.5328302591 1.71623563766 30.9140625 57.5961723328 13434880 0.33950499501 0.0 0.33950499501 1.47242520853 0.881719212264 -0.881719212264 1.47242520853 
123.527278925 89.1802453039 4.80894613266 108.143386841 53.2174072266 21102849 0.0432414427036 0.0 0.0432414427036 -1.49748712894 4.56984629998 -4.56984629998 -1.49748712894 
178.343922464 15.4898197099 1.32583034039 84.1358337402 52.7090950012 8388608 0.568884490248 0.0 0.568884490248 0.13546063334 1.31889215188 -1.31889215188 0.13546063334 
99.6690267761 79.7040227823 3.51806044579 112.240020752 52.6503562927 15204353 0.0807966595868 0.0 0.0807966595868 -1.33154158473 3.25633940312 -3.25633940312 -1.33154158473 
121.025512033 114.349157234 1.76983141899 79.3016052246 52.4416999817 15663104 0.319253890719 0.0 0.319253890719 0.328549886971 1.73906820551 -1.73906820551 0.328549886971 
128.776098895 132.972093125 1.51751708984 81.9624023438 52.3781509399 8388608 0.434242992305 0.0 0.434242992305 0.212183621667 1.50260980586 -1.50260980586 0.212183621667 
157.007160248 74.1191637102 2.15961074829 337.150299072 51.5507469177 13369600 0.214411976101 0.0 0.214411976101 1.99013887201 -0.838609476602 0.838609476602 1.99013887201 
168.024215695 36.4682538654 2.35205936432 24.4836425781 51.1763534546 19529984 0.180760461868 0.0 0.180760461868 2.14056130408 0.974772053736 -0.974772053736 2.14056130408 
142.770587759 49.5386507156 3.84432148933 329.139190674 50.8938751221 21626881 0.0676644570655 0.0 0.0676644570655 3.30002696186 -1.97196089321 1.97196089321 3.30002696186 
160.840259268 49.950763114 1.91946518421 201.858840942 50.2967224121 21495808 0.271418547265 0.0 0.271418547265 -1.78146322776 -0.714657513463 0.714657513463 -1.78146322776 
129.443527202 46.4793439271 1.36157763004 73.5979614258 49.1369361877 8388608 0.539405269538 0.0 0.539405269538 0.384476285109 1.30616676915 -1.30616676915 0.384476285109 
135.858871223 132.943141726 1.39446604252 90.8580627441 48.9411087036 8388608 0.514261620581 0.0 0.514261620581 -0.0208827708227 1.3943096692 -1.3943096692 -0.0208827708227 
118.696512706 33.1824046216 2.69776749611 165.584030151 48.3510780334 12714496 0.137401338808 0.0 0.137401338808 -2.61282506822 0.671635783713 -0.671635783713 -2.61282506822 
115.606157596 23.641389084 1.67197930813 188.544616699 47.6980819702 11534336 0.357715865988 0.0 0.357715865988 -1.65342111209 -0.248421884893 0.248421884893 -1.65342111209 
96.3031105753 94.3585686747 3.25805234909 140.664398193 46.6405448914 9633793 0.0942071539682 0.0 0.0942071539682 -2.51992917737 2.06515424374 -2.06515424374 -2.51992917737 
172.001972066 26.3400855933 1.43396759033 23.4937744141 44.8972129822 8388608 0.486319101994 0.0 0.486319101994 1.31509654662 0.571650350479 -0.571650350479 1.31509654662 
197.071090953 68.420745705 9.14747905731 93.51953125 44.6164703369 17498370 0.011950804784 0.0 0.011950804784 -0.56155262315 9.13022627077 -9.13022627077 -0.56155262315 
113.421786227 77.5625087837 4.37961387634 131.264770508 44.5236625671 14352641 0.052134877061 0.0 0.052134877061 -2.88852884098 3.29202351763 -3.29202351763 -2.88852884098 
147.792436398 105.034199225 1.26240170002 80.0299682617 43.6079750061 8388608 0.62748718184 0.0 0.62748718184 0.218563463373 1.24333747016 -1.24333747016 0.218563463373 
119.553496912 23.9419248785 2.86868643761 309.324371338 43.3351783752 17170944 0.121516104761 0.0 0.121516104761 1.8179152137 -2.21913184672 2.21913184672 1.8179152137 
123.238468272 112.349140641 4.09081840515 61.6791687012 42.7233810425 9437441 0.0597557356764 0.0 0.0597557356764 1.94071819309 3.60116760495 -3.60116760495 1.94071819309 
81.7267556068 77.5863275929 3.39514660835 145.177597046 42.4630584717 12648449 0.0867526869303 0.0 0.0867526869303 -2.78716410537 1.93874617781 -1.93874617781 -2.78716410537 
102.893835687 59.5292695975 2.96155142784 163.223587036 42.271320343 19464704 0.114014855906 0.0 0.114014855906 -2.83550306813 0.854815307765 -0.854815307765 -2.83550306813 
110.313366141 106.383021085 6.17368030548 109.730239868 41.2344589233 22479361 0.0262368520968 0.0 0.0262368520968 -2.08418573444 5.81123896761 -5.81123896761 -2.08418573444 
200.561967661 57.7586880542 1.7430627346 44.7493286133 41.1175308228 14548992 0.329134921543 0.0 0.329134921543 1.23791204236 1.22712732516 -1.22712732516 1.23791204236 
214.888837033 84.1202589299 3.98971867561 168.415222168 41.059211731 24313857 0.0628225343839 0.0 0.0628225343839 -3.90844266739 0.80120598241 -0.80120598241 -3.90844266739 
145.823540511 83.4619262504 2.83581256866 147.173934937 40.7402153015 16318976 0.124349760729 0.0 0.124349760729 -2.3829902502 1.53726718303 -1.53726718303 -2.3829902502 
115.110246601 48.2833087809 1.36220014095 315.350067139 40.0270881653 8388608 0.538912377297 0.0 0.538912377297 0.969088052633 -0.95731790449 0.95731790449 0.969088052633 
149.936646605 59.2309280614 1.72087752819 329.142303467 39.310760498 13631488 0.337675905468 0.0 0.337675905468 1.47727670861 -0.882651116374 0.882651116374 1.47727670861 
254.767777917 116.044881093 2.30174064636 170.112976074 38.351852417 17957120 0.188750115498 0.0 0.188750115498 -2.26755574341 0.395222663362 -0.395222663362 -2.26755574341 
271.189099618 28.1929430733 2.43895030022 37.8827209473 38.3452033997 22151424 0.168110213183 0.0 0.168110213183 1.92498860312 1.49763061025 -1.49763061025 1.92498860312 
96.8529753989 69.1406184257 1.87904417515 306.730804443 36.0303955078 19988480 0.28322137023 0.0 0.28322137023 1.12377388073 -1.50596788715 1.50596788715 1.12377388073 
30.5748091363 42.8703448463 1.28676617146 211.458526611 35.7628860474 8388608 0.603949644659 0.0 0.603949644659 -1.09763489914 -0.671539133777 0.671539133777 -1.09763489914 
263.654077225 14.8706650006 1.36723446846 266.957672119 35.6361122131 8388608 0.534950998979 0.0 0.534950998979 -0.0725641787937 -1.36530748614 1.36530748614 -0.0725641787937 
105.204421446 85.7615122296 1.50732219219 248.773330688 35.2837562561 8388608 0.44013693361 0.0 0.44013693361 -0.545738807595 -1.40505848453 1.40505848453 -0.545738807595 
235.155714055 89.305810279 4.03363227844 10.8865356445 35.1325340271 8388865 0.0614620996729 0.0 0.0614620996729 3.96103949248 0.761810669871 -0.761810669871 3.96103949248 
159.793614174 82.6613669149 1.71581315994 300.662445068 34.7174530029 13434880 0.339672205472 0.0 0.339672205472 0.875029043096 -1.47591970431 1.47591970431 0.875029043096 
145.689740086 87.6124398566 1.39995729923 118.027664185 33.3813591003 8388608 0.510235206065 0.0 0.510235206065 -0.657836886655 1.23577144741 -1.23577144741 -0.657836886655 
274.375650569 17.8162878923 1.37298774719 110.858322144 32.9367866516 8388608 0.530477144251 0.0 0.530477144251 -0.488863751677 1.28300724325 -1.28300724325 -0.488863751677 
141.763809041 96.086264478 2.19073796272 279.152954102 31.0568809509 14352640 0.208362294767 0.0 0.208362294767 0.348481981462 -2.16284375994 2.16284375994 0.348481981462 
103.405941601 105.876075983 1.80378854275 112.356124878 30.8474826813 17039360 0.307346839731 0.0 0.307346839731 -0.686093121644 1.66821141807 -1.66821141807 -0.686093121644 
75.2080960913 50.7649490517 1.58528196812 272.637542725 30.7760353088 8388608 0.397911930336 0.0 0.397911930336 0.0729507890149 -1.58360257035 1.58360257035 0.0729507890149 
162.342567857 42.5028653551 1.34113764763 203.419067383 30.4872875214 8388608 0.555972476262 0.0 0.555972476262 -1.23065795844 -0.533039566267 0.533039566267 -1.23065795844 
35.0055221447 137.830304595 1.69642686844 129.872360229 29.9995346069 12582912 0.347479922024 0.0 0.347479922024 -1.08754444219 1.30196436442 -1.30196436442 -1.08754444219 
206.696178843 39.4325148085 4.35312223434 346.468933105 29.9657878876 13893889 0.0527713586469 0.0 0.0527713586469 4.23229348594 -1.01851118599 1.01851118599 4.23229348594 
210.382335719 77.5203062296 2.00165224075 178.764526367 29.8244457245 24576000 0.249587451105 0.0 0.249587451105 -2.00118690813 0.0431584481119 -0.0431584481119 -2.00118690813 
124.88340191 107.093669221 1.31025063992 281.355224609 29.8098087311 8388608 0.58249370866 0.0 0.58249370866 0.257976846677 -1.2846029293 1.2846029293 0.257976846677 
112.429272591 110.150174953 1.72841095924 114.193756104 29.7778644562 13959168 0.334738740179 0.0 0.334738740179 -0.708343656392 1.57659560715 -1.57659560715 -0.708343656392 
133.877564976 82.5665490069 2.02676296234 123.396026611 29.1915817261 8716544 0.243441200748 0.0 0.243441200748 -1.11557663209 1.69211609633 -1.69211609633 -1.11557663209 
126.486920692 99.0855106191 1.71664106846 100.869110107 28.6959896088 13434880 0.339344647541 0.0 0.339344647541 -0.323700159986 1.68584541532 -1.68584541532 -0.323700159986 
29.7612446935 132.950450674 1.68500196934 130.395172119 28.2281742096 12124160 0.352207966086 0.0 0.352207966086 -1.09197518079 1.28328556495 -1.28328556495 -1.09197518079 
186.917429371 23.3391194458 1.86046874523 42.6819763184 27.6204681396 19267584 0.288905122944 0.0 0.288905122944 1.36768246165 1.26126469707 -1.26126469707 1.36768246165 
199.854325432 44.4472338997 1.48953378201 8.79733276367 27.6008834839 8388608 0.450712170535 0.0 0.450712170535 1.47201016508 0.227809046461 -0.227809046461 1.47201016508 
275.000216787 95.599525243 2.84677028656 7.16973876953 26.9681053162 16581120 0.123394315057 0.0 0.123394315057 2.82451070276 0.355303186628 -0.355303186628 2.82451070276 
114.857411691 14.036485923 1.42682385445 249.74520874 26.9084434509 8388608 0.491201039251 0.0 0.491201039251 -0.49396001266 -1.33859247626 1.33859247626 -0.49396001266 
33.9954548362 68.370222506 1.79530739784 359.667022705 26.8496322632 16711680 0.310257550268 0.0 0.310257550268 1.79527708047 -0.0104334602123 0.0104334602123 1.79527708047 
136.874992386 123.556328192 2.23977637291 278.3984375 26.7416610718 15991040 0.199338268684 0.0 0.199338268684 0.327132890561 -2.21575771973 2.21575771973 0.327132890561 
232.263121727 35.6209598095 3.73710107803 38.2528991699 26.7171802521 19595265 0.0716028503757 0.0 0.0716028503757 2.93469167609 2.31376516391 -2.31376516391 2.93469167609 
227.957771705 42.018685378 3.51239657402 31.4032592773 25.7235431671 15073281 0.081057444994 0.0 0.081057444994 2.99790479191 1.83016298505 -1.83016298505 2.99790479191 
25.6643315971 54.5628861424 1.31556272507 213.580978394 25.7063655853 8388608 0.577799125873 0.0 0.577799125873 -1.09600177235 -0.727657473401 0.727657473401 -1.09600177235 
221.280771883 92.7206168024 1.79419922829 277.089691162 25.311630249 16646144 0.310640923691 0.0 0.310640923691 0.221445327983 -1.78048106912 1.78048106912 0.221445327983 
129.151044525 62.2829596805 1.31569194794 298.942565918 24.9771327972 8388608 0.577685632445 0.0 0.577685632445 0.636706285584 -1.15136892774 1.15136892774 0.636706285584 
231.25849074 86.1532450572 1.66423463821 16.0846252441 24.8793239594 11206656 0.361052940434 0.0 0.361052940434 1.59908573388 0.461087569472 -0.461087569472 1.59908573388 
129.316049093 123.077593431 2.18236613274 281.265716553 24.6925010681 14090496 0.209963968748 0.0 0.209963968748 0.426345628194 -2.14031571097 2.14031571097 0.426345628194 
65.2405270395 24.9483432324 1.37343776226 248.44178772 23.8940181732 8388608 0.530129573207 0.0 0.530129573207 -0.50466467606 -1.27735854463 1.27735854463 -0.50466467606 
275.439443714 105.739214619 2.18284630775 357.968383789 22.696346283 14090496 0.209871604605 0.0 0.209871604605 2.18147420785 -0.0773840019297 0.0773840019297 2.18147420785 
50.8131445881 44.3623219327 2.36515283585 232.818481445 22.5232753754 19923200 0.178764624068 0.0 0.178764624068 -1.42936155716 -1.8843761503 1.8843761503 -1.42936155716 
14.4653658996 67.3231287331 1.53205394745 213.423858643 22.3876743317 8388608 0.426041479014 0.0 0.426041479014 -1.27868066586 -0.843898721797 0.843898721797 -1.27868066586 
21.2622244682 121.57451117 2.39586162567 140.793182373 22.1730613708 20840704 0.174211386405 0.0 0.174211386405 -1.85647956814 1.51447566585 -1.51447566585 -1.85647956814 
82.810734972 104.377603221 3.90401744843 112.623901367 21.8442325592 22740993 0.065610976271 0.0 0.065610976271 -1.50179904569 3.60360262293 -3.60360262293 -1.50179904569 
81.9692054515 155.434856771 1.31314992905 307.013214111 21.7034797668 8388608 0.579924385417 0.0 0.579924385417 0.790515201846 -1.04854587492 1.04854587492 0.790515201846 
45.6228225062 36.2660823629 1.40462577343 237.814758301 21.6873226166 8388608 0.506849163394 0.0 0.506849163394 -0.748185569818 -1.18877748822 1.18877748822 -0.748185569818 
207.439766848 36.2314116859 1.39640963078 347.466552734 20.4788188934 8388608 0.51283107006 0.0 0.51283107006 1.36313247839 -0.303034161883 0.303034161883 1.36313247839 
280.621594867 35.1737448744 1.77338266373 123.107818604 20.4318008423 15794176 0.317976542585 0.0 0.317976542585 -0.968650466238 1.48546368056 -1.48546368056 -0.968650466238 
200.30684187 51.98013487 1.51831698418 341.779632568 20.240562439 8388608 0.433785568703 0.0 0.433785568703 1.44219003285 -0.474736109412 0.474736109412 1.44219003285 
282.269941691 28.5834273562 1.25132489204 181.822387695 19.2813434601 8388608 0.638645464463 0.0 0.638645464463 -1.25069198525 -0.0397937618674 0.0397937618674 -1.25069198525 
171.095333073 16.387089282 1.52768170834 183.273147583 19.1337089539 8388608 0.428483638031 0.0 0.428483638031 -1.52518957841 -0.0872247205911 0.0872247205911 -1.52518957841 
125.915508636 89.1983792325 1.97399294376 112.188812256 19.1007900238 23527424 0.256630817962 0.0 0.256630817962 -0.745498158117 1.82780760428 -1.82780760428 -0.745498158117 
223.874004541 21.2885499681 2.73191523552 218.217575073 18.6999835968 13632000 0.133987893598 0.0 0.133987893598 -2.1463760949 -1.69009778217 1.69009778217 -2.1463760949 
159.077053756 26.7060795029 2.4577589035 209.14175415 18.6194858551 22675712 0.165547049135 0.0 0.165547049135 -2.14664982243 -1.19685979447 1.19685979447 -2.14664982243 
147.01027521 73.9825210608 1.7098454237 333.19708252 18.4636135101 13172736 0.342047404505 0.0 0.342047404505 1.52614451944 -0.771008611325 0.771008611325 1.52614451944 
241.597245677 59.2538391866 3.52755403519 19.1687316895 17.6176433563 15400961 0.0803623540398 0.0 0.0803623540398 3.33197128379 1.15827666606 -1.15827666606 3.33197128379 
248.683894867 42.5609167054 2.2529501915 38.5462646484 17.6128253937 16384256 0.19701387778 0.0 0.19701387778 1.76204414934 1.40391772592 -1.40391772592 1.76204414934 
221.547139019 43.6934455908 1.55429244041 31.0069580078 17.5999164581 8388608 0.413937269464 0.0 0.413937269464 1.33219143059 0.800681573783 -0.800681573783 1.33219143059 
107.511898961 148.935366893 1.78328454494 289.68548584 17.4803581238 16187392 0.314455147655 0.0 0.314455147655 0.600711443985 -1.67906209811 1.67906209811 0.600711443985 
50.0325613202 109.854133983 1.24300730228 324.878204346 17.4291000366 8388608 0.64722105943 0.0 0.64722105943 1.01669410984 -0.715122535343 0.715122535343 1.01669410984 
235.503414886 73.5919459376 1.44419872761 1.5400390625 17.3165340424 8388608 0.479453048058 0.0 0.479453048058 1.44367706582 0.0388135858139 -0.0388135858139 1.44367706582 
261.715557124 80.843176109 3.04693102837 201.965545654 17.2416687012 21496320 0.107714644658 0.0 0.107714644658 -2.82575111642 -1.13970141689 1.13970141689 -2.82575111642 
270.078939519 58.3022495768 1.19730830193 8.20092773438 16.8818264008 8388608 0.697570349288 0.0 0.697570349288 1.18506453304 0.170789995031 -0.170789995031 1.18506453304 
9.99409274833 59.8992356224 1.42146372795 219.846069336 16.1992225647 8388608 0.494912514666 0.0 0.494912514666 -1.09135519883 -0.91077053085 0.91077053085 -1.09135519883 
221.322726289 29.2716097502 1.75062072277 217.243667603 15.7409210205 14876672 0.326299095446 0.0 0.326299095446 -1.39361470518 -1.05948618136 1.05948618136 -1.39361470518 
250.096498579 43.8077078911 3.5738761425 37.429473877 15.6104679108 16318465 0.0782926522036 0.0 0.0782926522036 2.83802244794 2.17214623517 -2.17214623517 2.83802244794 
256.301803157 62.621464657 1.57966291904 189.318618774 15.3181629181 8388608 0.400747805375 0.0 0.400747805375 -1.55881634398 -0.255786128539 0.255786128539 -1.55881634398 
196.936606441 91.9324323615 4.55218410492 158.365509033 15.2906951904 17105153 0.0482570049369 0.0 0.0482570049369 -4.23150419133 1.67831832614 -1.67831832614 -4.23150419133 
216.330956128 37.8934456643 1.34292817116 210.677902222 14.9712429047 8388608 0.554490910554 0.0 0.554490910554 -1.15498418285 -0.685177064887 0.685177064887 -1.15498418285 
43.8033222793 47.7891778049 1.3959094286 219.992401123 14.7721061707 8388608 0.513198665799 0.0 0.513198665799 -1.06944765272 -0.89713145689 0.89713145689 -1.06944765272 
30.9396769037 121.02920796 2.01764416695 326.344573975 14.5585231781 8388864 0.245646651008 0.0 0.245646651008 1.67945778615 -1.11817240573 1.11817240573 1.67945778615 
245.101676905 120.948699747 2.18465995789 166.422088623 14.5109405518 14156032 0.209523288918 0.0 0.209523288918 -2.12360216415 0.512886907636 -0.512886907636 -2.12360216415 
75.2467182688 129.19642252 1.23540687561 302.723449707 14.4384288788 8388608 0.655209177404 0.0 0.655209177404 0.667842035719 -1.03933496219 1.03933496219 0.667842035719 
204.02987183 26.6945939069 1.42166686058 339.002227783 14.3977909088 8388608 0.49477109518 0.0 0.49477109518 1.32726016271 -0.509428231417 0.509428231417 1.32726016271 
118.752931105 121.452292843 1.31271374226 340.28427124 14.3090724945 8388608 0.580309842465 0.0 0.580309842465 1.23575979841 -0.442848833969 0.442848833969 1.23575979841 
45.4182902178 104.355492549 1.38447320461 326.218109131 14.1906719208 8388608 0.521712077362 0.0 0.521712077362 1.15071909868 -0.769812711127 0.769812711127 1.15071909868 
237.550291862 14.7412783549 1.42321658134 230.057907104 13.9167118073 8388608 0.493694183072 0.0 0.493694183072 -0.913723637659 -1.09117118336 1.09117118336 -0.913723637659 
85.4596416553 36.7203910634 1.25430488586 186.555236816 13.6588287354 8388608 0.63561446493 0.0 0.63561446493 -1.24610456512 -0.143192735425 0.143192735425 -1.24610456512 
268.530846887 61.1782760898 3.54148626328 205.502655029 13.3339176178 15663105 0.0797313057995 0.0 0.0797313057995 -3.19642273181 -1.52479725621 1.52479725621 -3.19642273181 
107.472828139 22.3825903137 1.50533175468 185.872573853 13.1586418152 8388608 0.441301652617 0.0 0.441301652617 -1.49743163445 -0.154020101998 0.154020101998 -1.49743163445 
118.328360772 124.239793561 2.24189352989 207.350845337 13.1258764267 16056576 0.198961951854 0.0 0.198961951854 -1.99127195781 -1.03001096568 1.03001096568 -1.99127195781 
260.539563023 29.6032953318 1.56712865829 118.302444458 12.9707546234 8388608 0.407183990858 0.0 0.407183990858 -0.743016086757 1.379789595 -1.379789595 -0.743016086757 
111.640978894 119.343182802 2.00321483612 114.017181396 12.6458311081 24641536 0.24919822467 0.0 0.24919822467 -0.81532961515 1.82978340202 -1.82978340202 -0.81532961515 
155.421044703 36.7199809001 1.8035184145 205.003921509 12.4079055786 17039360 0.307438914512 0.0 0.307438914512 -1.63449061187 -0.762311688971 0.762311688971 -1.63449061187 
40.561903313 95.8750338686 1.70340096951 338.905334473 12.2152204514 12910592 0.344640427094 0.0 0.344640427094 1.58925104204 -0.613070948821 0.613070948821 1.58925104204 
222.656417995 110.637192577 1.48649406433 89.4398803711 12.1350479126 8388608 0.452557369345 0.0 0.452557369345 0.0145316330247 1.48642303364 -1.48642303364 0.0145316330247 
226.680131613 109.172877178 1.30760955811 138.077682495 11.874786377 8388608 0.584849101608 0.0 0.584849101608 -0.972928669643 0.873643268294 -0.873643268294 -0.972928669643 
113.338027671 143.123210761 1.39166176319 289.17199707 11.8501205444 8388608 0.516336242822 0.0 0.516336242822 0.457028750692 -1.31447601126 1.31447601126 0.457028750692 
119.042607951 143.753581338 1.86112010479 292.180358887 11.3050384521 19267584 0.288702934829 0.0 0.288702934829 0.70261634184 -1.72339731943 1.72339731943 0.70261634184 
251.55143616 88.8668938089 3.6546754837 357.239501953 11.1281738281 17956865 0.0748690565029 0.0 0.0748690565029 3.65043452117 -0.17601334564 0.17601334564 3.65043452117 
139.362063462 138.967321529 1.35245871544 90.2705078125 10.9648857117 8388608 0.546703640922 0.0 0.546703640922 -0.00638527466721 1.35244364217 -1.35244364217 -0.00638527466721 
261.174605902 133.964719273 1.55012989044 253.036117554 10.9280700684 8388608 0.416163338395 0.0 0.416163338395 -0.452279569949 -1.48268198473 1.48268198473 -0.452279569949 
204.043918313 96.1366538611 1.45952951908 150.012176514 10.6649208069 8388608 0.469433667702 0.0 0.469433667702 -1.26414470235 0.729496119662 -0.729496119662 -1.26414470235 
195.719532653 149.918035652 1.52209663391 260.015380859 10.5979881287 8388608 0.431633902627 0.0 0.431633902627 -0.263906903047 -1.49904346484 1.49904346484 -0.263906903047 
41.4506781152 90.3751966801 3.81092572212 349.141601562 10.51998806 20971521 0.0688555626978 0.0 0.0688555626978 3.74269396693 -0.717911366003 0.717911366003 3.74269396693 
118.498203269 128.21576831 1.51874899864 219.661651611 10.0753593445 8388608 0.433538819586 0.0 0.433538819586 -1.16917385414 -0.969345665733 0.969345665733 -1.16917385414 
179.561991562 109.359689692 1.28684484959 70.8352355957 9.98992538452 8388608 0.603875795544 0.0 0.603875795544 0.422452909826 1.21552589684 -1.21552589684 0.422452909826 
147.414591505 114.904419026 2.02278518677 284.149963379 9.9377822876 8585472 0.244399588811 0.0 0.244399588811 0.494491426373 -1.96141228227 1.96141228227 0.494491426373 
102.871678452 118.527817842 1.30229341984 112.036712646 9.78368854523 8388608 0.589633714054 0.0 0.589633714054 -0.488621292828 1.20715259332 -1.20715259332 -0.488621292828 
173.855504641 70.6398216783 1.30553102493 157.855285645 9.38321685791 8388608 0.586712858095 0.0 0.586712858095 -1.20922818755 0.492116294691 -0.492116294691 -1.20922818755 
167.87733502 102.953046547 1.2757537365 73.0845031738 9.17073440552 8388608 0.614421355385 0.0 0.614421355385 0.371194548409 1.22055815241 -1.22055815241 0.371194548409 
279.111788076 154.845810225 1.30101931095 46.9739379883 9.13918876648 8388608 0.590789154881 0.0 0.590789154881 0.887725753897 0.951101589388 -0.951101589388 0.887725753897 
207.296073913 127.445397087 1.50299179554 97.4963989258 9.02686691284 8388608 0.4426768187 0.0 0.4426768187 -0.196086139836 1.49014581945 -1.49014581945 -0.196086139836 
13.624220323 130.572099655 1.51990306377 14.2598266602 8.79114151001 8388608 0.432880695926 0.0 0.432880695926 1.47307284152 0.374381792887 -0.374381792887 1.47307284152 
195.028841681 110.642984707 1.32545113564 91.9548950195 8.3053894043 8388608 0.569210046663 0.0 0.569210046663 -0.0452147634923 1.32467971152 -1.32467971152 -0.0452147634923 
179.687974612 103.06075649 1.45623147488 20.3921508789 8.25550842285 8388608 0.471562403682 0.0 0.471562403682 1.36496905899 0.507414600119 -0.507414600119 1.36496905899 
87.1693267162 140.862635922 1.37740838528 102.545959473 8.02550888062 8388608 0.527077594186 0.0 0.527077594186 -0.299204333085 1.3445187343 -1.3445187343 -0.299204333085 
75.3634272082 98.9408508315 1.25842106342 102.45123291 7.93733692169 8388608 0.631463194369 0.0 0.631463194369 -0.271326359549 1.228822843 -1.228822843 -0.271326359549 
274.556397771 158.576850151 1.2637270689 39.4803161621 7.89462757111 8388608 0.626171682797 0.0 0.626171682797 0.975398969267 0.803494216175 -0.803494216175 0.975398969267 
104.697118526 13.3120537094 1.2756896019 215.362960815 7.55488586426 8388608 0.614483136334 0.0 0.614483136334 -1.04032755569 -0.738310596749 0.738310596749 -1.04032755569 
175.978594273 140.678847805 1.31437110901 65.208404541 7.51025772095 8388608 0.5788472725 0.0 0.5788472725 0.551140672408 1.19323734915 -1.19323734915 0.551140672408 
143.522120345 146.400834647 1.30644118786 57.6370849609 7.37539672852 8388608 0.585895648284 0.0 0.585895648284 0.699312084104 1.10351764207 -1.10351764207 0.699312084104 
69.4422300173 98.6778331655 1.30559289455 95.9730834961 7.25008964539 8388608 0.586657252948 0.0 0.586657252948 -0.135861620304 1.29850468865 -1.29850468865 -0.135861620304 
149.945509219 19.8628622766 2.23945450783 136.360794067 7.05917739868 15991040 0.199395572495 0.0 0.199395572495 -1.62069278876 1.54548095332 -1.54548095332 -1.62069278876 
55.489124964 124.311697531 1.47072947025 130.08782959 7.04434871674 8388608 0.462311195212 0.0 0.462311195212 -0.947092619566 1.12519364762 -1.12519364762 -0.947092619566 
49.2870818636 119.80107056 1.53828024864 126.630767822 7.03484344482 8388608 0.422599591037 0.0 0.422599591037 -0.917823988981 1.23446557206 -1.23446557206 -0.917823988981 
219.267163091 145.974121585 1.38371837139 259.201660156 6.97396469116 8388608 0.522281431688 0.0 0.522281431688 -0.259243583999 -1.35921642702 1.35921642702 -0.259243583999 
29.4368080307 87.3366144757 1.72332072258 159.64352417 6.97064685822 13697024 0.33671912122 0.0 0.33671912122 -1.61569332619 0.599474260154 -0.599474260154 -1.61569332619 
209.234283872 148.318439337 1.39886593819 257.910827637 6.77620315552 8388608 0.511031662728 0.0 0.511031662728 -0.292969780768 -1.36784305407 1.36784305407 -0.292969780768 
159.427033192 119.171374084 1.45231044292 52.4423828125 6.77475738525 8388608 0.474112144057 0.0 0.474112144057 0.885268792103 1.15130568849 -1.15130568849 0.885268792103 
187.872547358 151.644105663 1.628469944 259.596130371 6.69761276245 9633792 0.377086083791 0.0 0.377086083791 -0.294078178045 -1.60169672027 1.60169672027 -0.294078178045 
102.758704787 131.361941393 1.53593409061 269.732269287 6.69118881226 8388608 0.423891629129 0.0 0.423891629129 -0.00717705974245 -1.53591732216 1.53591732216 -0.00717705974245 
163.025563696 124.815770385 1.2428457737 116.334259033 6.50531005859 8388608 0.647389304758 0.0 0.647389304758 -0.551335271987 1.1138649088 -1.1138649088 -0.551335271987 
167.535213191 121.363478415 4.49006128311 87.529876709 6.47235870361 16122113 0.0496015745437 0.0 0.0496015745437 0.193514595584 4.48588925715 -4.48588925715 0.193514595584 
185.289490781 114.54920344 1.2841334343 88.3922729492 6.39978408813 8388608 0.606428624778 0.0 0.606428624778 0.0360282233944 1.2836279228 -1.2836279228 0.0360282233944 
29.240925095 155.978324666 1.29637014866 8.80822753906 6.37812042236 8388608 0.595034238515 0.0 0.595034238515 1.28108128137 0.198510233629 -0.198510233629 1.28108128137 
162.672356572 114.600704329 2.63706946373 73.4622802734 6.3303604126 11076096 0.143799329281 0.0 0.143799329281 0.750632609427 2.52798062536 -2.52798062536 0.750632609427 
179.486649508 152.798066642 1.65173792839 259.842437744 6.32535552979 10682368 0.366536912295 0.0 0.366536912295 -0.291293430655 -1.62584941533 1.62584941533 -0.291293430655 
77.3052474787 105.698852145 1.55101966858 97.1985778809 6.12300395966 8388608 0.415685991997 0.0 0.415685991997 -0.194356116554 1.53879423975 -1.53879423975 -0.194356116554 
199.233124791 119.824177659 1.84932553768 27.7877502441 5.9820022583 18808832 0.292397238098 0.0 0.292397238098 1.63606255165 0.862150956283 -0.862150956283 1.63606255165 
26.8527718009 140.268936978 1.33155465126 127.515792847 5.97842788696 8388608 0.564003771402 0.0 0.564003771402 -0.810890262779 1.05616985898 -1.05616985898 -0.810890262779 
152.728490754 28.0003642599 1.5368938446 102.105926514 5.96614074707 8388608 0.423362373767 0.0 0.423362373767 -0.322316917436 1.50271570642 -1.50271570642 -0.322316917436 
60.047853049 91.9485378117 1.49415850639 105.023468018 5.85260057449 8388608 0.447926396861 0.0 0.447926396861 -0.387307790675 1.44308777194 -1.44308777194 -0.387307790675 
84.3862649969 24.6069069074 1.50766146183 85.7442626953 5.7943649292 8388608 0.439938867532 0.0 0.439938867532 0.111881068428 1.50350447622 -1.50350447622 0.111881068428 
21.8072251781 70.9713884004 1.36556363106 32.3250732422 5.69276714325 8388608 0.536260880016 0.0 0.536260880016 1.15393938662 0.730197180541 -0.730197180541 1.15393938662 
150.148608333 36.7463089422 1.28437793255 130.296615601 5.47219085693 8388608 0.606197763405 0.0 0.606197763405 -0.83066465714 0.979603440682 -0.979603440682 -0.83066465714 
227.650607734 131.236797596 1.34260582924 65.0726623535 5.35863113403 8388608 0.554757194397 0.0 0.554757194397 0.565866125488 1.21753272676 -1.21753272676 0.565866125488 
159.326267326 135.566224693 1.24732935429 316.440460205 5.35437011719 8388608 0.642743530474 0.0 0.642743530474 0.90388802493 -0.85954462156 0.85954462156 0.90388802493 
168.591671869 128.333791056 3.01974439621 207.849090576 5.30935668945 20906496 0.109662876138 0.0 0.109662876138 -2.67000078351 -1.41065659694 1.41065659694 -2.67000078351 
26.5309945015 78.1034654861 1.9367787838 166.173400879 5.29991912842 22151168 0.266587610475 0.0 0.266587610475 -1.88065759321 0.462859670407 -0.462859670407 -1.88065759321 
214.761807367 123.465647165 1.55653679371 274.806488037 5.18817520142 8388608 0.41274442686 0.0 0.41274442686 0.130423281472 -1.55106304121 1.55106304121 0.130423281472 
20.0343375335 28.6826231202 1.71520364285 48.5783691406 4.98802566528 13369344 0.339913661119 0.0 0.339913661119 1.13477016679 1.28616492138 -1.28616492138 1.13477016679 
157.743548312 125.353133943 1.28200423717 161.076171875 4.76601028442 8388608 0.608444652938 0.0 0.608444652938 -1.2127126344 0.415767880569 -0.415767880569 -1.2127126344 
140.504277378 11.4699772539 1.55585741997 181.253662109 4.71747589111 8388608 0.413104959827 0.0 0.413104959827 -1.5554849955 -0.034040270987 0.034040270987 -1.5554849955 
47.2887612462 13.2911199733 1.45071029663 78.3621826172 4.62635803223 8388608 0.475158620655 0.0 0.475158620655 0.292643713537 1.42088705451 -1.42088705451 0.292643713537 
78.9264942906 12.0294239232 1.31545162201 79.4071044922 4.61966323853 8388608 0.577896731835 0.0 0.577896731835 0.241818772354 1.29303389406 -1.29303389406 0.241818772354 
38.8558597282 20.2147336414 2.53743314743 56.4027099609 4.57587814331 24969472 0.155314063435 0.0 0.155314063435 1.40409409606 2.11354837822 -2.11354837822 1.40409409606 
187.060849342 91.5025891624 1.70212745667 57.3483581543 4.51278305054 12845056 0.345156332292 0.0 0.345156332292 0.918348631728 1.43313421191 -1.43313421191 0.918348631728 
68.4814510318 129.927509069 1.08640599251 120.014480591 4.48025083542 8388608 0.84725803283 0.0 0.84725803283 -0.543440764986 0.940717872429 -0.940717872429 -0.543440764986 
131.381963498 27.0554601963 1.51474988461 320.028778076 4.47368812561 8388608 0.435831026206 0.0 0.435831026206 1.160854629 -0.973079515379 0.973079515379 1.160854629 
215.952688792 24.0791095232 1.50366151333 91.6191711426 4.46084976196 8388608 0.442282577689 0.0 0.442282577689 -0.0424876194972 1.50306112612 -1.50306112612 -0.0424876194972 
159.123273148 13.797168263 1.71001052856 189.704559326 4.42657852173 13172736 0.341981357 0.0 0.341981357 -1.68554037774 -0.288252741223 0.288252741223 -1.68554037774 
51.9449216788 24.1043540657 1.30775558949 76.5877990723 4.42053985596 8388608 0.584718493789 0.0 0.584718493789 0.303340509644 1.27208852563 -1.27208852563 0.303340509644 
37.4618524961 104.381563298 1.47520339489 147.235778809 4.3825879097 8388608 0.459511297835 0.0 0.459511297835 -1.24050548831 0.798355302966 -0.798355302966 -1.24050548831 
208.159947925 115.997521416 1.52541279793 356.531433105 4.36326599121 8388608 0.429759245538 0.0 0.429759245538 1.52261845543 -0.092288911917 0.092288911917 1.52261845543 
44.958806 65.7203931158 1.2635999918 65.2760620117 4.32196521759 8388608 0.626297634182 0.0 0.626297634182 0.528496411764 1.14777022179 -1.14777022179 0.528496411764 
55.8408893093 11.8559983335 1.50013041496 86.3822021484 4.22227478027 8388608 0.444367171581 0.0 0.444367171581 0.0946590312213 1.49714091845 -1.49714091845 0.0946590312213 
47.1172142976 71.6573546288 2.67053151131 40.1923828125 4.21777629852 11993600 0.140218264114 0.0 0.140218264114 2.03997050396 1.72344390563 -1.72344390563 2.03997050396 
207.607782217 12.174871074 1.27724707127 80.7549743652 4.15438842773 8388608 0.612985454046 0.0 0.612985454046 0.205198522957 1.26065603843 -1.26065603843 0.205198522957 
40.5186019072 31.1959009479 1.26937615871 51.0788879395 3.74387741089 8388608 0.620610795194 0.0 0.620610795194 0.797485290078 0.987589512106 -0.987589512106 0.797485290078 
59.6992475534 99.0359211315 1.33463835716 41.9545898438 3.54262065887 8388608 0.561400500639 0.0 0.561400500639 0.992537068143 0.892261011572 -0.892261011572 0.992537068143 
51.6491104467 71.1938515068 1.59038257599 144.931121826 3.43472933769 8388608 0.395363690507 0.0 0.395363690507 -1.30166758799 0.913771431153 -0.913771431153 -1.30166758799 
45.9092628827 60.8626914048 2.78412699699 58.300994873 3.26081418991 15008256 0.129009566773 0.0 0.129009566773 1.46293867888 2.36879158164 -2.36879158164 1.46293867888 
87.7202934401 12.8323264303 1.23052966595 35.2945556641 3.16477203369 8388608 0.660413319153 0.0 0.660413319153 1.00434907864 0.710975517863 -0.710975517863 1.00434907864 
50.7625673883 82.2855053658 2.02394986153 11.7553405762 2.95240783691 8651008 0.244118391991 0.0 0.244118391991 1.98150052209 0.41234539274 -0.41234539274 1.98150052209 
106.331030004 53.9376162346 1.48959922791 320.974304199 2.80016517639 8388608 0.45067256711 0.0 0.45067256711 1.15721549027 -0.937954246675 0.937954246675 1.15721549027 
55.0808668191 106.387612304 1.26327502728 330.09362793 2.69471073151 8388608 0.62661989289 0.0 0.62661989289 1.09505897316 -0.629848902387 0.629848902387 1.09505897316 
67.2654454208 108.104939925 2.60781931877 37.3256225586 2.40585517883 10289664 0.147043219663 0.0 0.147043219663 2.07374419283 1.58123578952 -1.58123578952 2.07374419283 
26.2633118586 103.436258711 1.29114568233 338.378204346 1.14386796951 8388608 0.599859450647 0.0 0.599859450647 1.20029600057 -0.475759060889 0.475759060889 1.20029600057 
69.3866964417 74.6470481098 1.4885481596 159.383071899 -2.60484313965 8388608 0.451309234301 0.0 0.451309234301 -1.39321490083 0.524144887937 -0.524144887937 -1.39321490083 
