13
154
223.594986987 103.09192719 2.29397964478 138.299033686 117.807678223 17694976 0.190029436316 0.0 0.190029436316 -1.71274705498 1.52605377897 -1.52605377897 -1.71274705498 
245.601506181 108.046522208 2.94027352333 135.029363847 98.1314697266 18940416 0.115671011577 0.0 0.115671011577 -2.08015259735 2.07802155036 -2.07802155036 -2.08015259735 
202.689977398 70.5463162535 1.4992890358 133.340990428 75.619468689 8388608 0.444866056292 0.0 0.444866056292 -1.02902029624 1.09040581564 -1.09040581564 -1.02902029624 
189.522407789 73.2246514214 3.3591504097 131.865563956 73.7601318359 11862017 0.0886219086933 0.0 0.0886219086933 -2.24184688842 2.50160228731 -2.50160228731 -2.24184688842 
78.3211764167 63.7872870652 3.41129970551 137.681654799 72.2269210815 12976129 0.0859330539791 0.0 0.0859330539791 -2.5223681132 2.29665512916 -2.29665512916 -2.5223681132 
146.818479204 123.908354061 1.32421314716 139.711876258 69.3992843628 8388608 0.570274837286 0.0 0.570274837286 -1.01011293999 0.856278171855 -0.856278171855 -1.01011293999 
170.180443767 93.0170540928 3.08676981926 137.171137852 66.9649963379 22479360 0.104952190993 0.0 0.104952190993 -2.26379843168 2.09841954284 -2.09841954284 -2.26379843168 
144.659289137 129.496024071 4.37558984756 136.523121708 66.9234771729 14287105 0.052230813253 0.0 0.052230813253 -3.17515595017 3.01067620415 -3.01067620415 -3.17515595017 
60.6294989896 63.2775610243 3.38647699356 127.976578107 64.9448471069 12451841 0.0871974412334 0.0 0.0871974412334 -2.08383236116 2.66943235886 -2.66943235886 -2.08383236116 
182.463562688 58.5104681792 2.904058218 127.796573388 64.3460083008 18022912 0.118573970614 0.0 0.118573970614 -1.77978052943 2.29476260223 -2.29476260223 -1.77978052943 
138.021941126 110.663395683 3.35014867783 135.945536682 61.6400032043 11665409 0.0890987964382 0.0 0.0890987964382 -2.40768203114 2.32949852983 -2.32949852983 -2.40768203114 
144.45829637 132.491982541 2.01429486275 137.962046646 58.6808013916 25034752 0.246464236747 0.0 0.246464236747 -1.4960196609 1.34881761862 -1.34881761862 -1.4960196609 
167.078059939 96.328283998 2.008913517 134.096042618 58.5502319336 24838144 0.24778642974 0.0 0.24778642974 -1.39792897724 1.44275018398 -1.44275018398 -1.39792897724 
66.014883575 157.105309739 1.51550900936 146.988839041 57.9171066284 8388608 0.435394516417 0.0 0.435394516417 -1.27085199226 0.825652936308 -0.825652936308 -1.27085199226 
171.268635303 53.5328302591 1.71623563766 129.405692601 57.5961723328 13434880 0.33950499501 0.0 0.33950499501 -1.08947888509 1.32608465904 -1.32608465904 -1.08947888509 
123.527278925 89.1802453039 4.80894613266 153.002289654 53.2174072266 21102849 0.0432414427036 0.0 0.0432414427036 -4.28488962093 2.18304462696 -2.18304462696 -4.28488962093 
99.6690267761 79.7040227823 3.51806044579 144.62996363 52.6503562927 15204353 0.0807966595868 0.0 0.0807966595868 -2.86873423671 2.03644621322 -2.03644621322 -2.86873423671 
121.025512033 114.349157234 1.76983141899 146.299186934 52.4416999817 15663104 0.319253890719 0.0 0.319253890719 -1.47240460937 0.982001994877 -0.982001994877 -1.47240460937 
128.776098895 132.972093125 1.51751708984 132.511169821 52.3781509399 8388608 0.434242992305 0.0 0.434242992305 -1.02543778256 1.11863107058 -1.11863107058 -1.02543778256 
157.007160248 74.1191637102 2.15961074829 140.006655816 51.5507469177 13369600 0.214411976101 0.0 0.214411976101 -1.65451906001 1.38797884141 -1.38797884141 -1.65451906001 
160.840259268 49.950763114 1.91946518421 129.324732355 50.2967224121 21495808 0.271418547265 0.0 0.271418547265 -1.2163935918 1.48483440936 -1.48483440936 -1.2163935918 
129.443527202 46.4793439271 1.36157763004 130.481515736 49.1369361877 8388608 0.539405269538 0.0 0.539405269538 -0.883939872331 1.03563697536 -1.03563697536 -0.883939872331 
135.858871223 132.943141726 1.39446604252 137.302947146 48.9411087036 8388608 0.514261620581 0.0 0.514261620581 -1.02486208858 0.945617916038 -0.945617916038 -1.02486208858 
96.3031105753 94.3585686747 3.25805234909 161.319631429 46.6405448914 9633793 0.0942071539682 0.0 0.0942071539682 -3.08641839491 1.04351645936 -1.04351645936 -3.08641839491 
172.001972066 26.3400855933 1.43396759033 124.923384927 44.8972129822 8388608 0.486319101994 0.0 0.486319101994 -0.820918577484 1.17573625413 -1.17573625413 -0.820918577484 
113.421786227 77.5625087837 4.37961387634 149.625800894 44.5236625671 14352641 0.052134877061 0.0 0.052134877061 -3.77847444405 2.21453123291 -2.21453123291 -3.77847444405 
147.792436398 105.034199225 1.26240170002 130.413107006 43.6079750061 8388608 0.62748718184 0.0 0.62748718184 -0.818407566276 0.961180059966 -0.961180059966 -0.818407566276 
123.238468272 112.349140641 4.09081840515 142.991144254 42.7233810425 9437441 0.0597557356764 0.0 0.0597557356764 -3.26669228601 2.46242090887 -2.46242090887 -3.26669228601 
81.7267556068 77.5863275929 3.39514660835 141.205318468 42.4630584717 12648449 0.0867526869303 0.0 0.0867526869303 -2.64616411351 2.12716618452 -2.12716618452 -2.64616411351 
102.893835687 59.5292695975 2.96155142784 147.548220894 42.271320343 19464704 0.114014855906 0.0 0.114014855906 -2.49908546504 1.58913772159 -1.58913772159 -2.49908546504 
110.313366141 106.383021085 6.17368030548 148.256509161 41.2344589233 22479361 0.0262368520968 0.0 0.0262368520968 -5.25017182042 3.2480801053 -3.2480801053 -5.25017182042 
200.561967661 57.7586880542 1.7430627346 127.718745442 41.1175308228 14548992 0.329134921543 0.0 0.329134921543 -1.0663811547 1.37880344127 -1.37880344127 -1.0663811547 
214.888837033 84.1202589299 3.98971867561 132.020289747 41.059211731 24313857 0.0628225343839 0.0 0.0628225343839 -2.6706926619 2.96399322136 -2.96399322136 -2.6706926619 
145.823540511 83.4619262504 2.83581256866 152.458185906 40.7402153015 16318976 0.124349760729 0.0 0.124349760729 -2.51444018401 1.31126789241 -1.31126789241 -2.51444018401 
115.110246601 48.2833087809 1.36220014095 142.796088411 40.0270881653 8388608 0.538912377297 0.0 0.538912377297 -1.08497693784 0.823659072899 -0.823659072899 -1.08497693784 
149.936646605 59.2309280614 1.72087752819 136.100243923 39.310760498 13631488 0.337675905468 0.0 0.337675905468 -1.239985296 1.19325434537 -1.19325434537 -1.239985296 
254.767777917 116.044881093 2.30174064636 129.613358611 38.351852417 17957120 0.188750115498 0.0 0.188750115498 -1.46759816595 1.77317952459 -1.77317952459 -1.46759816595 
96.8529753989 69.1406184257 1.87904417515 159.007637268 36.0303955078 19988480 0.28322137023 0.0 0.28322137023 -1.75432860658 0.673155370088 -0.673155370088 -1.75432860658 
30.5748091363 42.8703448463 1.28676617146 128.985425172 35.7628860474 8388608 0.603949644659 0.0 0.603949644659 -0.809533783968 1.00021109403 -1.00021109403 -0.809533783968 
105.204421446 85.7615122296 1.50732219219 135.095945281 35.2837562561 8388608 0.44013693361 0.0 0.44013693361 -1.06762105868 1.06405143961 -1.06405143961 -1.06762105868 
159.793614174 82.6613669149 1.71581315994 143.403517926 34.7174530029 13434880 0.339672205472 0.0 0.339672205472 -1.37754759859 1.0229259081 -1.0229259081 -1.37754759859 
145.689740086 87.6124398566 1.39995729923 135.591952902 33.3813591003 8388608 0.510235206065 0.0 0.510235206065 -1.00009366409 0.979639271737 -0.979639271737 -1.00009366409 
141.763809041 96.086264478 2.19073796272 139.740909115 31.0568809509 14352640 0.208362294767 0.0 0.208362294767 -1.67181773521 1.41575360906 -1.41575360906 -1.67181773521 
103.405941601 105.876075983 1.80378854275 153.771704638 30.8474826813 17039360 0.307346839731 0.0 0.307346839731 -1.61807087812 0.797182375819 -0.797182375819 -1.61807087812 
75.2080960913 50.7649490517 1.58528196812 137.3664757 30.7760353088 8388608 0.397911930336 0.0 0.397911930336 -1.16629339389 1.0737218624 -1.0737218624 -1.16629339389 
162.342567857 42.5028653551 1.34113764763 129.456169372 30.4872875214 8388608 0.555972476262 0.0 0.555972476262 -0.852276546235 1.03550706353 -1.03550706353 -0.852276546235 
35.0055221447 137.830304595 1.69642686844 160.100301724 29.9995346069 12582912 0.347479922024 0.0 0.347479922024 -1.5951330835 0.57742061436 -0.57742061436 -1.5951330835 
210.382335719 77.5203062296 2.00165224075 128.671716182 29.8244457245 24576000 0.249587451105 0.0 0.249587451105 -1.25074706276 1.56276788997 -1.56276788997 -1.25074706276 
124.88340191 107.093669221 1.31025063992 138.882600271 29.8098087311 8388608 0.58249370866 0.0 0.58249370866 -0.987095301666 0.861626139824 -0.861626139824 -0.987095301666 
112.429272591 110.150174953 1.72841095924 153.945395483 29.7778644562 13959168 0.334738740179 0.0 0.334738740179 -1.5527626784 0.759165666118 -0.759165666118 -1.5527626784 
133.877564976 82.5665490069 2.02676296234 152.228412242 29.1915817261 8716544 0.243441200748 0.0 0.243441200748 -1.79330447722 0.944366008223 -0.944366008223 -1.79330447722 
126.486920692 99.0855106191 1.71664106846 138.576232679 28.6959896088 13434880 0.339344647541 0.0 0.339344647541 -1.28720044129 1.1357691587 -1.1357691587 -1.28720044129 
29.7612446935 132.950450674 1.68500196934 160.272386651 28.2281742096 12124160 0.352207966086 0.0 0.352207966086 -1.58610579077 0.568770654264 -0.568770654264 -1.58610579077 
199.854325432 44.4472338997 1.48953378201 127.467817453 27.6008834839 8388608 0.450712170535 0.0 0.450712170535 -0.906106805016 1.1822357403 -1.1822357403 -0.906106805016 
33.9954548362 68.370222506 1.79530739784 129.172531771 26.8496322632 16711680 0.310257550268 0.0 0.310257550268 -1.13401976526 1.39180739499 -1.39180739499 -1.13401976526 
136.874992386 123.556328192 2.23977637291 143.703043299 26.7416610718 15991040 0.199338268684 0.0 0.199338268684 -1.80516955235 1.32588124956 -1.32588124956 -1.80516955235 
25.6643315971 54.5628861424 1.31556272507 121.270066242 25.7063655853 8388608 0.577799125873 0.0 0.577799125873 -0.682872610567 1.12445110224 -1.12445110224 -0.682872610567 
221.280771883 92.7206168024 1.79419922829 131.920401706 25.311630249 16646144 0.310640923691 0.0 0.310640923691 -1.19870010022 1.33501645702 -1.33501645702 -1.19870010022 
129.151044525 62.2829596805 1.31569194794 140.227620847 24.9771327972 8388608 0.577685632445 0.0 0.577685632445 -1.0112303254 0.841699786661 -0.841699786661 -1.0112303254 
231.25849074 86.1532450572 1.66423463821 128.028783164 24.8793239594 11206656 0.361052940434 0.0 0.361052940434 -1.02526383701 1.31091990432 -1.31091990432 -1.02526383701 
129.316049093 123.077593431 2.18236613274 144.689412985 24.6925010681 14090496 0.209963968748 0.0 0.209963968748 -1.78087798252 1.2614259981 -1.2614259981 -1.78087798252 
65.2405270395 24.9483432324 1.37343776226 124.63401023 23.8940181732 8388608 0.530129573207 0.0 0.530129573207 -0.780568974898 1.13006343283 -1.13006343283 -0.780568974898 
50.8131445881 44.3623219327 2.36515283585 115.648884518 22.5232753754 19923200 0.178764624068 0.0 0.178764624068 -1.02376830444 2.13209905861 -2.13209905861 -1.02376830444 
82.810734972 104.377603221 3.90401744843 163.762433252 21.8442325592 22740993 0.065610976271 0.0 0.065610976271 -3.74828835918 1.09164399602 -1.09164399602 -3.74828835918 
81.9692054515 155.434856771 1.31314992905 148.706757241 21.7034797668 8388608 0.579924385417 0.0 0.579924385417 -1.12211300114 0.682074152007 -0.682074152007 -1.12211300114 
45.6228225062 36.2660823629 1.40462577343 123.274362139 21.6873226166 8388608 0.506849163394 0.0 0.506849163394 -0.770646200693 1.17434151623 -1.17434151623 -0.770646200693 
207.439766848 36.2314116859 1.39640963078 129.291308658 20.4788188934 8388608 0.51283107006 0.0 0.51283107006 -0.884295221676 1.08073207496 -1.08073207496 -0.884295221676 
200.30684187 51.98013487 1.51831698418 129.943795091 20.240562439 8388608 0.433785568703 0.0 0.433785568703 -0.974813921885 1.16405510271 -1.16405510271 -0.974813921885 
125.915508636 89.1983792325 1.97399294376 160.196314846 19.1007900238 23527424 0.256630817962 0.0 0.256630817962 -1.85724898767 0.668785720402 -0.668785720402 -1.85724898767 
147.01027521 73.9825210608 1.7098454237 144.054813147 18.4636135101 13172736 0.342047404505 0.0 0.342047404505 -1.38425484658 1.00369810833 -1.00369810833 -1.38425484658 
248.683894867 42.5609167054 2.2529501915 123.498964216 17.6128253937 16384256 0.19701387778 0.0 0.19701387778 -1.24345257367 1.87872570175 -1.87872570175 -1.24345257367 
221.547139019 43.6934455908 1.55429244041 121.678545595 17.5999164581 8388608 0.413937269464 0.0 0.413937269464 -0.816241381513 1.32271500991 -1.32271500991 -0.816241381513 
107.511898961 148.935366893 1.78328454494 154.749860263 17.4803581238 16187392 0.314455147655 0.0 0.314455147655 -1.61289902725 0.760697374881 -0.760697374881 -1.61289902725 
50.0325613202 109.854133983 1.24300730228 159.629484942 17.4291000366 8388608 0.64722105943 0.0 0.64722105943 -1.16527117166 0.432677998103 -0.432677998103 -1.16527117166 
235.503414886 73.5919459376 1.44419872761 133.720258159 17.3165340424 8388608 0.479453048058 0.0 0.479453048058 -0.998140603623 1.04375538333 -1.04375538333 -0.998140603623 
270.078939519 58.3022495768 1.19730830193 131.927893385 16.8818264008 8388608 0.697570349288 0.0 0.697570349288 -0.800035217931 0.890781016822 -0.890781016822 -0.800035217931 
256.301803157 62.621464657 1.57966291904 127.30705734 15.3181629181 8388608 0.400747805375 0.0 0.400747805375 -0.957412175757 1.25646204221 -1.25646204221 -0.957412175757 
196.936606441 91.9324323615 4.55218410492 131.883942759 15.2906951904 17105153 0.0482570049369 0.0 0.0482570049369 -3.03914706342 3.38909504912 -3.38909504912 -3.03914706342 
216.330956128 37.8934456643 1.34292817116 126.777386915 14.9712429047 8388608 0.554490910554 0.0 0.554490910554 -0.804021201594 1.07564212463 -1.07564212463 -0.804021201594 
43.8033222793 47.7891778049 1.3959094286 119.765449132 14.7721061707 8388608 0.513198665799 0.0 0.513198665799 -0.69300005273 1.2117400958 -1.2117400958 -0.69300005273 
245.101676905 120.948699747 2.18465995789 130.319473139 14.5109405518 14156032 0.209523288918 0.0 0.209523288918 -1.41358193302 1.66569062261 -1.66569062261 -1.41358193302 
75.2467182688 129.19642252 1.23540687561 149.602595291 14.4384288788 8388608 0.655209177404 0.0 0.655209177404 -1.06558363353 0.625109325048 -0.625109325048 -1.06558363353 
204.02987183 26.6945939069 1.42166686058 133.173725262 14.3977909088 8388608 0.49477109518 0.0 0.49477109518 -0.97272258235 1.0367967208 -1.0367967208 -0.97272258235 
118.752931105 121.452292843 1.31271374226 144.509611183 14.3090724945 8388608 0.580309842465 0.0 0.580309842465 -1.06882848652 0.762117468309 -0.762117468309 -1.06882848652 
45.4182902178 104.355492549 1.38447320461 142.105043046 14.1906719208 8388608 0.521712077362 0.0 0.521712077362 -1.09254062311 0.850365239849 -0.850365239849 -1.09254062311 
85.4596416553 36.7203910634 1.25430488586 125.466129665 13.6588287354 8388608 0.63561446493 0.0 0.63561446493 -0.727774776242 1.02157947403 -1.02157947403 -0.727774776242 
118.328360772 124.239793561 2.24189352989 138.592223891 13.1258764267 16056576 0.198961951854 0.0 0.198961951854 -1.68146792291 1.48281901242 -1.48281901242 -1.68146792291 
260.539563023 29.6032953318 1.56712865829 124.82341026 12.9707546234 8388608 0.407183990858 0.0 0.407183990858 -0.894907300519 1.28648091907 -1.28648091907 -0.894907300519 
111.640978894 119.343182802 2.00321483612 148.721093322 12.6458311081 24641536 0.24919822467 0.0 0.24919822467 -1.71204762401 1.04007817628 -1.04007817628 -1.71204762401 
155.421044703 36.7199809001 1.8035184145 127.236537416 12.4079055786 17039360 0.307438914512 0.0 0.307438914512 -1.09132150469 1.43586073309 -1.43586073309 -1.09132150469 
40.561903313 95.8750338686 1.70340096951 126.869809192 12.2152204514 12910592 0.344640427094 0.0 0.344640427094 -1.02203847792 1.36272235344 -1.36272235344 -1.02203847792 
222.656417995 110.637192577 1.48649406433 132.985841407 12.1350479126 8388608 0.452557369345 0.0 0.452557369345 -1.01351783239 1.08740342409 -1.08740342409 -1.01351783239 
226.680131613 109.172877178 1.30760955811 132.564614386 11.874786377 8388608 0.584849101608 0.0 0.584849101608 -0.884494866163 0.963074030478 -0.963074030478 -0.884494866163 
113.338027671 143.123210761 1.39166176319 141.310227383 11.8501205444 8388608 0.516336242822 0.0 0.516336242822 -1.08625045828 0.86993241405 -0.86993241405 -1.08625045828 
119.042607951 143.753581338 1.86112010479 140.382981527 11.3050384521 19267584 0.288702934829 0.0 0.288702934829 -1.43366525239 1.18674849423 -1.18674849423 -1.43366525239 
139.362063462 138.967321529 1.35245871544 132.786433209 10.9648857117 8388608 0.546703640922 0.0 0.546703640922 -0.918681316579 0.992556907958 -0.992556907958 -0.918681316579 
261.174605902 133.964719273 1.55012989044 133.566607334 10.9280700684 8388608 0.416163338395 0.0 0.416163338395 -1.0683454446 1.12318328346 -1.12318328346 -1.0683454446 
204.043918313 96.1366538611 1.45952951908 126.013755238 10.6649208069 8388608 0.469433667702 0.0 0.469433667702 -0.85817337769 1.18057819347 -1.18057819347 -0.85817337769 
195.719532653 149.918035652 1.52209663391 127.026844953 10.5979881287 8388608 0.431633902627 0.0 0.431633902627 -0.9165900691 1.21517110243 -1.21517110243 -0.9165900691 
118.498203269 128.21576831 1.51874899864 124.543597911 10.0753593445 8388608 0.433538819586 0.0 0.433538819586 -0.861181063439 1.25098588995 -1.25098588995 -0.861181063439 
179.561991562 109.359689692 1.28684484959 124.981397233 9.98992538452 8388608 0.603875795544 0.0 0.603875795544 -0.73776159235 1.05436118089 -1.05436118089 -0.73776159235 
147.414591505 114.904419026 2.02278518677 133.175387041 9.9377822876 8585472 0.244399588811 0.0 0.244399588811 -1.38405818606 1.47514163706 -1.47514163706 -1.38405818606 
102.871678452 118.527817842 1.30229341984 134.456343126 9.78368854523 8388608 0.589633714054 0.0 0.589633714054 -0.912081506224 0.929556602557 -0.929556602557 -0.912081506224 
173.855504641 70.6398216783 1.30553102493 128.015593665 9.38321685791 8388608 0.586712858095 0.0 0.586712858095 -0.804045118664 1.02855369535 -1.02855369535 -0.804045118664 
167.87733502 102.953046547 1.2757537365 127.404345401 9.17073440552 8388608 0.614421355385 0.0 0.614421355385 -0.77493885846 1.01341865082 -1.01341865082 -0.77493885846 
207.296073913 127.445397087 1.50299179554 125.46472167 9.02686691284 8388608 0.4426768187 0.0 0.4426768187 -0.872038208504 1.22414611071 -1.22414611071 -0.872038208504 
195.028841681 110.642984707 1.32545113564 124.519504504 8.3053894043 8388608 0.569210046663 0.0 0.569210046663 -0.751115598115 1.09208336276 -1.09208336276 -0.751115598115 
179.687974612 103.06075649 1.45623147488 125.114774414 8.25550842285 8388608 0.471562403682 0.0 0.471562403682 -0.83764793936 1.19119941156 -1.19119941156 -0.83764793936 
87.1693267162 140.862635922 1.37740838528 144.992578654 8.02550888062 8388608 0.527077594186 0.0 0.527077594186 -1.12820455254 0.790195132516 -0.790195132516 -1.12820455254 
75.3634272082 98.9408508315 1.25842106342 146.224933486 7.93733692169 8388608 0.631463194369 0.0 0.631463194369 -1.04603290403 0.69959898267 -0.69959898267 -1.04603290403 
175.978594273 140.678847805 1.31437110901 125.382362511 7.51025772095 8388608 0.5788472725 0.0 0.5788472725 -0.761060595391 1.07161475463 -1.07161475463 -0.761060595391 
143.522120345 146.400834647 1.30644118786 124.721361918 7.37539672852 8388608 0.585895648284 0.0 0.585895648284 -0.744130621659 1.07380547365 -1.07380547365 -0.744130621659 
69.4422300173 98.6778331655 1.30559289455 130.874692529 7.25008964539 8388608 0.586657252948 0.0 0.586657252948 -0.854388986214 0.987214397457 -0.987214397457 -0.854388986214 
55.489124964 124.311697531 1.47072947025 144.598096025 7.04434871674 8388608 0.462311195212 0.0 0.462311195212 -1.19880415917 0.852005729229 -0.852005729229 -1.19880415917 
49.2870818636 119.80107056 1.53828024864 141.814703939 7.03484344482 8388608 0.422599591037 0.0 0.422599591037 -1.20911222763 0.95097515443 -0.95097515443 -1.20911222763 
219.267163091 145.974121585 1.38371837139 125.355292541 6.97396469116 8388608 0.522281431688 0.0 0.522281431688 -0.800681658988 1.12853241526 -1.12853241526 -0.800681658988 
209.234283872 148.318439337 1.39886593819 124.547304703 6.77620315552 8388608 0.511031662728 0.0 0.511031662728 -0.793277934568 1.15218749843 -1.15218749843 -0.793277934568 
159.427033192 119.171374084 1.45231044292 125.157681723 6.77475738525 8388608 0.474112144057 0.0 0.474112144057 -0.836281920022 1.18736606523 -1.18736606523 -0.836281920022 
187.872547358 151.644105663 1.628469944 125.592969202 6.69761276245 9633792 0.377086083791 0.0 0.377086083791 -0.947807271167 1.32422646675 -1.32422646675 -0.947807271167 
102.758704787 131.361941393 1.53593409061 138.910617885 6.69118881226 8388608 0.423891629129 0.0 0.423891629129 -1.15761079565 1.00947054266 -1.00947054266 -1.15761079565 
163.025563696 124.815770385 1.2428457737 124.907052386 6.50531005859 8388608 0.647389304758 0.0 0.647389304758 -0.711214541053 1.01923475892 -1.01923475892 -0.711214541053 
167.535213191 121.363478415 4.49006128311 127.975158812 6.47235870361 16122113 0.0496015745437 0.0 0.0496015745437 -2.7628234631 3.53941475923 -3.53941475923 -2.7628234631 
185.289490781 114.54920344 1.2841334343 124.775580609 6.39978408813 8388608 0.606428624778 0.0 0.606428624778 -0.732422895359 1.05477740753 -1.05477740753 -0.732422895359 
29.240925095 155.978324666 1.29637014866 123.873803876 6.37812042236 8388608 0.595034238515 0.0 0.595034238515 -0.722552076373 1.07633361894 -1.07633361894 -0.722552076373 
162.672356572 114.600704329 2.63706946373 125.375904156 6.3303604126 11076096 0.143799329281 0.0 0.143799329281 -1.52670055885 2.15019086598 -2.15019086598 -1.52670055885 
179.486649508 152.798066642 1.65173792839 125.842070628 6.32535552979 10682368 0.366536912295 0.0 0.366536912295 -0.967180194759 1.33895506084 -1.33895506084 -0.967180194759 
77.3052474787 105.698852145 1.55101966858 134.050666793 6.12300395966 8388608 0.415685991997 0.0 0.415685991997 -1.07841499928 1.11475696977 -1.11475696977 -1.07841499928 
199.233124791 119.824177659 1.84932553768 123.857254753 5.9820022583 18808832 0.292397238098 0.0 0.292397238098 -1.03030683474 1.5357319983 -1.5357319983 -1.03030683474 
26.8527718009 140.268936978 1.33155465126 139.867174254 5.97842788696 8388608 0.564003771402 0.0 0.564003771402 -1.01804309902 0.858269210577 -0.858269210577 -1.01804309902 
152.728490754 28.0003642599 1.5368938446 124.995636855 5.96614074707 8388608 0.423362373767 0.0 0.423362373767 -0.881430221284 1.25901686033 -1.25901686033 -0.881430221284 
60.047853049 91.9485378117 1.49415850639 135.405028818 5.85260057449 8388608 0.447926396861 0.0 0.447926396861 -1.06397185066 1.04903457676 -1.04903457676 -1.06397185066 
150.148608333 36.7463089422 1.28437793255 124.252044386 5.47219085693 8388608 0.606197763405 0.0 0.606197763405 -0.722892110152 1.06162784002 -1.06162784002 -0.722892110152 
227.650607734 131.236797596 1.34260582924 125.170058896 5.35863113403 8388608 0.554757194397 0.0 0.554757194397 -0.7733479679 1.09750778277 -1.09750778277 -0.7733479679 
159.326267326 135.566224693 1.24732935429 124.445713321 5.35437011719 8388608 0.642743530474 0.0 0.642743530474 -0.705520838978 1.02862571611 -1.02862571611 -0.705520838978 
168.591671869 128.333791056 3.01974439621 124.846262137 5.30935668945 20906496 0.109662876138 0.0 0.109662876138 -1.72541067989 2.47826838824 -2.47826838824 -1.72541067989 
214.761807367 123.465647165 1.55653679371 124.384191201 5.18817520142 8388608 0.41274442686 0.0 0.41274442686 -0.879037530813 1.28456210811 -1.28456210811 -0.879037530813 
157.743548312 125.353133943 1.28200423717 125.392913868 4.76601028442 8388608 0.608444652938 0.0 0.608444652938 -0.742511670346 1.04508912708 -1.04508912708 -0.742511670346 
187.060849342 91.5025891624 1.70212745667 125.135918967 4.51278305054 12845056 0.345156332292 0.0 0.345156332292 -0.979605058614 1.3919812527 -1.3919812527 -0.979605058614 
68.4814510318 129.927509069 1.08640599251 139.450214367 4.48025083542 8388608 0.84725803283 0.0 0.84725803283 -0.825496204816 0.706281810889 -0.706281810889 -0.825496204816 
131.381963498 27.0554601963 1.51474988461 148.378304094 4.47368812561 8388608 0.435831026206 0.0 0.435831026206 -1.28985263344 0.794196069571 -0.794196069571 -1.28985263344 
51.9449216788 24.1043540657 1.30775558949 125.219432041 4.42053985596 8388608 0.584718493789 0.0 0.584718493789 -0.754194967822 1.06837008211 -1.06837008211 -0.754194967822 
37.4618524961 104.381563298 1.47520339489 130.685036534 4.3825879097 8388608 0.459511297835 0.0 0.459511297835 -0.961685662411 1.1186535402 -1.1186535402 -0.961685662411 
208.159947925 115.997521416 1.52541279793 124.985369117 4.36326599121 8388608 0.429759245538 0.0 0.429759245538 -0.87462172792 1.2497683934 -1.2497683934 -0.87462172792 
44.958806 65.7203931158 1.2635999918 133.193374232 4.32196521759 8388608 0.626297634182 0.0 0.626297634182 -0.864887191441 0.921224774609 -0.921224774609 -0.864887191441 
47.1172142976 71.6573546288 2.67053151131 128.988965358 4.21777629852 11993600 0.140218264114 0.0 0.140218264114 -1.68022020222 2.07571641246 -2.07571641246 -1.68022020222 
40.5186019072 31.1959009479 1.26937615871 124.80690187 3.74387741089 8388608 0.620610795194 0.0 0.620610795194 -0.724575752535 1.04225995373 -1.04225995373 -0.724575752535 
59.6992475534 99.0359211315 1.33463835716 129.780795224 3.54262065887 8388608 0.561400500639 0.0 0.561400500639 -0.853971215911 1.02566695706 -1.02566695706 -0.853971215911 
51.6491104467 71.1938515068 1.59038257599 127.913132131 3.43472933769 8388608 0.395363690507 0.0 0.395363690507 -0.977236085444 1.25472163101 -1.25472163101 -0.977236085444 
50.7625673883 82.2855053658 2.02394986153 126.081423341 2.95240783691 8651008 0.244118391991 0.0 0.244118391991 -1.19197360988 1.63571756588 -1.63571756588 -1.19197360988 
106.331030004 53.9376162346 1.48959922791 133.756889043 2.80016517639 8388608 0.45067256711 0.0 0.45067256711 -1.03020668492 1.07590893951 -1.07590893951 -1.03020668492 
55.0808668191 106.387612304 1.26327502728 135.450256353 2.69471073151 8388608 0.62661989289 0.0 0.62661989289 -0.900262409587 0.886223103073 -0.886223103073 -0.900262409587 
67.2654454208 108.104939925 2.60781931877 138.18221955 2.40585517883 10289664 0.147043219663 0.0 0.147043219663 -1.94352721013 1.73879946596 -1.73879946596 -1.94352721013 
26.2633118586 103.436258711 1.29114568233 124.433098861 1.14386796951 8388608 0.599859450647 0.0 0.599859450647 -0.730070016369 1.06492015861 -1.06492015861 -0.730070016369 
69.3866964417 74.6470481098 1.4885481596 127.905920621 -2.60484313965 8388608 0.451309234301 0.0 0.451309234301 -0.914514474623 1.17449516779 -1.17449516779 -0.914514474623 
