13
170
181.371243522 132.896161011 7.10374164581 302.404663086 42.3985977173 15925250 0.0198164421314 0.0 0.0198164421314 3.80686325111 -5.99757764083 5.99757764083 3.80686325111 
136.980777206 77.5222092339 3.42124295235 27.3656005859 41.4057655334 13172737 0.0854342809197 0.0 0.0854342809197 3.03837685813 1.57263136398 -1.57263136398 3.03837685813 
67.5554118485 92.8943096741 1.56333351135 117.706481934 40.8705749512 8388608 0.409163349426 0.0 0.409163349426 -0.726859735061 1.38408330431 -1.38408330431 -0.726859735061 
137.316331576 180.83538374 1.33160209656 83.134765625 34.1467895508 8388608 0.563963580943 0.0 0.563963580943 0.159172306646 1.32205458297 -1.32205458297 0.159172306646 
19.5152702849 159.490049987 2.39013886452 26.1444091797 32.8758163452 20644096 0.175046621297 0.0 0.175046621297 2.14559495005 1.05317904556 -1.05317904556 2.14559495005 
238.648423928 169.436493402 1.53063333035 84.3726806641 32.4246711731 8388608 0.426832684418 0.0 0.426832684418 0.150089963567 1.52325683809 -1.52325683809 0.150089963567 
145.102315051 176.17512666 1.68990397453 39.7506713867 31.0146980286 12320768 0.350167588422 0.0 0.350167588422 1.29925620546 1.08060573556 -1.08060573556 1.29925620546 
157.829973457 165.247068209 1.60845804214 109.651412964 30.2941055298 8716288 0.386527615022 0.0 0.386527615022 -0.540919239039 1.51477511538 -1.51477511538 -0.540919239039 
47.2933991962 121.60905447 1.43941652775 159.490982056 27.2088508606 8388608 0.482644131428 0.0 0.482644131428 -1.34818207276 0.504306493149 -0.504306493149 -1.34818207276 
53.9154629585 40.3590457641 1.39026093483 187.378372192 27.0378341675 8388608 0.517377288906 0.0 0.517377288906 -1.37874916977 -0.178539053886 0.178539053886 -1.37874916977 
93.4799064213 127.140361921 2.56399011612 129.562362671 26.5919876099 9044480 0.152113341481 0.0 0.152113341481 -1.63305070224 1.97666150857 -1.97666150857 -1.63305070224 
52.820773699 127.445766751 2.90001559258 153.416534424 26.2750816345 17957376 0.118904785563 0.0 0.118904785563 -2.59343584473 1.29775997643 -1.29775997643 -2.59343584473 
156.073136902 76.0438427487 1.66043770313 110.787597656 25.8253555298 11010048 0.362706073208 0.0 0.362706073208 -0.589296979028 1.55234739556 -1.55234739556 -0.589296979028 
51.9514014748 131.492170609 1.33747422695 152.676528931 25.4744625092 8388608 0.559022330126 0.0 0.559022330126 -1.18825125576 0.613918773907 -0.613918773907 -1.18825125576 
137.817994971 102.102990964 6.6641368866 304.389526367 25.1335906982 11272194 0.0225170857401 0.0 0.0225170857401 3.76401223101 -5.49935745048 5.49935745048 3.76401223101 
54.0709477893 47.6857696962 1.75276851654 171.289489746 24.8693351746 14942208 0.325499909731 0.0 0.325499909731 -1.73255230026 0.265443024837 -0.265443024837 -1.73255230026 
122.8309361 171.576030862 2.25256490707 124.814086914 23.9420471191 16384256 0.197081279052 0.0 0.197081279052 -1.28602408655 1.84937576208 -1.84937576208 -1.28602408655 
58.1470070951 93.0066427931 1.96910083294 258.969482422 23.4220275879 23396352 0.257907569205 0.0 0.257907569205 -0.376751635398 -1.93272250867 1.93272250867 -0.376751635398 
17.7520256467 139.331179036 2.21984243393 200.892364502 23.4199829102 15335680 0.202934414116 0.0 0.202934414116 -2.07389224816 -0.791625779334 0.791625779334 -2.07389224816 
150.607193538 110.630274051 4.61056280136 299.855285645 22.5399703979 18088193 0.0470426865701 0.0 0.0470426865701 2.29518911277 -3.99867431556 3.99867431556 2.29518911277 
138.474824942 156.533156186 2.28737044334 109.070037842 21.7994651794 17498368 0.191129177118 0.0 0.191129177118 -0.747338144291 2.16183931946 -2.16183931946 -0.747338144291 
67.8890004926 80.7705406817 3.04140806198 165.534576416 21.5192451477 21365248 0.108106203108 0.0 0.108106203108 -2.94499105128 0.759730680805 -0.759730680805 -2.94499105128 
60.5806539815 48.4104798257 4.7259106636 170.48046875 21.1457519531 19857665 0.044774318539 0.0 0.044774318539 -4.66083148077 0.781589091686 -0.781589091686 -4.66083148077 
57.3183219074 63.8389933905 1.43350577354 157.630615234 20.9803123474 8388608 0.48663249662 0.0 0.48663249662 -1.32563377813 0.545558327841 -0.545558327841 -1.32563377813 
107.354471995 149.33002349 2.59381008148 150.451126099 20.9485168457 9896448 0.14863587776 0.0 0.14863587776 -2.25644704703 1.27917843272 -1.27917843272 -2.25644704703 
128.984942048 100.298090778 1.77383840084 131.402496338 20.9371929169 15794176 0.317813173592 0.0 0.317813173592 -1.17311835281 1.33052470951 -1.33052470951 -1.17311835281 
122.707773214 100.10586526 3.97131752968 129.68157959 20.8292751312 23986177 0.0634060610345 0.0 0.0634060610345 -2.53576735689 3.05634533933 -3.05634533933 -2.53576735689 
110.690364771 160.332119022 1.44433605671 140.487289429 20.81690979 8388608 0.479361878519 0.0 0.479361878519 -1.11428137261 0.918957924694 -0.918957924694 -1.11428137261 
57.2277874487 30.427565319 1.3392970562 212.523468018 20.7832374573 8388608 0.557501668523 0.0 0.557501668523 -1.12925684034 -0.720066381169 0.720066381169 -1.12925684034 
33.6515502296 112.051212514 2.00989794731 214.380859375 20.2201843262 24838144 0.247543761961 0.0 0.247543761961 -1.65877317563 -1.13497194257 1.13497194257 -1.65877317563 
191.740521227 117.324125641 1.59297740459 159.091003418 20.2067832947 8388608 0.394076709967 0.0 0.394076709967 -1.4880773699 0.568509237159 -0.568509237159 -1.4880773699 
100.658741014 140.260607759 1.228297472 152.470230103 20.1543884277 8388608 0.662815848113 0.0 0.662815848113 -1.08921832802 0.567730669976 -0.567730669976 -1.08921832802 
26.1494168366 121.258812637 1.60860383511 201.931518555 20.0584812164 8716288 0.386457553705 0.0 0.386457553705 -1.49219067476 -0.600810526267 0.600810526267 -1.49219067476 
64.0453173984 80.2726951357 1.34266889095 160.836929321 19.9876480103 8388608 0.554705084576 0.0 0.554705084576 -1.26826911194 0.440741659503 -0.440741659503 -1.26826911194 
41.6257059924 101.985139531 2.31034064293 235.428466797 19.9194030762 18219264 0.187347526523 0.0 0.187347526523 -1.31096746916 -1.90237698187 1.90237698187 -1.31096746916 
49.3017967001 96.2886780982 2.03481078148 249.169036865 19.8101348877 9044224 0.241519354802 0.0 0.241519354802 -0.723603331871 -1.90180260136 1.90180260136 -0.723603331871 
134.424484558 149.565754346 1.76664042473 149.919952393 19.4115486145 15532032 0.320408236976 0.0 0.320408236976 -1.52871991279 0.885456841707 -0.885456841707 -1.52871991279 
126.903918476 83.6162898645 1.58846914768 199.061950684 19.2931747437 8388608 0.39631675366 0.0 0.39631675366 -1.50136703767 -0.51877861496 0.51877861496 -1.50136703767 
136.747610435 133.6229442 5.98305416107 161.669387817 18.8483428955 20185601 0.0279353509314 0.0 0.0279353509314 -5.67945952106 1.88166857946 -1.88166857946 -5.67945952106 
166.934620512 130.927896387 2.62813735008 112.921478271 18.4250030518 10813952 0.144778436874 0.0 0.144778436874 -1.02357866789 2.4206182354 -2.4206182354 -1.02357866789 
125.996185771 68.220680418 2.20586824417 227.912902832 18.0629234314 14876928 0.205513740024 0.0 0.205513740024 -1.47850417133 -1.63703394162 1.63703394162 -1.47850417133 
177.963579624 89.805322188 8.04334068298 313.500366211 17.3313064575 24903682 0.0154570663781 0.0 0.0154570663781 5.53670765417 -5.83439780053 5.83439780053 5.53670765417 
136.283000421 145.531031605 3.0550031662 154.323287964 17.197851181 21692928 0.107146174708 0.0 0.107146174708 -2.75333140501 1.32371088976 -1.32371088976 -2.75333140501 
131.464777319 141.604959162 1.72907066345 159.168548584 16.5969314575 13959168 0.334483358565 0.0 0.334483358565 -1.61604236274 0.614892219053 -0.614892219053 -1.61604236274 
173.0424273 89.2277667727 1.33663535118 142.476898193 16.385848999 8388608 0.559724238009 0.0 0.559724238009 -1.06009595168 0.814119546046 -0.814119546046 -1.06009595168 
138.580782599 102.681315631 1.25966095924 133.141403198 16.1154098511 8388608 0.630220696158 0.0 0.630220696158 -0.861357709104 0.919134717661 -0.919134717661 -0.861357709104 
90.3357448612 112.768504375 2.76508450508 342.809967041 15.9116516113 14483968 0.130792602961 0.0 0.130792602961 2.64156759502 -0.817198238595 0.817198238595 2.64156759502 
123.142032029 122.211476251 1.21466243267 167.798156738 15.909368515 8388608 0.677780079626 0.0 0.677780079626 -1.18722210935 0.256726485585 -0.256726485585 -1.18722210935 
72.9277196098 121.944923526 2.53716135025 347.316925049 15.8333492279 24969472 0.155347341717 0.0 0.155347341717 2.47525320131 -0.557054132578 0.557054132578 2.47525320131 
73.350243299 120.786674005 1.9914085865 348.682250977 15.7767868042 24182784 0.252161772894 0.0 0.252161772894 1.95268347892 -0.390813753015 0.390813753015 1.95268347892 
64.7651678315 102.012300211 2.15621709824 269.168640137 15.3231563568 13238528 0.215087429262 0.0 0.215087429262 -0.0312855408563 -2.15599011817 2.15599011817 -0.0312855408563 
111.100005526 74.9786679966 5.23338699341 224.945205688 15.2384986877 10486273 0.0365118886751 0.0 0.0365118886751 -3.70410073991 -3.69702273883 3.69702273883 -3.70410073991 
122.77605497 150.555583297 3.13910269737 158.052505493 15.2164001465 23659008 0.101481984605 0.0 0.101481984605 -2.91160173015 1.17326088728 -1.17326088728 -2.91160173015 
71.8983093526 113.478283973 1.95340359211 0.613220214844 14.9191551208 22806528 0.262069231998 0.0 0.262069231998 1.9532917139 0.0209063165186 -0.0209063165186 1.9532917139 
146.5134521 111.281833415 1.69136977196 140.241256714 14.8524150848 12386304 0.349560917607 0.0 0.349560917607 -1.30023077884 1.08172622564 -1.08172622564 -1.30023077884 
126.22685617 129.146366818 1.61017763615 161.682403564 14.7070598602 8781824 0.385702469231 0.0 0.385702469231 -1.5285883265 0.506053107906 -0.506053107906 -1.5285883265 
156.28297077 121.22966334 2.23245787621 132.976654053 14.265668869 15728896 0.200647361865 0.0 0.200647361865 -1.52186721156 1.63333657261 -1.63333657261 -1.52186721156 
11.5292777046 132.295075036 1.27412950993 210.285705566 14.1512413025 8388608 0.615988850006 0.0 0.615988850006 -1.10023809281 -0.642559061251 0.642559061251 -1.10023809281 
114.148995763 82.2822797087 2.76816415787 318.6668396 14.1466140747 14615040 0.130501744673 0.0 0.130501744673 2.07856471212 -1.82819625381 1.82819625381 2.07856471212 
52.818141063 80.3717631764 3.08681988716 160.108779907 14.1357116699 22479360 0.104948786393 0.0 0.104948786393 -2.90266106203 1.0502455783 -1.0502455783 -2.90266106203 
29.0283538648 98.4659455495 2.18487238884 217.103302002 14.0957565308 14156032 0.209482547804 0.0 0.209482547804 -1.74254314747 -1.31803290351 1.31803290351 -1.74254314747 
113.394240776 129.621881613 3.4732632637 166.353302002 14.0823059082 14286849 0.0828942858278 0.0 0.0828942858278 -3.37520966922 0.81946164509 -0.81946164509 -3.37520966922 
151.110878949 115.093171698 1.93806290627 140.624542236 13.7769546509 22216704 0.266234456067 0.0 0.266234456067 -1.49813306275 1.22950606137 -1.22950606137 -1.49813306275 
55.2932130636 108.640188765 3.15490436554 243.013092041 13.7721252441 24052224 0.100467964147 0.0 0.100467964147 -1.43165425162 -2.81136757816 2.81136757816 -1.43165425162 
56.1278211411 19.2618783575 1.56992053986 228.431976318 13.5210723877 8388608 0.405737040366 0.0 0.405737040366 -1.04165604501 -1.17456510477 1.17456510477 -1.04165604501 
59.468717771 85.7225573334 1.61257719994 162.232055664 13.5169410706 8912896 0.384555449319 0.0 0.384555449319 -1.53565770801 0.492098190987 -0.492098190987 -1.53565770801 
134.708683187 60.2648428186 3.12161326408 257.746887207 13.4636878967 23265792 0.102622314461 0.0 0.102622314461 -0.662502365858 -3.05050159576 3.05050159576 -0.662502365858 
49.0569025507 108.324116702 1.26834511757 233.59942627 13.3905563354 8388608 0.621620197658 0.0 0.621620197658 -0.752670170058 -1.02087558124 1.02087558124 -0.752670170058 
118.514884927 129.633822086 1.60640859604 157.497116089 13.092590332 8650752 0.387514503213 0.0 0.387514503213 -1.48409707838 0.614820656255 -0.614820656255 -1.48409707838 
173.928566649 153.096282294 4.05120754242 298.843597412 13.05027771 8716545 0.0609299770977 0.0 0.0609299770977 1.95438488938 -3.54861413173 3.54861413173 1.95438488938 
23.2961398715 105.993775282 2.23426675797 213.349685669 13.0442466736 15794432 0.200322601691 0.0 0.200322601691 -1.86635216538 -1.22828235375 1.22828235375 -1.86635216538 
49.6257819369 110.81838866 2.14558410645 231.184356689 13.0401153564 12845312 0.217224553438 0.0 0.217224553438 -1.34488766709 -1.67176802241 1.67176802241 -1.34488766709 
115.450003696 122.031799598 1.78249657154 167.550582886 13.0379104614 16187392 0.314733226238 0.0 0.314733226238 -1.74058420868 0.384266366029 -0.384266366029 -1.74058420868 
24.6670928894 108.391075444 1.46039152145 212.373046875 12.9796714783 8388608 0.468879660772 0.0 0.468879660772 -1.23341731949 -0.781936769765 0.781936769765 -1.23341731949 
81.6194234665 97.6891684292 1.26248919964 326.965454102 12.858253479 8388608 0.627400206068 0.0 0.627400206068 1.05839775979 -0.688239174466 0.688239174466 1.05839775979 
89.0074170866 100.247269909 1.27346014977 55.2417297363 12.8171463013 8388608 0.616636576215 0.0 0.616636576215 0.726019186526 1.04622984752 -1.04622984752 0.726019186526 
20.1784595539 112.430488446 1.82153320312 211.154632568 12.7513999939 17760256 0.301387902434 0.0 0.301387902434 -1.55882106774 -0.942369401479 0.942369401479 -1.55882106774 
17.3165030331 122.229019499 1.24269366264 202.353027344 12.5951957703 8388608 0.647547800933 0.0 0.647547800933 -1.14931534303 -0.472611660307 0.472611660307 -1.14931534303 
121.501503291 139.256781213 2.00604748726 159.945251465 12.4781455994 24707072 0.248494957912 0.0 0.248494957912 -1.88441155446 0.687909597649 -0.687909597649 -1.88441155446 
123.265133434 140.171576075 1.24810528755 158.797180176 12.4622993469 8388608 0.641944605792 0.0 0.641944605792 -1.16361605153 0.451402806191 -0.451402806191 -1.16361605153 
140.531339472 165.813729476 1.7417075634 324.187561035 12.351146698 14483456 0.329647301118 0.0 0.329647301118 1.41241476678 -1.01913186731 1.01913186731 1.41241476678 
113.166233463 116.375384852 2.11639285088 173.379455566 12.2944564819 11862272 0.223258204827 0.0 0.223258204827 -2.10227966178 0.244005989506 -0.244005989506 -2.10227966178 
165.872906381 98.6792983806 3.71708035469 299.541259766 12.1597862244 19202049 0.0723762538796 0.0 0.0723762538796 1.83270718194 -3.23386313076 3.23386313076 1.83270718194 
134.525170242 64.9693825923 1.616060853 251.832489014 12.1569862366 9109504 0.382899306414 0.0 0.382899306414 -0.503881626357 -1.53549861193 1.53549861193 -0.503881626357 
135.305283908 173.044561528 1.67460155487 226.089950562 12.065284729 11665408 0.356596453621 0.0 0.356596453621 -1.16138340079 -1.20643232878 1.20643232878 -1.16138340079 
92.5078336051 137.783786818 1.62573552132 156.341491699 11.362575531 9502720 0.378355638245 0.0 0.378355638245 -1.48909802774 0.652382594079 -0.652382594079 -1.48909802774 
51.034407831 66.0535907521 1.37384700775 159.728363037 11.3378105164 8388608 0.529813787209 0.0 0.529813787209 -1.28875169713 0.475998596475 -0.475998596475 -1.28875169713 
127.046060214 152.910923312 1.73794877529 157.006088257 11.068649292 14352384 0.331074747417 0.0 0.331074747417 -1.59986243181 0.678900688473 -0.678900688473 -1.59986243181 
49.9531198289 28.3226358619 1.43871510029 206.825531006 10.9583435059 8388608 0.483114860306 0.0 0.483114860306 -1.28388751402 -0.649256491032 0.649256491032 -1.28388751402 
242.667816955 176.241810841 1.76828551292 88.0183410645 10.8235702515 15597568 0.319812343817 0.0 0.319812343817 0.0611465667504 1.76722798546 -1.76722798546 0.0611465667504 
91.6975734487 98.1292122222 3.78652501106 341.918182373 10.80727005 20512769 0.0697458450138 0.0 0.0697458450138 3.59952472638 -1.17524184897 1.17524184897 3.59952472638 
129.181855068 156.016162638 1.29750967026 155.859649658 10.6864700317 8388608 0.593989534747 0.0 0.593989534747 -1.18403775996 0.530646706761 -0.530646706761 -1.18403775996 
99.5649323565 155.928581806 2.06923508644 149.955596924 10.5717658997 10223872 0.233550247791 0.0 0.233550247791 -1.79120780543 1.0360060042 -1.0360060042 -1.79120780543 
108.461897442 168.579186415 1.83748972416 138.161483765 10.2169303894 18350080 0.296176203525 0.0 0.296176203525 -1.36898086192 1.22566711879 -1.22566711879 -1.36898086192 
166.389143485 93.5024784939 1.81336402893 146.215454102 10.1687202454 17432576 0.304109513841 0.0 0.304109513841 -1.50714937985 1.00835997949 -1.00835997949 -1.50714937985 
170.521192568 96.7537142165 1.91041743755 145.625228882 10.1441802979 21168128 0.273995514342 0.0 0.273995514342 -1.57678631728 1.0786286179 -1.0786286179 -1.57678631728 
96.2578684165 157.870035437 3.41298079491 149.787826538 10.0419883728 13041665 0.0858484208814 0.0 0.0858484208814 -2.94938847123 1.71742410376 -1.71742410376 -2.94938847123 
90.5141367143 116.840316576 1.53959167004 341.757232666 9.86094284058 8388608 0.421879958526 0.0 0.421879958526 1.46220971503 -0.481959811319 0.481959811319 1.46220971503 
112.800837245 134.201726857 1.26181638241 17.6219177246 9.85681152344 8388608 0.62806946067 0.0 0.62806946067 1.20260556103 0.381995350107 -0.381995350107 1.20260556103 
205.658082475 129.233144973 1.81524980068 286.521606445 9.66892242432 17498112 0.30347799387 0.0 0.30347799387 0.516215109019 -1.74030278977 1.74030278977 0.516215109019 
168.102727782 176.723431375 1.83234262466 97.1391906738 9.62554550171 18153472 0.297842474314 0.0 0.297842474314 -0.227723924472 1.81813676834 -1.81813676834 -0.227723924472 
60.8543237651 45.1109926652 1.46134591103 359.969848633 9.55832290649 8388608 0.468267420058 0.0 0.468267420058 1.46134570868 -0.000769019559418 0.000769019559418 1.46134570868 
115.843551278 175.074855124 1.34772980213 128.518203735 9.49989700317 8388608 0.550546918399 0.0 0.550546918399 -0.839316593931 1.05447772604 -1.05447772604 -0.839316593931 
44.2885211489 136.319057662 2.25748562813 151.507904053 9.19811248779 16515328 0.196223045402 0.0 0.196223045402 -1.98406558144 1.07690534856 -1.07690534856 -1.98406558144 
68.4763911885 20.6775031492 1.71138715744 259.280334473 9.09232711792 13238272 0.341431403049 0.0 0.341431403049 -0.318324625565 -1.6815217618 1.6815217618 -0.318324625565 
179.875593187 111.981449721 1.53269124031 149.936737061 8.92032623291 8388608 0.425687256665 0.0 0.425687256665 -1.32650258342 0.767810741193 -0.767810741193 -1.32650258342 
79.169745509 73.0126991078 1.41780531406 354.386657715 8.83668518066 8388608 0.497469890872 0.0 0.497469890872 1.41100644019 -0.13868213416 0.13868213416 1.41100644019 
68.2803989928 159.929934755 1.89714169502 97.2673950195 8.77482223511 20709376 0.277843641308 0.0 0.277843641308 -0.239988683151 1.88190117779 -1.88190117779 -0.239988683151 
151.303780681 67.5923211829 1.54825675488 285.493896484 8.70719146729 8388608 0.41717092567 0.0 0.41717092567 0.413594686732 -1.49199142562 1.49199142562 0.413594686732 
156.483105702 83.2410931729 1.56856966019 117.965530396 8.2999420166 8388608 0.406436196993 0.0 0.406436196993 -0.735565510462 1.38540757854 -1.38540757854 -0.735565510462 
90.6682969708 40.3188560213 1.74643659592 344.508850098 7.95602416992 14680064 0.327864468367 0.0 0.327864468367 1.68299155869 -0.466454924879 0.466454924879 1.68299155869 
76.6103796094 67.0264270078 1.39679455757 341.018035889 7.8155632019 8388608 0.512548458391 0.0 0.512548458391 1.32083828439 -0.454336067855 0.454336067855 1.32083828439 
103.325713567 115.960173526 1.6605938673 161.00112915 7.61637115479 11075584 0.362637857817 0.0 0.362637857817 -1.57013300229 0.540605537559 -0.540605537559 -1.57013300229 
148.092523611 153.353181006 1.78298151493 58.9446105957 7.47426986694 16187392 0.314562044383 0.0 0.314562044383 0.91978040032 1.52742498925 -1.52742498925 0.91978040032 
144.654052563 79.8132707485 1.44028413296 79.0129089355 7.42463684082 8388608 0.482062831627 0.0 0.482062831627 0.274500622538 1.41388393862 -1.41388393862 0.274500622538 
83.4047006635 85.0704820871 3.03759098053 332.049835205 6.94429779053 21299712 0.108378069502 0.0 0.108378069502 2.68327300238 -1.42372924381 1.42372924381 2.68327300238 
43.1064850157 129.300660847 1.51273941994 151.559082031 6.58197402954 8388608 0.436990254462 0.0 0.436990254462 -1.33016490251 0.720445615401 -0.720445615401 -1.33016490251 
106.327636912 88.8768403093 2.12701272964 337.896026611 6.35029983521 12255488 0.221034376016 0.0 0.221034376016 1.97068269232 -0.800370463135 0.800370463135 1.97068269232 
232.877201564 141.614809928 1.85530459881 305.99822998 6.33717727661 19070976 0.29051566683 0.0 0.29051566683 1.09047431211 -1.50100663856 1.50100663856 1.09047431211 
218.79537323 143.95899859 1.51552355289 299.073608398 6.24320983887 8388608 0.435386160038 0.0 0.435386160038 0.736442681701 -1.32456174486 1.32456174486 0.736442681701 
210.798540072 120.84691653 2.12429022789 291.411407471 6.07663726807 12124416 0.221601296752 0.0 0.221601296752 0.775497954384 -1.97767841042 1.97767841042 0.775497954384 
68.2162096763 38.5777361712 1.31630218029 27.3570251465 5.72315597534 8388608 0.577150131169 0.0 0.577150131169 1.16908735179 0.604885273198 -0.604885273198 1.16908735179 
149.088559819 126.470393126 1.32060933113 131.041931152 5.69567489624 8388608 0.573391534598 0.0 0.573391534598 -0.867126847796 0.996042185503 -0.996042185503 -0.867126847796 
169.413071424 55.8759717317 5.66625738144 296.676635742 5.64598083496 16253441 0.0311463675549 0.0 0.0311463675549 2.54389265276 -5.06311000117 5.06311000117 2.54389265276 
93.9298115105 85.7782824805 1.34942317009 339.229705811 5.47380828857 8388608 0.549166041619 0.0 0.549166041619 1.2617237008 -0.478535468709 0.478535468709 1.2617237008 
182.572104372 56.1414610504 6.92379617691 309.898803711 5.38153076172 14024706 0.0208598629508 0.0 0.0208598629508 4.44115560192 -5.31178787406 5.31178787406 4.44115560192 
81.1199392855 42.7052647669 1.63835179806 359.349060059 5.29277038574 10092544 0.372550950519 0.0 0.372550950519 1.63824606542 -0.0186129884353 0.0186129884353 1.63824606542 
96.0044002728 53.1940490328 1.49343502522 339.082885742 5.21574783325 8388608 0.448360489817 0.0 0.448360489817 1.39501448344 -0.533181737821 0.533181737821 1.39501448344 
85.1212802879 82.86210429 1.52472829819 334.522827148 5.12307357788 8388608 0.430145197741 0.0 0.430145197741 1.37645873591 -0.655864110645 0.655864110645 1.37645873591 
99.8859527951 107.678517599 1.36315333843 280.287628174 4.98392486572 8388608 0.538158961957 0.0 0.538158961957 0.24344522965 -1.34123877227 1.34123877227 0.24344522965 
153.400693401 133.593152898 2.03058457375 345.444091797 4.83737754822 8913152 0.242525738056 0.0 0.242525738056 1.96540862279 -0.510335827257 0.510335827257 1.96540862279 
94.535523934 53.7038777398 2.39491271973 338.38458252 4.79281997681 20840704 0.174349464898 0.0 0.174349464898 2.22649621886 -0.882225324109 0.882225324109 2.22649621886 
79.4945550125 41.2128868426 2.52159118652 356.732452393 4.67583084106 24576256 0.157271722826 0.0 0.157271722826 2.51749173689 -0.143727056082 0.143727056082 2.51749173689 
99.1994223436 174.895936783 1.40927815437 69.7078857422 4.28855895996 8388608 0.503508214533 0.0 0.503508214533 0.488746915288 1.32181366659 -1.32181366659 0.488746915288 
232.978633779 131.325798707 1.75383925438 301.054504395 4.21460723877 15007744 0.32510258862 0.0 0.32510258862 0.90472367731 -1.50247369292 1.50247369292 0.90472367731 
217.327412649 114.921935026 1.43152487278 65.6045227051 4.20840454102 8388608 0.487980203055 0.0 0.487980203055 0.59126635818 1.303712988 -1.303712988 0.59126635818 
91.7431236512 159.195382235 1.29270601273 89.9204711914 4.19430160522 8388608 0.598412232105 0.0 0.598412232105 0.00179432650913 1.29270476743 -1.29270476743 0.00179432650913 
196.632256143 108.639491071 1.9425381422 327.468292236 3.86752700806 22413312 0.265009162695 0.0 0.265009162695 1.63774219896 -1.04463147744 1.04463147744 1.63774219896 
208.064892865 110.60412223 1.41363275051 321.901306152 3.85715484619 8388608 0.500410949152 0.0 0.500410949152 1.11245700394 -0.872236761263 0.872236761263 1.11245700394 
139.461029058 127.101913548 1.40022146702 317.357666016 3.84526062012 8388608 0.510042700818 0.0 0.510042700818 1.02999838092 -0.948537554343 0.948537554343 1.02999838092 
213.948455929 104.088976618 2.50973057747 271.506530762 3.78982543945 24183040 0.158761720271 0.0 0.158761720271 0.0659830564975 -2.50886305081 2.50886305081 0.0659830564975 
87.2805303795 63.7976051897 1.46001970768 339.398742676 3.71398162842 8388608 0.469118504281 0.0 0.469118504281 1.36665409664 -0.513725731246 0.513725731246 1.36665409664 
172.426747145 59.9877041183 1.27152097225 270.110931396 3.66734695435 8388608 0.618518856779 0.0 0.618518856779 0.00246181324674 -1.27151858907 1.27151858907 0.00246181324674 
98.9736978991 59.7334754622 1.6386051178 330.272125244 3.6647567749 10092544 0.372435770585 0.0 0.372435770585 1.42294890109 -0.812553479444 0.812553479444 1.42294890109 
91.8784029418 12.0516376342 1.40031588078 266.479156494 3.63541030884 8388608 0.509973925729 0.0 0.509973925729 -0.0859957014143 -1.39767281768 1.39767281768 -0.0859957014143 
107.47456395 182.84933872 1.52447676659 94.5795593262 3.61087799072 8388608 0.430287153379 0.0 0.430287153379 -0.121719273091 1.51960976254 -1.51960976254 -0.121719273091 
203.874986942 84.6062225214 2.16043543816 271.230010986 3.60713195801 13369600 0.214248314988 0.0 0.214248314988 0.0463761072449 -2.1599376239 2.1599376239 0.0463761072449 
214.963000044 78.0660555718 3.85658216476 281.661773682 3.60569000244 21823489 0.0672349092545 0.0 0.0672349092545 0.779546137021 -3.77697416113 3.77697416113 0.779546137021 
110.046838745 35.4364164128 2.48693466187 279.357696533 3.60063934326 23527680 0.16168556523 0.0 0.16168556523 0.404369351843 -2.4538397339 2.4538397339 0.404369351843 
115.279567825 31.7419882968 3.29288387299 290.341247559 3.5983505249 10420225 0.092224682707 0.0 0.092224682707 1.14464184332 -3.08753611339 3.08753611339 1.14464184332 
239.74461081 136.950741948 1.20210456848 310.589691162 3.58626174927 8388608 0.692014994341 0.0 0.692014994341 0.782134426863 -0.912864246139 0.912864246139 0.782134426863 
98.9764220457 181.121030599 1.28116858006 84.0493774414 3.58425140381 8388608 0.609238642013 0.0 0.609238642013 0.132820471984 1.27426514225 -1.27426514225 0.132820471984 
167.068208477 56.7215205193 1.29967701435 271.126647949 3.5838394165 8388608 0.592010110203 0.0 0.592010110203 0.0255548330737 -1.29942575476 1.29942575476 0.0255548330737 
188.196066787 61.3637816644 2.20953464508 285.889404297 3.56956481934 15008000 0.204832265664 0.0 0.204832265664 0.604929398504 -2.12511264893 2.12511264893 0.604929398504 
171.282865321 52.2537003781 2.09183073044 271.058685303 3.56512451172 11010304 0.228531948447 0.0 0.228531948447 0.0386496955561 -2.09147364455 2.09147364455 0.0386496955561 
38.5899321101 148.303002035 1.28103590012 6.5703125 3.55961227417 8388608 0.609364849143 0.0 0.609364849143 1.272622295 0.146579233347 -0.146579233347 1.272622295 
38.9845013506 164.497189863 1.27115213871 20.5418701172 3.55562973022 8388608 0.618877843859 0.0 0.618877843859 1.19032722353 0.446036837796 -0.446036837796 1.19032722353 
107.097924638 26.3224585868 1.89076697826 0.184875488281 3.55480194092 20447232 0.279720298022 0.0 0.279720298022 1.89075713541 0.00610090070744 -0.00610090070744 1.89075713541 
247.002527295 121.196908896 1.24558138847 330.734527588 3.55072784424 8388608 0.644548763028 0.0 0.644548763028 1.08660039447 -0.608910977118 0.608910977118 1.08660039447 
201.855026985 78.1252099694 1.69322097301 351.800628662 3.55012512207 12451840 0.348796984478 0.0 0.348796984478 1.67591252248 -0.241483913436 0.241483913436 1.67591252248 
185.045770669 55.1663486605 1.66520798206 329.875701904 3.54738998413 11272192 0.360630979988 0.0 0.360630979988 1.44030276265 -0.835730563889 0.835730563889 1.44030276265 
191.300612028 64.8355908292 1.29380524158 330.397155762 3.54709243774 8388608 0.597395830964 0.0 0.597395830964 1.12492537193 -0.639120419596 0.639120419596 1.12492537193 
118.980220291 50.6914979305 1.28146147728 1.36929321289 3.54695510864 8388608 0.608960172598 0.0 0.608960172598 1.28109554347 0.0306223161914 -0.0306223161914 1.28109554347 
214.553061934 97.0443240954 1.22173917294 358.92855835 3.54497146606 8388608 0.669950941851 0.0 0.669950941851 1.22152555996 -0.0228454164469 0.0228454164469 1.22152555996 
98.4266956467 82.3114909977 1.31356322765 325.494934082 3.53003692627 8388608 0.579559508829 0.0 0.579559508829 1.08247606896 -0.744106116877 0.744106116877 1.08247606896 
150.220767359 89.3376146217 1.17683982849 270.98449707 3.52099227905 8388608 0.722046694075 0.0 0.722046694075 0.0202203087618 -1.17666610431 1.17666610431 0.0202203087618 
211.127201197 150.951273487 1.64626789093 295.995178223 3.50100708008 10420224 0.36897673585 0.0 0.36897673585 0.721551818964 -1.47971650706 1.47971650706 0.721551818964 
199.279399507 135.957394147 1.24591112137 290.367950439 3.48431777954 8388608 0.644207645909 0.0 0.644207645909 0.433636506496 -1.16801280069 1.16801280069 0.433636506496 
89.6994443111 74.5035474882 2.51083493233 331.26965332 2.6872253418 24248576 0.158622092837 0.0 0.158622092837 2.20173028853 -1.20692824724 1.20692824724 2.20173028853 
65.0021689782 122.677492873 1.36545109749 347.483856201 1.05884170532 8388608 0.536349275474 0.0 0.536349275474 1.33300113005 -0.295913309788 0.295913309788 1.33300113005 
