13
137
136.980777206 77.5222092339 3.42124295235 128.003237927 41.4057655334 13172737 0.0854342809197 0.0 0.0854342809197 -2.10647983644 2.69585719904 -2.69585719904 -2.10647983644 
67.5554118485 92.8943096741 1.56333351135 140.561642157 40.8705749512 8388608 0.409163349426 0.0 0.409163349426 -1.20737570742 0.99310400706 -0.99310400706 -1.20737570742 
137.316331576 180.83538374 1.33160209656 133.990998443 34.1467895508 8388608 0.563963580943 0.0 0.563963580943 -0.924858042487 0.958019699591 -0.958019699591 -0.924858042487 
145.102315051 176.17512666 1.68990397453 126.91750779 31.0146980286 12320768 0.350167588422 0.0 0.350167588422 -1.0150654202 1.35108017373 -1.35108017373 -1.0150654202 
157.829973457 165.247068209 1.60845804214 142.038246098 30.2941055298 8716288 0.386527615022 0.0 0.386527615022 -1.26814297396 0.989419360499 -0.989419360499 -1.26814297396 
47.2933991962 121.60905447 1.43941652775 132.195297572 27.2088508606 8388608 0.482644131428 0.0 0.482644131428 -0.966798198595 1.0664057312 -1.0664057312 -0.966798198595 
53.9154629585 40.3590457641 1.39026093483 130.045516249 27.0378341675 8388608 0.517377288906 0.0 0.517377288906 -0.894488267338 1.06429141052 -1.06429141052 -0.894488267338 
93.4799064213 127.140361921 2.56399011612 135.114323978 26.5919876099 9044480 0.152113341481 0.0 0.152113341481 -1.81662874901 1.80939362877 -1.80939362877 -1.81662874901 
52.820773699 127.445766751 2.90001559258 127.648165092 26.2750816345 17957376 0.118904785563 0.0 0.118904785563 -1.77136136079 2.29616405483 -2.29616405483 -1.77136136079 
156.073136902 76.0438427487 1.66043770313 144.506695255 25.8253555298 11010048 0.362706073208 0.0 0.362706073208 -1.35190076548 0.964063113227 -0.964063113227 -1.35190076548 
51.9514014748 131.492170609 1.33747422695 130.856763907 25.4744625092 8388608 0.559022330126 0.0 0.559022330126 -0.87493585091 1.01159505957 -1.01159505957 -0.87493585091 
54.0709477893 47.6857696962 1.75276851654 129.353898481 24.8693351746 14942208 0.325499909731 0.0 0.325499909731 -1.11144549963 1.35531781288 -1.35531781288 -1.11144549963 
122.8309361 171.576030862 2.25256490707 146.8437928 23.9420471191 16384256 0.197081279052 0.0 0.197081279052 -1.88580811676 1.23198068465 -1.23198068465 -1.88580811676 
58.1470070951 93.0066427931 1.96910083294 131.498879967 23.4220275879 23396352 0.257907569205 0.0 0.257907569205 -1.30473685944 1.47479483926 -1.47479483926 -1.30473685944 
150.607193538 110.630274051 4.61056280136 161.918765405 22.5399703979 18088193 0.0470426865701 0.0 0.0470426865701 -4.382881374 1.4309577935 -1.4309577935 -4.382881374 
138.474824942 156.533156186 2.28737044334 144.168757675 21.7994651794 17498368 0.191129177118 0.0 0.191129177118 -1.85447353675 1.3390263054 -1.3390263054 -1.85447353675 
67.8890004926 80.7705406817 3.04140806198 128.374719411 21.5192451477 21365248 0.108106203108 0.0 0.108106203108 -1.88811199827 2.38436492203 -2.38436492203 -1.88811199827 
57.3183219074 63.8389933905 1.43350577354 125.576317051 20.9803123474 8388608 0.48663249662 0.0 0.48663249662 -0.833994778275 1.16592946296 -1.16592946296 -0.833994778275 
107.354471995 149.33002349 2.59381008148 124.493485469 20.9485168457 9896448 0.14863587776 0.0 0.14863587776 -1.46890714986 2.13779384504 -2.13779384504 -1.46890714986 
128.984942048 100.298090778 1.77383840084 130.101030536 20.9371929169 15794176 0.317813173592 0.0 0.317813173592 -1.14259563376 1.35682640379 -1.35682640379 -1.14259563376 
122.707773214 100.10586526 3.97131752968 129.508383989 20.8292751312 23986177 0.0634060610345 0.0 0.0634060610345 -2.52651696265 3.06399656641 -3.06399656641 -2.52651696265 
110.690364771 160.332119022 1.44433605671 135.665333433 20.81690979 8388608 0.479361878519 0.0 0.479361878519 -1.03309029396 1.00937163089 -1.00937163089 -1.03309029396 
57.2277874487 30.427565319 1.3392970562 125.603347818 20.7832374573 8388608 0.557501668523 0.0 0.557501668523 -0.779699208734 1.08893789935 -1.08893789935 -0.779699208734 
191.740521227 117.324125641 1.59297740459 136.417685626 20.2067832947 8388608 0.394076709967 0.0 0.394076709967 -1.15392844891 1.0981922174 -1.0981922174 -1.15392844891 
100.658741014 140.260607759 1.228297472 126.049349215 20.1543884277 8388608 0.662815848113 0.0 0.662815848113 -0.722830763265 0.993091318761 -0.993091318761 -0.722830763265 
64.0453173984 80.2726951357 1.34266889095 126.73066085 19.9876480103 8388608 0.554705084576 0.0 0.554705084576 -0.802988659098 1.07608966359 -1.07608966359 -0.802988659098 
41.6257059924 101.985139531 2.31034064293 121.831363987 19.9194030762 18219264 0.187347526523 0.0 0.187347526523 -1.21852206111 1.96287489998 -1.96287489998 -1.21852206111 
49.3017967001 96.2886780982 2.03481078148 122.479933364 19.8101348877 9044224 0.241519354802 0.0 0.241519354802 -1.09270192642 1.71652480798 -1.71652480798 -1.09270192642 
134.424484558 149.565754346 1.76664042473 132.672069161 19.4115486145 15532032 0.320408236976 0.0 0.320408236976 -1.19743122842 1.29891371672 -1.29891371672 -1.19743122842 
126.903918476 83.6162898645 1.58846914768 126.747506187 19.2931747437 8388608 0.39631675366 0.0 0.39631675366 -0.950364769918 1.27280832698 -1.27280832698 -0.950364769918 
136.747610435 133.6229442 5.98305416107 139.504732466 18.8483428955 20185601 0.0279353509314 0.0 0.0279353509314 -4.54987100725 3.88530705501 -3.88530705501 -4.54987100725 
166.934620512 130.927896387 2.62813735008 140.52594293 18.4250030518 10813952 0.144778436874 0.0 0.144778436874 -2.02869210865 1.670782529 -1.670782529 -2.02869210865 
125.996185771 68.220680418 2.20586824417 123.901187524 18.0629234314 14876928 0.205513740024 0.0 0.205513740024 -1.23035017154 1.83087224187 -1.83087224187 -1.23035017154 
136.283000421 145.531031605 3.0550031662 130.73132224 17.197851181 21692928 0.107146174708 0.0 0.107146174708 -1.99342854894 2.31501338349 -2.31501338349 -1.99342854894 
131.464777319 141.604959162 1.72907066345 128.418348167 16.5969314575 13959168 0.334483358565 0.0 0.334483358565 -1.07444228881 1.35471736064 -1.35471736064 -1.07444228881 
173.0424273 89.2277667727 1.33663535118 132.25353417 16.385848999 8388608 0.559724238009 0.0 0.559724238009 -0.898770271233 0.989346279912 -0.989346279912 -0.898770271233 
138.580782599 102.681315631 1.25966095924 139.92866778 16.1154098511 8388608 0.630220696158 0.0 0.630220696158 -0.963947475365 0.810895182486 -0.810895182486 -0.963947475365 
90.3357448612 112.768504375 2.76508450508 133.699907468 15.9116516113 14483968 0.130792602961 0.0 0.130792602961 -1.91034502122 1.99906833803 -1.99906833803 -1.91034502122 
123.142032029 122.211476251 1.21466243267 124.716400369 15.909368515 8388608 0.677780079626 0.0 0.677780079626 -0.69176827004 0.998429509734 -0.998429509734 -0.69176827004 
72.9277196098 121.944923526 2.53716135025 132.627063251 15.8333492279 24969472 0.155347341717 0.0 0.155347341717 -1.71822550368 1.86678569624 -1.86678569624 -1.71822550368 
73.350243299 120.786674005 1.9914085865 133.829314352 15.7767868042 24182784 0.252161772894 0.0 0.252161772894 -1.37907505769 1.43661412482 -1.43661412482 -1.37907505769 
64.7651678315 102.012300211 2.15621709824 146.350492886 15.3231563568 13238528 0.215087429262 0.0 0.215087429262 -1.79492732353 1.19478369506 -1.19478369506 -1.79492732353 
122.77605497 150.555583297 3.13910269737 126.991868778 15.2164001465 23659008 0.101481984605 0.0 0.101481984605 -1.88880335872 2.5072669616 -2.5072669616 -1.88880335872 
71.8983093526 113.478283973 1.95340359211 133.878369293 14.9191551208 22806528 0.262069231998 0.0 0.262069231998 -1.35396214604 1.40803838753 -1.40803838753 -1.35396214604 
146.5134521 111.281833415 1.69136977196 141.342406059 14.8524150848 12386304 0.349560917607 0.0 0.349560917607 -1.32077873326 1.05653927672 -1.05653927672 -1.32077873326 
126.22685617 129.146366818 1.61017763615 125.506683337 14.7070598602 8781824 0.385702469231 0.0 0.385702469231 -0.935187814292 1.31076152368 -1.31076152368 -0.935187814292 
156.28297077 121.22966334 2.23245787621 143.548281567 14.265668869 15728896 0.200647361865 0.0 0.200647361865 -1.79569494126 1.32640410395 -1.32640410395 -1.79569494126 
114.148995763 82.2822797087 2.76816415787 125.606263885 14.1466140747 14615040 0.130501744673 0.0 0.130501744673 -1.6116580011 2.25062020172 -2.25062020172 -1.6116580011 
113.394240776 129.621881613 3.4732632637 123.668314571 14.0823059082 14286849 0.0828942858278 0.0 0.0828942858278 -1.92552248241 2.89066097437 -2.89066097437 -1.92552248241 
151.110878949 115.093171698 1.93806290627 141.727004184 13.7769546509 22216704 0.266234456067 0.0 0.266234456067 -1.52151193058 1.20045377826 -1.20045377826 -1.52151193058 
55.2932130636 108.640188765 3.15490436554 121.948936228 13.7721252441 24052224 0.100467964147 0.0 0.100467964147 -1.66945943859 2.67699957763 -2.67699957763 -1.66945943859 
59.468717771 85.7225573334 1.61257719994 127.504675502 13.5169410706 8912896 0.384555449319 0.0 0.384555449319 -0.981779195499 1.27926339627 -1.27926339627 -0.981779195499 
134.708683187 60.2648428186 3.12161326408 124.813057472 13.4636878967 23265792 0.102622314461 0.0 0.102622314461 -1.78213116446 2.56290418923 -2.56290418923 -1.78213116446 
49.0569025507 108.324116702 1.26834511757 120.222259021 13.3905563354 8388608 0.621620197658 0.0 0.621620197658 -0.638428710953 1.09595078279 -1.09595078279 -0.638428710953 
118.514884927 129.633822086 1.60640859604 126.056919415 13.092590332 8650752 0.387514503213 0.0 0.387514503213 -0.945513890724 1.2986731921 -1.2986731921 -0.945513890724 
173.928566649 153.096282294 4.05120754242 147.465221069 13.05027771 8716545 0.0609299770977 0.0 0.0609299770977 -3.41543187785 2.17878581772 -2.17878581772 -3.41543187785 
49.6257819369 110.81838866 2.14558410645 120.743693243 13.0401153564 12845312 0.217224553438 0.0 0.217224553438 -1.09681934457 1.8440494796 -1.8440494796 -1.09681934457 
115.450003696 122.031799598 1.78249657154 125.23182973 13.0379104614 16187392 0.314733226238 0.0 0.314733226238 -1.02829763559 1.45598695056 -1.45598695056 -1.02829763559 
81.6194234665 97.6891684292 1.26248919964 147.386859324 12.858253479 8388608 0.627400206068 0.0 0.627400206068 -1.06343102367 0.680436210896 -0.680436210896 -1.06343102367 
89.0074170866 100.247269909 1.27346014977 125.949797206 12.8171463013 8388608 0.616636576215 0.0 0.616636576215 -0.747618098181 1.03090636447 -1.03090636447 -0.747618098181 
121.501503291 139.256781213 2.00604748726 124.887270811 12.4781455994 24707072 0.248494957912 0.0 0.248494957912 -1.1473862414 1.64551856088 -1.64551856088 -1.1473862414 
123.265133434 140.171576075 1.24810528755 126.723606779 12.4622993469 8388608 0.641944605792 0.0 0.641944605792 -0.746311347194 1.0003930137 -1.0003930137 -0.746311347194 
140.531339472 165.813729476 1.7417075634 142.855837356 12.351146698 14483456 0.329647301118 0.0 0.329647301118 -1.38834775432 1.05168234247 -1.05168234247 -1.38834775432 
113.166233463 116.375384852 2.11639285088 124.975013624 12.2944564819 11862272 0.223258204827 0.0 0.223258204827 -1.21315691971 1.7341767463 -1.7341767463 -1.21315691971 
165.872906381 98.6792983806 3.71708035469 145.162743535 12.1597862244 19202049 0.0723762538796 0.0 0.0723762538796 -3.05089751997 2.12337247931 -2.12337247931 -3.05089751997 
134.525170242 64.9693825923 1.616060853 124.188127342 12.1569862366 9109504 0.382899306414 0.0 0.382899306414 -0.908083954769 1.33680073747 -1.33680073747 -0.908083954769 
135.305283908 173.044561528 1.67460155487 131.19192002 12.065284729 11665408 0.356596453621 0.0 0.356596453621 -1.10286469576 1.26015071734 -1.26015071734 -1.10286469576 
92.5078336051 137.783786818 1.62573552132 127.718744231 11.362575531 9502720 0.378355638245 0.0 0.378355638245 -0.994601996043 1.28599488908 -1.28599488908 -0.994601996043 
51.034407831 66.0535907521 1.37384700775 124.890828026 11.3378105164 8388608 0.529813787209 0.0 0.529813787209 -0.785860512609 1.12688901647 -1.12688901647 -0.785860512609 
127.046060214 152.910923312 1.73794877529 125.853136516 11.068649292 14352384 0.331074747417 0.0 0.331074747417 -1.01793329887 1.40864393819 -1.40864393819 -1.01793329887 
49.9531198289 28.3226358619 1.43871510029 125.96454034 10.9583435059 8388608 0.483114860306 0.0 0.483114860306 -0.844935004926 1.16446810916 -1.16446810916 -0.844935004926 
91.6975734487 98.1292122222 3.78652501106 124.142356201 10.80727005 20512769 0.0697458450138 0.0 0.0697458450138 -2.12519090806 3.13390096584 -3.13390096584 -2.12519090806 
129.181855068 156.016162638 1.29750967026 127.855398399 10.6864700317 8388608 0.593989534747 0.0 0.593989534747 -0.796243739801 1.02446437285 -1.02446437285 -0.796243739801 
99.5649323565 155.928581806 2.06923508644 124.853697745 10.5717658997 10223872 0.233550247791 0.0 0.233550247791 -1.18253246794 1.69804322832 -1.69804322832 -1.18253246794 
108.461897442 168.579186415 1.83748972416 135.09526984 10.2169303894 18350080 0.296176203525 0.0 0.296176203525 -1.30146008972 1.29713920659 -1.29713920659 -1.30146008972 
166.389143485 93.5024784939 1.81336402893 129.909487484 10.1687202454 17432576 0.304109513841 0.0 0.304109513841 -1.16341202978 1.39095706273 -1.39095706273 -1.16341202978 
170.521192568 96.7537142165 1.91041743755 126.736801231 10.1441802979 21168128 0.273995514342 0.0 0.273995514342 -1.14269709809 1.53099253026 -1.53099253026 -1.14269709809 
96.2578684165 157.870035437 3.41298079491 125.736915772 10.0419883728 13041665 0.0858484208814 0.0 0.0858484208814 -1.99340029711 2.7703417049 -2.7703417049 -1.99340029711 
90.5141367143 116.840316576 1.53959167004 129.881034857 9.86094284058 8388608 0.421879958526 0.0 0.421879958526 -0.987179499392 1.18144790254 -1.18144790254 -0.987179499392 
112.800837245 134.201726857 1.26181638241 126.597948484 9.85681152344 8388608 0.62806946067 0.0 0.62806946067 -0.752290042864 1.01303517921 -1.01303517921 -0.752290042864 
205.658082475 129.233144973 1.81524980068 139.687986905 9.66892242432 17498112 0.30347799387 0.0 0.30347799387 -1.3841873349 1.17437526403 -1.17437526403 -1.3841873349 
168.102727782 176.723431375 1.83234262466 139.548741839 9.62554550171 18153472 0.297842474314 0.0 0.297842474314 -1.39433610781 1.18882560227 -1.18882560227 -1.39433610781 
60.8543237651 45.1109926652 1.46134591103 124.987113148 9.55832290649 8388608 0.468267420058 0.0 0.468267420058 -0.837924317385 1.19725298497 -1.19725298497 -0.837924317385 
115.843551278 175.074855124 1.34772980213 133.613069499 9.49989700317 8388608 0.550546918399 0.0 0.550546918399 -0.929643415564 0.975775967859 -0.975775967859 -0.929643415564 
44.2885211489 136.319057662 2.25748562813 127.247466921 9.19811248779 16515328 0.196223045402 0.0 0.196223045402 -1.36636303272 1.79702349012 -1.79702349012 -1.36636303272 
179.875593187 111.981449721 1.53269124031 135.525196503 8.92032623291 8388608 0.425687256665 0.0 0.425687256665 -1.09366503619 1.07379664124 -1.07379664124 -1.09366503619 
79.169745509 73.0126991078 1.41780531406 127.304902601 8.83668518066 8388608 0.497469890872 0.0 0.497469890872 -0.859270075223 1.12775300772 -1.12775300772 -0.859270075223 
68.2803989928 159.929934755 1.89714169502 134.255783384 8.77482223511 20709376 0.277843641308 0.0 0.277843641308 -1.32394453779 1.35879265227 -1.35879265227 -1.32394453779 
151.303780681 67.5923211829 1.54825675488 144.962617048 8.70719146729 8388608 0.41717092567 0.0 0.41717092567 -1.26767800693 0.888870884754 -0.888870884754 -1.26767800693 
156.483105702 83.2410931729 1.56856966019 136.319306728 8.2999420166 8388608 0.406436196993 0.0 0.406436196993 -1.13438943507 1.08331499965 -1.08331499965 -1.13438943507 
90.6682969708 40.3188560213 1.74643659592 125.229792521 7.95602416992 14680064 0.327864468367 0.0 0.327864468367 -1.00744441163 1.42656809898 -1.42656809898 -1.00744441163 
76.6103796094 67.0264270078 1.39679455757 125.595207353 7.8155632019 8388608 0.512548458391 0.0 0.512548458391 -0.813011192379 1.13580272809 -1.13580272809 -0.813011192379 
103.325713567 115.960173526 1.6605938673 124.620350395 7.61637115479 11075584 0.362637857817 0.0 0.362637857817 -0.943443276871 1.36656019825 -1.36656019825 -0.943443276871 
148.092523611 153.353181006 1.78298151493 140.640839791 7.47426986694 16187392 0.314562044383 0.0 0.314562044383 -1.37857599966 1.13073042577 -1.13073042577 -1.37857599966 
144.654052563 79.8132707485 1.44028413296 131.439997913 7.42463684082 8388608 0.482062831627 0.0 0.482062831627 -0.953230957744 1.07970788866 -1.07970788866 -0.953230957744 
83.4047006635 85.0704820871 3.03759098053 131.44000487 6.94429779053 21299712 0.108378069502 0.0 0.108378069502 -2.01038537575 2.27712749005 -2.27712749005 -2.01038537575 
43.1064850157 129.300660847 1.51273941994 125.867523989 6.58197402954 8388608 0.436990254462 0.0 0.436990254462 -0.886333873549 1.22588450403 -1.22588450403 -0.886333873549 
106.327636912 88.8768403093 2.12701272964 124.26295558 6.35029983521 12255488 0.221034376016 0.0 0.221034376016 -1.19749076726 1.75789618988 -1.75789618988 -1.19749076726 
218.79537323 143.95899859 1.51552355289 127.436208525 6.24320983887 8388608 0.435386160038 0.0 0.435386160038 -0.921253055072 1.20337211531 -1.20337211531 -0.921253055072 
210.798540072 120.84691653 2.12429022789 137.019047406 6.07663726807 12124416 0.221601296752 0.0 0.221601296752 -1.55408906213 1.44824589048 -1.44824589048 -1.55408906213 
68.2162096763 38.5777361712 1.31630218029 126.537580202 5.72315597534 8388608 0.577150131169 0.0 0.577150131169 -0.78366038073 1.05760476432 -1.05760476432 -0.78366038073 
149.088559819 126.470393126 1.32060933113 126.389050833 5.69567489624 8388608 0.573391534598 0.0 0.573391534598 -0.783471375869 1.06309999937 -1.06309999937 -0.783471375869 
93.9298115105 85.7782824805 1.34942317009 126.125929469 5.47380828857 8388608 0.549166041619 0.0 0.549166041619 -0.795568564375 1.08996034394 -1.08996034394 -0.795568564375 
81.1199392855 42.7052647669 1.63835179806 126.425611684 5.29277038574 10092544 0.372550950519 0.0 0.372550950519 -0.972818272099 1.3182644741 -1.3182644741 -0.972818272099 
96.0044002728 53.1940490328 1.49343502522 125.230456891 5.21574783325 8388608 0.448360489817 0.0 0.448360489817 -0.861512795617 1.21989502726 -1.21989502726 -0.861512795617 
85.1212802879 82.86210429 1.52472829819 127.297348817 5.12307357788 8388608 0.430145197741 0.0 0.430145197741 -0.923911538995 1.21292367914 -1.21292367914 -0.923911538995 
99.8859527951 107.678517599 1.36315333843 124.165175753 4.98392486572 8388608 0.538158961957 0.0 0.538158961957 -0.76552043743 1.12790313589 -1.12790313589 -0.76552043743 
153.400693401 133.593152898 2.03058457375 130.912057262 4.83737754822 8913152 0.242525738056 0.0 0.242525738056 -1.32982955348 1.53454458059 -1.53454458059 -1.32982955348 
94.535523934 53.7038777398 2.39491271973 124.982199079 4.79281997681 20840704 0.174349464898 0.0 0.174349464898 -1.3730559364 1.96222433239 -1.96222433239 -1.3730559364 
99.1994223436 174.895936783 1.40927815437 124.957982741 4.28855895996 8388608 0.503508214533 0.0 0.503508214533 -0.807481947607 1.15500555007 -1.15500555007 -0.807481947607 
217.327412649 114.921935026 1.43152487278 124.928305341 4.20840454102 8388608 0.487980203055 0.0 0.487980203055 -0.819620963351 1.17366304271 -1.17366304271 -0.819620963351 
91.7431236512 159.195382235 1.29270601273 124.956756051 4.19430160522 8388608 0.598412232105 0.0 0.598412232105 -0.740666275701 1.05948209205 -1.05948209205 -0.740666275701 
196.632256143 108.639491071 1.9425381422 127.297191317 3.86752700806 22413312 0.265009162695 0.0 0.265009162695 -1.1770798311 1.54529528089 -1.54529528089 -1.1770798311 
208.064892865 110.60412223 1.41363275051 124.94556812 3.85715484619 8388608 0.500410949152 0.0 0.500410949152 -0.809725970484 1.15874993249 -1.15874993249 -0.809725970484 
139.461029058 127.101913548 1.40022146702 123.192448783 3.84526062012 8388608 0.510042700818 0.0 0.510042700818 -0.766555356749 1.17175639181 -1.17175639181 -0.766555356749 
87.2805303795 63.7976051897 1.46001970768 124.734416256 3.71398162842 8388608 0.469118504281 0.0 0.469118504281 -0.831880193913 1.19984702766 -1.19984702766 -0.831880193913 
172.426747145 59.9877041183 1.27152097225 124.953614377 3.66734695435 8388608 0.618518856779 0.0 0.618518856779 -0.728470993746 1.04215910213 -1.04215910213 -0.728470993746 
98.9736978991 59.7334754622 1.6386051178 124.521576585 3.6647567749 10092544 0.372435770585 0.0 0.372435770585 -0.928624636246 1.35006778238 -1.35006778238 -0.928624636246 
107.47456395 182.84933872 1.52447676659 124.979985673 3.61087799072 8388608 0.430287153379 0.0 0.430287153379 -0.87396767963 1.24908362683 -1.24908362683 -0.87396767963 
203.874986942 84.6062225214 2.16043543816 124.934314559 3.60713195801 13369600 0.214248314988 0.0 0.214248314988 -1.23714518467 1.77114456623 -1.77114456623 -1.23714518467 
98.9764220457 181.121030599 1.28116858006 124.951272543 3.58425140381 8388608 0.609238642013 0.0 0.609238642013 -0.733955314733 1.05009643676 -1.05009643676 -0.733955314733 
167.068208477 56.7215205193 1.29967701435 124.950813183 3.5838394165 8388608 0.592010110203 0.0 0.592010110203 -0.744549878118 1.06527265084 -1.06527265084 -0.744549878118 
188.196066787 61.3637816644 2.20953464508 124.942484993 3.56956481934 15008000 0.204832265664 0.0 0.204832265664 -1.26551949939 1.81121609546 -1.81121609546 -1.26551949939 
171.282865321 52.2537003781 2.09183073044 124.950354626 3.56512451172 11010304 0.228531948447 0.0 0.228531948447 -1.19833963652 1.71456639427 -1.71456639427 -1.19833963652 
38.5899321101 148.303002035 1.28103590012 124.981140472 3.55961227417 8388608 0.609364849143 0.0 0.609364849143 -0.734426557344 1.04960497772 -1.04960497772 -0.734426557344 
38.9845013506 164.497189863 1.27115213871 124.951272543 3.55562973022 8388608 0.618877843859 0.0 0.618877843859 -0.728217100048 1.0418865653 -1.0418865653 -0.728217100048 
201.855026985 78.1252099694 1.69322097301 124.951124952 3.55012512207 12451840 0.348796984478 0.0 0.348796984478 -0.970008140512 1.38783337285 -1.38783337285 -0.970008140512 
185.045770669 55.1663486605 1.66520798206 124.951272543 3.54738998413 11272192 0.360630979988 0.0 0.360630979988 -0.953963645064 1.3648703189 -1.3648703189 -0.953963645064 
191.300612028 64.8355908292 1.29380524158 124.951104104 3.54709243774 8388608 0.597395830964 0.0 0.597395830964 -0.741191482509 1.06045612328 -1.06045612328 -0.741191482509 
118.980220291 50.6914979305 1.28146147728 124.951272543 3.54695510864 8388608 0.608960172598 0.0 0.608960172598 -0.734123109571 1.05033650691 -1.05033650691 -0.734123109571 
214.553061934 97.0443240954 1.22173917294 124.951272543 3.54497146606 8388608 0.669950941851 0.0 0.669950941851 -0.699909421096 1.00138574433 -1.00138574433 -0.699909421096 
98.4266956467 82.3114909977 1.31356322765 124.257847407 3.53003692627 8388608 0.579559508829 0.0 0.579559508829 -0.739428561922 1.08567663457 -1.08567663457 -0.739428561922 
150.220767359 89.3376146217 1.17683982849 124.975585485 3.52099227905 8388608 0.722046694075 0.0 0.722046694075 -0.67459675555 0.964298293748 -0.964298293748 -0.67459675555 
211.127201197 150.951273487 1.64626789093 122.705213281 3.50100708008 10420224 0.36897673585 0.0 0.36897673585 -0.889506341012 1.3852712507 -1.3852712507 -0.889506341012 
199.279399507 135.957394147 1.24591112137 123.897855044 3.48431777954 8388608 0.644207645909 0.0 0.644207645909 -0.694862119739 1.03414755084 -1.03414755084 -0.694862119739 
89.6994443111 74.5035474882 2.51083493233 125.3597801 2.6872253418 24248576 0.158622092837 0.0 0.158622092837 -1.45304235772 2.04767183994 -2.04767183994 -1.45304235772 
65.0021689782 122.677492873 1.36545109749 125.039203429 1.05884170532 8388608 0.536349275474 0.0 0.536349275474 -0.783955709398 1.11797591447 -1.11797591447 -0.783955709398 
