13
254
39.6664351808 79.5237008359 1.91265749931 57.1020507812 84.0061798096 21233664 0.273354095312 0.0 0.273354095312 1.03884920449 1.60594241491 -1.60594241491 1.03884920449 
233.53811392 40.2271064356 3.48467803001 23.2301330566 77.2838363647 14548993 0.0823521013691 0.0 0.0823521013691 3.20216831664 1.37444499519 -1.37444499519 3.20216831664 
33.6673286468 83.7202350631 1.4940404892 58.6573181152 53.4757919312 8388608 0.44799716483 0.0 0.44799716483 0.777133359356 1.2760175254 -1.2760175254 0.777133359356 
233.595757953 39.6467746345 1.49540567398 27.5868225098 52.5262031555 8388608 0.447179567635 0.0 0.447179567635 1.32539316668 0.69251071001 -0.69251071001 1.32539316668 
32.0944927755 76.1283795798 1.31397068501 220.175369263 39.2834854126 8388608 0.579200126126 0.0 0.579200126126 -1.00397009113 -0.847680964265 0.847680964265 -1.00397009113 
227.555725753 75.8298765148 6.86553430557 135.624069214 26.5306167603 13434882 0.0212154045141 0.0 0.0212154045141 -4.90725417391 4.80150161654 -4.80150161654 -4.90725417391 
227.552131389 78.2993252734 4.03312253952 357.120239258 21.751750946 8388865 0.0614776368177 0.0 0.0614776368177 4.0280293769 -0.202624671743 0.202624671743 4.0280293769 
29.6730879065 90.6175098092 1.38381326199 9.81991577148 20.2529830933 8388608 0.522209806567 0.0 0.522209806567 1.36353856394 0.236012136768 -0.236012136768 1.36353856394 
60.2414118602 149.570300607 1.32186412811 170.612045288 19.6814651489 8388608 0.572303452308 0.0 0.572303452308 -1.30415970894 0.215620562031 -0.215620562031 -1.30415970894 
211.096745839 73.3588803318 1.38256704807 80.8739624023 16.0692672729 8388608 0.523151646499 0.0 0.523151646499 0.219284497984 1.36506628094 -1.36506628094 0.219284497984 
56.6062989651 83.5356986495 1.50593578815 118.164382935 15.4688549042 8388608 0.440947709891 0.0 0.440947709891 -0.710805945486 1.32762852708 -1.32762852708 -0.710805945486 
55.9335454108 82.5766878768 2.98007798195 116.405563354 15.1652164459 19923456 0.112601646905 0.0 0.112601646905 -1.32530668633 2.66916222169 -2.66916222169 -1.32530668633 
234.609417687 20.007376152 1.38195574284 292.839355469 14.9952411652 8388608 0.523614578942 0.0 0.523614578942 0.536404334243 -1.27360593017 1.27360593017 0.536404334243 
232.272517838 93.6045979761 1.41367983818 0.0618896484375 14.6623477936 8388608 0.50037761375 0.0 0.50037761375 1.41367901345 0.00152702575857 -0.00152702575857 1.41367901345 
220.24121443 76.1863161329 1.89767765999 130.485717773 14.4430952072 20709376 0.27768671958 0.0 0.27768671958 -1.23208331368 1.443312582 -1.443312582 -1.23208331368 
219.149708577 38.1587164938 1.42778944969 175.646591187 13.4486446381 8388608 0.49053687829 0.0 0.49053687829 -1.42367000321 0.108380969733 -0.108380969733 -1.42367000321 
36.6008099046 155.406922028 1.5070438385 88.9244384766 13.0526428223 8388608 0.440299536782 0.0 0.440299536782 0.0282887008899 1.50677831169 -1.50677831169 0.0282887008899 
221.928417427 64.2355966119 1.31853556633 186.025238037 12.2428627014 8388608 0.575196589071 0.0 0.575196589071 -1.31125165345 -0.138402099023 0.138402099023 -1.31125165345 
229.992121805 106.958483853 1.35281908512 22.1815490723 11.4684724808 8388608 0.54641241325 0.0 0.54641241325 1.25269993796 0.510746847777 -0.510746847777 1.25269993796 
21.5483055411 155.912743588 1.54027724266 90.1553955078 10.6863746643 8388608 0.421504487183 0.0 0.421504487183 -0.00417747821725 1.54027157766 -1.54027157766 -0.00417747821725 
221.475830281 69.7172447847 1.30308496952 190.518981934 10.6456890106 8388608 0.588917594022 0.0 0.588917594022 -1.28118594832 -0.237892840597 0.237892840597 -1.28118594832 
76.5600325684 106.799751113 2.85781908035 121.553039551 10.5283355713 16908800 0.122442034439 0.0 0.122442034439 -1.4954614088 2.43530800328 -2.43530800328 -1.4954614088 
70.0001917538 101.958691545 2.38438105583 130.728897095 10.434677124 20513024 0.175893047983 0.0 0.175893047983 -1.55576258583 1.80689673085 -1.80689673085 -1.55576258583 
223.495404986 81.3422991575 1.40752482414 146.51109314 10.1857061386 8388608 0.504763419434 0.0 0.504763419434 -1.1738653833 0.776637748544 -0.776637748544 -1.1738653833 
214.457905976 68.6438435519 1.41108453274 218.303359985 9.5517911911 8388608 0.502219922916 0.0 0.502219922916 -1.10733450952 -0.874625544189 0.874625544189 -1.10733450952 
54.4593364064 89.753044641 1.48809075356 136.51675415 9.25852966309 8388608 0.451586721809 0.0 0.451586721809 -1.07972237896 1.02401839593 -1.02401839593 -1.07972237896 
217.558220905 128.518324973 1.28381228447 45.4161071777 8.88151550293 8388608 0.606732062919 0.0 0.606732062919 0.901175702413 0.914361162307 -0.914361162307 0.901175702413 
217.790290742 57.4584120735 1.29382348061 242.819473267 8.83296394348 8388608 0.597378988112 0.0 0.597378988112 -0.591012889151 -1.15094872337 1.15094872337 -0.591012889151 
87.3995148273 112.28549921 2.08095359802 114.414276123 8.76984405518 10682624 0.23092726262 0.0 0.23092726262 -0.860123313788 1.89487618651 -1.89487618651 -0.860123313788 
107.890014951 109.676775455 1.41919803619 108.848205566 8.68321990967 8388608 0.496493991312 0.0 0.496493991312 -0.458489013453 1.3430974985 -1.3430974985 -0.458489013453 
33.8451936494 148.480264653 1.50494432449 83.6944885254 8.66058158875 8388608 0.44152889769 0.0 0.44152889769 0.165287919347 1.495840006 -1.495840006 0.165287919347 
215.028486251 62.9395420277 1.33300709724 197.321380615 8.26868534088 8388608 0.562775362758 0.0 0.562775362758 -1.27255491078 -0.396877714613 0.396877714613 -1.27255491078 
205.9753365 67.6310154715 1.45090019703 217.931488037 8.26481533051 8388608 0.475034246964 0.0 0.475034246964 -1.14439226802 -0.891895576082 0.891895576082 -1.14439226802 
169.901324637 105.412465506 2.04008245468 67.1650390625 7.91460227966 9240832 0.240272771765 0.0 0.240272771765 0.791711159511 1.88019410216 -1.88019410216 0.791711159511 
171.805920061 114.686360552 1.58467268944 60.9887084961 7.78624725342 8388608 0.398217969386 0.0 0.398217969386 0.768537691548 1.38583453172 -1.38583453172 0.768537691548 
223.201366513 122.055110066 1.70964479446 39.8572998047 7.61448860168 13172736 0.342127688709 0.0 0.342127688709 1.31239683303 1.09567325234 -1.09567325234 1.31239683303 
154.896441303 125.41405114 3.49606013298 78.2445678711 7.30819320679 14745601 0.0818167477337 0.0 0.0818167477337 0.712268315199 3.422734331 -3.422734331 0.712268315199 
67.2876967116 148.129360043 1.96072852612 288.76184082 7.07371425629 23068672 0.260114801196 0.0 0.260114801196 0.630639218018 -1.85654262806 1.85654262806 0.630639218018 
122.448363888 123.69534909 2.50769090652 87.4906311035 6.87425613403 24117504 0.159020088126 0.0 0.159020088126 0.10979360213 2.50528622069 -2.50528622069 0.10979360213 
219.791747187 98.2231595843 2.95699429512 207.976882935 6.85077476501 19333632 0.114366551683 0.0 0.114366551683 -2.61143088796 -1.38717121465 1.38717121465 -2.61143088796 
101.702491629 120.146176867 3.08782672882 101.788452148 6.83751678467 22479360 0.104880356657 0.0 0.104880356657 -0.630839168379 3.02270009277 -3.02270009277 -0.630839168379 
99.3110193486 118.797785711 1.34976446629 103.279876709 6.75032806396 8388608 0.54888835675 0.0 0.54888835675 -0.310051595297 1.31367123844 -1.31367123844 -0.310051595297 
144.068873141 125.948107155 3.08571100235 89.1567382812 6.69942474365 22413824 0.10502422899 0.0 0.10502422899 0.0454129090754 3.08537680968 -3.08537680968 0.0454129090754 
196.029993099 84.5379632355 1.27342534065 57.3717651367 6.30148124695 8388608 0.616670288228 0.0 0.616670288228 0.686612953755 1.07246200397 -1.07246200397 0.686612953755 
222.696926 104.735091001 1.68267500401 200.144134521 6.24712085724 11993088 0.35318277396 0.0 0.35318277396 -1.57974452034 -0.579484615455 0.579484615455 -1.57974452034 
53.0923866927 142.325873013 1.78316187859 199.175735474 6.16131401062 16187392 0.314498412818 0.0 0.314498412818 -1.68422413892 -0.585709258169 0.585709258169 -1.68422413892 
77.5383578593 63.8753187502 6.78800773621 124.357467651 6.03471374512 12582914 0.0217027787396 0.0 0.0217027787396 -3.83084163748 5.60372210012 -5.60372210012 -3.83084163748 
191.589884162 127.00652578 1.48555505276 236.734130859 5.97979927063 8388608 0.45312966845 0.0 0.45312966845 -0.814863838148 -1.24212348019 1.24212348019 -0.814863838148 
175.129652197 120.815557022 1.58047223091 239.539611816 5.80888366699 8388608 0.400337488878 0.0 0.400337488878 -0.801208620872 -1.36233520784 1.36233520784 -0.801208620872 
190.857638677 154.054559861 1.71174132824 70.7915649414 5.77756977081 13238272 0.341290128756 0.0 0.341290128756 0.563172609127 1.61644516985 -1.61644516985 0.563172609127 
218.612204964 137.930276183 1.66002488136 258.731140137 5.75751495361 11010048 0.362886494095 0.0 0.362886494095 -0.324390696633 -1.62802127833 1.62802127833 -0.324390696633 
45.2351923389 125.101888739 1.34632730484 317.972625732 5.75637054443 8388608 0.551694548305 0.0 0.551694548305 1.00008564674 -0.901346720719 0.901346720719 1.00008564674 
107.872808687 121.807593373 1.35177350044 100.949737549 5.75261306763 8388608 0.547258030364 0.0 0.547258030364 -0.256766394763 1.32716337164 -1.32716337164 -0.256766394763 
184.927080216 106.946728114 1.5443956852 52.0160827637 5.71780776978 8388608 0.419259431197 0.0 0.419259431197 0.950483279999 1.21726725368 -1.21726725368 0.950483279999 
171.439897538 121.870314794 1.30994963646 239.035766602 5.61547088623 8388608 0.582761433096 0.0 0.582761433096 -0.673972876631 -1.12326693694 1.12326693694 -0.673972876631 
199.560733059 101.115948733 1.27589488029 212.837280273 5.524559021 8388608 0.614285424175 0.0 0.614285424175 -1.07202468458 -0.69186040587 0.69186040587 -1.07202468458 
180.290700331 118.201817763 1.49845850468 236.511917114 5.42143249512 8388608 0.44535933321 0.0 0.44535933321 -0.826794755687 -1.24971529646 1.24971529646 -0.826794755687 
133.05243826 123.825446441 2.44266009331 94.7034301758 5.35750579834 22216960 0.167599965751 0.0 0.167599965751 -0.200293669875 2.43443438549 -2.43443438549 -0.200293669875 
148.137455088 144.88524024 1.41220533848 255.002426147 5.34195899963 8388608 0.501423059194 0.0 0.501423059194 -0.365447875668 -1.3641010843 1.3641010843 -0.365447875668 
188.043926346 92.4260657086 1.86315059662 44.2474365234 5.32829093933 19398656 0.288074011412 0.0 0.288074011412 1.33463655932 1.30002899975 -1.30002899975 1.33463655932 
155.608691199 128.456524936 1.81795108318 255.994232178 5.3106880188 17563648 0.302576791688 0.0 0.302576791688 -0.439979742357 -1.76390588387 1.76390588387 -0.439979742357 
40.8836772702 118.773441499 1.59625601768 322.911499023 5.31025314331 8388608 0.392459553102 0.0 0.392459553102 1.27334136522 -0.962618845453 0.962618845453 1.27334136522 
147.921358539 129.196743317 1.42604601383 258.572875977 5.08833312988 8388608 0.491737039235 0.0 0.491737039235 -0.282530207103 -1.39777820688 1.39777820688 -0.282530207103 
33.6044657845 104.182815955 1.31520473957 338.57925415 4.9174079895 8388608 0.578113710897 0.0 0.578113710897 1.22435518221 -0.480331026262 0.480331026262 1.22435518221 
198.183915408 118.197357804 1.25666296482 228.57019043 4.77230834961 8388608 0.633231291575 0.0 0.633231291575 -0.831536447354 -0.942204300497 0.942204300497 -0.831536447354 
144.350428957 138.757411934 1.27082586288 261.989807129 4.6976146698 8388608 0.619195669939 0.0 0.619195669939 -0.177088651989 -1.25842678894 1.25842678894 -0.177088651989 
208.29986791 127.4293498 1.43247759342 220.920547485 4.59876918793 8388608 0.487331321407 0.0 0.487331321407 -1.08240673743 -0.938289779558 0.938289779558 -1.08240673743 
24.6215024958 64.4362182186 1.98363673687 90.5112915039 4.44906806946 23920640 0.254141573431 0.0 0.254141573431 -0.0177011842453 1.98355775614 -1.98355775614 -0.0177011842453 
147.713981861 138.597010731 1.15301954746 257.496063232 4.4269657135 8388608 0.752188448949 0.0 0.752188448949 -0.249636450676 -1.12567123057 1.12567123057 -0.249636450676 
95.5413409123 126.040638572 1.66589164734 288.307739258 4.36440658569 11272192 0.360335042029 0.0 0.360335042029 0.523291045809 -1.58156930359 1.58156930359 0.523291045809 
216.184911551 118.678906078 1.33427834511 223.991165161 4.32371139526 8388608 0.561703493212 0.0 0.561703493212 -0.959942427187 -0.926719611701 0.926719611701 -0.959942427187 
83.452665051 136.558174151 1.56199061871 273.331359863 4.32159423828 8388608 0.409867193152 0.0 0.409867193152 0.0907679677504 -1.55935110509 1.55935110509 0.0907679677504 
175.150464754 135.661338016 1.70472300053 239.552398682 4.32153892517 12910592 0.344106089651 0.0 0.344106089651 -0.863868662693 -1.46962969558 1.46962969558 -0.863868662693 
181.958224848 127.095329594 1.45128083229 233.608383179 4.18834686279 8388608 0.474785100046 0.0 0.474785100046 -0.861046533022 -1.16825293586 1.16825293586 -0.861046533022 
167.109406229 136.229144704 2.18334889412 247.419586182 4.18162155151 14156032 0.20977499479 0.0 0.20977499479 -0.838361668494 -2.01597671273 2.01597671273 -0.838361668494 
25.9462903342 123.15072424 2.36695051193 94.0423278809 4.1540184021 19988736 0.178493187169 0.0 0.178493187169 -0.166854426956 2.36106211823 -2.36106211823 -0.166854426956 
21.5837038217 112.588944862 2.22872710228 97.3705444336 4.08762550354 15597824 0.201319670717 0.0 0.201319670717 -0.285913960825 2.21031167563 -2.21031167563 -0.285913960825 
150.887832046 137.709783931 1.72098910809 254.025360107 4.07221031189 13631488 0.337632120623 0.0 0.337632120623 -0.473636609525 -1.65453071058 1.65453071058 -0.473636609525 
173.908439709 128.220474831 1.24891328812 240.006408691 3.97793006897 8388608 0.641114245795 0.0 0.641114245795 -0.624335661248 -1.08166047507 1.08166047507 -0.624335661248 
84.1430806041 119.964619221 1.44692158699 118.937744141 3.9022026062 8388608 0.477650248385 0.0 0.477650248385 -0.700106030637 1.26626759603 -1.26626759603 -0.700106030637 
35.8942303019 126.843214544 1.54624891281 99.4744567871 3.89331436157 8388608 0.418255042408 0.0 0.418255042408 -0.25452477152 1.52515666115 -1.52515666115 -0.25452477152 
220.515466961 21.2174007291 1.51011407375 178.353149414 3.819480896 8388608 0.438510997788 0.0 0.438510997788 -1.50949032026 0.043399179648 -0.043399179648 -1.50949032026 
84.0958455442 129.414799046 1.25640070438 289.106262207 3.78077697754 8388608 0.633495679914 0.0 0.633495679914 0.411246556444 -1.18718953827 1.18718953827 0.411246556444 
259.09985784 132.003637147 1.77700138092 254.809326172 3.76594257355 15925248 0.316682795068 0.0 0.316682795068 -0.465631398413 -1.71491145795 1.71491145795 -0.465631398413 
280.212189735 126.583292952 2.04914402962 255.122680664 3.70588207245 9568512 0.238152436974 0.0 0.238152436974 -0.526118202668 -1.98045219355 1.98045219355 -0.526118202668 
211.436501457 151.37151639 1.39114570618 267.524780273 3.66364383698 8388608 0.516719392281 0.0 0.516719392281 -0.0600798235896 -1.38984775807 1.38984775807 -0.0600798235896 
11.5747176781 143.210862238 1.28352749348 89.7634277344 3.5697555542 8388608 0.607001338018 0.0 0.607001338018 0.0052996249798 1.28351655248 -1.28351655248 0.0052996249798 
133.304678039 132.49338658 1.25834393501 265.528656006 3.48294448853 8388608 0.631540606026 0.0 0.631540606026 -0.0981011047952 -1.25451410196 1.25451410196 -0.0981011047952 
275.398727186 146.370796943 1.33135199547 79.6030578613 3.34665060043 8388608 0.564175487568 0.0 0.564175487568 0.240264637298 1.30949266508 -1.30949266508 0.240264637298 
172.213917036 146.192069031 1.3255982399 238.373947144 3.23649406433 8388608 0.569083720939 0.0 0.569083720939 -0.695108110034 -1.12873177017 1.12873177017 -0.695108110034 
131.649800254 39.3320066535 1.7032892704 103.986846924 3.14094734192 12910592 0.34468563056 0.0 0.34468563056 -0.411683558278 1.65278885116 -1.65278885116 -0.411683558278 
210.105584939 48.1960396427 1.68107140064 178.952713013 3.09586524963 11927552 0.353856909772 0.0 0.353856909772 -1.68079057923 0.0307259310015 -0.0307259310015 -1.68079057923 
157.06529701 71.0820778279 2.07369089127 108.055892944 3.03853797913 10420480 0.232547652581 0.0 0.232547652581 -0.642729331046 1.97157118044 -1.97157118044 -0.642729331046 
220.269393393 15.544081693 1.86589515209 181.310501099 3.02927017212 19464192 0.287227175372 0.0 0.287227175372 -1.86540709815 -0.0426740759163 0.0426740759163 -1.86540709815 
157.281697575 87.3286862475 4.04971885681 137.568359375 2.98775482178 8651009 0.0609747813199 0.0 0.0609747813199 -2.98902805966 2.73238615093 -2.73238615093 -2.98902805966 
76.065238638 135.668540109 1.36193180084 255.475891113 2.96878051758 8388608 0.539124760991 0.0 0.539124760991 -0.341555278805 -1.31840745662 1.31840745662 -0.341555278805 
131.064845278 103.849965501 2.01380395889 100.527099609 2.93797683716 24969216 0.246584412289 0.0 0.246584412289 -0.367923115954 1.9799088276 -1.9799088276 -0.367923115954 
127.170670814 68.6781148911 4.16529941559 123.672012329 2.93749427795 10682625 0.0576378203724 0.0 0.0576378203724 -2.30940015579 3.4664665211 -3.4664665211 -2.30940015579 
146.941273443 91.0162955188 4.43520975113 130.820556641 2.92961120605 15270145 0.0508360353649 0.0 0.0508360353649 -2.89926183082 3.35639186819 -3.35639186819 -2.89926183082 
186.859159658 82.8894491804 1.23242712021 54.8734741211 2.9204864502 8388608 0.658381329752 0.0 0.658381329752 0.709118802027 1.00798171176 -1.00798171176 0.709118802027 
223.870605206 150.267931734 1.32547187805 261.717285156 2.91581583023 8388608 0.569192231574 0.0 0.569192231574 -0.190944392309 -1.31164627036 1.31164627036 -0.190944392309 
157.168626392 63.0216038278 2.07626819611 166.01713562 2.86420631409 10486016 0.231970680683 0.0 0.231970680683 -2.01474428997 0.501692204621 -0.501692204621 -2.01474428997 
58.2721590894 66.373927669 2.02900195122 91.421875 2.82695198059 8847616 0.242904226001 0.0 0.242904226001 -0.0503473564954 2.02837719908 -2.02837719908 -0.0503473564954 
141.757697831 47.2076551154 2.16470098495 128.421188354 2.80738449097 13500672 0.213404793584 0.0 0.213404793584 -1.34522648257 1.69596464139 -1.69596464139 -1.34522648257 
145.023896969 56.1322191452 2.44000864029 145.373504639 2.77222442627 22151424 0.167964411085 0.0 0.167964411085 -2.0078189179 1.38647227077 -1.38647227077 -2.0078189179 
148.159568554 103.168240432 1.65110778809 95.257598877 2.7651309967 10616832 0.366816741096 0.0 0.366816741096 -0.151297094104 1.64416121995 -1.64416121995 -0.151297094104 
179.802180305 86.561116884 1.74252307415 97.8827209473 2.7573223114 14548992 0.329338819681 0.0 0.329338819681 -0.238979765546 1.72605774399 -1.72605774399 -0.238979765546 
262.590671173 139.446557472 1.31164896488 259.182128906 2.75561332703 8388608 0.581252398908 0.0 0.581252398908 -0.246180364466 -1.28833933233 1.28833933233 -0.246180364466 
20.8920239726 136.637503012 1.54265284538 89.9363098145 2.75473976135 8388608 0.420207298104 0.0 0.420207298104 0.00171481785495 1.54265189228 -1.54265189228 0.00171481785495 
117.560271738 66.6769979978 2.41742372513 111.253677368 2.74997711182 21496064 0.171117505223 0.0 0.171117505223 -0.876310917006 2.2530016963 -2.2530016963 -0.876310917006 
139.842018391 91.2903715291 1.70577824116 102.953735352 2.74471092224 12976128 0.343680474642 0.0 0.343680474642 -0.382374425155 1.6623685533 -1.6623685533 -0.382374425155 
127.367844717 66.5870160333 1.29682064056 118.48777771 2.72033882141 8388608 0.594620902175 0.0 0.594620902175 -0.618546201947 1.1398001447 -1.1398001447 -0.618546201947 
140.293674834 43.7607817839 5.48538827896 141.683349609 2.7184009552 13894145 0.0332342017239 0.0 0.0332342017239 -4.30381494756 3.40097948658 -3.40097948658 -4.30381494756 
83.7377156932 51.0448767777 1.75211048126 96.0934448242 2.70042037964 14942208 0.325744449842 0.0 0.325744449842 -0.185987069046 1.7422112239 -1.7422112239 -0.185987069046 
99.7176317287 67.0478389775 1.75081372261 96.1118774414 2.69981575012 14876672 0.326227160663 0.0 0.326227160663 -0.186409479793 1.74086191214 -1.74086191214 -0.186409479793 
171.148813004 79.1679883916 2.08470535278 125.389038086 2.67288780212 10813696 0.23009683077 0.0 0.23009683077 -1.20730542579 1.69953229354 -1.69953229354 -1.20730542579 
12.0413046546 107.463071672 1.48929333687 94.4707641602 2.65810585022 8388608 0.450857716473 0.0 0.450857716473 -0.116091006616 1.48476177262 -1.48476177262 -0.116091006616 
157.685922703 96.0805983807 2.15299105644 128.196395874 2.65316963196 13107456 0.215732486184 0.0 0.215732486184 -1.33132131205 1.69202661125 -1.69202661125 -1.33132131205 
84.1497459659 35.5802478286 1.54123473167 93.8088989258 2.65124893188 8388608 0.420980932213 0.0 0.420980932213 -0.102382487315 1.5378303952 -1.5378303952 -0.102382487315 
119.501747822 106.586093976 1.22992157936 98.5140686035 2.61831665039 8388608 0.66106651162 0.0 0.66106651162 -0.182092660888 1.21636727769 -1.21636727769 -0.182092660888 
154.57871512 47.1063975779 2.34895634651 139.840087891 2.61602401733 19398912 0.181238353604 0.0 0.181238353604 -1.79518388915 1.51489627432 -1.51489627432 -1.79518388915 
184.527747967 62.1985559067 2.31534147263 182.173446655 2.61289787292 18350336 0.186539109015 0.0 0.186539109015 -2.31367581521 -0.0878086383532 0.0878086383532 -2.31367581521 
131.376937614 87.5999938486 1.58101987839 109.536376953 2.61135482788 8388608 0.400060192119 0.0 0.400060192119 -0.528701383639 1.4899995647 -1.4899995647 -0.528701383639 
249.693454125 142.821829471 1.89390492439 261.792755127 2.60785865784 20578304 0.27879414797 0.0 0.27879414797 -0.270362667759 -1.87450790623 1.87450790623 -0.270362667759 
108.686744 87.2530028769 2.06235837936 117.786636353 2.60500526428 10027264 0.235110339643 0.0 0.235110339643 -0.961430865118 1.82454727988 -1.82454727988 -0.961430865118 
147.391566208 91.9411534756 1.8702890873 109.392242432 2.57577133179 19660800 0.2858791751 0.0 0.2858791751 -0.620998484109 1.76418314038 -1.76418314038 -0.620998484109 
176.988022269 46.5344878201 2.96371221542 169.970825195 2.57249641418 19530240 0.11384866428 0.0 0.11384866428 -2.9184243346 0.516129343351 -0.516129343351 -2.9184243346 
147.617859501 71.1684834991 1.71691036224 135.512161255 2.56907653809 13434880 0.339238204898 0.0 0.339238204898 -1.22484248549 1.20313842833 -1.20313842833 -1.22484248549 
21.3565921479 26.78023002 1.90707576275 88.9175109863 2.5603351593 21037056 0.274956573266 0.0 0.274956573266 0.0360282339962 1.90673541196 -1.90673541196 0.0360282339962 
139.579899502 71.2409479573 1.71703350544 109.625274658 2.55127716064 13434880 0.339189547282 0.0 0.339189547282 -0.576695069462 1.61728997266 -1.61728997266 -0.576695069462 
108.013850856 63.3569893066 1.4891898632 104.320999146 2.55044174194 8388608 0.450920372715 0.0 0.450920372715 -0.368357284595 1.44291349691 -1.44291349691 -0.368357284595 
127.04444927 30.8905690977 1.6261844635 118.816772461 2.54679679871 9502720 0.37814676113 0.0 0.37814676113 -0.783837464015 1.424806913 -1.424806913 -0.783837464015 
131.740238683 95.2957341309 1.82557284832 108.487304688 2.53950691223 17891328 0.300055550077 0.0 0.300055550077 -0.578879153003 1.73136222401 -1.73136222401 -0.578879153003 
123.69680368 38.9939135397 1.7321035862 137.401397705 2.5363483429 14090240 0.333313019758 0.0 0.333313019758 -1.27502500466 1.17238819118 -1.17238819118 -1.27502500466 
141.298338288 39.1675425945 2.21868848801 103.428314209 2.53357315063 15270144 0.203145562494 0.0 0.203145562494 -0.515242916606 2.15803228514 -2.15803228514 -0.515242916606 
131.930324445 47.1848132674 1.80901312828 125.016769409 2.52510261536 17235968 0.305574115098 0.0 0.305574115098 -1.03804097091 1.48155305035 -1.48155305035 -1.03804097091 
175.910551489 71.3688700292 1.76020872593 103.325561523 2.5212020874 15269888 0.322754020413 0.0 0.322754020413 -0.405699738949 1.71281711827 -1.71281711827 -0.405699738949 
139.79585504 106.601963606 1.52950537205 89.777557373 2.5143699646 8388608 0.427462465788 0.0 0.427462465788 0.00593806980373 1.52949384518 -1.52949384518 0.00593806980373 
99.6370731454 23.3537826804 1.69396960735 110.025268555 2.50919723511 12451840 0.348488757343 0.0 0.348488757343 -0.580073691069 1.59155507086 -1.59155507086 -0.580073691069 
28.1034613362 35.2848617926 1.72854709625 89.8528747559 2.50753593445 13959168 0.33468601551 0.0 0.33468601551 0.0044385927939 1.7285413975 -1.7285413975 0.0044385927939 
164.820837477 94.7607331783 2.12796258926 160.641708374 2.48713111877 12255488 0.220837093628 0.0 0.220837093628 -2.00765653084 0.70536517881 -0.70536517881 -2.00765653084 
29.2793632939 130.595289834 1.30212557316 90.6087646484 2.4761505127 8388608 0.589785733862 0.0 0.589785733862 -0.0138347555304 1.30205207569 -1.30205207569 -0.0138347555304 
12.9798683979 114.509707396 1.56521964073 90.7141723633 2.472448349 8388608 0.408177839132 0.0 0.408177839132 -0.0195094241434 1.56509805 -1.56509805 -0.0195094241434 
92.1261150397 55.3760570268 1.56611955166 106.719390869 2.47159385681 8388608 0.407708886219 0.0 0.407708886219 -0.450548576337 1.49991214091 -1.49991214091 -0.450548576337 
165.589563262 47.1344876204 2.29261398315 142.425109863 2.44921875 17629440 0.19025589677 0.0 0.19025589677 -1.8170271764 1.39803115702 -1.39803115702 -1.8170271764 
257.733515313 32.7304909153 3.95797681808 180.737289429 2.44205665588 23724033 0.063834212877 0.0 0.063834212877 -3.95764912445 -0.0509303469888 0.0509303469888 -3.95764912445 
99.774038617 55.3966944378 1.79980921745 103.208618164 2.44000244141 16842752 0.308707411825 0.0 0.308707411825 -0.41125156241 1.75219444459 -1.75219444459 -0.41125156241 
167.326644284 70.8803285262 1.75763976574 146.032897949 2.43543624878 15138816 0.323698182216 0.0 0.323698182216 -1.45771350053 0.982022859443 -0.982022859443 -1.45771350053 
101.023768613 31.644181749 2.09545898438 120.158615112 2.43054008484 11141376 0.227741234719 0.0 0.227741234719 -1.05274926387 1.81181327477 -1.81181327477 -1.05274926387 
154.690594166 55.1038882225 1.92536687851 167.667221069 2.42504310608 21757952 0.26975717631 0.0 0.26975717631 -1.88093622638 0.411237801204 -0.411237801204 -1.88093622638 
255.348096588 43.3593042658 3.84512495995 177.996536255 2.41784477234 21626881 0.0676361819259 0.0 0.0676361819259 -3.84277449422 0.13442523626 -0.13442523626 -3.84277449422 
165.402340049 55.2007630607 2.08362817764 170.226226807 2.41576766968 10748160 0.230334798998 0.0 0.230334798998 -2.05338578911 0.353713420367 -0.353713420367 -2.05338578911 
175.201815484 62.8928412871 1.36923885345 134.792922974 2.41417503357 8388608 0.533385949991 0.0 0.533385949991 -0.96469252436 0.971690985476 -0.971690985476 -0.96469252436 
22.9089959875 38.6355743851 2.71082448959 83.0346984863 2.41139602661 13042176 0.136080908235 0.0 0.136080908235 0.32873689402 2.69081799234 -2.69081799234 0.32873689402 
108.114097345 71.2744821403 1.74882364273 103.320770264 2.40490150452 14811136 0.326970045747 0.0 0.326970045747 -0.402933354453 1.70177226598 -1.70177226598 -0.402933354453 
115.712113638 31.1520717246 1.78669345379 104.80116272 2.40392494202 16318464 0.313256367503 0.0 0.313256367503 -0.456438318378 1.72740775711 -1.72740775711 -0.456438318378 
115.621593874 47.576935658 1.71687030792 103.472961426 2.39276313782 13434880 0.339254033834 0.0 0.339254033834 -0.400007543397 1.66962199897 -1.66962199897 -0.400007543397 
68.3145218048 47.1674335713 1.88360095024 97.8229370117 2.38310050964 20185088 0.281852699211 0.0 0.281852699211 -0.256381039198 1.8660710872 -1.8660710872 -0.256381039198 
84.8059411838 62.1436513608 2.2704782486 107.445968628 2.38263130188 16974080 0.193983731243 0.0 0.193983731243 -0.680703652689 2.16603647582 -2.16603647582 -0.680703652689 
92.044714044 47.4763303667 1.58422994614 99.2068786621 2.38152122498 8388608 0.398440579715 0.0 0.398440579715 -0.253476312123 1.56382041214 -1.56382041214 -0.253476312123 
46.7425734817 21.9180185396 2.60568904877 87.152923584 2.37167739868 10224128 0.147283747062 0.0 0.147283747062 0.12942564534 2.60247275129 -2.60247275129 0.12942564534 
107.72772686 23.634066052 1.77466118336 104.267211914 2.36954307556 15859712 0.31751854777 0.0 0.31751854777 -0.437355387402 1.71992516722 -1.71992516722 -0.437355387402 
87.7103717905 23.0043813559 3.04541373253 99.0241088867 2.36530685425 21496320 0.10782200327 0.0 0.10782200327 -0.477673296638 3.00771890707 -3.00771890707 -0.477673296638 
107.12247108 30.7748264048 1.5955119133 127.127410889 2.36050033569 8388608 0.39282570389 0.0 0.39282570389 -0.963034223687 1.27209408044 -1.27209408044 -0.963034223687 
257.33685637 119.354897383 1.37974631786 121.383880615 2.35520648956 8388608 0.5252928779 0.0 0.5252928779 -0.718529767477 1.1778857648 -1.1778857648 -0.718529767477 
107.792628149 47.1952619389 1.72065663338 105.481430054 2.35488891602 13631488 0.337762611488 0.0 0.337762611488 -0.459288066435 1.65822607687 -1.65822607687 -0.459288066435 
163.879908939 79.5958064291 1.59115517139 121.120574951 2.33655166626 8388608 0.394979841064 0.0 0.394979841064 -0.822373882454 1.3621585726 -1.3621585726 -0.822373882454 
71.405654762 40.3939786785 3.1052467823 97.5100402832 2.33285903931 22872576 0.103706925451 0.0 0.103706925451 -0.405855527908 3.07860989238 -3.07860989238 -0.405855527908 
261.276922952 103.259077837 2.44934248924 146.833770752 2.32986927032 22413568 0.166686707143 0.0 0.166686707143 -2.05031253041 1.3399616253 -1.3399616253 -2.05031253041 
175.620595487 56.1595342573 1.72523248196 177.830718994 2.32151412964 13828096 0.335973286346 0.0 0.335973286346 -1.72399610155 0.065303588223 -0.065303588223 -1.72399610155 
101.310641755 77.9501234457 2.25625443459 107.340576172 2.30652427673 16515328 0.196437253922 0.0 0.196437253922 -0.67247877631 2.1537075867 -2.1537075867 -0.67247877631 
68.2127797046 39.0352893332 1.86911082268 92.921295166 2.30406570435 19595264 0.286239718181 0.0 0.286239718181 -0.0952576094896 1.86668188379 -1.86668188379 -0.0952576094896 
59.2843861082 39.3542835732 1.86795794964 92.7231140137 2.29650878906 19529728 0.286593152142 0.0 0.286593152142 -0.0887455888074 1.86584863322 -1.86584863322 -0.0887455888074 
83.8313801366 79.2484479218 1.77369976044 98.1763305664 2.29181671143 15794176 0.317862858967 0.0 0.317862858967 -0.252255642958 1.75567022267 -1.75567022267 -0.252255642958 
108.762396972 139.700933565 1.68473911285 284.485473633 2.29032707214 12058624 0.352317879092 0.0 0.352317879092 0.421411440818 -1.63118309087 1.63118309087 0.421411440818 
76.6955067706 54.7678731756 1.9409416914 92.6320800781 2.2883014679 22347776 0.265445289226 0.0 0.265445289226 -0.0891325213785 1.93889402574 -1.93889402574 -0.0891325213785 
275.406381711 118.362193866 1.73181986809 172.592254639 2.28539657593 14090240 0.333422239762 0.0 0.333422239762 -1.71736565347 0.223282932136 -0.223282932136 -1.71736565347 
245.237175444 111.716615474 2.2137658596 118.336929321 2.28163909912 15139072 0.204050014015 0.0 0.204050014015 -1.05077638861 1.94849384456 -1.94849384456 -1.05077638861 
155.814918978 87.5423895863 1.72268438339 100.647094727 2.27848625183 13697024 0.336967927267 0.0 0.336967927267 -0.318281822971 1.69302633351 -1.69302633351 -0.318281822971 
250.298422749 48.7144257474 2.46557688713 177.799530029 2.27394199371 22937856 0.164498862646 0.0 0.164498862646 -2.46375877443 0.0946683039074 -0.0946683039074 -2.46375877443 
84.0062048673 43.2045287454 1.52892458439 183.489395142 2.26482963562 8388608 0.427787285052 0.0 0.427787285052 -1.52609008172 -0.0930561509825 0.0930561509825 -1.52609008172 
91.4325724783 23.3398601803 1.77075648308 92.9701538086 2.24600219727 15663104 0.318920413846 0.0 0.318920413846 -0.0917530730272 1.76837775827 -1.76837775827 -0.0917530730272 
251.131729899 111.052753098 1.69667220116 117.744445801 2.24425983429 12582912 0.347379440587 0.0 0.347379440587 -0.789849652086 1.50161049719 -1.50161049719 -0.789849652086 
123.9612611 55.3046705345 1.74533927441 98.0780639648 2.2370223999 14614528 0.328276864784 0.0 0.328276864784 -0.245258888554 1.72802119789 -1.72802119789 -0.245258888554 
273.139864939 22.6499157008 2.79496383667 180.155456543 2.23075389862 15270400 0.128011095415 0.0 0.128011095415 -2.79495354896 -0.00758336628573 0.00758336628573 -2.79495354896 
35.0136540291 55.5422289422 2.00986456871 91.4552612305 2.22961997986 24838144 0.24755198414 0.0 0.24755198414 -0.0510432625272 2.0092163074 -2.0092163074 -0.0510432625272 
243.53843764 102.863624218 2.03035998344 124.517791748 2.22466468811 8847616 0.242579395478 0.0 0.242579395478 -1.15052809472 1.67291564809 -1.67291564809 -1.15052809472 
63.8408269687 23.1818386295 3.01441836357 93.7984619141 2.2179775238 20775424 0.110050734735 0.0 0.110050734735 -0.199696519179 3.00779643109 -3.00779643109 -0.199696519179 
11.89716961 23.6034836334 1.33168268204 99.0155944824 2.21411895752 8388608 0.563895327595 0.0 0.563895327595 -0.208679048695 1.3152307099 -1.3152307099 -0.208679048695 
63.4165328061 134.515462583 1.46693277359 297.238586426 2.21169471741 8388608 0.46470738796 0.0 0.46470738796 0.671410450756 -1.30426215496 1.30426215496 0.671410450756 
75.7818848998 31.4365417184 1.46289527416 98.3026428223 2.20277786255 8388608 0.467276054385 0.0 0.467276054385 -0.211244774677 1.44756285816 -1.44756285816 -0.211244774677 
139.963787151 99.2357568955 1.5417484045 176.834335327 2.19276618958 8388608 0.420700457861 0.0 0.420700457861 -1.53939575309 0.0851402263637 -0.0851402263637 -1.53939575309 
54.9404603522 120.528200183 1.98299860954 295.777893066 2.19054031372 23855104 0.254305164849 0.0 0.254305164849 0.862373750776 -1.78566374198 1.78566374198 0.862373750776 
266.428406941 87.4919329265 2.88721466064 148.012374878 2.18948459625 17629696 0.119961490011 0.0 0.119961490011 -2.44882729004 1.52946180082 -1.52946180082 -2.44882729004 
139.608658838 78.8951859817 1.71723437309 179.520889282 2.18845367432 13500416 0.339110200834 0.0 0.339110200834 -1.71717433546 0.0143594486683 -0.0143594486683 -1.71717433546 
131.566711421 78.9108244971 1.70894002914 179.384140015 2.18562316895 13107200 0.342409933193 0.0 0.342409933193 -1.70884130773 0.018368674342 -0.018368674342 -1.70884130773 
59.1747612408 31.4295401117 1.90740036964 91.328704834 2.17296981812 21037056 0.274862995424 0.0 0.274862995424 -0.0442291728927 1.90688750334 -1.90688750334 -0.0442291728927 
249.606698473 30.3829267366 2.19342255592 183.576278687 2.16756916046 14483712 0.207852565636 0.0 0.207852565636 -2.18915117062 -0.136819812113 0.136819812113 -2.18915117062 
147.682243351 78.9825249041 1.74152565002 179.528274536 2.16736030579 14483456 0.329716172208 0.0 0.329716172208 -1.74146662573 0.014338101706 -0.014338101706 -1.74146662573 
37.1215487237 30.869861826 1.90179216862 90.3267822266 2.16023445129 20840448 0.276486474379 0.0 0.276486474379 -0.0108466716971 1.90176123694 -1.90176123694 -0.0108466716971 
107.38642936 80.2917486919 1.73393046856 176.888641357 2.14785766602 14155776 0.332611027487 0.0 0.332611027487 -1.73137453335 0.0941121409613 -0.0941121409613 -1.73137453335 
274.363381848 103.582009588 2.87389445305 147.412322998 2.14491462708 17302016 0.121076085593 0.0 0.121076085593 -2.4214522334 1.54784960789 -1.54784960789 -2.4214522334 
245.986268962 88.131338489 2.22255396843 120.049362183 2.14045810699 15401216 0.20243955279 0.0 0.20243955279 -1.1129348394 1.92383008237 -1.92383008237 -1.1129348394 
28.7357049946 23.7226259822 1.3488458395 94.6196899414 2.13317871094 8388608 0.549636248364 0.0 0.549636248364 -0.108638022591 1.34446378857 -1.34446378857 -0.108638022591 
52.0801569305 15.1839479055 1.68415176868 95.5980529785 2.11798286438 12058624 0.35256366209 0.0 0.35256366209 -0.16428745553 1.6761195697 -1.6761195697 -0.16428745553 
36.6568204275 39.4690302384 1.6646488905 90.8846435547 2.10289001465 11206656 0.360873264834 0.0 0.360873264834 -0.0257010623622 1.66445047509 -1.66445047509 -0.0257010623622 
83.7229252616 13.7440719185 1.57422876358 176.590179443 2.10013771057 8388608 0.403519301646 0.0 0.403519301646 -1.57144182468 0.0936311472962 -0.0936311472962 -1.57144182468 
115.736159381 53.5139895469 1.49709630013 176.597595215 2.09646606445 8388608 0.446170164837 0.0 0.446170164837 -1.49445742517 0.0888500770311 -0.0888500770311 -1.49445742517 
147.899246009 31.4108386805 1.76771140099 98.0599365234 2.08894348145 15597568 0.320020112913 0.0 0.320020112913 -0.247848930844 1.75024984064 -1.75024984064 -0.247848930844 
251.524079702 103.489728344 1.71578097343 110.091491699 2.0743265152 13434880 0.339684949481 0.0 0.339684949481 -0.589405487163 1.61136759323 -1.61136759323 -0.589405487163 
188.973437051 41.5605792402 2.23603343964 178.262145996 2.06893920898 15859968 0.200006178464 0.0 0.200006178464 -2.23500495854 0.0678113448731 -0.0678113448731 -2.23500495854 
274.442240384 38.5538020807 3.01562595367 177.839355469 2.06297206879 20775424 0.109962614012 0.0 0.109962614012 -3.01348199016 0.113693392304 -0.113693392304 -3.01348199016 
253.83631577 87.0614414241 2.5741519928 147.281677246 2.05973434448 9306624 0.150914728532 0.0 0.150914728532 -2.16573182285 1.39135335322 -1.39135335322 -2.16573182285 
74.6857426689 46.9805752085 1.80793166161 175.546295166 2.04468536377 17170432 0.305939800449 0.0 0.305939800449 -1.80247243747 0.140392326023 -0.140392326023 -1.80247243747 
249.615585451 61.6001287162 2.86094045639 177.857025146 2.04311180115 16974336 0.122175003965 0.0 0.122175003965 -2.85893959465 0.106979853934 -0.106979853934 -2.85893959465 
255.435190863 93.4687165866 1.5389469862 177.71194458 2.03461456299 8388608 0.422233493978 0.0 0.422233493978 -1.53772004497 0.0614401305483 -0.0614401305483 -1.53772004497 
99.139261616 15.6036942563 1.91209876537 176.772613525 2.01681137085 21233664 0.273513872127 0.0 0.273513872127 -1.90906611618 0.107648746391 -0.107648746391 -1.90906611618 
179.712494315 31.374374336 1.71032130718 97.9081726074 2.01424026489 13172736 0.341857086973 0.0 0.341857086973 -0.235315976319 1.69405589196 -1.69405589196 -0.235315976319 
91.9498068953 62.6121585167 1.53442001343 176.613616943 2.0138092041 8388608 0.424728585487 0.0 0.424728585487 -1.53174075422 0.090636854835 -0.090636854835 -1.53174075422 
257.087172874 77.3421275486 2.4169178009 180.70123291 1.98400783539 21496064 0.171189151476 0.0 0.171189151476 -2.41673678957 -0.029579490967 0.029579490967 -2.41673678957 
82.9514582956 71.141479302 1.7652515173 168.73664856 1.96647453308 15466496 0.320912632466 0.0 0.320912632466 -1.73125240686 0.34478692416 -0.34478692416 -1.73125240686 
163.561960971 14.2517382279 1.6763253212 179.905776978 1.96221923828 11730944 0.355863453995 0.0 0.355863453995 -1.67632305448 0.00275671905577 -0.00275671905577 -1.67632305448 
67.3512527841 31.4483513376 1.94692647457 168.581558228 1.95951843262 22544384 0.263815858612 0.0 0.263815858612 -1.90839194001 0.385438582277 -0.385438582277 -1.90839194001 
155.490990118 37.6369463773 1.70761299133 182.049026489 1.95760345459 13041664 0.34294233426 0.0 0.34294233426 -1.70652114116 -0.0610550813213 0.0610550813213 -1.70652114116 
195.52682713 34.5868917508 1.63340508938 180.534225464 1.94560432434 9830400 0.374810881766 0.0 0.374810881766 -1.63333408835 -0.0152296374256 0.0152296374256 -1.63333408835 
244.14710294 51.106298439 1.47917556763 179.242080688 1.92144870758 8388608 0.457046671569 0.0 0.457046671569 -1.47904615279 0.0195662410362 -0.0195662410362 -1.47904615279 
264.122166563 94.8762856722 1.87274026871 172.60647583 1.91546344757 19726336 0.285131305104 0.0 0.285131305104 -1.85716976885 0.240990795893 -0.240990795893 -1.85716976885 
244.626301624 76.3555232412 2.20990848541 180.34715271 1.91202640533 15008000 0.204762970409 0.0 0.204762970409 -2.2098679216 -0.0133896603213 0.0133896603213 -2.2098679216 
36.2426209773 19.9827585487 1.39537811279 178.858627319 1.8962020874 8388608 0.513589559809 0.0 0.513589559809 -1.3951012547 0.0277950860696 -0.0277950860696 -1.3951012547 
283.888948006 35.1813407689 1.65545916557 186.632659912 1.88914966583 10813440 0.364890918472 0.0 0.364890918472 -1.64437932206 -0.191211124296 0.191211124296 -1.64437932206 
75.0238665926 16.1532105689 2.1142680645 178.685302734 1.88207244873 11796736 0.223707168105 0.0 0.223707168105 -2.11371149775 0.0485093065657 -0.0485093065657 -2.11371149775 
11.4565519749 100.283354206 1.28746521473 89.3536682129 1.86462783813 8388608 0.60329398062 0.0 0.60329398062 0.0145230949269 1.28738329912 -1.28738329912 0.0145230949269 
92.1456029934 30.1615732356 1.59213078022 169.167541504 1.85849952698 8388608 0.394495926351 0.0 0.394495926351 -1.56376050659 0.299221488811 -0.299221488811 -1.56376050659 
261.12088172 50.6585223928 2.0626373291 179.314788818 1.84801101685 10027264 0.235046751603 0.0 0.235046751603 -2.06248982934 0.0246668861812 -0.0246668861812 -2.06248982934 
100.305976797 44.1053352168 1.3294043541 179.058044434 1.84707069397 8388608 0.56582978699 0.0 0.56582978699 -1.32922470175 0.0218547235643 -0.0218547235643 -1.32922470175 
263.732542695 15.5951531411 1.51788783073 173.461776733 1.81769275665 8388608 0.434030892347 0.0 0.434030892347 -1.5080156617 0.172835849167 -0.172835849167 -1.5080156617 
180.056624735 19.8184984267 1.76179754734 181.787322998 1.81297111511 15335424 0.322172151885 0.0 0.322172151885 -1.76094040764 -0.0549497820367 0.0549497820367 -1.76094040764 
130.629654474 12.75613436 1.32596504688 183.498382568 1.77346992493 8388608 0.568768908703 0.0 0.568768908703 -1.32349413939 -0.0809108680309 0.0809108680309 -1.32349413939 
243.728978054 67.7474338163 1.60636985302 177.473892212 1.77007579803 8650752 0.387533195874 0.0 0.387533195874 -1.60480885019 0.0708001344095 -0.0708001344095 -1.60480885019 
180.290688868 12.2968728534 1.25172388554 187.239044189 1.74648475647 8388608 0.638238386233 0.0 0.638238386233 -1.2417464729 -0.157728826372 0.157728826372 -1.2417464729 
260.797721356 21.2703211206 1.96760940552 182.572753906 1.72932052612 23330816 0.258298699884 0.0 0.258298699884 -1.96562611128 -0.0883219299928 0.0883219299928 -1.96562611128 
269.666718576 39.3303375788 1.30878090858 131.264938354 1.7275686264 8388608 0.583802697726 0.0 0.583802697726 -0.863195735848 0.983768564393 -0.983768564393 -0.863195735848 
252.14039835 68.0911329882 1.54606080055 180.301971436 1.72719478607 8388608 0.418356828427 0.0 0.418356828427 -1.54603932808 -0.00814831462271 0.00814831462271 -1.54603932808 
267.958683106 43.8210729343 1.49498927593 180.358917236 1.72649669647 8388608 0.447428707389 0.0 0.447428707389 -1.49495994337 -0.00936498140862 0.00936498140862 -1.49495994337 
244.711820521 94.7859541457 1.88645792007 191.934432983 1.72532367706 20250624 0.280999634964 0.0 0.280999634964 -1.84568191726 -0.390104786563 0.390104786563 -1.84568191726 
275.539631076 71.5163391739 1.38597500324 97.1468505859 1.71175670624 8388608 0.520582068538 0.0 0.520582068538 -0.172433117033 1.37520672256 -1.37520672256 -0.172433117033 
245.625858211 19.0018653861 1.36641061306 268.664733887 1.69628620148 8388608 0.535596273727 0.0 0.535596273727 -0.031841030086 -1.36603957201 1.36603957201 -0.031841030086 
267.916631386 67.5250144605 1.52747952938 179.639465332 1.66122817993 8388608 0.428597074716 0.0 0.428597074716 -1.52744928862 0.00961162751163 -0.00961162751163 -1.52744928862 
229.903502284 149.860865663 1.30446374416 93.1129760742 1.59895682335 8388608 0.587673319463 0.0 0.587673319463 -0.0708388454571 1.30253887382 -1.30253887382 -0.0708388454571 
275.886663608 92.2547458764 1.55732250214 179.081298828 1.57098865509 8388608 0.412328052003 0.0 0.412328052003 -1.55712231206 0.0249696001064 -0.0249696001064 -1.55712231206 
236.837116348 145.938512779 2.21242833138 261.464691162 1.53975248337 15073536 0.204296806327 0.0 0.204296806327 -0.328366111717 -2.18792477433 2.18792477433 -0.328366111717 
277.188337925 60.4956952021 1.27404260635 265.06149292 1.53198432922 8388608 0.61607288716 0.0 0.61607288716 -0.109677897998 -1.26931293285 1.26931293285 -0.109677897998 
238.941504935 149.584903273 1.32981610298 82.274810791 1.50886249542 8388608 0.565479447247 0.0 0.565479447247 0.178756331402 1.31774695664 -1.31774695664 0.178756331402 
276.371939151 28.1848840654 1.30200588703 183.554870605 1.44017887115 8388608 0.58989417026 0.0 0.58989417026 -1.29950066651 -0.0807300910474 0.0807300910474 -1.29950066651 
