13
214
159.897770611 75.7786136448 3.32528018951 73.1326904297 126.48891449 11141121 0.090436450789 0.0 0.090436450789 0.964850766583 3.18222427509 -3.18222427509 0.964850766583 
211.128636596 77.5626181936 1.42923855782 91.3729248047 123.998161316 8388608 0.489542669717 0.0 0.489542669717 -0.0342442202599 1.42882825718 -1.42882825718 -0.0342442202599 
176.912066039 78.4291556268 3.60047316551 37.6519470215 119.861595154 16908289 0.0771402146672 0.0 0.0771402146672 2.85062469665 2.19939670238 -2.19939670238 2.85062469665 
91.2887418922 92.4649480626 3.40743780136 51.2796630859 117.730194092 12910593 0.0861279530796 0.0 0.0861279530796 2.13141922485 2.65851169982 -2.65851169982 2.13141922485 
219.014248442 77.6095657174 3.03322982788 83.7110595703 116.774291992 21168640 0.108689943722 0.0 0.108689943722 0.332267423193 3.01497621023 -3.01497621023 0.332267423193 
217.603318098 77.3905021894 1.67619717121 81.9674377441 112.193183899 11730944 0.355917869598 0.0 0.355917869598 0.23422486363 1.65975168927 -1.65975168927 0.23422486363 
201.020410181 104.932295519 2.93913292885 27.84375 101.912620544 18940416 0.115760806303 0.0 0.115760806303 2.59885361819 1.37275716887 -1.37275716887 2.59885361819 
84.3156216297 50.3658365189 2.09505772591 97.8544616699 101.431587219 11141376 0.227828479905 0.0 0.227828479905 -0.286304831462 2.07540271233 -2.07540271233 -0.286304831462 
175.344317654 95.9263496833 4.54379367828 37.2391967773 99.9148635864 16974081 0.0484353892224 0.0 0.0484353892224 3.6173873826 2.74964898033 -2.74964898033 3.6173873826 
106.432139927 85.2358957933 1.64015924931 76.3264770508 99.2901535034 10158080 0.371730302578 0.0 0.371730302578 0.387715861577 1.59367461352 -1.59367461352 0.387715861577 
22.1240696809 74.7211810924 1.81387758255 48.4448547363 99.197227478 17432576 0.303937336364 0.0 0.303937336364 1.20321861841 1.35735656361 -1.35735656361 1.20321861841 
234.811265295 66.4314843255 2.91510677338 41.5424804688 97.270866394 18350592 0.117676858755 0.0 0.117676858755 2.18185315391 1.93322640033 -1.93322640033 2.18185315391 
195.011144175 91.9787958734 1.93334722519 14.3048095703 93.6007995605 22020096 0.267534799745 0.0 0.267534799745 1.87340378325 0.477692116384 -0.477692116384 1.87340378325 
202.457417567 88.0131285477 1.76767027378 46.9180297852 92.6701812744 15532032 0.320035004476 0.0 0.320035004476 1.20739652682 1.2910661578 -1.2910661578 1.20739652682 
98.2276349218 59.0488838095 3.58281636238 334.906616211 91.4359893799 16515073 0.0779024115905 0.0 0.0779024115905 3.24466219043 -1.51945396658 1.51945396658 3.24466219043 
199.19413572 88.5205958029 3.37745165825 39.9509277344 90.9754943848 12255233 0.0876640875278 0.0 0.0876640875278 2.58913651393 2.16876734945 -2.16876734945 2.58913651393 
96.3128707679 56.5718627157 5.96750307083 341.760437012 90.2732315063 19988993 0.028081137605 0.0 0.028081137605 5.66767278005 -1.86777358335 1.86777358335 5.66767278005 
124.732966829 56.1059350156 3.7968621254 102.851196289 89.9719467163 20709377 0.0693665900848 0.0 0.0693665900848 -0.844497116087 3.70175453268 -3.70175453268 -0.844497116087 
123.173602702 55.4518247024 2.48368883133 97.3459777832 88.8465194702 23462144 0.162108441768 0.0 0.162108441768 -0.317565762601 2.46330310707 -2.46330310707 -0.317565762601 
221.711551529 89.2833856246 1.58029401302 84.2535400391 88.2779083252 8388608 0.400427790207 0.0 0.400427790207 0.15822944591 1.5723525718 -1.5723525718 0.15822944591 
139.859778238 74.1522860105 2.25796055794 63.8968200684 85.6226119995 16580864 0.196140508644 0.0 0.196140508644 0.99347783041 2.02765571084 -2.02765571084 0.99347783041 
137.428316995 93.0737791726 2.72663593292 18.1848449707 82.5361404419 13500928 0.134507249646 0.0 0.134507249646 2.59045309919 0.850938453487 -0.850938453487 2.59045309919 
159.137872469 53.4574466439 5.25490379333 354.452667236 80.2027130127 10813953 0.0362134966849 0.0 0.0362134966849 5.23029339381 -0.507981192459 0.507981192459 5.23029339381 
149.141311427 123.85053589 2.01048016548 9.40228271484 78.8477783203 24903680 0.247400409532 0.0 0.247400409532 1.98347067885 0.328442631093 -0.328442631093 1.98347067885 
160.091602856 54.7350536236 2.24758863449 67.4496459961 78.6777191162 16253184 0.197954940578 0.0 0.197954940578 0.861939519616 2.07574442897 -2.07574442897 0.861939519616 
24.0036475618 64.4782121837 2.14569163322 37.010559082 77.1732025146 12845312 0.21720278249 0.0 0.21720278249 1.71338752642 1.29162524333 -1.29162524333 1.71338752642 
232.728714834 88.6201795226 2.9274969101 91.1218566895 76.0385513306 18612736 0.116682871758 0.0 0.116682871758 -0.0573169991294 2.92693575608 -2.92693575608 -0.0573169991294 
71.9042541636 94.9925829551 1.3148047924 28.9547729492 75.9395065308 8388608 0.578465474305 0.0 0.578465474305 1.15045698652 0.636522084687 -0.636522084687 1.15045698652 
230.252410068 88.3595356389 1.64528214931 91.7244873047 75.1818313599 10354688 0.36941900003 0.0 0.36941900003 -0.0495121952764 1.6445369845 -1.6445369845 -0.0495121952764 
90.5602607769 34.0821502011 1.53378343582 80.2203674316 74.3037948608 8388608 0.425081215209 0.0 0.425081215209 0.260527222564 1.51149501961 -1.51149501961 0.260527222564 
158.207583304 66.8353400249 1.67123603821 7.41870117188 73.6744232178 11534336 0.358034119737 0.0 0.358034119737 1.65724624009 0.215788774287 -0.215788774287 1.65724624009 
26.7900957179 96.3814226037 1.79308485985 105.995330811 70.9986343384 16580608 0.311027158628 0.0 0.311027158628 -0.494100705076 1.72366406468 -1.72366406468 -0.494100705076 
274.616340953 144.393586436 2.27041459084 62.8653259277 70.9108428955 16974080 0.193994609206 0.0 0.193994609206 1.03549876893 2.02052585082 -2.02052585082 1.03549876893 
219.35606345 63.46635985 2.986566782 93.2300109863 70.4585494995 20054528 0.112112887806 0.0 0.112112887806 -0.168276525802 2.98182228749 -2.98182228749 -0.168276525802 
185.380334775 116.311102388 3.64996218681 29.0072021484 69.8993759155 17891329 0.0750625423063 0.0 0.0750625423063 3.19210640078 1.7699380473 -1.7699380473 3.19210640078 
193.757722834 81.6872741234 1.9324516058 332.472442627 69.6333847046 22020096 0.267782842055 0.0 0.267782842055 1.71367614064 -0.893131173881 0.893131173881 1.71367614064 
182.924084374 117.179750896 1.78238499165 35.4415588379 69.5026397705 16187392 0.314772632988 0.0 0.314772632988 1.4521222537 1.03355561958 -1.03355561958 1.4521222537 
154.792654925 114.870179371 2.56600809097 45.6400756836 67.6439666748 9110016 0.151874183859 0.0 0.151874183859 1.79405901729 1.83459798468 -1.83459798468 1.79405901729 
23.5548384975 84.3112475495 1.53761637211 289.437988281 66.8132629395 8388608 0.422964590424 0.0 0.422964590424 0.511697870669 -1.44997565391 1.44997565391 0.511697870669 
255.407550824 33.0601380937 3.94618988037 305.100799561 66.3334655762 23527425 0.0642161172489 0.0 0.0642161172489 2.26912496119 -3.22854247029 3.22854247029 2.26912496119 
243.289872955 51.4533205051 1.39794909954 140.68649292 66.0177764893 8388608 0.511702198187 0.0 0.511702198187 -1.08158045938 0.885689220208 -0.885689220208 -1.08158045938 
185.781064668 12.0314827313 1.30707204342 56.9857177734 65.441619873 8388608 0.585330222174 0.0 0.585330222174 0.712155686847 1.09602536667 -1.09602536667 0.712155686847 
229.154737651 76.1450560126 1.76214873791 144.679656982 63.5081863403 15335424 0.322043748937 0.0 0.322043748937 -1.43779419384 1.01878164032 -1.01878164032 -1.43779419384 
27.4119904267 49.5589952915 1.68199884892 52.5803527832 63.2021827698 11993088 0.353466786437 0.0 0.353466786437 1.02206359924 1.33585408143 -1.33585408143 1.02206359924 
154.758732129 46.140705184 1.75588798523 24.6786499023 62.6065063477 15073280 0.324344386339 0.0 0.324344386339 1.59551189126 0.733133290425 -0.733133290425 1.59551189126 
73.4227261829 70.2210617068 2.65326213837 56.731842041 61.5463027954 11534848 0.142049490549 0.0 0.142049490549 1.45546879452 2.21842524397 -2.21842524397 1.45546879452 
200.564927056 25.0513105354 2.32336091995 48.2561950684 60.9348068237 18612480 0.185253593012 0.0 0.185253593012 1.54689601259 1.7335278165 -1.7335278165 1.54689601259 
93.6112442129 108.614947175 2.91054439545 0.0858764648438 60.2049026489 18219520 0.118046072911 0.0 0.118046072911 2.9105411262 0.00436240107024 -0.00436240107024 2.9105411262 
182.307646398 56.9983284934 1.71059918404 52.0339660645 59.6305465698 13172736 0.341746030617 0.0 0.341746030617 1.05235072888 1.34859464327 -1.34859464327 1.05235072888 
38.9407566382 102.649723811 1.68302631378 27.0958251953 58.9574661255 11993088 0.353035344759 0.0 0.353035344759 1.49830743551 0.766584895214 -0.766584895214 1.49830743551 
87.1781136814 76.0249585964 2.64619517326 221.091537476 58.4006385803 11338240 0.142809222304 0.0 0.142809222304 -1.99433271835 -1.73924866064 1.73924866064 -1.99433271835 
260.371705209 68.4305413648 1.80188786983 87.2322998047 57.9289550781 16973824 0.307995574781 0.0 0.307995574781 0.0870072138678 1.79978599844 -1.79978599844 0.0870072138678 
117.06317968 33.7184646234 2.70256328583 92.9663391113 57.7332229614 12845568 0.136914124859 0.0 0.136914124859 -0.139855647571 2.69894214679 -2.69894214679 -0.139855647571 
140.134338551 62.9911379814 1.94423925877 259.750549316 57.3846702576 22478848 0.264545624831 0.0 0.264545624831 -0.345946484262 -1.9132138734 1.9132138734 -0.345946484262 
79.4794129003 72.5765825137 4.87794160843 227.886260986 56.9655570984 22151425 0.0420268466622 0.0 0.0420268466622 -3.2711696852 -3.61853053405 3.61853053405 -3.2711696852 
146.744311832 51.085358989 1.74506032467 110.130081177 56.7720870972 14614528 0.32838182398 0.0 0.32838182398 -0.600567198509 1.63846103915 -1.63846103915 -0.600567198509 
138.216656418 101.765229231 2.38453722 7.92303466797 56.7659988403 20513024 0.175870010144 0.0 0.175870010144 2.36177472875 0.328691168428 -0.328691168428 2.36177472875 
246.623692162 51.3271540508 2.53145623207 37.1722106934 56.0071182251 24838400 0.156048340317 0.0 0.156048340317 2.01712271097 1.5295380426 -1.5295380426 2.01712271097 
250.240150554 96.324674676 1.34217810631 97.5420837402 55.6382751465 8388608 0.555110828807 0.0 0.555110828807 -0.176166745833 1.33056655103 -1.33056655103 -0.176166745833 
233.803736839 47.8667128356 1.81828212738 104.802383423 55.334312439 17629184 0.302466624876 0.0 0.302466624876 -0.464545584305 1.75793836492 -1.75793836492 -0.464545584305 
146.042288352 151.066119052 2.01358675957 349.680023193 55.1729812622 24969216 0.246637611741 0.0 0.246637611741 1.98101223515 -0.360724496657 0.360724496657 1.98101223515 
274.639491628 131.365329999 1.56120359898 79.6973266602 55.1257247925 8388608 0.410280534338 0.0 0.410280534338 0.279218331116 1.53603183594 -1.53603183594 0.279218331116 
74.1728572915 86.6288438531 2.9538359642 28.0095214844 54.7155838013 19268096 0.114611250798 0.0 0.114611250798 2.60785186776 1.38717538157 -1.38717538157 2.60785186776 
181.25371278 40.0149195548 1.31180477142 27.1578369141 54.2465209961 8388608 0.581114333322 0.0 0.581114333322 1.16718157987 0.59876449289 -0.59876449289 1.16718157987 
204.847516689 53.0414652571 1.99372518063 101.445556641 53.4208145142 24248320 0.251576118352 0.0 0.251576118352 -0.3956282546 1.95407737309 -1.95407737309 -0.3956282546 
115.962448218 32.9693514531 1.74610638618 90.5026855469 53.386505127 14680064 0.327988486327 0.0 0.327988486327 -0.0153192990914 1.74603918368 -1.74603918368 -0.0153192990914 
188.459975648 141.93063622 2.15261983871 8.4377746582 53.2923927307 13107456 0.21580689842 0.0 0.21580689842 2.12931946521 0.315865137558 -0.315865137558 2.12931946521 
71.4255431729 38.9283761616 2.91572380066 241.885314941 53.1939315796 18350592 0.117627058325 0.0 0.117627058325 -1.37399972751 -2.57168622319 2.57168622319 -1.37399972751 
211.758392981 98.5801131824 1.3905184269 343.281494141 52.8826065063 8388608 0.517185693873 0.0 0.517185693873 1.33174069966 -0.400010255371 0.400010255371 1.33174069966 
138.949027474 108.588058176 3.32131457329 180.042144775 52.7358207703 11075585 0.0906525401433 0.0 0.0906525401433 -3.32131367478 -0.00244304284294 0.00244304284294 -3.32131367478 
199.649937436 67.0938755311 3.42755055428 80.9931945801 51.7617912292 13303809 0.0851201267851 0.0 0.0851201267851 0.536589135442 3.3852880087 -3.3852880087 0.536589135442 
282.973789968 104.890557615 1.70631432533 78.9127502441 51.489654541 13041664 0.343464555783 0.0 0.343464555783 0.328130372193 1.67446679145 -1.67446679145 0.328130372193 
249.357841925 62.1769770151 1.42230772972 93.4751586914 50.7684059143 8388608 0.494325323729 0.0 0.494325323729 -0.0862142922476 1.41969235183 -1.41969235183 -0.0862142922476 
240.588421395 37.338503886 2.67942214012 291.767242432 50.3075866699 12255744 0.139289287457 0.0 0.139289287457 0.993628691536 -2.48837397276 2.48837397276 0.993628691536 
257.377027243 99.3179604169 1.52090740204 115.048675537 50.1816864014 8388608 0.432309175137 0.0 0.432309175137 -0.643934036607 1.377863666 -1.377863666 -0.643934036607 
233.093386102 87.2604389373 6.10707807541 103.004211426 50.0238723755 21692929 0.0268122373681 0.0 0.0268122373681 -1.37423103335 5.95045306562 -5.95045306562 -1.37423103335 
98.8387143937 77.1469370264 1.30129444599 318.996459961 49.5971412659 8388608 0.59053935805 0.0 0.59053935805 0.982046635459 -0.85378664838 0.85378664838 0.982046635459 
268.951944959 108.000373159 2.62137556076 135.732147217 48.3442230225 10617344 0.14552630674 0.0 0.14552630674 -1.87712636641 1.82975584029 -1.82975584029 -1.87712636641 
99.0365873436 138.441776215 2.03237462044 300.97088623 48.103767395 8913152 0.242098709293 0.0 0.242098709293 1.04586496925 -1.74261672892 1.74261672892 1.04586496925 
257.484849587 98.7076364301 4.35052251816 112.762451172 47.9656906128 13828353 0.0528344460323 0.0 0.0528344460323 -1.68326658262 4.01169039095 -4.01169039095 -1.68326658262 
245.442062218 128.777441772 2.61178135872 354.453155518 47.6408882141 10355200 0.146597432563 0.0 0.146597432563 2.59955170064 -0.252453602542 0.252453602542 2.59955170064 
180.584038691 64.4176991863 1.7065833807 93.6776123047 47.247428894 13041664 0.343356264915 0.0 0.343356264915 -0.109464317643 1.70306911147 -1.70306911147 -0.109464317643 
136.641118546 111.441392162 1.3665920496 346.362792969 46.9022216797 8388608 0.535454065549 0.0 0.535454065549 1.32806522025 -0.322205836067 0.322205836067 1.32806522025 
97.7771629374 147.206010423 1.97710561752 182.119766235 46.5521621704 23658496 0.255823396041 0.0 0.255823396041 -1.97575266981 -0.0731300934574 0.0731300934574 -1.97575266981 
119.12344755 141.708399494 1.77972257137 349.433929443 45.9829864502 16056320 0.315715121339 0.0 0.315715121339 1.7495457898 -0.326346381101 0.326346381101 1.7495457898 
89.6908161779 26.9084927523 1.37182486057 186.384506226 45.9793930054 8388608 0.53137688919 0.0 0.53137688919 -1.3633168384 -0.152547193401 0.152547193401 -1.3633168384 
160.782438271 35.7777747097 1.35237419605 45.7536315918 45.8705978394 8388608 0.546771977777 0.0 0.546771977777 0.943612410383 0.968768076022 -0.968768076022 0.943612410383 
108.288224299 150.415848925 1.96197080612 350.47265625 45.0836830139 23134208 0.259785506678 0.0 0.259785506678 1.93490879767 -0.324742034174 0.324742034174 1.93490879767 
73.1519486676 95.1835618221 4.56128168106 131.238800049 44.8918914795 17301761 0.0480646976039 0.0 0.0480646976039 -3.00679157413 3.42994096213 -3.42994096213 -3.00679157413 
147.028949244 35.9949504298 2.3037147522 249.450286865 44.5726623535 18022656 0.188426765523 0.0 0.188426765523 -0.808649860958 -2.15712472098 2.15712472098 -0.808649860958 
26.736888758 57.8802396604 1.75704038143 12.0034179688 43.8751602173 15138816 0.323919068095 0.0 0.323919068095 1.71862303798 0.365411761317 -0.365411761317 1.71862303798 
65.4855483248 102.954219183 1.63370966911 18.4381408691 43.0995826721 9895936 0.374671139486 0.0 0.374671139486 1.54984429252 0.516710704271 -0.516710704271 1.54984429252 
182.524093939 42.0689787433 3.43580913544 114.205627441 42.3151054382 13500417 0.0847114157135 0.0 0.0847114157135 -1.40872509827 3.13373228159 -3.13373228159 -1.40872509827 
137.118110759 134.937244396 2.24317574501 187.268753052 41.8490486145 16056576 0.198734560745 0.0 0.198734560745 -2.22514866795 -0.283814778517 0.283814778517 -2.22514866795 
219.572577971 25.7568821049 2.59505271912 111.850280762 41.5192337036 9896448 0.148493563647 0.0 0.148493563647 -0.965833205947 2.40862301602 -2.40862301602 -0.965833205947 
62.4722446009 148.894039127 2.25775718689 29.4909057617 41.3717651367 16580864 0.196175845568 0.0 0.196175845568 1.96522826838 1.11146091614 -1.11146091614 1.96522826838 
179.437937884 139.353735705 1.67031562328 100.143890381 41.2583084106 11468800 0.358428812498 0.0 0.358428812498 -0.294177382564 1.64420617593 -1.64420617593 -0.294177382564 
227.527349729 147.67369739 2.21672272682 149.846115112 40.94165802 15204608 0.203506015986 0.0 0.203506015986 -1.91675443944 1.11351338855 -1.11351338855 -1.91675443944 
18.153047032 54.1737154218 1.77502465248 221.063369751 40.6832962036 15859712 0.317388525494 0.0 0.317388525494 -1.33833931852 -1.16600188054 1.16600188054 -1.33833931852 
72.3394197875 142.664599228 1.48929262161 23.1924133301 40.22240448 8388608 0.450858149536 0.0 0.450858149536 1.36893915266 0.586513519963 -0.586513519963 1.36893915266 
108.34189469 141.345486013 2.33903193474 6.30310058594 40.0499420166 19136768 0.182779589441 0.0 0.182779589441 2.32489252337 0.256797870921 -0.256797870921 2.32489252337 
200.670961142 74.1518070275 2.25894331932 174.634887695 39.9887771606 16580864 0.195969882506 0.0 0.195969882506 -2.2490470763 0.211215928553 -0.211215928553 -2.2490470763 
238.334587669 143.218134324 1.73061788082 210.323806763 39.9689826965 14024704 0.333885552278 0.0 0.333885552278 -1.49384485199 -0.873765304637 0.873765304637 -1.49384485199 
137.225700202 147.627398642 1.76572012901 102.181427002 39.8859214783 15466496 0.320742318426 0.0 0.320742318426 -0.372580978081 1.72596378548 -1.72596378548 -0.372580978081 
157.105958749 150.171501884 1.60326361656 17.6425476074 39.846622467 8519680 0.389036299728 0.0 0.389036299728 1.52785550138 0.485913357595 -0.485913357595 1.52785550138 
245.25239592 137.084059414 3.49349117279 347.163879395 39.6313591003 14680065 0.0819371208719 0.0 0.0819371208719 3.40618705075 -0.776125215205 0.776125215205 3.40618705075 
185.344186278 25.8127157373 2.23515868187 88.4454956055 39.5826187134 15794432 0.200162759019 0.0 0.200162759019 0.0606351421653 2.23433607872 -2.23433607872 0.0606351421653 
272.987899303 117.593168279 1.88181591034 83.7655334473 39.4896583557 20119552 0.282387668582 0.0 0.282387668582 0.204360263279 1.87068650586 -1.87068650586 0.204360263279 
110.107158087 94.2056929326 1.7516926527 16.8756103516 39.4883117676 14876672 0.325899867022 0.0 0.325899867022 1.67625993832 0.508507392969 -0.508507392969 1.67625993832 
283.408277427 56.9104593996 1.72619187832 92.3676147461 39.2077865601 13828096 0.33559993043 0.0 0.33559993043 -0.0713105634773 1.72471829709 -1.72471829709 -0.0713105634773 
91.3234275839 41.1797898262 1.77572178841 335.100646973 39.1788787842 15925248 0.317139365393 0.0 0.317139365393 1.61066626135 -0.747624280218 0.747624280218 1.61066626135 
172.982536794 155.675056384 1.32828307152 358.443481445 39.1548843384 8388608 0.566785491216 0.0 0.566785491216 1.32779295733 -0.0360801959132 0.0360801959132 1.32779295733 
222.699923523 119.268373418 5.79666280746 335.4034729 38.8112983704 17891841 0.0297607535668 0.0 0.0297607535668 5.27068138971 -2.4127199157 2.4127199157 5.27068138971 
246.345822436 115.861180407 2.06336665154 334.39541626 38.7940292358 10027264 0.234880620612 0.0 0.234880620612 1.86073982898 -0.89170018925 0.89170018925 1.86073982898 
243.706242425 78.8339889148 1.58839905262 321.344116211 38.4330215454 8388608 0.396351732855 0.0 0.396351732855 1.24039923926 -0.992180063097 0.992180063097 1.24039923926 
262.289970699 126.446988769 2.60820770264 351.359405518 37.0575218201 10289664 0.146999431001 0.0 0.146999431001 2.57860503032 -0.391846293468 0.391846293468 2.57860503032 
260.611252148 139.976251912 3.06049585342 355.400299072 36.8650283813 21824000 0.10676192827 0.0 0.10676192827 3.05063890545 -0.245432551649 0.245432551649 3.05063890545 
126.830649254 43.4680839081 2.60562539101 279.216827393 36.567024231 10224128 0.147290943697 0.0 0.147290943697 0.417345875172 -2.57198485585 2.57198485585 0.417345875172 
67.8302608025 26.2120256512 2.91011023521 254.591445923 36.4139289856 18219520 0.118081298198 0.0 0.118081298198 -0.773216437609 -2.8055084961 2.8055084961 -0.773216437609 
192.306548654 65.3435888509 1.28490519524 86.3043518066 36.1972198486 8388608 0.60570035724 0.0 0.60570035724 0.082820508457 1.28223325652 -1.28223325652 0.082820508457 
175.788855224 40.6226724429 1.28395056725 111.603057861 36.0988311768 8388608 0.606601378642 0.0 0.606601378642 -0.472717439677 1.19376181936 -1.19376181936 -0.472717439677 
33.9114947766 117.427510059 1.42389237881 21.4096374512 35.9284820557 8388608 0.493225667183 0.0 0.493225667183 1.32563587145 0.519768258693 -0.519768258693 1.32563587145 
282.666228626 132.298864671 1.56841242313 62.4784545898 35.8358840942 8388608 0.406517693457 0.0 0.406517693457 0.724735354246 1.39092638028 -1.39092638028 0.724735354246 
270.987446751 78.7494967269 2.39515924454 84.0200195312 35.7969970703 20840704 0.174313576464 0.0 0.174313576464 0.249529999618 2.38212564446 -2.38212564446 0.249529999618 
257.56015981 153.829011434 1.80074119568 358.209777832 35.757850647 16908288 0.30838794989 0.0 0.30838794989 1.79986226511 -0.0562554925326 0.0562554925326 1.79986226511 
174.485411582 65.8664971386 2.20107269287 268.705810547 35.5237121582 14745856 0.206410235005 0.0 0.206410235005 -0.0497133098302 -2.20051121018 2.20051121018 -0.0497133098302 
150.638266704 64.2466393251 1.23721075058 192.733535767 34.5811424255 8388608 0.653299957317 0.0 0.653299957317 -1.20678241669 -0.272702475438 0.272702475438 -1.20678241669 
149.960558378 81.6734890398 1.50213611126 63.9928588867 34.0105400085 8388608 0.443181299593 0.0 0.443181299593 0.658661396963 1.35002891114 -1.35002891114 0.658661396963 
209.937336189 151.454767648 1.35403323174 355.717376709 33.6449394226 8388608 0.545432928665 0.0 0.545432928665 1.35025253707 -0.101114186803 0.101114186803 1.35025253707 
213.083677208 139.726443742 2.53534221649 354.56048584 32.8328742981 24969472 0.15557034828 0.0 0.15557034828 2.52392512896 -0.240337467203 0.240337467203 2.52392512896 
42.1174035353 25.2398155072 2.5248632431 47.4819641113 32.6103363037 24641792 0.156864359352 0.0 0.156864359352 1.70635877925 1.86098740265 -1.86098740265 1.70635877925 
99.0370480479 157.077692363 1.40597605705 5.62945556641 32.5907249451 8388608 0.505876086391 0.0 0.505876086391 1.39919517714 0.13791856034 -0.13791856034 1.39919517714 
201.946926302 155.900999308 1.3418353796 67.1225585938 32.5880813599 8388608 0.555394433795 0.0 0.555394433795 0.521653571655 1.23628465053 -1.23628465053 0.521653571655 
180.859082039 60.4205310497 3.73192667961 270.855560303 31.8210849762 19464193 0.0718015458819 0.0 0.0718015458819 0.0557243429199 -3.73151062435 3.73151062435 0.0557243429199 
27.9382501359 28.9882974219 1.94863092899 99.9736938477 31.7435722351 22609920 0.263354544526 0.0 0.263354544526 -0.337495093308 1.91918200268 -1.91918200268 -0.337495093308 
167.506507336 125.451170601 3.41985249519 213.721954346 31.4540557861 13172737 0.0855037674585 0.0 0.0855037674585 -2.8444331012 -1.89857615641 1.89857615641 -2.8444331012 
131.067730996 70.2110725394 1.2192183733 259.782287598 30.8726501465 8388608 0.672724125037 0.0 0.672724125037 -0.216275910741 -1.19988256601 1.19988256601 -0.216275910741 
238.84604171 81.8145650688 1.44093310833 64.9438781738 30.7534179688 8388608 0.481628701197 0.0 0.481628701197 0.610243524451 1.30533178294 -1.30533178294 0.610243524451 
122.729023346 154.515777727 1.52179419994 321.993255615 30.200586319 8388608 0.431805481313 0.0 0.431805481313 1.19907990073 -0.937051214529 0.937051214529 1.19907990073 
79.2972283091 25.2023967915 2.34956669807 93.0042114258 29.7312297821 19464448 0.181144204547 0.0 0.181144204547 -0.123139283667 2.34633765377 -2.34633765377 -0.123139283667 
145.015796134 115.161823256 1.56623351574 268.528778076 29.1975917816 8388608 0.407649556013 0.0 0.407649556013 -0.0402128026903 -1.5657172019 1.5657172019 -0.0402128026903 
51.2012104233 146.442694436 1.7472345829 159.505981445 29.0436973572 14745600 0.327565055987 0.0 0.327565055987 -1.63664991226 0.611723591493 -0.611723591493 -1.63664991226 
178.73126764 109.701803771 1.43395733833 280.177307129 29.0305519104 8388608 0.486326055842 0.0 0.486326055842 0.253372978176 -1.41139497735 1.41139497735 0.253372978176 
136.699538454 43.6239866906 2.02982640266 263.456420898 27.9095401764 8847616 0.242706946007 0.0 0.242706946007 -0.231316764793 -2.01660302967 2.01660302967 -0.231316764793 
194.031160764 100.901971763 1.27804601192 138.115386963 27.0848560333 8388608 0.612219306469 0.0 0.612219306469 -0.951493584679 0.853265238312 -0.853265238312 -0.951493584679 
169.429932658 41.2402745292 1.61529922485 74.5535583496 27.084690094 9043968 0.383260472492 0.0 0.383260472492 0.430214736391 1.55695435592 -1.55695435592 0.430214736391 
50.7413898464 33.5829322222 1.7498062849 57.0726318359 26.7648735046 14811136 0.326602914431 0.0 0.326602914431 0.951151729339 1.46871795198 -1.46871795198 0.951151729339 
136.841482474 81.0282769681 1.39168572426 255.320114136 25.7891254425 8388608 0.516318463145 0.0 0.516318463145 -0.352678716624 -1.34625661668 1.34625661668 -0.352678716624 
43.6619209538 152.550157285 1.74998390675 290.748016357 25.4101371765 14811136 0.326536617974 0.0 0.326536617974 0.619946957992 -1.6364930318 1.6364930318 0.619946957992 
118.542852475 22.4773741965 2.24927401543 271.914581299 25.2872333527 16253184 0.197658396461 0.0 0.197658396461 0.0751471856057 -2.2480183489 2.2480183489 0.0751471856057 
87.707435787 151.887813782 1.38290047646 152.37588501 25.2723789215 8388608 0.522899404806 0.0 0.522899404806 -1.22526158501 0.641208059907 -0.641208059907 -1.22526158501 
226.794784636 155.779478809 1.3194950819 1.44189453125 24.7445487976 8388608 0.574360345843 0.0 0.574360345843 1.31907727406 0.0332026537193 -0.0332026537193 1.31907727406 
30.015079811 19.9325340585 1.57954132557 273.614990234 24.5323905945 8388608 0.400809507077 0.0 0.400809507077 0.0995926553209 -1.57639845921 1.57639845921 0.0995926553209 
130.074480262 22.3566399084 1.48071670532 86.9276123047 24.4956893921 8388608 0.456095773541 0.0 0.456095773541 0.0793628414122 1.47858834732 -1.47858834732 0.0793628414122 
38.9808742056 53.4031608995 1.83243346214 39.3624572754 24.3607902527 18153472 0.297812945723 0.0 0.297812945723 1.41674466879 1.16217336773 -1.16217336773 1.41674466879 
11.330914744 54.4180084583 1.29320681095 304.143188477 23.6231136322 8388608 0.597948847974 0.0 0.597948847974 0.725829149172 -1.07030645243 1.07030645243 0.725829149172 
251.177666128 148.157580086 1.30688166618 333.412963867 23.618812561 8388608 0.585500768091 0.0 0.585500768091 1.16868615036 -0.584903728278 0.584903728278 1.16868615036 
64.2359648672 33.3195757542 1.47535967827 244.578445435 23.5064277649 8388608 0.459413951845 0.0 0.459413951845 -0.633334931607 -1.33250630192 1.33250630192 -0.633334931607 
234.57286296 56.3842769531 2.03699207306 287.966674805 23.1362285614 9109760 0.241002374819 0.0 0.241002374819 0.628338264434 -1.9376603756 1.9376603756 0.628338264434 
70.0566263925 134.2565269 1.53334772587 328.540100098 22.4624042511 8388608 0.425322828286 0.0 0.425322828286 1.30795425999 -0.800256772674 0.800256772674 1.30795425999 
149.631775814 107.391251963 1.36129748821 286.369842529 22.274646759 8388608 0.539627301136 0.0 0.539627301136 0.383663299896 -1.30611382495 1.30611382495 0.383663299896 
73.1148621543 103.116427007 1.35580861568 349.912139893 22.2611312866 8388608 0.544005413242 0.0 0.544005413242 1.33484824125 -0.237480894364 0.237480894364 1.33484824125 
17.7318286592 46.9717409116 1.37525880337 155.948760986 21.9804039001 8388608 0.528726566608 0.0 0.528726566608 -1.25586069352 0.560491476044 -0.560491476044 -1.25586069352 
65.374708394 138.347750989 1.28894758224 219.431152344 21.6432971954 8388608 0.601907129579 0.0 0.601907129579 -0.995568095454 -0.818675782645 0.818675782645 -0.995568095454 
241.491660306 28.4053283014 1.63104581833 297.573699951 21.141292572 9764864 0.375895976983 0.0 0.375895976983 0.754993492365 -1.44578535335 1.44578535335 0.754993492365 
227.697328109 125.946020237 1.26819086075 349.063049316 20.9827919006 8388608 0.621771428817 0.0 0.621771428817 1.24515615056 -0.2406121776 0.2406121776 1.24515615056 
148.242507261 93.9936784662 1.40222609043 357.278076172 20.9494476318 8388608 0.508585428408 0.0 0.508585428408 1.40064406654 -0.0665898457016 0.0665898457016 1.40064406654 
148.16850197 99.4897395117 1.47621262074 345.921630859 20.5741195679 8388608 0.458883214661 0.0 0.458883214661 1.43187297751 -0.359087006003 0.359087006003 1.43187297751 
279.379144238 17.6457002681 1.42470705509 133.191192627 20.1256198883 8388608 0.49266175565 0.0 0.49266175565 -0.975119433789 1.03871665178 -1.03871665178 -0.975119433789 
23.1439228558 19.7755112157 1.68154418468 82.1350708008 19.8535690308 11927552 0.353657956473 0.0 0.353657956473 0.230099527458 1.66572658396 -1.66572658396 0.230099527458 
25.1613381744 12.1104038738 1.60156619549 69.08984375 19.3516044617 8454144 0.389861377525 0.0 0.389861377525 0.571604726076 1.4960890066 -1.4960890066 0.571604726076 
149.594627956 89.9531189239 1.52997243404 9.82608032227 18.8693122864 8388608 0.427201518605 0.0 0.427201518605 1.50752822675 0.261102076757 -0.261102076757 1.50752822675 
144.933392889 24.3296982452 1.31298005581 119.795928955 18.8477268219 8388608 0.58007445625 0.0 0.58007445625 -0.652435942425 1.13940509389 -1.13940509389 -0.652435942425 
152.478132782 95.401044008 2.62083339691 341.077270508 18.7938594818 10617344 0.145586522138 0.0 0.145586522138 2.47919513389 -0.849917162113 0.849917162113 2.47919513389 
275.515384216 98.4030873769 1.47671961784 257.319396973 18.5436611176 8388608 0.458568175134 0.0 0.458568175134 -0.32416348511 -1.44070082413 1.44070082413 -0.32416348511 
236.958387745 113.283011959 1.90750741959 190.959838867 18.2237262726 21102592 0.274832145487 0.0 0.274832145487 -1.87271579797 -0.362656994703 0.362656994703 -1.87271579797 
31.5182839533 104.36612918 1.38604748249 220.071716309 18.1945304871 8388608 0.520527625366 0.0 0.520527625366 -1.06065797086 -0.892262457225 0.892262457225 -1.06065797086 
226.005421467 34.5744440352 1.4408056736 290.924194336 17.8166046143 8388608 0.481713902052 0.0 0.481713902052 0.514558467094 -1.34578994387 1.34578994387 0.514558467094 
279.609699591 98.2611301546 1.21305143833 263.233703613 17.4962310791 8388608 0.679581528247 0.0 0.679581528247 -0.14292153462 -1.20460251825 1.20460251825 -0.14292153462 
162.206991253 105.645836384 1.32844030857 183.526733398 16.9472064972 8388608 0.566651327256 0.0 0.566651327256 -1.32592451548 -0.0817180071514 0.0817180071514 -1.32592451548 
41.8677781769 145.152861501 1.30825304985 299.006134033 16.9135246277 8388608 0.584273902472 0.0 0.584273902472 0.634376160202 -1.14415599016 1.14415599016 0.634376160202 
281.262324248 24.9708529683 1.2055876255 163.696136475 16.7084598541 8388608 0.688022176562 0.0 0.688022176562 -1.15710656367 0.338446337064 -0.338446337064 -1.15710656367 
61.5365769766 80.6602358441 1.28426170349 63.4388427734 16.5408668518 8388608 0.60630749335 0.0 0.60630749335 0.574261225865 1.1487176187 -1.1487176187 0.574261225865 
271.387347583 40.6506374981 1.70701920986 278.196228027 15.9872055054 13041664 0.343180958663 0.0 0.343180958663 0.243359099345 -1.68958306443 1.68958306443 0.243359099345 
39.3072257939 14.8472496967 1.69776403904 242.316696167 15.690618515 12648448 0.346932782435 0.0 0.346932782435 -0.788754041516 -1.50341936739 1.50341936739 -0.788754041516 
113.703715207 40.0525330133 1.69287121296 299.787994385 15.2427654266 12451840 0.348941127581 0.0 0.348941127581 0.841005079962 -1.46919140997 1.46919140997 0.841005079962 
39.748432153 43.7643673501 1.60968315601 41.8148193359 15.1675071716 8781824 0.385939474261 0.0 0.385939474261 1.19970261668 1.07321642472 -1.07321642472 1.19970261668 
175.784386649 30.1691405029 1.57716274261 12.9267883301 15.0731887817 8388608 0.402019372787 0.0 0.402019372787 1.53719224713 0.352820509668 -0.352820509668 1.53719224713 
136.36585293 154.963800582 1.56139183044 356.05267334 14.9356527328 8388608 0.410181618678 0.0 0.410181618678 1.5576878303 -0.107485215274 0.107485215274 1.5576878303 
23.1865608946 39.055333797 2.00526857376 251.842468262 14.6899986267 24707072 0.24868804294 0.0 0.24868804294 -0.624903255445 -1.90541280941 1.90541280941 -0.624903255445 
34.8527979321 36.9895062126 1.471788764 2.67086791992 14.6837482452 8388608 0.4616459542 0.0 0.4616459542 1.47018995567 0.0685832346291 -0.0685832346291 1.47018995567 
30.7959258709 38.5754491065 1.98535621166 258.93637085 14.3981628418 23986176 0.253701550837 0.0 0.253701550837 -0.380987895389 -1.94845772619 1.94845772619 -0.380987895389 
75.0316645503 13.8797732202 1.23595011234 96.740020752 14.2507133484 8388608 0.654633336247 0.0 0.654633336247 -0.145056583178 1.22740835417 -1.22740835417 -0.145056583178 
256.901914714 109.44533834 2.29838180542 138.092636108 14.2162208557 17826048 0.189302195107 0.0 0.189302195107 -1.71051482517 1.53515404971 -1.53515404971 -1.71051482517 
273.821961419 33.1039980171 1.43300902843 276.633911133 14.1579685211 8388608 0.486969932331 0.0 0.486969932331 0.165548466668 -1.42341440935 1.42341440935 0.165548466668 
51.8612911752 131.136109372 3.97858977318 259.901275635 13.487991333 24117249 0.0631744800332 0.0 0.0631744800332 -0.697625056083 -3.91694981642 3.91694981642 -0.697625056083 
155.48538085 95.892150971 1.42693078518 343.60446167 13.4651832581 8388608 0.49112742318 0.0 0.49112742318 1.36890601151 -0.402775120075 0.402775120075 1.36890601151 
17.3942246009 110.273005198 1.32014906406 200.858093262 13.370672226 8388608 0.573791427691 0.0 0.573791427691 -1.23363328836 -0.47004516931 0.47004516931 -1.23363328836 
35.5341591143 129.880861862 1.4505045414 354.66519165 12.3243942261 8388608 0.47529343348 0.0 0.47529343348 1.4442215322 -0.134861375326 0.134861375326 1.4442215322 
114.463166174 114.040943497 1.55504620075 190.718002319 12.0188560486 8388608 0.413536080255 0.0 0.413536080255 -1.52791750485 -0.28920025042 0.28920025042 -1.52791750485 
155.969506747 137.972357997 1.72615897655 204.455795288 10.3317747116 13828096 0.335612724078 0.0 0.335612724078 -1.57128962134 -0.71461439827 0.71461439827 -1.57128962134 
148.950402016 25.5182629434 2.5472176075 187.915924072 10.0912761688 8585728 0.154123159639 0.0 0.154123159639 -2.52294574497 -0.350802377242 0.350802377242 -2.52294574497 
61.3746230307 128.063663809 1.22911667824 164.299179077 9.70295524597 8388608 0.661932609055 0.0 0.661932609055 -1.18325571599 0.332616474781 -0.332616474781 -1.18325571599 
227.693361545 18.0549800345 2.01597237587 291.252075195 7.79308319092 8388864 0.246054236115 0.0 0.246054236115 0.730733124604 -1.87887565338 1.87887565338 0.730733124604 
219.177445838 153.056590799 1.83235681057 330.400878906 7.70635604858 18153472 0.297837862604 0.0 0.297837862604 1.59323883937 -0.90505330339 0.90505330339 1.59323883937 
116.676919639 61.504523918 1.82468104362 299.867095947 7.37435150146 17891328 0.300348923367 0.0 0.300348923367 0.908672570965 -1.58233216163 1.58233216163 0.908672570965 
232.957096696 20.3331395312 1.95702564716 295.428344727 7.2583770752 22937600 0.261100056379 0.0 0.261100056379 0.840311525409 -1.76743484291 1.76743484291 0.840311525409 
180.661408301 16.5640754514 1.59974205494 272.914276123 7.1291179657 8388608 0.390750980201 0.0 0.390750980201 0.0813337412342 -1.59767314081 1.59767314081 0.0813337412342 
186.289981327 88.9102343106 1.7408592701 173.899993896 6.91416168213 14483456 0.329968643267 0.0 0.329968643267 -1.73100240795 0.184990978061 -0.184990978061 -1.73100240795 
103.01316711 97.715177623 1.24024415016 200.015441895 6.4548034668 8388608 0.650108172275 0.0 0.650108172275 -1.16533390971 -0.424502568769 0.424502568769 -1.16533390971 
52.7819596085 106.395921729 2.54313778877 192.05670166 6.29670715332 8454656 0.154618059228 0.0 0.154618059228 -2.48703964308 -0.531209588056 0.531209588056 -2.48703964308 
166.913452366 154.84468475 1.38234066963 178.588241577 5.54322052002 8388608 0.52332300795 0.0 0.52332300795 -1.38192106659 0.0340571964779 -0.0340571964779 -1.38192106659 
100.966481547 104.775399679 1.26215469837 194.90045166 4.77006912231 8388608 0.62773280234 0.0 0.62773280234 -1.21971355053 -0.324550977945 0.324550977945 -1.21971355053 
116.048588931 154.372803526 1.24517285824 175.760192871 3.30001449585 8388608 0.644971773942 0.0 0.644971773942 -1.24176525987 0.0920569730165 -0.0920569730165 -1.24176525987 
