13
149
159.897770611 75.7786136448 3.32528018951 134.37596291 126.48891449 11141121 0.090436450789 0.0 0.090436450789 -2.32557972094 2.37679769866 -2.37679769866 -2.32557972094 
211.128636596 77.5626181936 1.42923855782 133.605266701 123.998161316 8388608 0.489542669717 0.0 0.489542669717 -0.9857259778 1.03492374204 -1.03492374204 -0.9857259778 
176.912066039 78.4291556268 3.60047316551 136.798683285 119.861595154 16908289 0.0771402146672 0.0 0.0771402146672 -2.6245753397 2.46475380146 -2.46475380146 -2.6245753397 
91.2887418922 92.4649480626 3.40743780136 131.899468763 117.730194092 12910593 0.0861279530796 0.0 0.0861279530796 -2.27557437919 2.53621639749 -2.53621639749 -2.27557437919 
219.014248442 77.6095657174 3.03322982788 137.103379167 116.774291992 21168640 0.108689943722 0.0 0.108689943722 -2.22209274286 2.06465179409 -2.06465179409 -2.22209274286 
217.603318098 77.3905021894 1.67619717121 134.540277718 112.193183899 11730944 0.355917869598 0.0 0.355917869598 -1.1757022809 1.19472218673 -1.19472218673 -1.1757022809 
201.020410181 104.932295519 2.93913292885 130.364053224 101.912620544 18940416 0.115760806303 0.0 0.115760806303 -1.90350590575 2.23945699673 -2.23945699673 -1.90350590575 
84.3156216297 50.3658365189 2.09505772591 125.607442394 101.431587219 11141376 0.227828479905 0.0 0.227828479905 -1.21980248977 1.70333460037 -1.70333460037 -1.21980248977 
175.344317654 95.9263496833 4.54379367828 129.289950585 99.9148635864 16974081 0.0484353892224 0.0 0.0484353892224 -2.87733524069 3.51667497837 -3.51667497837 -2.87733524069 
106.432139927 85.2358957933 1.64015924931 144.8162357 99.2901535034 10158080 0.371730302578 0.0 0.371730302578 -1.34051561539 0.945060975792 -0.945060975792 -1.34051561539 
234.811265295 66.4314843255 2.91510677338 139.333140599 97.270866394 18350592 0.117676858755 0.0 0.117676858755 -2.21114169437 1.89965783962 -1.89965783962 -2.21114169437 
195.011144175 91.9787958734 1.93334722519 131.343289913 93.6007995605 22020096 0.267534799745 0.0 0.267534799745 -1.27710943321 1.45148992031 -1.45148992031 -1.27710943321 
202.457417567 88.0131285477 1.76767027378 133.193804787 92.6701812744 15532032 0.320035004476 0.0 0.320035004476 -1.20991423338 1.28870700498 -1.28870700498 -1.20991423338 
199.19413572 88.5205958029 3.37745165825 132.062297569 90.9754943848 12255233 0.0876640875278 0.0 0.0876640875278 -2.26268398696 2.5074769947 -2.5074769947 -2.26268398696 
123.173602702 55.4518247024 2.48368883133 150.228925114 88.8465194702 23462144 0.162108441768 0.0 0.162108441768 -2.15588222669 1.23324046135 -1.23324046135 -2.15588222669 
221.711551529 89.2833856246 1.58029401302 136.586326552 88.2779083252 8388608 0.400427790207 0.0 0.400427790207 -1.14794244721 1.08607426334 -1.08607426334 -1.14794244721 
139.859778238 74.1522860105 2.25796055794 128.454091781 85.6226119995 16580864 0.196140508644 0.0 0.196140508644 -1.40419715841 1.76822403035 -1.76822403035 -1.40419715841 
137.428316995 93.0737791726 2.72663593292 125.049833993 82.5361404419 13500928 0.134507249646 0.0 0.134507249646 -1.56587618057 2.23216829514 -2.23216829514 -1.56587618057 
149.141311427 123.85053589 2.01048016548 136.166597204 78.8477783203 24903680 0.247400409532 0.0 0.247400409532 -1.45027312401 1.39238585226 -1.39238585226 -1.45027312401 
160.091602856 54.7350536236 2.24758863449 133.394058738 78.6777191162 16253184 0.197954940578 0.0 0.197954940578 -1.54412073437 1.63320109833 -1.63320109833 -1.54412073437 
232.728714834 88.6201795226 2.9274969101 133.034581534 76.0385513306 18612736 0.116682871758 0.0 0.116682871758 -1.99783997502 2.13983027197 -2.13983027197 -1.99783997502 
71.9042541636 94.9925829551 1.3148047924 127.527059443 75.9395065308 8388608 0.578465474305 0.0 0.578465474305 -0.800894988751 1.0427266464 -1.0427266464 -0.800894988751 
230.252410068 88.3595356389 1.64528214931 132.358981372 75.1818313599 10354688 0.36941900003 0.0 0.36941900003 -1.10854758985 1.21576132192 -1.21576132192 -1.10854758985 
90.5602607769 34.0821502011 1.53378343582 136.95810459 74.3037948608 8388608 0.425081215209 0.0 0.425081215209 -1.12097301719 1.04685773758 -1.04685773758 -1.12097301719 
158.207583304 66.8353400249 1.67123603821 132.709553114 73.6744232178 11534336 0.358034119737 0.0 0.358034119737 -1.13356964864 1.2280267697 -1.2280267697 -1.13356964864 
219.35606345 63.46635985 2.986566782 138.428521237 70.4585494995 20054528 0.112112887806 0.0 0.112112887806 -2.23433570683 1.98174798915 -1.98174798915 -2.23433570683 
185.380334775 116.311102388 3.64996218681 133.903858987 69.8993759155 17891329 0.0750625423063 0.0 0.0750625423063 -2.53106758253 2.62981384472 -2.62981384472 -2.53106758253 
193.757722834 81.6872741234 1.9324516058 136.52200996 69.6333847046 22020096 0.267782842055 0.0 0.267782842055 -1.40226176056 1.32967332966 -1.32967332966 -1.40226176056 
182.924084374 117.179750896 1.78238499165 134.472778756 69.5026397705 16187392 0.314772632988 0.0 0.314772632988 -1.2486860234 1.27188029052 -1.27188029052 -1.2486860234 
154.792654925 114.870179371 2.56600809097 136.852206682 67.6439666748 9110016 0.151874183859 0.0 0.151874183859 -1.872139153 1.75484828824 -1.75484828824 -1.872139153 
243.289872955 51.4533205051 1.39794909954 130.362255451 66.0177764893 8388608 0.511702198187 0.0 0.511702198187 -0.905337117962 1.06518842828 -1.06518842828 -0.905337117962 
229.154737651 76.1450560126 1.76214873791 134.939330057 63.5081863403 15335424 0.322043748937 0.0 0.322043748937 -1.24470721753 1.24734602943 -1.24734602943 -1.24470721753 
154.758732129 46.140705184 1.75588798523 134.631507341 62.6065063477 15073280 0.324344386339 0.0 0.324344386339 -1.2335894375 1.24955980903 -1.24955980903 -1.2335894375 
73.4227261829 70.2210617068 2.65326213837 122.841643308 61.5463027954 11534848 0.142049490549 0.0 0.142049490549 -1.43891447424 2.22919831121 -2.22919831121 -1.43891447424 
93.6112442129 108.614947175 2.91054439545 128.143170894 60.2049026489 18219520 0.118046072911 0.0 0.118046072911 -1.79763556264 2.28905549558 -2.28905549558 -1.79763556264 
182.307646398 56.9983284934 1.71059918404 136.397651141 59.6305465698 13172736 0.341746030617 0.0 0.341746030617 -1.23871943358 1.1797134115 -1.1797134115 -1.23871943358 
38.9407566382 102.649723811 1.68302631378 134.701774489 58.9574661255 11993088 0.353035344759 0.0 0.353035344759 -1.18386884328 1.1962575537 -1.1962575537 -1.18386884328 
87.1781136814 76.0249585964 2.64619517326 122.162404193 58.4006385803 11338240 0.142809222304 0.0 0.142809222304 -1.40862503405 2.2401170524 -2.2401170524 -1.40862503405 
260.371705209 68.4305413648 1.80188786983 135.643700295 57.9289550781 16973824 0.307995574781 0.0 0.307995574781 -1.28836084514 1.25973260185 -1.25973260185 -1.28836084514 
140.134338551 62.9911379814 1.94423925877 129.776694516 57.3846702576 22478848 0.264545624831 0.0 0.264545624831 -1.24391872017 1.49423308521 -1.49423308521 -1.24391872017 
146.744311832 51.085358989 1.74506032467 130.479249466 56.7720870972 14614528 0.32838182398 0.0 0.32838182398 -1.13284537117 1.32736464536 -1.32736464536 -1.13284537117 
138.216656418 101.765229231 2.38453722 127.962389511 56.7659988403 20513024 0.175870010144 0.0 0.175870010144 -1.46683393366 1.88000424591 -1.88000424591 -1.46683393366 
246.623692162 51.3271540508 2.53145623207 133.663329025 56.0071182251 24838400 0.156048340317 0.0 0.156048340317 -1.74776687129 1.83127868401 -1.83127868401 -1.74776687129 
250.240150554 96.324674676 1.34217810631 144.287831194 55.6382751465 8388608 0.555110828807 0.0 0.555110828807 -1.08979436176 0.783447712448 -0.783447712448 -1.08979436176 
233.803736839 47.8667128356 1.81828212738 149.31148957 55.334312439 17629184 0.302466624876 0.0 0.302466624876 -1.56364014118 0.92799752351 -0.92799752351 -1.56364014118 
146.042288352 151.066119052 2.01358675957 134.234247843 55.1729812622 24969216 0.246637611741 0.0 0.246637611741 -1.40466504066 1.44272234399 -1.44272234399 -1.40466504066 
74.1728572915 86.6288438531 2.9538359642 123.962382317 54.7155838013 19268096 0.114611250798 0.0 0.114611250798 -1.65015596081 2.44992493935 -2.44992493935 -1.65015596081 
181.25371278 40.0149195548 1.31180477142 136.679003141 54.2465209961 8388608 0.581114333322 0.0 0.581114333322 -0.954366018688 0.900009589228 -0.900009589228 -0.954366018688 
204.847516689 53.0414652571 1.99372518063 141.807847699 53.4208145142 24248320 0.251576118352 0.0 0.251576118352 -1.56695153467 1.23272177878 -1.23272177878 -1.56695153467 
115.962448218 32.9693514531 1.74610638618 141.658699285 53.386505127 14680064 0.327988486327 0.0 0.327988486327 -1.36952259032 1.08318760447 -1.08318760447 -1.36952259032 
188.459975648 141.93063622 2.15261983871 130.114065085 53.2923927307 13107456 0.21580689842 0.0 0.21580689842 -1.38695746928 1.64624455912 -1.64624455912 -1.38695746928 
211.758392981 98.5801131824 1.3905184269 129.791211547 52.8826065063 8388608 0.517185693873 0.0 0.517185693873 -0.889920456188 1.06844891183 -1.06844891183 -0.889920456188 
138.949027474 108.588058176 3.32131457329 134.213973079 52.7358207703 11075585 0.0906525401433 0.0 0.0906525401433 -2.31608523742 2.3805208816 -2.3805208816 -2.31608523742 
199.649937436 67.0938755311 3.42755055428 134.686457891 51.7617912292 13303809 0.0851201267851 0.0 0.0851201267851 -2.41034500569 2.43687089433 -2.43687089433 -2.41034500569 
249.357841925 62.1769770151 1.42230772972 129.138030746 50.7684059143 8388608 0.494325323729 0.0 0.494325323729 -0.897747523 1.10318115601 -1.10318115601 -0.897747523 
257.377027243 99.3179604169 1.52090740204 140.748039165 50.1816864014 8388608 0.432309175137 0.0 0.432309175137 -1.17774657143 0.962326524141 -0.962326524141 -1.17774657143 
98.8387143937 77.1469370264 1.30129444599 144.081869489 49.5971412659 8388608 0.59053935805 0.0 0.59053935805 -1.05386117981 0.763376610114 -0.763376610114 -1.05386117981 
99.0365873436 138.441776215 2.03237462044 130.02464381 48.103767395 8913152 0.242098709293 0.0 0.242098709293 -1.30705474579 1.55632724364 -1.55632724364 -1.30705474579 
245.442062218 128.777441772 2.61178135872 126.323259482 47.6408882141 10355200 0.146597432563 0.0 0.146597432563 -1.54706335422 2.10428060006 -2.10428060006 -1.54706335422 
180.584038691 64.4176991863 1.7065833807 138.171468283 47.247428894 13041664 0.343356264915 0.0 0.343356264915 -1.27165035381 1.1381266243 -1.1381266243 -1.27165035381 
136.641118546 111.441392162 1.3665920496 127.074081957 46.9022216797 8388608 0.535454065549 0.0 0.535454065549 -0.823846101563 1.09034463862 -1.09034463862 -0.823846101563 
97.7771629374 147.206010423 1.97710561752 132.670600804 46.5521621704 23658496 0.255823396041 0.0 0.255823396041 -1.34004756163 1.45369156131 -1.45369156131 -1.34004756163 
119.12344755 141.708399494 1.77972257137 131.11126315 45.9829864502 16056320 0.315715121339 0.0 0.315715121339 -1.17020917899 1.34090376555 -1.34090376555 -1.17020917899 
89.6908161779 26.9084927523 1.37182486057 129.473370011 45.9793930054 8388608 0.53137688919 0.0 0.53137688919 -0.872095835243 1.05893923444 -1.05893923444 -0.872095835243 
160.782438271 35.7777747097 1.35237419605 130.701858497 45.8705978394 8388608 0.546771977777 0.0 0.546771977777 -0.881914311101 1.0252527074 -1.0252527074 -0.881914311101 
108.288224299 150.415848925 1.96197080612 129.548481066 45.0836830139 23134208 0.259785506678 0.0 0.259785506678 -1.24924744872 1.51284839159 -1.51284839159 -1.24924744872 
65.4855483248 102.954219183 1.63370966911 123.847961088 43.0995826721 9895936 0.374671139486 0.0 0.374671139486 -0.909961615131 1.35682612812 -1.35682612812 -0.909961615131 
137.118110759 134.937244396 2.24317574501 131.640890248 41.8490486145 16056576 0.198734560745 0.0 0.198734560745 -1.49049993685 1.67637924148 -1.67637924148 -1.49049993685 
62.4722446009 148.894039127 2.25775718689 125.947796303 41.3717651367 16580864 0.196175845568 0.0 0.196175845568 -1.32541159649 1.82777230935 -1.82777230935 -1.32541159649 
179.437937884 139.353735705 1.67031562328 131.297011044 41.2583084106 11468800 0.358428812498 0.0 0.358428812498 -1.10234563407 1.25490572731 -1.25490572731 -1.10234563407 
227.527349729 147.67369739 2.21672272682 125.343572626 40.94165802 15204608 0.203506015986 0.0 0.203506015986 -1.28232559172 1.80817607673 -1.80817607673 -1.28232559172 
72.3394197875 142.664599228 1.48929262161 124.702635854 40.22240448 8388608 0.450858149536 0.0 0.450858149536 -0.847880121276 1.22437404935 -1.22437404935 -0.847880121276 
108.34189469 141.345486013 2.33903193474 125.412509554 40.0499420166 19136768 0.182779589441 0.0 0.182779589441 -1.35537340468 1.90631406793 -1.90631406793 -1.35537340468 
200.670961142 74.1518070275 2.25894331932 136.092499587 39.9887771606 16580864 0.195969882506 0.0 0.195969882506 -1.62747905926 1.56656848926 -1.56656848926 -1.62747905926 
238.334587669 143.218134324 1.73061788082 125.967546642 39.9689826965 14024704 0.333885552278 0.0 0.333885552278 -1.0164384632 1.40067523 -1.40067523 -1.0164384632 
137.225700202 147.627398642 1.76572012901 130.095735299 39.8859214783 15466496 0.320742318426 0.0 0.320742318426 -1.13724152343 1.35072176683 -1.35072176683 -1.13724152343 
157.105958749 150.171501884 1.60326361656 134.840704543 39.846622467 8519680 0.389036299728 0.0 0.389036299728 -1.13052231046 1.13682607718 -1.13682607718 -1.13052231046 
110.107158087 94.2056929326 1.7516926527 130.197613665 39.4883117676 14876672 0.325899867022 0.0 0.325899867022 -1.13058776399 1.337982981 -1.337982981 -1.13058776399 
91.3234275839 41.1797898262 1.77572178841 133.291637884 39.1788787842 15925248 0.317139365393 0.0 0.317139365393 -1.21763396941 1.2924996659 -1.2924996659 -1.21763396941 
172.982536794 155.675056384 1.32828307152 129.276047626 39.1548843384 8388608 0.566785491216 0.0 0.566785491216 -0.84087931495 1.02823046822 -1.02823046822 -0.84087931495 
246.345822436 115.861180407 2.06336665154 130.416167458 38.7940292358 10027264 0.234880620612 0.0 0.234880620612 -1.3377523282 1.57095532943 -1.57095532943 -1.3377523282 
243.706242425 78.8339889148 1.58839905262 136.781793873 38.4330215454 8388608 0.396351732855 0.0 0.396351732855 -1.1575475109 1.0877018481 -1.0877018481 -1.1575475109 
192.306548654 65.3435888509 1.28490519524 134.152865639 36.1972198486 8388608 0.60570035724 0.0 0.60570035724 -0.895032965701 0.921898774841 -0.921898774841 -0.895032965701 
175.788855224 40.6226724429 1.28395056725 131.41262639 36.0988311768 8388608 0.606601378642 0.0 0.606601378642 -0.849303965559 0.962918393851 -0.962918393851 -0.849303965559 
33.9114947766 117.427510059 1.42389237881 131.766833124 35.9284820557 8388608 0.493225667183 0.0 0.493225667183 -0.948455886839 1.06202680623 -1.06202680623 -0.948455886839 
257.56015981 153.829011434 1.80074119568 133.158264202 35.757850647 16908288 0.30838794989 0.0 0.30838794989 -1.2317356526 1.31358141579 -1.31358141579 -1.2317356526 
174.485411582 65.8664971386 2.20107269287 138.118762449 35.5237121582 14745856 0.206410235005 0.0 0.206410235005 -1.63876509029 1.46941143938 -1.46941143938 -1.63876509029 
150.638266704 64.2466393251 1.23721075058 132.803312422 34.5811424255 8388608 0.653299957317 0.0 0.653299957317 -0.840664565712 0.90772987684 -0.90772987684 -0.840664565712 
149.960558378 81.6734890398 1.50213611126 130.397293375 34.0105400085 8388608 0.443181299593 0.0 0.443181299593 -0.973510267828 1.14398018129 -1.14398018129 -0.973510267828 
209.937336189 151.454767648 1.35403323174 125.993820199 33.6449394226 8388608 0.545432928665 0.0 0.545432928665 -0.795762608708 1.09552173106 -1.09552173106 -0.795762608708 
213.083677208 139.726443742 2.53534221649 125.508393888 32.8328742981 24969472 0.15557034828 0.0 0.15557034828 -1.47258309007 2.06384573007 -2.06384573007 -1.47258309007 
99.0370480479 157.077692363 1.40597605705 129.410875976 32.5907249451 8388608 0.505876086391 0.0 0.505876086391 -0.892622118854 1.08627548345 -1.08627548345 -0.892622118854 
201.946926302 155.900999308 1.3418353796 126.161143037 32.5880813599 8388608 0.555394433795 0.0 0.555394433795 -0.791761057246 1.08334510391 -1.08334510391 -0.791761057246 
167.506507336 125.451170601 3.41985249519 134.401320987 31.4540557861 13172737 0.0855037674585 0.0 0.0855037674585 -2.39280175398 2.44333600944 -2.44333600944 -2.39280175398 
131.067730996 70.2110725394 1.2192183733 129.776838384 30.8726501465 8388608 0.672724125037 0.0 0.672724125037 -0.780054782946 0.937020798804 -0.937020798804 -0.780054782946 
238.84604171 81.8145650688 1.44093310833 129.702469929 30.7534179688 8388608 0.481628701197 0.0 0.481628701197 -0.920469488194 1.10861361348 -1.10861361348 -0.920469488194 
122.729023346 154.515777727 1.52179419994 129.850882548 30.200586319 8388608 0.431805481313 0.0 0.431805481313 -0.975153145668 1.16830386864 -1.16830386864 -0.975153145668 
145.015796134 115.161823256 1.56623351574 135.145267645 29.1975917816 8388608 0.407649556013 0.0 0.407649556013 -1.11029871698 1.10468284358 -1.10468284358 -1.11029871698 
51.2012104233 146.442694436 1.7472345829 142.052377179 29.0436973572 14745600 0.327565055987 0.0 0.327565055987 -1.37782242526 1.07444592797 -1.07444592797 -1.37782242526 
178.73126764 109.701803771 1.43395733833 132.857909273 29.0305519104 8388608 0.486326055842 0.0 0.486326055842 -0.975352749459 1.0511520643 -1.0511520643 -0.975352749459 
136.699538454 43.6239866906 2.02982640266 142.7631265 27.9095401764 8847616 0.242706946007 0.0 0.242706946007 -1.61602732151 1.22827151765 -1.22827151765 -1.61602732151 
194.031160764 100.901971763 1.27804601192 130.250543822 27.0848560333 8388608 0.612219306469 0.0 0.612219306469 -0.825785433785 0.975438376293 -0.975438376293 -0.825785433785 
169.429932658 41.2402745292 1.61529922485 129.692043395 27.084690094 9043968 0.383260472492 0.0 0.383260472492 -1.03162856276 1.24295377803 -1.24295377803 -1.03162856276 
50.7413898464 33.5829322222 1.7498062849 123.175269214 26.7648735046 14811136 0.326602914431 0.0 0.326602914431 -0.957497493239 1.46458887922 -1.46458887922 -0.957497493239 
136.841482474 81.0282769681 1.39168572426 122.796217701 25.7891254425 8388608 0.516318463145 0.0 0.516318463145 -0.753810358344 1.16985430664 -1.16985430664 -0.753810358344 
43.6619209538 152.550157285 1.74998390675 144.347146582 25.4101371765 14811136 0.326536617974 0.0 0.326536617974 -1.42197291946 1.02001798523 -1.02001798523 -1.42197291946 
87.707435787 151.887813782 1.38290047646 138.677332014 25.2723789215 8388608 0.522899404806 0.0 0.522899404806 -1.03856234788 0.913127579993 -0.913127579993 -1.03856234788 
226.794784636 155.779478809 1.3194950819 126.08643058 24.7445487976 8388608 0.574360345843 0.0 0.574360345843 -0.777189179246 1.06632277047 -1.06632277047 -0.777189179246 
38.9808742056 53.4031608995 1.83243346214 130.914431815 24.3607902527 18153472 0.297812945723 0.0 0.297812945723 -1.20011780843 1.38474894442 -1.38474894442 -1.20011780843 
251.177666128 148.157580086 1.30688166618 131.390526396 23.618812561 8388608 0.585500768091 0.0 0.585500768091 -0.864094251272 0.980449292072 -0.980449292072 -0.864094251272 
64.2359648672 33.3195757542 1.47535967827 118.453628847 23.5064277649 8388608 0.459413951845 0.0 0.459413951845 -0.70293121141 1.29714066018 -1.29714066018 -0.70293121141 
234.57286296 56.3842769531 2.03699207306 145.491003363 23.1362285614 9109760 0.241002374819 0.0 0.241002374819 -1.67855732747 1.15402859761 -1.15402859761 -1.67855732747 
70.0566263925 134.2565269 1.53334772587 125.253916147 22.4624042511 8388608 0.425322828286 0.0 0.425322828286 -0.885049849699 1.25213498153 -1.25213498153 -0.885049849699 
149.631775814 107.391251963 1.36129748821 133.320125722 22.274646759 8388608 0.539627301136 0.0 0.539627301136 -0.933950742342 0.990387228458 -0.990387228458 -0.933950742342 
73.1148621543 103.116427007 1.35580861568 128.12993144 22.2611312866 8388608 0.544005413242 0.0 0.544005413242 -0.837139809786 1.06649610465 -1.06649610465 -0.837139809786 
65.374708394 138.347750989 1.28894758224 122.917900605 21.6432971954 8388608 0.601907129579 0.0 0.601907129579 -0.700461473739 1.08200720588 -1.08200720588 -0.700461473739 
241.491660306 28.4053283014 1.63104581833 132.965944644 21.141292572 9764864 0.375895976983 0.0 0.375895976983 -1.11166136022 1.19353235469 -1.19353235469 -1.11166136022 
227.697328109 125.946020237 1.26819086075 124.988724364 20.9827919006 8388608 0.621771428817 0.0 0.621771428817 -0.727199939638 1.038984267 -1.038984267 -0.727199939638 
148.242507261 93.9936784662 1.40222609043 127.47594682 20.9494476318 8388608 0.508585428408 0.0 0.508585428408 -0.853154064382 1.11281901094 -1.11281901094 -0.853154064382 
148.16850197 99.4897395117 1.47621262074 126.57062516 20.5741195679 8388608 0.458883214661 0.0 0.458883214661 -0.879546968402 1.1855803777 -1.1855803777 -0.879546968402 
149.594627956 89.9531189239 1.52997243404 128.748869578 18.8693122864 8388608 0.427201518605 0.0 0.427201518605 -0.957622116692 1.1932206546 -1.1932206546 -0.957622116692 
144.933392889 24.3296982452 1.31298005581 139.464471455 18.8477268219 8388608 0.58007445625 0.0 0.58007445625 -0.997868916766 0.85333126739 -0.85333126739 -0.997868916766 
152.478132782 95.401044008 2.62083339691 129.66420271 18.7938594818 10617344 0.145586522138 0.0 0.145586522138 -1.67284385228 2.01751360349 -2.01751360349 -1.67284385228 
236.958387745 113.283011959 1.90750741959 127.180905018 18.2237262726 21102592 0.274832145487 0.0 0.274832145487 -1.15277086695 1.51977099725 -1.51977099725 -1.15277086695 
31.5182839533 104.36612918 1.38604748249 141.984351432 18.1945304871 8388608 0.520527625366 0.0 0.520527625366 -1.09198721816 0.85363431227 -0.85363431227 -1.09198721816 
226.005421467 34.5744440352 1.4408056736 141.445562784 17.8166046143 8388608 0.481713902052 0.0 0.481713902052 -1.12673358984 0.897993544852 -0.897993544852 -1.12673358984 
162.206991253 105.645836384 1.32844030857 131.914296642 16.9472064972 8388608 0.566651327256 0.0 0.566651327256 -0.887422380625 0.988552058216 -0.988552058216 -0.887422380625 
41.8677781769 145.152861501 1.30825304985 143.180678674 16.9135246277 8388608 0.584273902472 0.0 0.584273902472 -1.04729492731 0.784027663849 -0.784027663849 -1.04729492731 
61.5365769766 80.6602358441 1.28426170349 127.073559082 16.5408668518 8388608 0.60630749335 0.0 0.60630749335 -0.774204137369 1.02466388476 -1.02466388476 -0.774204137369 
113.703715207 40.0525330133 1.69287121296 148.285188059 15.2427654266 12451840 0.348941127581 0.0 0.348941127581 -1.44008362126 0.889928147351 -0.889928147351 -1.44008362126 
39.748432153 43.7643673501 1.60968315601 122.51209284 15.1675071716 8781824 0.385939474261 0.0 0.385939474261 -0.865168643423 1.35741043211 -1.35741043211 -0.865168643423 
175.784386649 30.1691405029 1.57716274261 128.894886141 15.0731887817 8388608 0.402019372787 0.0 0.402019372787 -0.990290382929 1.22750449049 -1.22750449049 -0.990290382929 
136.36585293 154.963800582 1.56139183044 133.098623178 14.9356527328 8388608 0.410181618678 0.0 0.410181618678 -1.06683069191 1.14009504998 -1.14009504998 -1.06683069191 
34.8527979321 36.9895062126 1.471788764 130.939881652 14.6837482452 8388608 0.4616459542 0.0 0.4616459542 -0.964414282853 1.11178561641 -1.11178561641 -0.964414282853 
256.901914714 109.44533834 2.29838180542 133.036367363 14.2162208557 17826048 0.189302195107 0.0 0.189302195107 -1.56855924337 1.67993476765 -1.67993476765 -1.56855924337 
273.821961419 33.1039980171 1.43300902843 141.202428112 14.1579685211 8388608 0.486969932331 0.0 0.486969932331 -1.11683639188 0.897881589832 -0.897881589832 -1.11683639188 
155.48538085 95.892150971 1.42693078518 124.672462394 13.4651832581 8388608 0.49112742318 0.0 0.49112742318 -0.811758545517 1.17353292645 -1.17353292645 -0.811758545517 
35.5341591143 129.880861862 1.4505045414 125.326142977 12.3243942261 8388608 0.47529343348 0.0 0.47529343348 -0.838725171801 1.18342870964 -1.18342870964 -0.838725171801 
114.463166174 114.040943497 1.55504620075 128.640038025 12.0188560486 8388608 0.413536080255 0.0 0.413536080255 -0.971010605968 1.21462220035 -1.21462220035 -0.971010605968 
155.969506747 137.972357997 1.72615897655 131.207264156 10.3317747116 13828096 0.335612724078 0.0 0.335612724078 -1.13716737999 1.29864358553 -1.29864358553 -1.13716737999 
61.3746230307 128.063663809 1.22911667824 121.562107236 9.70295524597 8388608 0.661932609055 0.0 0.661932609055 -0.643347323086 1.04729748906 -1.04729748906 -0.643347323086 
219.177445838 153.056590799 1.83235681057 128.788877206 7.70635604858 18153472 0.297837862604 0.0 0.297837862604 -1.14788451799 1.4282480928 -1.4282480928 -1.14788451799 
116.676919639 61.504523918 1.82468104362 143.471413416 7.37435150146 17891328 0.300348923367 0.0 0.300348923367 -1.46624067321 1.08609354992 -1.08609354992 -1.46624067321 
186.289981327 88.9102343106 1.7408592701 127.384493516 6.91416168213 14483456 0.329968643267 0.0 0.329968643267 -1.05698153801 1.38325016775 -1.38325016775 -1.05698153801 
103.01316711 97.715177623 1.24024415016 130.792305774 6.4548034668 8388608 0.650108172275 0.0 0.650108172275 -0.810274995454 0.938967509423 -0.938967509423 -0.810274995454 
52.7819596085 106.395921729 2.54313778877 128.66156316 6.29670715332 8454656 0.154618059228 0.0 0.154618059228 -1.58874640573 1.98580831677 -1.98580831677 -1.58874640573 
166.913452366 154.84468475 1.38234066963 127.470069609 5.54322052002 8388608 0.52332300795 0.0 0.52332300795 -0.840942676296 1.09712403223 -1.09712403223 -0.840942676296 
100.966481547 104.775399679 1.26215469837 130.870432308 4.77006912231 8388608 0.62773280234 0.0 0.62773280234 -0.825891767054 0.954430338858 -0.954430338858 -0.825891767054 
116.048588931 154.372803526 1.24517285824 128.970246084 3.30001449585 8388608 0.644971773942 0.0 0.644971773942 -0.783110043983 0.968087860633 -0.968087860633 -0.783110043983 
