13
111
128.178762166 231.91592307 3.15185666084 135.797784572 147.986968994 23986688 0.100662354158 0.0 0.100662354158 -2.25951450786 2.19745184232 -2.19745184232 -2.25951450786 
117.399958749 220.456599802 2.66989469528 131.789735215 89.6901321411 11993600 0.140285161049 0.0 0.140285161049 -1.77921489962 1.99066120294 -1.99066120294 -1.77921489962 
113.185232316 210.133382087 2.33801054955 126.462575346 79.9314956665 19071232 0.182939322804 0.0 0.182939322804 -1.38947404412 1.88033380294 -1.88033380294 -1.38947404412 
115.94886943 207.76050021 3.46703982353 131.036360871 77.3026428223 14155777 0.0831921483685 0.0 0.0831921483685 -2.27624286579 2.61516415429 -2.61516415429 -2.27624286579 
98.4763125451 201.528892956 2.92365241051 128.532582522 69.6387405396 18547200 0.116989941223 0.0 0.116989941223 -1.82131728805 2.28703886144 -2.28703886144 -1.82131728805 
111.6018384 154.5317167 1.34628045559 130.326704331 64.526260376 8388608 0.551732945841 0.0 0.551732945841 -0.871238897742 1.02635951214 -1.02635951214 -0.871238897742 
109.99687313 204.177613357 1.48615348339 131.966628915 56.0536994934 8388608 0.452764817737 0.0 0.452764817737 -0.993787355402 1.10500627529 -1.10500627529 -0.993787355402 
121.287101451 208.971848289 1.48847806454 127.553833652 47.559753418 8388608 0.4513517412 0.0 0.4513517412 -0.907237166687 1.18003714856 -1.18003714856 -0.907237166687 
100.857882427 99.6298680978 2.65589237213 132.770934924 46.2488822937 11600384 0.14176827557 0.0 0.14176827557 -1.80353420232 1.94962270026 -1.94962270026 -1.80353420232 
29.5573449919 198.152980435 1.37444019318 132.122558515 43.5511398315 8388608 0.529356568336 0.0 0.529356568336 -0.921862736831 1.01943854109 -1.01943854109 -0.921862736831 
109.166247315 192.932462379 1.73955571651 133.16502533 38.965839386 14417920 0.330463359205 0.0 0.330463359205 -1.1900335432 1.26880820336 -1.26880820336 -1.1900335432 
122.617806898 90.9540337582 1.33723270893 131.588049814 31.1019821167 8388608 0.559224278759 0.0 0.559224278759 -0.887615262639 1.00016521803 -1.00016521803 -0.887615262639 
57.302900247 70.5610957832 3.22719526291 127.210191058 30.4584617615 8978433 0.0960173052532 0.0 0.0960173052532 -1.95161658727 2.57021048967 -2.57021048967 -1.95161658727 
48.810674779 113.491616477 2.06637096405 138.779364562 26.6509933472 10158336 0.23419812766 0.0 0.23419812766 -1.55427801222 1.36165664608 -1.36165664608 -1.55427801222 
120.167017106 115.218737409 1.67696678638 125.877608312 26.4593849182 11730944 0.355591259745 0.0 0.355591259745 -0.982796012048 1.35879711559 -1.35879711559 -0.982796012048 
33.9259662098 111.229217461 1.33891606331 136.650954811 26.2161426544 8388608 0.557818991464 0.0 0.557818991464 -0.973640253987 0.919086981957 -0.919086981957 -0.973640253987 
122.80951854 171.588692772 1.98179984093 137.50365132 24.2374267578 23855104 0.254612910611 0.0 0.254612910611 -1.46122142968 1.33879144864 -1.33879144864 -1.46122142968 
97.5949411595 163.05391058 3.92922616005 127.813815712 24.2306957245 23199745 0.064771797035 0.0 0.064771797035 -2.40899899359 3.10411695426 -3.10411695426 -2.40899899359 
48.8721928043 43.0482345971 1.32165873051 126.844722945 23.0094604492 8388608 0.572481348296 0.0 0.572481348296 -0.792530591944 1.0576753097 -1.0576753097 -0.792530591944 
49.6360486244 47.8389515662 1.51530349255 126.203630955 22.9374828339 8388608 0.43551262736 0.0 0.43551262736 -0.89502431985 1.2227330622 -1.2227330622 -0.89502431985 
129.214106457 180.578894165 1.52772903442 127.977383581 22.9342803955 8388608 0.428457091255 0.0 0.428457091255 -0.940088634409 1.20423808363 -1.20423808363 -0.940088634409 
48.8739759053 32.3997527314 1.47246420383 129.103827414 22.5018978119 8388608 0.461222524484 0.0 0.461222524484 -0.9287238821 1.14263851781 -1.14263851781 -0.9287238821 
53.7818657162 81.4625174081 1.56169211864 128.511638754 22.3945426941 8388608 0.410023891227 0.0 0.410023891227 -0.972424451373 1.22199548273 -1.22199548273 -0.972424451373 
106.698670368 130.848045882 2.9587829113 125.400789601 21.4947891235 19399168 0.114228321849 0.0 0.114228321849 -1.71400047056 2.41176257188 -2.41176257188 -1.71400047056 
44.2563705121 111.734039459 1.27296710014 143.660448164 20.7502174377 8388608 0.617114343959 0.0 0.617114343959 -1.02539971736 0.754321322566 -0.754321322566 -1.02539971736 
120.361708479 179.332926385 1.88663828373 133.034819842 19.4281768799 20250624 0.280945910093 0.0 0.280945910093 -1.2875225111 1.37901769279 -1.37901769279 -1.2875225111 
54.3264892776 96.7792128009 1.69490599632 126.077106167 19.3449840546 12517376 0.348103802794 0.0 0.348103802794 -0.998085157714 1.36986581617 -1.36986581617 -0.998085157714 
105.837088113 147.323113197 1.60475444794 128.268896552 18.8229217529 8585216 0.388313799017 0.0 0.388313799017 -0.993909351111 1.25991310809 -1.25991310809 -0.993909351111 
95.2771796376 237.722330302 2.64352822304 130.494150055 17.8610496521 11272704 0.143097516717 0.0 0.143097516717 -1.71662899782 2.01032991069 -2.01032991069 -1.71662899782 
68.4169038839 119.720305666 2.00027132034 131.854482678 17.7749347687 24510464 0.249932183715 0.0 0.249932183715 -1.33466312306 1.48988580197 -1.48988580197 -1.33466312306 
61.9921163701 106.32885134 2.07825398445 132.852644112 14.6300468445 10551552 0.23152759278 0.0 0.23152759278 -1.4134520785 1.52357895945 -1.52357895945 -1.4134520785 
113.217159713 179.911578173 1.24641883373 130.912462617 14.6128044128 8388608 0.643682933727 0.0 0.643682933727 -0.816286183964 0.941932468362 -0.941932468362 -0.816286183964 
68.4510654295 62.7533140675 1.48204398155 126.816580031 14.5709877014 8388608 0.455279206675 0.0 0.455279206675 -0.888122689999 1.18646215732 -1.18646215732 -0.888122689999 
93.1634428878 85.4145142743 2.82911777496 127.701594861 13.5514717102 16187904 0.12493897692 0.0 0.12493897692 -1.73014432754 2.2384164024 -2.2384164024 -1.73014432754 
69.389670441 69.1831519 1.66581439972 126.449963849 13.3069114685 11272192 0.360368461922 0.0 0.360368461922 -0.989694576317 1.33994114047 -1.33994114047 -0.989694576317 
40.4532934656 97.3555062882 2.02876782417 128.909834191 13.0270271301 8847616 0.242960293264 0.0 0.242960293264 -1.27426222384 1.57865596927 -1.57865596927 -1.27426222384 
93.9071256958 89.6204180055 1.2180583477 126.301153622 12.7156982422 8388608 0.674006081364 0.0 0.674006081364 -0.721126359632 0.981653152519 -0.981653152519 -0.721126359632 
88.7738669222 226.930489891 1.35810220242 129.049413114 12.4294471741 8388608 0.542169513107 0.0 0.542169513107 -0.855591328474 1.05470615379 -1.05470615379 -0.855591328474 
70.2102392532 74.405998468 1.76388847828 125.906207783 12.3876914978 15400960 0.321408792457 0.0 0.321408792457 -1.03445024559 1.42871104609 -1.42871104609 -1.03445024559 
39.7182995194 130.867562282 1.32593393326 128.324549473 12.3011131287 8388608 0.568795601843 0.0 0.568795601843 -0.822231822466 1.04020941425 -1.04020941425 -0.822231822466 
66.6360700029 56.4666102829 1.30167269707 126.689427764 11.8567886353 8388608 0.590196200061 0.0 0.590196200061 -0.777719749113 1.04379298816 -1.04379298816 -0.777719749113 
71.5999333909 90.9889401045 1.98640930653 126.529821432 11.4838943481 23986176 0.253432622396 0.0 0.253432622396 -1.18239245935 1.59617355107 -1.59617355107 -1.18239245935 
90.7114735469 99.1070590538 1.62636816502 128.243852529 11.3714790344 9568256 0.378061341099 0.0 0.378061341099 -1.00673764757 1.2773224797 -1.2773224797 -1.00673764757 
27.9241430312 129.973057162 1.30029129982 126.156226776 10.6630783081 8388608 0.591450885809 0.0 0.591450885809 -0.767157548376 1.04986987782 -1.04986987782 -0.767157548376 
55.9789281337 107.603748123 1.36386370659 130.72961574 10.4480724335 8388608 0.537598507962 0.0 0.537598507962 -0.889907689603 1.03353205762 -1.03353205762 -0.889907689603 
91.6166860627 134.721109058 2.99469518661 127.325682644 9.7039680481 20251136 0.111505104974 0.0 0.111505104974 -1.81581817665 2.38138690895 -2.38138690895 -1.81581817665 
46.0112824996 226.38312392 1.71650052071 124.342033988 9.15032577515 13434880 0.339400221168 0.0 0.339400221168 -0.968332784129 1.4172881347 -1.4172881347 -0.968332784129 
39.6010527602 116.723708131 1.31530618668 137.00692783 8.9327583313 8388608 0.578024536678 0.0 0.578024536678 -0.962062505147 0.896920342561 -0.896920342561 -0.962062505147 
103.489700523 81.6075071107 1.69228196144 123.306223344 8.78614425659 12386304 0.349184172052 0.0 0.349184172052 -0.929255037283 1.41432079554 -1.41432079554 -0.929255037283 
78.0431255732 107.460909154 1.54413640499 133.923108138 8.71124458313 8388608 0.419400241034 0.0 0.419400241034 -1.07115565715 1.11219728258 -1.11219728258 -1.07115565715 
26.1389836866 123.137388764 1.23063349724 127.650191831 8.37646865845 8388608 0.660301882767 0.0 0.660301882767 -0.751718916978 0.974360033243 -0.974360033243 -0.751718916978 
98.4229978395 117.471731696 1.33247900009 126.488362531 8.15550231934 8388608 0.563221537086 0.0 0.563221537086 -0.792371297802 1.07128334819 -1.07128334819 -0.792371297802 
93.4068673172 106.117310837 1.39855468273 128.684509818 8.1293182373 8388608 0.51125915343 0.0 0.51125915343 -0.874140927641 1.09171096871 -1.09171096871 -0.874140927641 
86.2012989137 235.196246654 1.75266802311 130.4122922 7.76606750488 14942208 0.32553723744 0.0 0.32553723744 -1.13622535039 1.33448010564 -1.33448010564 -1.13622535039 
127.324543528 137.817437598 1.27518570423 125.609754907 7.7232170105 8388608 0.614968866051 0.0 0.614968866051 -0.74249140881 1.03672806855 -1.03672806855 -0.74249140881 
84.5552620826 120.561979541 2.66786670685 129.341980846 7.33736801147 11928064 0.140498518646 0.0 0.140498518646 -1.69128795835 2.06326387248 -2.06326387248 -1.69128795835 
83.2601539121 214.325875365 2.92437696457 129.319347252 7.12560081482 18547200 0.116931976715 0.0 0.116931976715 -1.85300848283 2.26237490117 -2.26237490117 -1.85300848283 
81.3847170378 86.0740492197 1.52149403095 123.176318397 6.86972808838 8388608 0.4319758762 0.0 0.4319758762 -0.832587891599 1.27347614386 -1.27347614386 -0.832587891599 
103.248985171 90.0296207165 1.29754889011 129.233886122 6.83219909668 8388608 0.593953627303 0.0 0.593953627303 -0.820683470733 1.0050431648 -1.0050431648 -0.820683470733 
123.755416124 146.533290835 1.42474341393 125.447483254 6.1694984436 8388608 0.492636610943 0.0 0.492636610943 -0.826289206052 1.16066357894 -1.16066357894 -0.826289206052 
91.6330758338 75.6318782078 1.28693139553 125.059387179 6.16801071167 8388608 0.603794577161 0.0 0.603794577161 -0.73924579938 1.05342681991 -1.05342681991 -0.73924579938 
45.0734647208 233.770340706 1.30420136452 121.619162932 6.02689743042 8388608 0.58790979986 0.0 0.58790979986 -0.683754617169 1.11059480582 -1.11059480582 -0.683754617169 
87.1200208663 43.7769803615 1.31823039055 124.850467032 5.94158172607 8388608 0.575462940672 0.0 0.575462940672 -0.753285128583 1.0818007569 -1.0818007569 -0.753285128583 
70.1812188319 215.399266253 1.4841530323 128.359209692 5.64242935181 8388608 0.453986180036 0.0 0.453986180036 -0.921050072913 1.16377703469 -1.16377703469 -0.921050072913 
73.810846039 99.8351972559 2.25839471817 130.74542853 5.51368331909 16580864 0.196065102672 0.0 0.196065102672 -1.4740526661 1.7109983754 -1.7109983754 -1.4740526661 
41.7171235686 43.6811261183 1.35602462292 127.38828232 5.5083656311 8388608 0.543832112931 0.0 0.543832112931 -0.823396267012 1.07741420328 -1.07741420328 -0.823396267012 
147.502157474 79.0787318568 1.46792972088 127.887748546 5.17305374146 8388608 0.464076388475 0.0 0.464076388475 -0.901479800226 1.15851276869 -1.15851276869 -0.901479800226 
39.2851128185 234.291468968 1.23633277416 123.744488169 5.03071975708 8388608 0.654228163107 0.0 0.654228163107 -0.686770793653 1.02803920424 -1.02803920424 -0.686770793653 
60.5789264798 139.019742082 1.34626352787 126.594165017 4.88102054596 8388608 0.551746820746 0.0 0.551746820746 -0.802565730704 1.08088562502 -1.08088562502 -0.802565730704 
153.425626877 78.8641676885 1.91452372074 129.466711588 4.81395339966 21364736 0.272821439978 0.0 0.272821439978 -1.21692833917 1.47800084391 -1.47800084391 -1.21692833917 
81.9349234697 221.933201134 1.51059103012 126.996037178 4.8072719574 8388608 0.438234129211 0.0 0.438234129211 -0.909012932979 1.20647451194 -1.20647451194 -0.909012932979 
90.4701439581 59.5635868403 1.49540102482 124.556166198 4.73204803467 8388608 0.447182348178 0.0 0.447182348178 -0.848212162496 1.23156824919 -1.23156824919 -0.848212162496 
23.8578237418 234.612920698 1.26867425442 124.211194121 4.70914840698 8388608 0.621297701048 0.0 0.621297701048 -0.713305702107 1.04915648936 -1.04915648936 -0.713305702107 
59.3284032358 183.215685885 1.42634737492 126.125799984 4.47465133667 8388608 0.49152927112 0.0 0.49152927112 -0.840917545414 1.15209570598 -1.15209570598 -0.840917545414 
148.062942847 206.786457204 2.04332208633 124.816196172 4.3790435791 9306368 0.239511483841 0.0 0.239511483841 -1.16662588635 1.67754260447 -1.67754260447 -1.16662588635 
28.8803968226 182.537172719 1.43400204182 129.16406208 4.25408172607 8388608 0.486295734923 0.0 0.486295734923 -0.90563410356 1.1118402432 -1.1118402432 -0.90563410356 
34.9103804586 222.857763536 1.65986359119 124.477417754 4.22389984131 11010048 0.362957021418 0.0 0.362957021418 -0.939617866243 1.36830749717 -1.36830749717 -0.939617866243 
85.4215326368 35.9098078257 1.30663323402 125.066523494 4.18254089355 8388608 0.585723433555 0.0 0.585723433555 -0.750696240972 1.06946040696 -1.06946040696 -0.750696240972 
83.5218400497 27.3810686541 1.40786063671 124.715768048 4.05165863037 8388608 0.504522648891 0.0 0.504522648891 -0.801784741169 1.15724362225 -1.15724362225 -0.801784741169 
142.926829554 116.081915906 1.9491314888 124.780889038 4.01184463501 22609920 0.263219296828 0.0 0.263219296828 -1.1118618692 1.60089873023 -1.60089873023 -1.1118618692 
151.549996412 123.726877852 1.72111725807 124.85680219 3.97563934326 13631488 0.337581844047 0.0 0.337581844047 -0.983665606705 1.41231957794 -1.41231957794 -0.983665606705 
159.801240405 131.65635838 1.54199969769 124.841855081 3.96810913086 8388608 0.420563349478 0.0 0.420563349478 -0.880964893051 1.26556861721 -1.26556861721 -0.880964893051 
143.723425773 179.77071586 1.55736231804 124.848210136 3.93772125244 8388608 0.412306968915 0.0 0.412306968915 -0.889883527576 1.27807851754 -1.27807851754 -0.889883527576 
161.180262871 190.860014162 1.62003648281 124.897994773 3.85679626465 9240576 0.381022314058 0.0 0.381022314058 -0.926850687158 1.32870839892 -1.32870839892 -0.926850687158 
168.481153268 151.916701855 1.2595937252 124.847124822 3.74426651001 8388608 0.630287977239 0.0 0.630287977239 -0.719717691814 1.03372278521 -1.03372278521 -0.719717691814 
140.140836228 108.244639512 1.32756459713 124.869158045 3.73225402832 8388608 0.56739914279 0.0 0.56739914279 -0.758974399343 1.08921330358 -1.08921330358 -0.758974399343 
144.142017375 220.569781283 1.25228512287 124.496385134 3.70006942749 8388608 0.637666435107 0.0 0.637666435107 -0.709236989777 1.03208571412 -1.03208571412 -0.709236989777 
105.57304227 118.749473707 1.20890033245 124.954235222 3.66468429565 8388608 0.684256617143 0.0 0.684256617143 -0.692605546692 0.990826710627 -0.990826710627 -0.692605546692 
138.998478877 200.324626923 1.80590999126 124.885051669 3.64765930176 17104896 0.306625167523 0.0 0.306625167523 -1.03285749339 1.48138998745 -1.48138998745 -1.03285749339 
137.766830377 147.792955456 1.71691441536 124.940361557 3.57063293457 13434880 0.339236603222 0.0 0.339236603222 -0.983317200406 1.40743823774 -1.40743823774 -0.983317200406 
136.137858398 158.028647939 1.4819920063 124.927926997 3.56576156616 8388608 0.455311141618 0.0 0.455311141618 -0.848507946565 1.21504509026 -1.21504509026 -0.848507946565 
142.41357204 163.755385533 2.3207025528 124.948618766 3.56495666504 18546944 0.185678252459 0.0 0.185678252459 -1.32939499467 1.90220116883 -1.90220116883 -1.32939499467 
103.189510343 61.0407885876 1.29230165482 124.954294876 3.55527877808 8388608 0.598786774032 0.0 0.598786774032 -0.740389098449 1.05918249133 -1.05918249133 -0.740389098449 
108.171576674 56.4877381561 2.25362253189 124.973272363 3.55508804321 16449792 0.196896342011 0.0 0.196896342011 -1.29176348055 1.84666229359 -1.84666229359 -1.29176348055 
168.808314858 188.628461939 1.23963189125 124.95519822 3.55065155029 8388608 0.650750512666 0.0 0.650750512666 -0.710229408108 1.0160026642 -1.0160026642 -0.710229408108 
144.482761873 132.435983004 1.45988047123 124.935965444 3.54706192017 8388608 0.469207993128 0.0 0.469207993128 -0.836016001274 1.19679916272 -1.19679916272 -0.836016001274 
150.523723381 105.386648208 1.21469461918 124.951105406 3.54405975342 8388608 0.677744160993 0.0 0.677744160993 -0.695870835834 0.995613779383 -0.995613779383 -0.695870835834 
159.57171867 148.291385046 1.66179525852 124.935294707 3.54301452637 11075584 0.362113710871 0.0 0.362113710871 -0.951628692766 1.36233854542 -1.36233854542 -0.951628692766 
104.590538344 46.6415162125 1.42395353317 124.951272543 3.54201507568 8388608 0.493183303083 0.0 0.493183303083 -0.815753898335 1.16712863129 -1.16712863129 -0.815753898335 
142.339711202 192.834791917 2.14139032364 124.848384975 3.54038238525 12714240 0.218076228772 0.0 0.218076228772 -1.22360500486 1.75736829102 -1.75736829102 -1.22360500486 
142.956277518 146.202155889 2.43267893791 124.924440041 3.5277671814 21954816 0.168978095077 0.0 0.168978095077 -1.39269814554 1.99457230763 -1.99457230763 -1.39269814554 
59.4742582932 156.306466565 1.52854466438 125.789434495 3.509308815 8388608 0.427999964667 0.0 0.427999964667 -0.893905304856 1.23991213276 -1.23991213276 -0.893905304856 
140.001994884 156.395323039 2.49829006195 124.884507204 3.49700164795 23855360 0.16021909683 0.0 0.16021909683 -1.42883225328 2.04936371238 -2.04936371238 -1.42883225328 
57.0813881789 131.672477786 1.30971050262 126.24447731 3.38884830475 8388608 0.582974259821 0.0 0.582974259821 -0.774342646107 1.05628361111 -1.05628361111 -0.774342646107 
79.3042626107 152.403539097 2.33058571815 125.73323343 3.35202121735 18874624 0.1841068038 0.0 0.1841068038 -1.36109037189 1.89184111098 -1.89184111098 -1.36109037189 
63.4060987336 164.071972269 1.98034095764 124.712488108 3.256483078 23789568 0.254988186736 0.0 0.254988186736 -1.12772239377 1.62787975942 -1.62787975942 -1.12772239377 
84.7647411229 176.68949427 1.98723721504 127.179476315 3.20263290405 24051712 0.25322149982 0.0 0.25322149982 -1.20091478227 1.5833241723 -1.5833241723 -1.20091478227 
76.1345534225 187.742063783 1.41247165203 125.561387772 1.70724105835 8388608 0.501233996047 0.0 0.501233996047 -0.821458032744 1.14903562531 -1.14903562531 -0.821458032744 
76.7029143842 180.488549062 1.3616155386 125.801284169 1.50727081299 8388608 0.539375234938 0.0 0.539375234938 -0.796512211407 1.1043392468 -1.1043392468 -0.796512211407 
71.4989219178 203.841694054 1.47501909733 126.559557693 1.4234457016 8388608 0.459626133098 0.0 0.459626133098 -0.878607009017 1.18479156867 -1.18479156867 -0.878607009017 
80.4074309629 139.697152889 1.51062679291 123.481045764 1.08092784882 8388608 0.438213379827 0.0 0.438213379827 -0.833354029449 1.25996601901 -1.25996601901 -0.833354029449 
