13
96
242.713039367 83.0822146452 2.62732863426 18.6694335938 131.806137085 10813952 0.14486757885 0.0 0.14486757885 2.48908171487 0.841027924087 -0.841027924087 2.48908171487 
219.706070064 128.951292804 1.38915145397 18.0733642578 110.119255066 8388608 0.518204051783 0.0 0.518204051783 1.32061079987 0.43096273313 -0.43096273313 1.32061079987 
238.901778204 72.0284913736 1.80402493477 331.003326416 98.9318084717 17039360 0.307266298072 0.0 0.307266298072 1.57788653454 -0.874517037795 0.874517037795 1.57788653454 
78.3572218007 54.4745577624 5.1876335144 332.000091553 94.5805206299 9896449 0.0371587781678 0.0 0.0371587781678 4.58041241576 -2.43543909415 2.43543909415 4.58041241576 
240.673278213 54.5502961278 1.39004004002 349.666503906 78.3893737793 8388608 0.517541737464 0.0 0.517541737464 1.36749406175 -0.249341741263 0.249341741263 1.36749406175 
69.8768274241 53.8349800974 2.53200340271 114.103378296 57.7833175659 24838400 0.155980902932 0.0 0.155980902932 -1.03403039304 2.31123827798 -2.31123827798 -1.03403039304 
225.1278901 77.9616017545 4.18481254578 163.657348633 53.5386581421 11075841 0.0571015611526 0.0 0.0571015611526 -4.01572978082 1.17752722716 -1.17752722716 -4.01572978082 
63.4089883059 55.8243043778 3.87592387199 124.276733398 49.1879501343 22216705 0.0665655497735 0.0 0.0665655497735 -2.18288366419 3.20278078708 -3.20278078708 -2.18288366419 
159.593576042 157.27427626 2.28783798218 68.2060546875 46.5530090332 17498368 0.191051067407 0.0 0.191051067407 0.849404958927 2.12431491273 -2.12431491273 0.849404958927 
160.787195506 156.213354154 1.43452548981 64.7699279785 46.4705505371 8388608 0.485940908069 0.0 0.485940908069 0.611472424107 1.29767671454 -1.29767671454 0.611472424107 
200.092135083 119.86888201 4.5998468399 98.1108398438 45.4493713379 17891585 0.0472621264023 0.0 0.0472621264023 -0.648985642413 4.55383449266 -4.55383449266 -0.648985642413 
210.185836939 124.694330517 2.05900669098 160.015869141 44.4376525879 9896192 0.235876396375 0.0 0.235876396375 -1.93502836687 0.70368584816 -0.70368584816 -1.93502836687 
72.0135525135 55.6911083493 1.34906029701 104.958740234 41.4914588928 8388608 0.549461513027 0.0 0.549461513027 -0.348224026282 1.30334328268 -1.30334328268 -0.348224026282 
67.5483496595 42.3142559782 1.79005134106 235.22164917 41.287853241 16449536 0.312082219081 0.0 0.312082219081 -1.02105111389 -1.47028515141 1.47028515141 -1.02105111389 
205.990131498 144.789210562 1.29712319374 61.5848083496 38.4252586365 8388608 0.594343544616 0.0 0.594343544616 0.617245704399 1.14084894712 -1.14084894712 0.617245704399 
208.969097308 143.35302429 1.72259294987 59.9393615723 37.7113418579 13697024 0.337003700063 0.0 0.337003700063 0.862874834008 1.49089687496 -1.49089687496 0.862874834008 
73.0525980076 63.6653462295 1.4216953516 159.819412231 34.9854545593 8388608 0.494751264782 0.0 0.494751264782 -1.33441741491 0.490456762157 -0.490456762157 -1.33441741491 
213.436795817 113.935750418 2.59501719475 52.292388916 33.6437149048 9896448 0.148497629266 0.0 0.148497629266 1.58719591943 2.05302785037 -2.05302785037 1.58719591943 
215.049223514 60.6385114142 3.91253995895 253.414733887 31.5032463074 22872065 0.0653254526806 0.0 0.0653254526806 -1.11680292061 -3.74976268141 3.74976268141 -1.11680292061 
77.3785432586 76.130440694 2.84436702728 350.403442383 31.456325531 16515584 0.123602919509 0.0 0.123602919509 2.80456311129 -0.474183024481 0.474183024481 2.80456311129 
83.3254631919 154.871108157 3.03315401077 113.028594971 29.9708747864 21168640 0.108695377446 0.0 0.108695377446 -1.1865409796 2.79144116127 -2.79144116127 -1.1865409796 
230.075149134 105.038178291 2.68060874939 54.8497009277 29.908870697 12255744 0.139165998016 0.0 0.139165998016 1.54328883819 2.19178530637 -2.19178530637 1.54328883819 
125.475528315 96.3243060719 5.96865510941 93.3807373047 26.66497612 19988993 0.0280702985027 0.0 0.0280702985027 -0.351976155077 5.95826791956 -5.95826791956 -0.351976155077 
179.38031683 94.9202620047 5.81439685822 69.7502441406 25.6923751831 18153985 0.0295794883873 0.0 0.0295794883873 2.01243868509 5.45502533116 -5.45502533116 2.01243868509 
59.8274597032 80.1790775175 5.44265890121 150.939147949 23.0819282532 13369857 0.0337580821193 0.0 0.0337580821193 -4.75745161898 2.6437076253 -2.6437076253 -4.75745161898 
131.741559896 155.550476674 1.51451420784 90.9094848633 22.3525123596 8388608 0.435966677939 0.0 0.435966677939 -0.0240396398309 1.51432340716 -1.51432340716 -0.0240396398309 
230.669602597 69.4757512036 1.30488693714 227.662414551 21.8964309692 8388608 0.587292200016 0.0 0.587292200016 -0.878838167134 -0.96455865281 0.96455865281 -0.878838167134 
72.0365340494 33.5903142916 2.57386827469 280.914550781 21.2756843567 9306624 0.150948001099 0.0 0.150948001099 0.487348610202 -2.52730869258 2.52730869258 0.487348610202 
74.3977093754 36.3427950615 1.69721865654 282.319641113 21.2654762268 12648448 0.347155784307 0.0 0.347155784307 0.362127579736 -1.65813593656 1.65813593656 0.362127579736 
55.5693543061 68.2068146398 1.43255603313 195.189178467 20.7920875549 8388608 0.487277955143 0.0 0.487277955143 -1.38251111679 -0.375339579592 0.375339579592 -1.38251111679 
186.907359215 101.821898894 3.42469739914 259.588684082 19.031709671 13238273 0.0852620149952 0.0 0.0852620149952 -0.618888701107 -3.36831249312 3.36831249312 -0.618888701107 
183.434791817 71.6024736461 3.58676862717 252.477828979 18.8298149109 16580609 0.0777308246512 0.0 0.0777308246512 -1.07988573575 -3.42034442455 3.42034442455 -1.07988573575 
198.858424248 124.585801684 1.97239911556 94.6228027344 17.2296504974 23461888 0.257045734691 0.0 0.257045734691 -0.158966727258 1.96598266795 -1.96598266795 -0.158966727258 
86.3591004604 67.8656423713 1.24770605564 111.255020142 16.9626693726 8388608 0.642355481049 0.0 0.642355481049 -0.452318021932 1.16283223567 -1.16283223567 -0.452318021932 
121.817036776 67.7952043068 1.40888738632 292.760223389 15.9396247864 8388608 0.503787558662 0.0 0.503787558662 0.545064019709 -1.29918008057 1.29918008057 0.545064019709 
44.8624029306 93.9257799604 2.95526075363 191.415496826 15.8152656555 19333632 0.114500764755 0.0 0.114500764755 -2.89679883458 -0.58491250111 0.58491250111 -2.89679883458 
90.5603197381 71.0772834577 1.49067497253 316.955566406 14.6575050354 8388608 0.450022346677 0.0 0.450022346677 1.08942191592 -1.01748305286 1.01748305286 1.08942191592 
47.1364196371 109.696445206 3.79999279976 163.290267944 14.4817237854 20774913 0.0692523400008 0.0 0.0692523400008 -3.6395330536 1.09258612016 -1.09258612016 -3.6395330536 
48.1341822618 82.8287094947 2.66453409195 209.254669189 14.4559173584 11796992 0.140850190086 0.0 0.140850190086 -2.32468924892 -1.30213740561 1.30213740561 -2.32468924892 
92.6160578565 144.232572771 3.09875535965 287.981201172 14.3731842041 22741504 0.104141881127 0.0 0.104141881127 0.956601071042 -2.94740549803 2.94740549803 0.956601071042 
93.434084872 62.3085168819 2.10918235779 291.640838623 13.9835758209 11600128 0.224787283986 0.0 0.224787283986 0.777839402124 -1.9605142394 1.9605142394 0.777839402124 
179.804299235 88.4039966401 1.95657503605 70.8999328613 13.9439735413 22937600 0.261220336085 0.0 0.261220336085 0.640228538972 1.84886270166 -1.84886270166 0.640228538972 
88.2738450417 71.8033139956 2.60582756996 104.515457153 13.4604530334 10224128 0.14726808879 0.0 0.14726808879 -0.653127697235 2.52264970527 -2.52264970527 -0.653127697235 
115.588927275 66.5632250872 1.50283157825 287.850891113 13.2582092285 8388608 0.442771211525 0.0 0.442771211525 0.460679317859 -1.4304814989 1.4304814989 0.460679317859 
104.908166825 84.1614481033 3.77406930923 120.336029053 13.2237091064 20316161 0.0702069743332 0.0 0.0702069743332 -1.90617088152 3.25731664432 -3.25731664432 -1.90617088152 
43.2880859812 86.8746487781 1.44626259804 200.882080078 12.7166557312 8388608 0.478085629828 0.0 0.478085629828 -1.35126628929 -0.515514226677 0.515514226677 -1.35126628929 
80.8310845326 91.2909103756 1.28387725353 141.598587036 12.6672668457 8388608 0.606670658582 0.0 0.606670658582 -1.00614653681 0.797502318875 -0.797502318875 -1.00614653681 
190.382694907 140.879405037 1.78678619862 250.657012939 11.9574356079 16318464 0.313223848611 0.0 0.313223848611 -0.591823615039 -1.68592696409 1.68592696409 -0.591823615039 
107.578421763 121.754406385 1.6456502676 112.62197876 11.8857803345 10420224 0.369253746595 0.0 0.369253746595 -0.632998452893 1.51903843332 -1.51903843332 -0.632998452893 
226.272627019 42.0372082122 2.05161190033 266.995178223 11.6787376404 9634048 0.237579837511 0.0 0.237579837511 -0.107545488871 -2.04879119419 2.04879119419 -0.107545488871 
84.6008216231 97.9028427813 1.66520214081 141.777526855 11.4531116486 11272192 0.360633510061 0.0 0.360633510061 -1.30820657122 1.03028818142 -1.03028818142 -1.30820657122 
43.5165776256 127.522956714 1.47981226444 148.479644775 10.9735031128 8388608 0.456653462828 0.0 0.456653462828 -1.26147260139 0.773647990967 -0.773647990967 -1.26147260139 
35.8830843455 83.2236187602 1.6843662262 202.273880005 10.9270095825 12058624 0.352473889318 0.0 0.352473889318 -1.55868321237 -0.638432633428 0.638432633428 -1.55868321237 
44.6363083051 70.1737564357 1.70044887066 213.748123169 10.8495941162 12779520 0.345838105866 0.0 0.345838105866 -1.41390250851 -0.94467246078 0.94467246078 -1.41390250851 
136.041984885 127.018681405 1.58243346214 81.9811401367 10.6917724609 8388608 0.399345765871 0.0 0.399345765871 0.220747975255 1.56696075048 -1.56696075048 0.220747975255 
97.8727920188 76.6511649056 1.77708542347 122.67300415 10.496509552 15925248 0.316652842428 0.0 0.316652842428 -0.95934849261 1.49588872315 -1.49588872315 -0.95934849261 
57.9470177103 89.7461117126 2.02062797546 12.195892334 10.1367912292 8519936 0.244921706679 0.0 0.244921706679 1.97502450782 0.426867202681 -0.426867202681 1.97502450782 
151.05508971 140.886506552 3.94250154495 268.639801025 9.85144042969 23461889 0.0643363258868 0.0 0.0643363258868 -0.0935860006819 -3.94139062926 3.94139062926 -0.0935860006819 
91.8400234085 107.338604032 2.09017658234 133.883361816 9.78602218628 10944768 0.228893808086 0.0 0.228893808086 -1.44889485058 1.50649986967 -1.50649986967 -1.44889485058 
100.927548011 110.367633339 1.38645792007 315.902526855 9.28554344177 8388608 0.520219484059 0.0 0.520219484059 0.995694444111 -0.964809897391 0.964809897391 0.995694444111 
74.6440324854 132.06610697 1.35567951202 134.665084839 8.60042190552 8388608 0.544109031293 0.0 0.544109031293 -0.9529903976 0.964197200475 -0.964197200475 -0.9529903976 
106.028029173 91.1565078674 2.10434889793 121.877609253 8.1949596405 11469056 0.225821093637 0.0 0.225821093637 -1.11132037928 1.78696706708 -1.78696706708 -1.11132037928 
162.528626017 148.115966073 1.4020332098 267.160888672 8.08206558228 8388608 0.508725372348 0.0 0.508725372348 -0.0694448988611 -1.40031229638 1.40031229638 -0.0694448988611 
97.6344500504 167.491585811 1.45375573635 98.7807617188 8.06706619263 8388608 0.473169907989 0.0 0.473169907989 -0.221921641098 1.43671727427 -1.43671727427 -0.221921641098 
73.4070608914 130.048742971 3.16776108742 300.473968506 7.98572921753 24314368 0.0996540975684 0.0 0.0996540975684 1.6065200319 -2.73016550672 2.73016550672 1.6065200319 
94.5855115245 52.8206744324 1.83493185043 282.193817139 7.75855636597 18284544 0.297002511443 0.0 0.297002511443 0.387573059562 -1.7935333895 1.7935333895 0.387573059562 
118.840110799 108.883941985 1.98210990429 280.007507324 7.68263053894 23855104 0.254533258156 0.0 0.254533258156 0.344445535223 -1.95195208598 1.95195208598 0.344445535223 
156.309802165 148.572592725 1.76238071918 271.22769165 7.29430007935 15335424 0.321958973608 0.0 0.321958973608 0.0377601029247 -1.76197615591 1.76197615591 0.0377601029247 
210.846331049 107.252554676 1.27419102192 270.14050293 7.06293487549 8388608 0.61592937731 0.0 0.61592937731 0.00312461744396 -1.27418719076 1.27418719076 0.00312461744396 
218.011156061 98.156711844 1.2881385088 234.976119995 6.24437713623 8388608 0.602663476836 0.0 0.602663476836 -0.739285614647 -1.0548732615 1.0548732615 -0.739285614647 
154.453095654 110.87270653 1.2768112421 262.672332764 6.19245529175 8388608 0.613404000695 0.0 0.613404000695 -0.162849056488 -1.26638348566 1.26638348566 -0.162849056488 
37.2137661818 30.9671521753 3.04039406776 206.751815796 5.88456726074 21365248 0.10817832359 0.0 0.10817832359 -2.71496451159 -1.36856267234 1.36856267234 -2.71496451159 
70.5797265204 137.828374633 1.58076441288 303.300354004 5.77016067505 8388608 0.400189509097 0.0 0.400189509097 0.867883895702 -1.32120917065 1.32120917065 0.867883895702 
93.6705589867 101.203031007 1.6068867445 325.598236084 5.59422492981 8650752 0.387283918331 0.0 0.387283918331 1.32583599363 -0.907878806689 0.907878806689 1.32583599363 
180.47589372 130.588655383 1.30773234367 80.296661377 5.19119262695 8388608 0.584739281493 0.0 0.584739281493 0.220414122949 1.28902346646 -1.28902346646 0.220414122949 
242.869516535 147.276742382 4.01614141464 17.4462585449 4.89911270142 24772609 0.0619986177117 0.0 0.0619986177117 3.83139321787 1.20408383118 -1.20408383118 3.83139321787 
241.038211162 132.418768751 3.87153410912 5.10137939453 4.61406326294 22151169 0.0667165868722 0.0 0.0667165868722 3.85619867212 0.344250140415 -0.344250140415 3.85619867212 
159.097019017 81.4835628079 1.27523612976 262.788604736 4.55066299438 8388608 0.614920232678 0.0 0.614920232678 -0.1600810898 -1.2651486993 1.2651486993 -0.1600810898 
147.4673241 144.572288244 1.51459884644 266.424713135 4.5426940918 8388608 0.435917954046 0.0 0.435917954046 -0.094450443518 -1.51165101109 1.51165101109 -0.094450443518 
157.605418721 140.913399875 1.52137303352 253.071075439 4.51556015015 8388608 0.432044590509 0.0 0.432044590509 -0.443001286096 -1.45544693055 1.45544693055 -0.443001286096 
253.406968566 91.7404148741 1.69474005699 3.28460693359 4.16812896729 12517376 0.34817197483 0.0 0.34817197483 1.69195601551 0.09710150546 -0.09710150546 1.69195601551 
254.646238073 80.0806688958 1.89675080776 2.09954833984 4.03814697266 20643840 0.277958170565 0.0 0.277958170565 1.89547748596 0.0694890421235 -0.0694890421235 1.89547748596 
254.701359248 61.1927868141 2.18355488777 5.97473144531 3.99633789062 14156032 0.209735416871 0.0 0.209735416871 2.17169359433 0.227285899842 -0.227285899842 2.17169359433 
254.468340249 98.8028665965 2.24448919296 14.7488098145 3.9548034668 16122112 0.198502034674 0.0 0.198502034674 2.17053602908 0.571406233578 -0.571406233578 2.17053602908 
246.721345872 43.9406172793 1.19907033443 281.582641602 3.73701095581 8388608 0.695521697952 0.0 0.695521697952 0.240750707038 -1.17465261417 1.17465261417 0.240750707038 
241.930524574 111.071974216 1.71915054321 69.8406982422 3.65717697144 13565952 0.338354675722 0.0 0.338354675722 0.592473401468 1.61383204169 -1.61383204169 0.592473401468 
254.943672859 87.1097239846 1.2914532423 2.66259765625 3.60551834106 8388608 0.599573771261 0.0 0.599573771261 1.29005900609 0.0599936485063 -0.0599936485063 1.29005900609 
220.802231982 149.860730541 1.25589501858 82.1025390625 3.60274124146 8388608 0.634005936366 0.0 0.634005936366 0.172560793737 1.24398354899 -1.24398354899 0.172560793737 
179.813251035 136.626484595 1.34548318386 287.15145874 3.5712890625 8388608 0.552387002928 0.0 0.552387002928 0.396781144377 -1.28564758838 1.28564758838 0.396781144377 
44.4287620749 152.019439084 1.69087183475 121.837234497 3.54672241211 12320768 0.349766829151 0.0 0.349766829151 -0.891948418681 1.43648027483 -1.43648027483 -0.891948418681 
230.911319504 144.514398512 1.30740380287 13.8062133789 3.53944015503 8388608 0.585033199639 0.0 0.585033199639 1.26963082392 0.311997235128 -0.311997235128 1.26963082392 
53.6500240426 161.723935545 1.6293296814 316.842834473 3.52219772339 9699328 0.376688239845 0.0 0.376688239845 1.18856373019 -1.11446465622 1.11446465622 1.18856373019 
68.8826235941 167.434574754 1.60559892654 104.869995117 3.51605224609 8585216 0.387905432452 0.0 0.387905432452 -0.412039525514 1.55182838688 -1.55182838688 -0.412039525514 
68.218415735 116.339509638 1.29432284832 316.094787598 3.45737838745 8388608 0.596918122829 0.0 0.596918122829 0.93254411587 -0.897570669998 0.897570669998 0.93254411587 
231.305753383 123.295830412 1.8378494978 353.330688477 3.43769836426 18350080 0.296060257186 0.0 0.296060257186 1.82541276595 -0.213445567866 0.213445567866 1.82541276595 
98.3834881428 68.1690135889 1.41918492317 310.411865234 2.67029953003 8388608 0.49650316639 0.0 0.49650316639 0.92002578482 -1.08057318189 1.08057318189 0.92002578482 
