13
75
219.706070064 128.951292804 1.38915145397 130.86688895 110.119255066 8388608 0.518204051783 0.0 0.518204051783 -0.908927212748 1.05052038724 -1.05052038724 -0.908927212748 
238.901778204 72.0284913736 1.80402493477 136.222493144 98.9318084717 17039360 0.307266298072 0.0 0.307266298072 -1.30256353981 1.24813228065 -1.24813228065 -1.30256353981 
240.673278213 54.5502961278 1.39004004002 130.973488369 78.3893737793 8388608 0.517541737464 0.0 0.517541737464 -0.911462797584 1.04949839517 -1.04949839517 -0.911462797584 
69.8768274241 53.8349800974 2.53200340271 126.030000029 57.7833175659 24838400 0.155980902932 0.0 0.155980902932 -1.48934661327 2.04765424251 -2.04765424251 -1.48934661327 
159.593576042 157.27427626 2.28783798218 131.793639169 46.5530090332 17498368 0.191051067407 0.0 0.191051067407 -1.52472894899 1.7056975889 -1.7056975889 -1.52472894899 
160.787195506 156.213354154 1.43452548981 130.241663952 46.4705505371 8388608 0.485940908069 0.0 0.485940908069 -0.926722013364 1.0950112743 -1.0950112743 -0.926722013364 
210.185836939 124.694330517 2.05900669098 140.785975432 44.4376525879 9896192 0.235876396375 0.0 0.235876396375 -1.59529730116 1.30174309079 -1.30174309079 -1.59529730116 
72.0135525135 55.6911083493 1.34906029701 129.209956847 41.4914588928 8388608 0.549461513027 0.0 0.549461513027 -0.852827303406 1.04529865375 -1.04529865375 -0.852827303406 
67.5483496595 42.3142559782 1.79005134106 133.224925911 41.287853241 16449536 0.312082219081 0.0 0.312082219081 -1.22594202789 1.30435805969 -1.30435805969 -1.22594202789 
205.990131498 144.789210562 1.29712319374 126.935209278 38.4252586365 8388608 0.594343544616 0.0 0.594343544616 -0.779456286075 1.03681072421 -1.03681072421 -0.779456286075 
208.969097308 143.35302429 1.72259294987 126.824024094 37.7113418579 13697024 0.337003700063 0.0 0.337003700063 -1.03245209107 1.37890142888 -1.37890142888 -1.03245209107 
73.0525980076 63.6653462295 1.4216953516 127.878469878 34.9854545593 8388608 0.494751264782 0.0 0.494751264782 -0.872904797439 1.12216526741 -1.12216526741 -0.872904797439 
213.436795817 113.935750418 2.59501719475 135.074895851 33.6437149048 9896448 0.148497629266 0.0 0.148497629266 -1.83735130134 1.83255407465 -1.83255407465 -1.83735130134 
77.3785432586 76.130440694 2.84436702728 133.517055068 31.456325531 16515584 0.123602919509 0.0 0.123602919509 -1.95854712737 2.06264803972 -2.06264803972 -1.95854712737 
83.3254631919 154.871108157 3.03315401077 150.086806824 29.9708747864 21168640 0.108695377446 0.0 0.108695377446 -2.62908312381 1.51259551141 -1.51259551141 -2.62908312381 
131.741559896 155.550476674 1.51451420784 139.518900001 22.3525123596 8388608 0.435966677939 0.0 0.435966677939 -1.15197003282 0.983218352774 -0.983218352774 -1.15197003282 
230.669602597 69.4757512036 1.30488693714 131.423301188 21.8964309692 8388608 0.587292200016 0.0 0.587292200016 -0.863335207965 0.978459113817 -0.978459113817 -0.863335207965 
74.3977093754 36.3427950615 1.69721865654 141.473615339 21.2654762268 12648448 0.347155784307 0.0 0.347155784307 -1.32777048634 1.05715500458 -1.05715500458 -1.32777048634 
55.5693543061 68.2068146398 1.43255603313 125.849604024 20.7920875549 8388608 0.487277955143 0.0 0.487277955143 -0.838990246425 1.16116844363 -1.16116844363 -0.838990246425 
186.907359215 101.821898894 3.42469739914 129.273531399 19.031709671 13238273 0.0852620149952 0.0 0.0852620149952 -2.16791331266 2.65117033487 -2.65117033487 -2.16791331266 
183.434791817 71.6024736461 3.58676862717 122.76706491 18.8298149109 16580609 0.0777308246512 0.0 0.0777308246512 -1.94124864035 3.0160343004 -3.0160343004 -1.94124864035 
198.858424248 124.585801684 1.97239911556 135.246079408 17.2296504974 23461888 0.257045734691 0.0 0.257045734691 -1.40067398555 1.38869386737 -1.38869386737 -1.40067398555 
86.3591004604 67.8656423713 1.24770605564 152.132083671 16.9626693726 8388608 0.642355481049 0.0 0.642355481049 -1.10300648527 0.583221308541 -0.583221308541 -1.10300648527 
121.817036776 67.7952043068 1.40888738632 145.450248518 15.9396247864 8388608 0.503787558662 0.0 0.503787558662 -1.1604076269 0.799010517312 -0.799010517312 -1.1604076269 
90.5603197381 71.0772834577 1.49067497253 151.532216232 14.6575050354 8388608 0.450022346677 0.0 0.450022346677 -1.31043041105 0.710551906291 -0.710551906291 -1.31043041105 
48.1341822618 82.8287094947 2.66453409195 123.594511815 14.4559173584 11796992 0.140850190086 0.0 0.140850190086 -1.47431805802 2.21948827232 -2.21948827232 -1.47431805802 
92.6160578565 144.232572771 3.09875535965 151.948894986 14.3731842041 22741504 0.104141881127 0.0 0.104141881127 -2.73473990756 1.45721735406 -1.45721735406 -2.73473990756 
93.434084872 62.3085168819 2.10918235779 154.012488297 13.9835758209 11600128 0.224787283986 0.0 0.224787283986 -1.89592202931 0.924191472154 -0.924191472154 -1.89592202931 
179.804299235 88.4039966401 1.95657503605 128.035675053 13.9439735413 22937600 0.261220336085 0.0 0.261220336085 -1.20554763841 1.54105183664 -1.54105183664 -1.20554763841 
88.2738450417 71.8033139956 2.60582756996 155.285201619 13.4604530334 10224128 0.14726808879 0.0 0.14726808879 -2.36713433867 1.0895009624 -1.0895009624 -2.36713433867 
115.588927275 66.5632250872 1.50283157825 146.299935918 13.2582092285 8388608 0.442771211525 0.0 0.442771211525 -1.25028599379 0.833839124963 -0.833839124963 -1.25028599379 
104.908166825 84.1614481033 3.77406930923 155.883584386 13.2237091064 20316161 0.0702069743332 0.0 0.0702069743332 -3.44465778546 1.54205443871 -1.54205443871 -3.44465778546 
43.2880859812 86.8746487781 1.44626259804 123.736887172 12.7166557312 8388608 0.478085629828 0.0 0.478085629828 -0.80322521562 1.20270726092 -1.20270726092 -0.80322521562 
80.8310845326 91.2909103756 1.28387725353 129.396139721 12.6672668457 8388608 0.606670658582 0.0 0.606670658582 -0.814849224191 0.992149960426 -0.992149960426 -0.814849224191 
190.382694907 140.879405037 1.78678619862 121.141523385 11.9574356079 16318464 0.313223848611 0.0 0.313223848611 -0.924043177467 1.52929693838 -1.52929693838 -0.924043177467 
107.578421763 121.754406385 1.6456502676 134.462876035 11.8857803345 10420224 0.369253746595 0.0 0.369253746595 -1.1526907551 1.17450790818 -1.17450790818 -1.1526907551 
226.272627019 42.0372082122 2.05161190033 131.299061716 11.6787376404 9634048 0.237579837511 0.0 0.237579837511 -1.35404203545 1.54132461078 -1.54132461078 -1.35404203545 
84.6008216231 97.9028427813 1.66520214081 127.483427295 11.4531116486 11272192 0.360633510061 0.0 0.360633510061 -1.01332866836 1.32138683951 -1.32138683951 -1.01332866836 
43.5165776256 127.522956714 1.47981226444 127.061969159 10.9735031128 8388608 0.456653462828 0.0 0.456653462828 -0.891850958692 1.18086671791 -1.18086671791 -0.891850958692 
35.8830843455 83.2236187602 1.6843662262 123.306424841 10.9270095825 12058624 0.352473889318 0.0 0.352473889318 -0.924913350012 1.40770198513 -1.40770198513 -0.924913350012 
44.6363083051 70.1737564357 1.70044887066 124.677164805 10.8495941162 12779520 0.345838105866 0.0 0.345838105866 -0.967473468311 1.39839960306 -1.39839960306 -0.967473468311 
136.041984885 127.018681405 1.58243346214 135.259243529 10.6917724609 8388608 0.399345765871 0.0 0.399345765871 -1.12400081883 1.11387513725 -1.11387513725 -1.12400081883 
97.8727920188 76.6511649056 1.77708542347 150.486159261 10.496509552 15925248 0.316652842428 0.0 0.316652842428 -1.54648498568 0.875452335293 -0.875452335293 -1.54648498568 
57.9470177103 89.7461117126 2.02062797546 124.519936462 10.1367912292 8519936 0.244921706679 0.0 0.244921706679 -1.14507565459 1.66485409586 -1.66485409586 -1.14507565459 
151.05508971 140.886506552 3.94250154495 129.748844166 9.85144042969 23461889 0.0643363258868 0.0 0.0643363258868 -2.5209281048 3.03121096633 -3.03121096633 -2.5209281048 
91.8400234085 107.338604032 2.09017658234 135.153798324 9.78602218628 10944768 0.228893808086 0.0 0.228893808086 -1.4819400232 1.47400539788 -1.47400539788 -1.4819400232 
100.927548011 110.367633339 1.38645792007 143.902891972 9.28554344177 8388608 0.520219484059 0.0 0.520219484059 -1.1202852048 0.816839411415 -0.816839411415 -1.1202852048 
74.6440324854 132.06610697 1.35567951202 133.291277594 8.60042190552 8388608 0.544109031293 0.0 0.544109031293 -0.929599680455 0.986768145726 -0.986768145726 -0.929599680455 
106.028029173 91.1565078674 2.10434889793 142.161320491 8.1949596405 11469056 0.225821093637 0.0 0.225821093637 -1.66189074636 1.29089249412 -1.29089249412 -1.66189074636 
162.528626017 148.115966073 1.4020332098 124.232403615 8.08206558228 8388608 0.508725372348 0.0 0.508725372348 -0.788715244728 1.15914855999 -1.15914855999 -0.788715244728 
97.6344500504 167.491585811 1.45375573635 135.701016046 8.06706619263 8388608 0.473169907989 0.0 0.473169907989 -1.04046042204 1.01530677687 -1.01530677687 -1.04046042204 
73.4070608914 130.048742971 3.16776108742 141.698835484 7.98572921753 24314368 0.0996540975684 0.0 0.0996540975684 -2.4859441448 1.96336242602 -1.96336242602 -2.4859441448 
94.5855115245 52.8206744324 1.83493185043 140.328482427 7.75855636597 18284544 0.297002511443 0.0 0.297002511443 -1.41237823765 1.1713934478 -1.1713934478 -1.41237823765 
118.840110799 108.883941985 1.98210990429 139.749394848 7.68263053894 23855104 0.254533258156 0.0 0.254533258156 -1.51279711104 1.28070471753 -1.28070471753 -1.51279711104 
156.309802165 148.572592725 1.76238071918 123.602205825 7.29430007935 15335424 0.321958973608 0.0 0.321958973608 -0.975343109316 1.46788678666 -1.46788678666 -0.975343109316 
210.846331049 107.252554676 1.27419102192 119.303442169 7.06293487549 8388608 0.61592937731 0.0 0.61592937731 -0.623633481905 1.11114537329 -1.11114537329 -0.623633481905 
218.011156061 98.156711844 1.2881385088 124.932084435 6.24437713623 8388608 0.602663476836 0.0 0.602663476836 -0.737594617258 1.05605634245 -1.05605634245 -0.737594617258 
154.453095654 110.87270653 1.2768112421 129.189969872 6.19245529175 8388608 0.613404000695 0.0 0.613404000695 -0.806808893359 0.989599089307 -0.989599089307 -0.806808893359 
70.5797265204 137.828374633 1.58076441288 130.062264762 5.77016067505 8388608 0.400189509097 0.0 0.400189509097 -1.01741113252 1.20983086275 -1.20983086275 -1.01741113252 
93.6705589867 101.203031007 1.6068867445 130.971373912 5.59422492981 8650752 0.387283918331 0.0 0.387283918331 -1.05360652079 1.21325937416 -1.21325937416 -1.05360652079 
180.47589372 130.588655383 1.30773234367 126.291136846 5.19119262695 8388608 0.584739281493 0.0 0.584739281493 -0.774031737511 1.0540582299 -1.0540582299 -0.774031737511 
159.097019017 81.4835628079 1.27523612976 126.469177165 4.55066299438 8388608 0.614920232678 0.0 0.614920232678 -0.757987932056 1.02551522734 -1.02551522734 -0.757987932056 
147.4673241 144.572288244 1.51459884644 126.090985425 4.5426940918 8388608 0.435917954046 0.0 0.435917954046 -0.892203569817 1.2239209352 -1.2239209352 -0.892203569817 
157.605418721 140.913399875 1.52137303352 125.390321294 4.51556015015 8388608 0.432044590509 0.0 0.432044590509 -0.881093255333 1.24026230393 -1.24026230393 -0.881093255333 
246.721345872 43.9406172793 1.19907033443 124.647663685 3.73701095581 8388608 0.695521697952 0.0 0.695521697952 -0.681705425948 0.986431639371 -0.986431639371 -0.681705425948 
241.930524574 111.071974216 1.71915054321 125.284309742 3.65717697144 13565952 0.338354675722 0.0 0.338354675722 -0.993039987397 1.40333537462 -1.40333537462 -0.993039987397 
220.802231982 149.860730541 1.25589501858 124.930940387 3.60274124146 8388608 0.634005936366 0.0 0.634005936366 -0.719111272855 1.02963647708 -1.02963647708 -0.719111272855 
179.813251035 136.626484595 1.34548318386 124.811042741 3.5712890625 8388608 0.552387002928 0.0 0.552387002928 -0.768098432566 1.10469443555 -1.10469443555 -0.768098432566 
44.4287620749 152.019439084 1.69087183475 124.9458044 3.54672241211 12320768 0.349766829151 0.0 0.349766829151 -0.968533670951 1.38599786789 -1.38599786789 -0.968533670951 
230.911319504 144.514398512 1.30740380287 124.949238973 3.53944015503 8388608 0.585033199639 0.0 0.585033199639 -0.74894690388 1.07162644561 -1.07162644561 -0.74894690388 
53.6500240426 161.723935545 1.6293296814 124.933541326 3.52219772339 9699328 0.376688239845 0.0 0.376688239845 -0.932996371435 1.33575184131 -1.33575184131 -0.932996371435 
68.8826235941 167.434574754 1.60559892654 124.949631608 3.51605224609 8585216 0.387905432452 0.0 0.387905432452 -0.91977714393 1.31603872224 -1.31603872224 -0.91977714393 
68.218415735 116.339509638 1.29432284832 125.225819197 3.45737838745 8388608 0.596918122829 0.0 0.596918122829 -0.746566050071 1.05731299461 -1.05731299461 -0.746566050071 
231.305753383 123.295830412 1.8378494978 124.523805135 3.43769836426 18350080 0.296060257186 0.0 0.296060257186 -1.04159861944 1.51418727129 -1.51418727129 -1.04159861944 
98.3834881428 68.1690135889 1.41918492317 136.348880514 2.67029953003 8388608 0.49650316639 0.0 0.49650316639 -1.02686018127 0.979614217064 -0.979614217064 -1.02686018127 
