13
118
258.973834602 88.4460332937 2.22440671921 3.12881469727 88.8070297241 15466752 0.202102461705 0.0 0.202102461705 2.22109090111 0.121410302078 -0.121410302078 2.22109090111 
263.353219685 71.8273295287 2.95984196663 11.107635498 80.8199386597 19399168 0.114146592843 0.0 0.114146592843 2.90439524387 0.570221654099 -0.570221654099 2.90439524387 
77.4334165364 38.2832204635 4.68472337723 30.7185058594 74.1284942627 19202305 0.0455650757216 0.0 0.0455650757216 4.02739731988 2.39305326914 -2.39305326914 4.02739731988 
230.048967301 129.416542875 1.73310887814 16.6810913086 72.0364151001 14155776 0.33292645465 0.0 0.33292645465 1.66017493745 0.497479206134 -0.497479206134 1.66017493745 
74.7671216765 21.2877976907 1.31756567955 76.9540710449 70.8084335327 8388608 0.576043728471 0.0 0.576043728471 0.297416799513 1.28355855624 -1.28355855624 0.297416799513 
95.2582686887 26.003454781 1.60687768459 346.85723877 53.5433578491 8650752 0.387288285516 0.0 0.387288285516 1.56478799932 -0.365368869003 0.365368869003 1.56478799932 
159.508837471 145.736286729 2.79942417145 60.0079956055 52.8093948364 15401472 0.12760349911 0.0 0.12760349911 1.39937375179 2.42456775415 -2.42456775415 1.39937375179 
98.289935932 38.826236266 2.60059356689 341.509796143 52.1580123901 10093056 0.147861474318 0.0 0.147861474318 2.4663454462 -0.82475877698 0.82475877698 2.4663454462 
79.825194791 27.2739588025 1.4575715065 10.0881652832 46.4007530212 8388608 0.470695731886 0.0 0.470695731886 1.43503654995 0.255313134938 -0.255313134938 1.43503654995 
88.7313411477 19.9067416987 1.27802634239 88.6286621094 44.707649231 8388608 0.612238151402 0.0 0.612238151402 0.0305858238967 1.27766029884 -1.27766029884 0.0305858238967 
245.367032324 77.5652206581 3.09086346626 107.49331665 44.5757217407 22544896 0.104674370433 0.0 0.104674370433 -0.929096712001 2.94791727612 -2.94791727612 -0.929096712001 
81.766405931 21.2221529563 1.61855471134 78.4597473145 34.291721344 9175040 0.381720278023 0.0 0.381720278023 0.323802104643 1.58583465425 -1.58583465425 0.323802104643 
69.4778875017 37.8182397201 1.64599096775 185.532821655 31.5774078369 10420224 0.369100900329 0.0 0.369100900329 -1.63832251014 -0.158699775349 0.158699775349 -1.63832251014 
166.354844296 70.7701421246 1.30254864693 109.929489136 31.5767707825 8388608 0.589402665866 0.0 0.589402665866 -0.44399123205 1.22454267524 -1.22454267524 -0.44399123205 
246.486520719 77.3157254109 1.31386494637 102.960235596 30.8933238983 8388608 0.579293356861 0.0 0.579293356861 -0.294666756193 1.28039548581 -1.28039548581 -0.294666756193 
113.066305521 68.1367083247 1.27493906021 149.210205078 28.1021366119 8388608 0.615206827331 0.0 0.615206827331 -1.09523778221 0.652628384053 -0.652628384053 -1.09523778221 
217.818546452 112.949838453 4.32617902756 66.3940429688 27.6989688873 13435137 0.0534307197866 0.0 0.0534307197866 1.73239375162 3.96416912705 -3.96416912705 1.73239375162 
79.6758644795 12.4147985722 1.44688391685 71.6030578613 27.6357002258 8388608 0.477675120296 0.0 0.477675120296 0.456634242234 1.37293781275 -1.37293781275 0.456634242234 
108.854954829 36.1871883837 2.4519636631 109.87600708 27.4919490814 22544640 0.166330518091 0.0 0.166330518091 -0.833632753038 2.3059016107 -2.3059016107 -0.833632753038 
255.972470407 64.7610067781 1.58717525005 210.693344116 27.0634918213 8388608 0.396963188044 0.0 0.396963188044 -1.36483036761 -0.810162540498 0.810162540498 -1.36483036761 
115.147758667 63.7795135711 4.6214132309 318.710021973 27.0200119019 18219265 0.0468220466414 0.0 0.0468220466414 3.472435473 -3.0495331014 3.0495331014 3.472435473 
99.2117102078 63.0532362199 2.87391495705 150.211959839 21.5592880249 17302016 0.12107435796 0.0 0.12107435796 -2.49418219444 1.42774029895 -1.42774029895 -2.49418219444 
131.721740884 53.1459854418 1.35372257233 120.213760376 21.3085289001 8388608 0.54568329505 0.0 0.54568329505 -0.68123042536 1.1698247349 -1.1698247349 -0.68123042536 
146.286012986 145.415822709 2.40661478043 170.396896362 20.9477214813 21168384 0.172658053602 0.0 0.172658053602 -2.37289089227 0.401476667756 -0.401476667756 -2.37289089227 
118.77244577 44.1025936803 1.23207271099 120.694732666 20.6431522369 8388608 0.658760154752 0.0 0.658760154752 -0.628928601142 1.05945834266 -1.05945834266 -0.628928601142 
70.5373389113 145.647077182 1.32866489887 128.359100342 19.6358947754 8388608 0.566459776119 0.0 0.566459776119 -0.824553751711 1.04185484787 -1.04185484787 -0.824553751711 
142.608948418 58.8573504987 3.03530931473 115.813201904 19.2742881775 21234176 0.108541068031 0.0 0.108541068031 -1.32169064521 2.73244148601 -2.73244148601 -1.32169064521 
248.980801623 88.5092877023 1.98693335056 256.894195557 18.7641887665 24051712 0.253298956774 0.0 0.253298956774 -0.450537090575 -1.93517969956 1.93517969956 -0.450537090575 
40.2697565166 58.4842273351 2.45833420753 195.875396729 18.5852508545 22741248 0.165469574933 0.0 0.165469574933 -2.36457054127 -0.672468015081 0.672468015081 -2.36457054127 
124.872320876 45.0795521553 4.4430308342 309.578155518 18.0944290161 15401217 0.0506572191792 0.0 0.0506572191792 2.83078903061 -3.42449360604 3.42449360604 2.83078903061 
227.879176202 121.504508605 1.28706467152 293.730316162 16.5832691193 8388608 0.603669537366 0.0 0.603669537366 0.517956283866 -1.17824308047 1.17824308047 0.517956283866 
219.202217619 125.829946564 2.14058709145 277.81451416 16.3670921326 12714240 0.218239920979 0.0 0.218239920979 0.291048229392 -2.12070837793 2.12070837793 0.291048229392 
160.95096057 123.241619438 4.29117488861 279.783721924 16.1754379272 12845313 0.0543059693932 0.0 0.0543059693932 0.729197340463 -4.22876496903 4.22876496903 0.729197340463 
222.077707522 129.247092923 1.30342030525 187.387786865 16.0462036133 8388608 0.588614607016 0.0 0.588614607016 -1.29260008391 -0.16759926974 0.16759926974 -1.29260008391 
255.459401642 72.0314029353 1.49792122841 190.829467773 15.4733734131 8388608 0.445678874596 0.0 0.445678874596 -1.47124437297 -0.281439161322 0.281439161322 -1.47124437297 
215.99159463 127.536188217 2.85116195679 273.014221191 14.1040363312 16712192 0.123014477085 0.0 0.123014477085 0.149924990215 -2.84721741375 2.84721741375 0.149924990215 
51.6455345412 125.216045171 1.50456285477 146.761260986 13.9824409485 8388608 0.441752818225 0.0 0.441752818225 -1.25840719683 0.824694313614 -0.824694313614 -1.25840719683 
52.6751151487 97.7243248079 6.75274944305 158.118164062 13.7433891296 12255234 0.0219300048873 0.0 0.0219300048873 -6.26624391476 2.51670662602 -2.51670662602 -6.26624391476 
58.8037881179 129.778445057 3.44264626503 143.806442261 13.6872787476 13631489 0.0843752744133 0.0 0.0843752744133 -2.77830750257 2.03293401941 -2.03293401941 -2.77830750257 
49.9589641851 82.203354773 6.29069375992 167.274307251 13.5916862488 23790081 0.0252698644757 0.0 0.0252698644757 -6.13616828877 1.38573688448 -1.38573688448 -6.13616828877 
253.897650536 50.4601327003 3.88330674171 279.315551758 13.020866394 22347777 0.0663126840322 0.0 0.0663126840322 0.628597373735 -3.83209297799 3.83209297799 0.628597373735 
234.860420059 109.493652972 1.615052104 61.9958190918 12.2706184387 9043968 0.383377767658 0.0 0.383377767658 0.758325089785 1.42595103591 -1.42595103591 0.758325089785 
57.9651336371 24.72713611 1.4467433691 228.237533569 11.8716621399 8388608 0.477767934857 0.0 0.477767934857 -0.963594708118 -1.0791439267 1.0791439267 -0.963594708118 
178.518698868 122.2606535 3.10132336617 274.199157715 11.7943992615 22807040 0.103969486137 0.0 0.103969486137 0.227089862993 -3.09299803033 3.09299803033 0.227089862993 
75.7745914814 122.13156412 4.01025676727 130.275405884 11.6968841553 24707073 0.0621807046487 0.0 0.0621807046487 -2.59247999722 3.05960892983 -3.05960892983 -2.59247999722 
75.1202567611 155.529158603 1.23540365696 127.79699707 11.5730628967 8388608 0.655212591498 0.0 0.655212591498 -0.757136452867 0.976200075481 -0.976200075481 -0.757136452867 
224.047687426 111.835453841 1.29648244381 68.8553161621 11.2613220215 8388608 0.594931164901 0.0 0.594931164901 0.467672709636 1.20919351792 -1.20919351792 0.467672709636 
69.227248187 151.473069729 1.33262753487 122.011230469 10.888168335 8388608 0.563095990645 0.0 0.563095990645 -0.706406504909 1.12999380375 -1.12999380375 -0.706406504909 
26.191237383 51.3335176556 3.53134608269 194.363006592 10.8682022095 15466497 0.0801898565053 0.0 0.0801898565053 -3.42096866111 -0.876001469996 0.876001469996 -3.42096866111 
91.1497556985 43.225524394 1.62594437599 147.208343506 10.7282600403 9502720 0.378258443938 0.0 0.378258443938 -1.36684278882 0.880588385375 -0.880588385375 -1.36684278882 
35.7926569586 111.422686397 1.80032169819 154.690032959 10.5057220459 16908288 0.308531683139 0.0 0.308531683139 -1.62750556664 0.769664763088 -0.769664763088 -1.62750556664 
137.338805594 153.843088153 1.33833217621 249.110656738 9.48495292664 8388608 0.558305827794 0.0 0.558305827794 -0.477201389428 -1.25036468592 1.25036468592 -0.477201389428 
51.2069734093 135.293526515 1.48114860058 141.150756836 9.12467575073 8388608 0.455829821994 0.0 0.455829821994 -1.15351725511 0.929085097911 -0.929085097911 -1.15351725511 
44.5281854313 126.989727072 1.60277950764 149.147064209 9.11270141602 8454144 0.389271346891 0.0 0.389271346891 -1.37596449289 0.821963420365 -0.821963420365 -1.37596449289 
231.924848705 44.5537069167 4.55359363556 270.15234375 9.10841369629 17170689 0.0482271343753 0.0 0.0482271343753 0.0121075359986 -4.55357753919 4.55357753919 0.0121075359986 
242.245050383 49.1264382323 2.90835595131 275.186523438 8.83882522583 18153984 0.118223791482 0.0 0.118223791482 0.262910536568 -2.89644823694 2.89644823694 0.262910536568 
45.7204411058 28.028982738 3.34809327126 236.053985596 8.48810577393 11599873 0.0892082261644 0.0 0.0892082261644 -1.86961383356 -2.77745795043 2.77745795043 -1.86961383356 
61.8195063401 32.6135078296 1.62020325661 189.476654053 8.28211975098 9240576 0.38094387789 0.0 0.38094387789 -1.59809197102 -0.266759526291 0.266759526291 -1.59809197102 
97.2153263592 79.3678202424 1.69971609116 147.994140625 7.69995307922 12713984 0.346136364739 0.0 0.346136364739 -1.44134887588 0.90085970524 -0.90085970524 -1.44134887588 
138.337779614 126.805250437 1.47604203224 284.052062988 7.65394592285 8388608 0.458989288496 0.0 0.458989288496 0.358388134332 -1.43187221012 1.43187221012 0.358388134332 
139.065553435 122.614688347 2.74449539185 282.703857422 7.27712440491 13959680 0.132762367426 0.0 0.132762367426 0.603547145216 -2.67730943288 2.67730943288 0.603547145216 
241.489948252 67.570795252 2.02712059021 264.93057251 6.99761390686 8782080 0.24335531175 0.0 0.24335531175 -0.179122062909 -2.01919121775 2.01919121775 -0.179122062909 
103.352445733 85.2008188088 1.6410472393 141.761352539 6.54445266724 10158080 0.371328116127 0.0 0.371328116127 -1.28894345807 1.01570704612 -1.01570704612 -1.28894345807 
86.2100373181 55.1515790217 1.28006947041 175.607330322 6.39651870728 8388608 0.610285315752 0.0 0.610285315752 -1.27630934233 0.0980423977123 -0.0980423977123 -1.27630934233 
48.8673364852 86.9767445177 1.41096568108 157.859329224 6.29514312744 8388608 0.502304534735 0.0 0.502304534735 -1.3069229608 0.531767362402 -0.531767362402 -1.3069229608 
91.3229790056 67.6788786664 1.38673102856 163.644348145 6.23880577087 8388608 0.52001459593 0.0 0.52001459593 -1.33061310987 0.390501853256 -0.390501853256 -1.33061310987 
90.1172211291 63.2977401756 1.24487006664 171.419754028 6.22537994385 8388608 0.645285566984 0.0 0.645285566984 -1.23093732899 0.185727690253 -0.185727690253 -1.23093732899 
48.7031789555 57.9433814964 1.26323187351 200.416107178 6.16236495972 8388608 0.626662706041 0.0 0.626662706041 -1.18388065055 -0.440660154218 0.440660154218 -1.18388065055 
55.6742811608 94.2514146208 1.69000387192 154.264801025 6.15060806274 12320768 0.350126192313 0.0 0.350126192313 -1.52237312816 0.733820922126 -0.733820922126 -1.52237312816 
53.97726771 46.4845315482 1.26203382015 221.507614136 5.98490905762 8388608 0.627853057211 0.0 0.627853057211 -0.945096310515 -0.836374513636 0.836374513636 -0.945096310515 
49.8638778491 65.8924475606 1.24053657055 184.323516846 5.95236968994 8388608 0.64980172024 0.0 0.64980172024 -1.23700634435 -0.0935215852896 0.0935215852896 -1.23700634435 
200.697651413 50.3315366095 1.76409709454 278.444946289 5.90761947632 15400960 0.321332779481 0.0 0.321332779481 0.259073586069 -1.74496975216 1.74496975216 0.259073586069 
160.061866597 44.1327198991 1.39808917046 287.899200439 5.90319442749 8388608 0.511599671101 0.0 0.511599671101 0.429693392895 -1.33041982722 1.33041982722 0.429693392895 
55.8836394829 87.366310555 1.34411907196 158.814727783 5.86025047302 8388608 0.553508778614 0.0 0.553508778614 -1.25327910362 0.485744344314 -0.485744344314 -1.25327910362 
58.6146697694 100.173582262 1.90837979317 148.762542725 5.81491088867 21102592 0.274580936054 0.0 0.274580936054 -1.63171322615 0.989659225478 -0.989659225478 -1.63171322615 
50.6601373305 74.9021460607 1.31831848621 171.359085083 5.52170944214 8388608 0.575386033464 0.0 0.575386033464 -1.3033547089 0.198065983643 -0.198065983643 -1.3033547089 
124.570741513 123.618030017 1.3287024498 293.383300781 5.36722564697 8388608 0.566427758734 0.0 0.566427758734 0.527335944287 -1.21957656667 1.21957656667 0.527335944287 
219.790440431 156.663361868 1.3187892437 73.4249267578 5.31478118896 8388608 0.574975325024 0.0 0.574975325024 0.37621287801 1.26398929573 -1.26398929573 0.37621287801 
75.2189556789 119.578472981 1.44151163101 126.26008606 4.99445343018 8388608 0.48124219413 0.0 0.48124219413 -0.852584362938 1.16234921018 -1.16234921018 -0.852584362938 
113.311795417 100.123575412 1.87565970421 125.119049072 4.96768569946 19857408 0.284244390888 0.0 0.284244390888 -1.0790243185 1.53421179961 -1.53421179961 -1.0790243185 
55.1655184037 150.765824298 1.23345196247 124.762420654 4.6388130188 8388608 0.657287721373 0.0 0.657287721373 -0.703283308534 1.0133095932 -1.0133095932 -0.703283308534 
70.1620156079 109.128664536 1.32011663914 141.435241699 4.53214454651 8388608 0.573819615161 0.0 0.573819615161 -1.03220456341 0.822959099962 -0.822959099962 -1.03220456341 
155.06308183 83.6438372709 1.3298971653 294.340820312 4.48177337646 8388608 0.565410513079 0.0 0.565410513079 0.548135179783 -1.21168242331 1.21168242331 0.548135179783 
67.6593724051 114.728310844 1.35774099827 142.122619629 4.37897872925 8388608 0.542458021631 0.0 0.542458021631 -1.07170099779 0.833617172155 -0.833617172155 -1.07170099779 
76.7475639521 125.159356623 1.47312951088 134.017181396 4.27944946289 8388608 0.460806016226 0.0 0.460806016226 -1.02363946799 1.05937377511 -1.05937377511 -1.02363946799 
270.976792583 70.7637565804 1.26813995838 6.68951416016 4.23518371582 8388608 0.621821344873 0.0 0.621821344873 1.25950644265 0.14772432083 -0.14772432083 1.25950644265 
277.507241233 69.7466312964 2.537327528 8.61285400391 4.1756362915 24969472 0.155326993988 0.0 0.155326993988 2.50871360009 0.379982969462 -0.379982969462 2.50871360009 
126.612833781 109.98581304 1.66627705097 120.304351807 4.16575241089 11272192 0.360168373018 0.0 0.360168373018 -0.840792069483 1.43859233506 -1.43859233506 -0.840792069483 
272.593078235 61.885793518 1.47423768044 315.82824707 3.98591995239 8388608 0.460113510154 0.0 0.460113510154 1.05740320637 -1.02726588456 1.02726588456 1.05740320637 
85.4639847458 133.00220646 1.38875961304 134.210906982 3.93461227417 8388608 0.518496517382 0.0 0.518496517382 -0.968384249219 0.995432171807 -0.995432171807 -0.968384249219 
163.626291207 120.503362552 1.50357782841 139.366394043 3.9181022644 8388608 0.442331811472 0.0 0.442331811472 -1.14104938906 0.979159117713 -0.979159117713 -1.14104938906 
202.429450781 42.6178553155 1.88458061218 277.654174805 3.78215789795 20185088 0.281559744277 0.0 0.281559744277 0.251013989068 -1.86778908368 1.86778908368 0.251013989068 
267.85020312 91.6564828637 1.66797232628 5.03912353516 3.67639541626 11337728 0.359436617162 0.0 0.359436617162 1.66152553468 0.14650794801 -0.14650794801 1.66152553468 
166.954052576 40.6070759641 1.27561676502 276.448577881 3.63549423218 8388608 0.6145533115 0.0 0.6145533115 0.143266371297 -1.26754600629 1.26754600629 0.143266371297 
121.025696634 14.1715122494 1.71049582958 270.678344727 3.61198806763 13172736 0.341787330971 0.0 0.341787330971 0.0202506838923 -1.71037595073 1.71037595073 0.0202506838923 
152.537972271 31.0161601801 1.50357079506 278.623901367 3.59893035889 8388608 0.442335949729 0.0 0.442335949729 0.225457129275 -1.48657129618 1.48657129618 0.225457129275 
154.758676316 30.4292609895 1.91366052628 279.338745117 3.59552001953 21299200 0.27306761851 0.0 0.27306761851 0.310531847251 -1.88829727047 1.88829727047 0.310531847251 
159.017585179 27.2295743778 2.69566011429 284.834533691 3.58080673218 12648960 0.137616254824 0.0 0.137616254824 0.690165658394 -2.60581173835 2.60581173835 0.690165658394 
160.891074249 31.2744864093 1.73353207111 278.592987061 3.57490921021 14155776 0.332763925277 0.0 0.332763925277 0.259014514991 -1.71407261299 1.71407261299 0.259014514991 
119.561468319 109.858583042 1.45442044735 127.9347229 3.5728225708 8388608 0.472737502944 0.0 0.472737502944 -0.894124306608 1.14711837314 -1.14711837314 -0.894124306608 
258.765340751 134.186374254 1.70552992821 44.6629943848 3.55507659912 12976128 0.343780556762 0.0 0.343780556762 1.2130643474 1.19887748543 -1.19887748543 1.2130643474 
267.78988812 139.350792739 2.92052793503 27.5901489258 3.55237579346 18481664 0.117240394388 0.0 0.117240394388 2.58841490915 1.35262399705 -1.35262399705 2.58841490915 
101.209999056 139.258412369 1.25382113457 98.1342163086 3.5514793396 8388608 0.636105027147 0.0 0.636105027147 -0.177406206984 1.24120686238 -1.24120686238 -0.177406206984 
277.532147463 91.6905858192 1.76204931736 0.435791015625 3.55120849609 15335424 0.322080091472 0.0 0.322080091472 1.7619983494 0.0134019968715 -0.0134019968715 1.7619983494 
267.500855112 124.143442942 2.20333766937 3.39831542969 3.54999160767 14811392 0.205986083917 0.0 0.205986083917 2.19946325691 0.130607299915 -0.130607299915 2.19946325691 
271.755074712 112.327555949 1.52284824848 21.9714355469 3.54969406128 8388608 0.431207934681 0.0 0.431207934681 1.41224453722 0.569764999793 -0.569764999793 1.41224453722 
278.518966087 66.8037785661 1.32458078861 6.10961914062 3.54946899414 8388608 0.569958318167 0.0 0.569958318167 1.31705728882 0.14097646445 -0.14097646445 1.31705728882 
259.103713959 146.091786454 2.04888319969 10.9237365723 3.54758453369 9502976 0.238213076093 0.0 0.238213076093 2.01175802971 0.388267943386 -0.388267943386 2.01175802971 
252.951494716 147.756000619 1.4686177969 0.481231689453 3.54628753662 8388608 0.463641632706 0.0 0.463641632706 1.46856599575 0.0123348895869 -0.0123348895869 1.46856599575 
277.048408593 95.965995411 1.49207210541 7.05166625977 3.54595947266 8388608 0.449179965609 0.0 0.449179965609 1.48078585249 0.183173215322 -0.183173215322 1.48078585249 
259.877081918 127.506332456 1.25421917439 8.12350463867 3.5446434021 8388608 0.635701341799 0.0 0.635701341799 1.24163405326 0.177230401367 -0.177230401367 1.24163405326 
252.194059699 151.686943924 1.30489683151 8.08776855469 3.54460906982 8388608 0.587283293772 0.0 0.587283293772 1.29191795522 0.183585777953 -0.183585777953 1.29191795522 
261.034936098 124.401880374 1.44165444374 0.911987304688 3.54197311401 8388608 0.48114685352 0.0 0.48114685352 1.44147182122 0.02294610606 -0.02294610606 1.44147182122 
277.285795215 86.2888539105 1.32124888897 350.964660645 3.54145431519 8388608 0.572836562257 0.0 0.572836562257 1.30485439121 -0.20749372122 0.20749372122 1.30485439121 
155.451502639 125.450595873 1.26462090015 276.592315674 3.39992523193 8388608 0.62528684209 0.0 0.62528684209 0.145183438537 -1.25625944386 1.25625944386 0.145183438537 
204.181563681 101.691953587 1.28522670269 263.891418457 2.74981880188 8388608 0.60539735572 0.0 0.60539735572 -0.136764826906 -1.27792920752 1.27792920752 -0.136764826906 
241.227511183 116.010464658 1.81347429752 31.3348693848 2.37942123413 17432576 0.30407253211 0.0 0.30407253211 1.54896547032 0.943077409092 -0.943077409092 1.54896547032 
237.089181178 138.747425678 1.26597392559 10.7071533203 2.27771759033 8388608 0.62395099009 0.0 0.62395099009 1.24393282404 0.235204399523 -0.235204399523 1.24393282404 
