13
37
107.352806809 174.454602224 1.50925159454 127.46688058 22.7417907715 8388608 0.439012325314 0.0 0.439012325314 -0.918081872828 1.1979006847 -1.1979006847 -0.918081872828 
130.887433869 45.1891878862 1.35220944881 121.895187578 17.0106239319 8388608 0.546905218468 0.0 0.546905218468 -0.714462884344 1.14804755144 -1.14804755144 -0.714462884344 
127.290830576 50.4004084839 1.64579832554 121.103581197 16.4540100098 10420224 0.369187312588 0.0 0.369187312588 -0.850197768931 1.40918979632 -1.40918979632 -0.850197768931 
60.624022825 129.346947062 1.10579359531 122.505712286 13.4035491943 8388608 0.817808950908 0.0 0.817808950908 -0.594235442948 0.932557619551 -0.932557619551 -0.594235442948 
76.9725258887 116.225258809 1.26018774509 123.825818324 12.7963180542 8388608 0.629693914404 0.0 0.629693914404 -0.701508728292 1.04688044065 -1.04688044065 -0.701508728292 
84.344172133 108.868638746 1.38230276108 124.237203793 12.6132011414 8388608 0.523351711779 0.0 0.523351711779 -0.777711603057 1.14277101195 -1.14277101195 -0.777711603057 
92.534117923 98.3796413812 1.58135104179 124.598503917 12.5647239685 8388608 0.399892650037 0.0 0.399892650037 -0.897926308915 1.30169100064 -1.30169100064 -0.897926308915 
89.0198671739 103.735006288 1.46303498745 124.21067106 12.3106575012 8388608 0.467186813107 0.0 0.467186813107 -0.822572998904 1.20989463838 -1.20989463838 -0.822572998904 
50.7665045515 132.50440982 2.14639210701 122.355968881 12.2977561951 12910848 0.217061037625 0.0 0.217061037625 -1.14870136486 1.81314209355 -1.81314209355 -1.14870136486 
115.161907316 57.3849062856 1.3328204155 124.82046773 12.1699676514 8388608 0.562933024278 0.0 0.562933024278 -0.761049613468 1.09417263071 -1.09417263071 -0.761049613468 
34.0041269083 155.754040882 1.72628796101 119.393282431 12.1495094299 13828096 0.335562573458 0.0 0.335562573458 -0.847264903542 1.5040652604 -1.5040652604 -0.847264903542 
39.1967708514 151.788117974 1.44300925732 119.355288614 11.5353431702 8388608 0.480243798638 0.0 0.480243798638 -0.707397399326 1.25772200272 -1.25772200272 -0.707397399326 
91.3734522056 114.705218278 2.27476239204 118.941226466 10.6860618591 17105152 0.193253745943 0.0 0.193253745943 -1.10078524565 1.99068224064 -1.99068224064 -1.10078524565 
72.7419565106 129.690767111 1.65628635883 117.394462498 10.4949035645 10878976 0.364526537114 0.0 0.364526537114 -0.762080504238 1.47055017171 -1.47055017171 -0.762080504238 
84.4668084281 120.102244548 1.66709399223 117.726009403 10.3685112 11337728 0.359815466329 0.0 0.359815466329 -0.7756053473 1.47568246048 -1.47568246048 -0.7756053473 
92.8123688739 146.830907465 1.2662576437 120.790820421 6.9697227478 8388608 0.623671416081 0.0 0.623671416081 -0.648203924269 1.08776840035 -1.08776840035 -0.648203924269 
88.9449471551 148.640875463 1.48912024498 121.707571662 6.96072673798 8388608 0.450962535878 0.0 0.450962535878 -0.782657896262 1.26685663018 -1.26685663018 -0.782657896262 
73.623190221 159.44231673 2.63997364044 117.371991992 6.86142539978 11141632 0.143483122369 0.0 0.143483122369 -1.21376942722 2.3444028237 -2.3444028237 -1.21376942722 
118.43591833 100.917830233 1.25531113148 123.019883254 6.49361419678 8388608 0.634595868172 0.0 0.634595868172 -0.684056750861 1.05255517595 -1.05255517595 -0.684056750861 
129.353219925 63.097354808 1.27250266075 124.858343325 6.35271453857 8388608 0.617564896282 0.0 0.617564896282 -0.727298175563 1.04417449952 -1.04417449952 -0.727298175563 
103.47103678 140.744056746 2.94131398201 118.093529472 6.00164222717 18940416 0.11558919126 0.0 0.11558919126 -1.3851008083 2.59476852371 -2.59476852371 -1.3851008083 
57.2645122612 165.199366365 1.55733013153 120.675528581 5.94823551178 8388608 0.412324012005 0.0 0.412324012005 -0.794511869417 1.33941331482 -1.33941331482 -0.794511869417 
98.2580597757 142.240919188 1.59487140179 120.176925089 5.94387054443 8388608 0.39314129035 0.0 0.39314129035 -0.801696932077 1.37873014667 -1.37873014667 -0.801696932077 
125.993313955 76.4008670607 1.41263437271 124.732475058 5.81857681274 8388608 0.501118528887 0.0 0.501118528887 -0.804841964667 1.16093293643 -1.16093293643 -0.804841964667 
126.821840951 71.8432880674 1.45971870422 124.829247471 5.5507774353 8388608 0.469311994779 0.0 0.469311994779 -0.833693027798 1.19822144484 -1.19822144484 -0.833693027798 
111.494955814 103.632242288 1.52574872971 124.269525765 4.36888885498 8388608 0.429570021858 0.0 0.429570021858 -0.85912864575 1.26087555145 -1.26087555145 -0.85912864575 
79.1061004159 180.436069452 1.29065263271 124.703691072 4.15503883362 8388608 0.600317849693 0.0 0.600317849693 -0.734810471805 1.06105503573 -1.06105503573 -0.734810471805 
79.1318149749 87.4832175492 1.49881350994 124.953101908 3.62034225464 8388608 0.445148384773 0.0 0.445148384773 -0.858678873434 1.22845941321 -1.22845941321 -0.858678873434 
132.72014133 172.482677224 1.2855066061 124.94052573 3.57722091675 8388608 0.605133748615 0.0 0.605133748615 -0.736242837675 1.05379016806 -1.05379016806 -0.736242837675 
128.635654617 178.440207159 1.49393451214 124.952667019 3.55765151978 8388608 0.448060727329 0.0 0.448060727329 -0.855874373576 1.22446697923 -1.22446697923 -0.855874373576 
128.237544318 144.668017551 1.33006298542 123.674718623 3.0379447937 8388608 0.565269541416 0.0 0.565269541416 -0.737489705435 1.10687690353 -1.10687690353 -0.737489705435 
120.302472904 152.306915265 1.43676531315 124.773691478 2.90670394897 8388608 0.484426988727 0.0 0.484426988727 -0.819439642809 1.18017508737 -1.18017508737 -0.819439642809 
108.57625118 163.38710749 1.51846826077 124.964629324 2.89551353455 8388608 0.433699141698 0.0 0.433699141698 -0.870189572036 1.24439381534 -1.24439381534 -0.870189572036 
88.2810381821 176.450480956 1.29060173035 125.741346942 2.7474899292 8388608 0.600365204661 0.0 0.600365204661 -0.753875435082 1.04753265093 -1.04753265093 -0.753875435082 
131.77895267 140.026350481 1.42403614521 126.234673416 2.35704803467 8388608 0.493126083053 0.0 0.493126083053 -0.841739084225 1.14863147134 -1.14863147134 -0.841739084225 
107.001848303 153.398044825 1.52565062046 124.496058608 1.24683475494 8388608 0.429625271921 0.0 0.429625271921 -0.864051532784 1.25738807232 -1.25738807232 -0.864051532784 
82.9006327229 169.041460662 1.63111758232 126.307053041 1.0990562439 9764864 0.375862901253 0.0 0.375862901253 -0.965804918791 1.31444491181 -1.31444491181 -0.965804918791 
