13
263
65.4716000191 99.0504262378 3.01253867149 81.5552062988 113.754005432 20709888 0.110188111249 0.0 0.110188111249 0.442410567725 2.97987619488 -2.97987619488 0.442410567725 
37.6815264322 62.1556097159 2.81010174751 49.4255981445 106.069999695 15663616 0.126635628446 0.0 0.126635628446 1.82778833692 2.13444644505 -2.13444644505 1.82778833692 
117.651464286 39.986441674 3.04937887192 60.9373474121 104.972122192 21561856 0.107541781409 0.0 0.107541781409 1.48128372802 2.66542867502 -2.66542867502 1.48128372802 
147.798075819 93.8348312567 5.33857059479 25.7089538574 103.993659973 11928065 0.0350873056429 0.0 0.0350873056429 4.81010143725 2.31587136062 -2.31587136062 4.81010143725 
97.7010222044 164.292121942 3.50095152855 52.8648986816 103.931175232 14876673 0.0815882849839 0.0 0.0815882849839 2.1135121887 2.79100839008 -2.79100839008 2.1135121887 
138.691751569 97.9317443404 1.7035804987 68.3956298828 99.2633590698 12910592 0.344567792127 0.0 0.344567792127 0.627250619664 1.58390125187 -1.58390125187 0.627250619664 
120.173199841 84.0050755036 2.22170233727 102.495697021 98.545249939 15401216 0.202594782293 0.0 0.202594782293 -0.48070149749 2.16907522823 -2.16907522823 -0.48070149749 
180.156496373 150.117871954 3.79926347733 147.527084351 98.1868591309 20774913 0.0692789304877 0.0 0.0692789304877 -3.2052309245 2.03982785812 -2.03982785812 -3.2052309245 
93.1601182755 60.9734608975 2.0377471447 20.5823364258 93.4286956787 9109760 0.240823804731 0.0 0.240823804731 1.90767358673 0.716376236501 -0.716376236501 1.90767358673 
55.133907704 57.5791027823 2.40063858032 60.5911254883 91.3394851685 20971776 0.173518760772 0.0 0.173518760772 1.17880642257 2.09128692709 -2.09128692709 1.17880642257 
156.97900269 118.458891367 2.48166871071 52.7875061035 89.0892791748 23396608 0.162372467253 0.0 0.162372467253 1.50084571377 1.97639614783 -1.97639614783 1.50084571377 
98.9581337233 46.5719606747 5.95325899124 32.6575927734 87.6158981323 19857921 0.0282156751677 0.0 0.0282156751677 5.01211070612 3.21248173324 -3.21248173324 5.01211070612 
114.470383084 142.236718411 3.17478299141 338.89755249 87.4947738647 24510976 0.0992137602917 0.0 0.0992137602917 2.96187618956 -1.1430382672 1.1430382672 2.96187618956 
173.533259333 129.969345218 3.4378862381 306.495147705 86.9784164429 13565953 0.0846090847224 0.0 0.0846090847224 2.04469902282 -2.76374161097 2.76374161097 2.04469902282 
99.553017486 48.0488136707 3.52528834343 33.835144043 86.9223098755 15335425 0.0804656844998 0.0 0.0804656844998 2.92825641252 1.96289894972 -1.96289894972 2.92825641252 
77.7774871228 98.7180460003 1.72205722332 56.4438781738 86.8014984131 13697024 0.337213414246 0.0 0.337213414246 0.951873192604 1.43506742197 -1.43506742197 0.951873192604 
72.6487252583 190.480615857 3.28254246712 23.3379516602 86.7562332153 10223617 0.0928066920591 0.0 0.0928066920591 3.01397855654 1.30039159838 -1.30039159838 3.01397855654 
158.399535304 136.208162323 2.40155863762 103.722564697 84.7646179199 21037312 0.173385833248 0.0 0.173385833248 -0.569699544043 2.33300799815 -2.33300799815 -0.569699544043 
62.1063929771 141.870435956 2.06367135048 347.194641113 82.9891891479 10027264 0.234811265971 0.0 0.234811265971 2.01234501379 -0.457391504346 0.457391504346 2.01234501379 
207.115897059 122.765490188 1.31933581829 300.757507324 81.949546814 8388608 0.57449902202 0.0 0.57449902202 0.674715841306 -1.13375726455 1.13375726455 0.674715841306 
75.3554404323 144.34373775 2.23128271103 358.807159424 81.5110015869 15728896 0.200858770204 0.0 0.200858770204 2.23079917542 -0.0464497091089 0.0464497091089 2.23079917542 
132.717738255 47.9186932874 1.25662600994 70.6987609863 81.4064407349 8388608 0.633268536276 0.0 0.633268536276 0.415358629644 1.18599584217 -1.18599584217 0.415358629644 
177.34483784 185.566770494 1.60601258278 82.2854614258 81.1617050171 8650752 0.38770563472 0.0 0.38770563472 0.215587337499 1.59147683488 -1.59147683488 0.215587337499 
74.0557152356 153.450064036 3.12277746201 346.742553711 80.9800643921 23331328 0.102545811786 0.0 0.102545811786 3.03955376521 -0.716136848382 0.716136848382 3.03955376521 
47.6531157899 100.264329002 1.84306561947 42.7525939941 78.7164382935 18612224 0.294386848449 0.0 0.294386848449 1.35334792854 1.25113558896 -1.25113558896 1.35334792854 
189.514816426 134.928898328 1.81051456928 52.260925293 78.3354034424 17301504 0.305067506344 0.0 0.305067506344 1.10815531267 1.43176632471 -1.43176632471 1.10815531267 
107.567776222 81.6175972628 2.40354800224 85.4129333496 77.3822631836 21102848 0.173098936629 0.0 0.173098936629 0.192221155301 2.39584933302 -2.39584933302 0.192221155301 
196.35621489 62.4387873563 1.40673816204 96.3690795898 77.3218154907 8388608 0.505328114824 0.0 0.505328114824 -0.156053144709 1.39805567578 -1.39805567578 -0.156053144709 
14.7001805521 14.4826280756 1.41640686989 306.398925781 76.7270507812 8388608 0.498452697885 0.0 0.498452697885 0.840501213023 -1.14007286257 1.14007286257 0.840501213023 
184.117105951 103.000392346 2.04452085495 52.2792663574 76.2730941772 9371904 0.239230699543 0.0 0.239230699543 1.25086509302 1.61722046901 -1.61722046901 1.25086509302 
191.259305265 21.6389552042 2.42206192017 352.356994629 75.8923492432 21627136 0.170462760255 0.0 0.170462760255 2.40054430109 -0.322135070429 0.322135070429 2.40054430109 
39.461659062 193.983616136 3.41028738022 92.352722168 75.5103759766 12976129 0.085984079072 0.0 0.085984079072 -0.139996421819 3.40741265736 -3.40741265736 -0.139996421819 
167.795907628 20.5803466436 1.76436245441 107.062683105 74.6575012207 15400960 0.321236129935 0.0 0.321236129935 -0.517695265727 1.68670284354 -1.68670284354 -0.517695265727 
186.785638747 102.97846829 3.11065483093 49.5079956055 74.4391708374 23003648 0.103346638251 0.0 0.103346638251 2.0198786041 2.36564238673 -2.36564238673 2.0198786041 
163.236003166 62.1307438801 2.67986130714 331.8984375 73.4782562256 12255744 0.13924363864 0.0 0.13924363864 2.36394323292 -1.26231098271 1.26231098271 2.36394323292 
28.8706652763 103.702773632 1.98793935776 356.578460693 73.2469024658 24051712 0.253042655097 0.0 0.253042655097 1.98439578077 -0.11864348008 0.11864348008 1.98439578077 
80.5867683397 115.77452315 2.55947399139 347.361114502 72.7163543701 8913408 0.152650615069 0.0 0.152650615069 2.497454066 -0.560027053655 0.560027053655 2.497454066 
42.9922450483 103.800594842 1.29134583473 50.6970825195 72.5039291382 8388608 0.599673514395 0.0 0.599673514395 0.817964634365 0.999253682409 -0.999253682409 0.817964634365 
132.723063287 208.695306403 1.26381695271 87.2586364746 71.6867675781 8388608 0.626082618172 0.0 0.626082618172 0.0604452895358 1.26237064958 -1.26237064958 0.0604452895358 
90.3183189817 199.267516936 2.287368536 61.4766235352 71.3458862305 17498368 0.191129495868 0.0 0.191129495868 1.09225798942 2.00973314249 -2.00973314249 1.09225798942 
40.8140422834 163.86744192 2.51106476784 170.819625854 71.3074111938 24248576 0.15859305709 0.0 0.15859305709 -2.47890046939 0.400622928868 -0.400622928868 -2.47890046939 
143.772837571 22.0647560539 1.71027266979 45.8412780762 71.1608734131 13172736 0.341876530975 0.0 0.341876530975 1.19145877385 1.22697130987 -1.22697130987 1.19145877385 
144.074112809 21.0381445308 2.58934283257 40.7665405273 71.1082077026 9765376 0.149149186566 0.0 0.149149186566 1.96110743716 1.69078500243 -1.69078500243 1.96110743716 
99.8487847308 31.7227748303 3.8730032444 2.60189819336 70.9886169434 22151169 0.0666659816464 0.0 0.0666659816464 3.86901043514 0.175819179544 -0.175819179544 3.86901043514 
88.09367578 90.4453070418 4.73233938217 47.0503845215 70.9721755981 19923201 0.0446527524558 0.0 0.0446527524558 3.22440291854 3.46385072527 -3.46385072527 3.22440291854 
23.237116176 20.556074297 1.75045192242 54.5318908691 70.2492141724 14876672 0.326362030118 0.0 0.326362030118 1.01569925281 1.42563563386 -1.42563563386 1.01569925281 
165.116459499 193.794424148 1.43253266811 31.2699584961 69.9033050537 8388608 0.48729385056 0.0 0.48729385056 1.22443023548 0.743586204593 -0.743586204593 1.22443023548 
113.634267647 161.620044146 3.56773924828 54.4216003418 69.4956588745 16252929 0.0785622273743 0.0 0.0785622273743 2.07576917767 2.9017142631 -2.9017142631 2.07576917767 
24.4841140232 170.382366131 3.12671422958 342.696166992 68.5156784058 23396864 0.102287748622 0.0 0.102287748622 2.98520196823 -0.930005958233 0.930005958233 2.98520196823 
202.074438146 133.433164708 1.93884623051 67.8508605957 68.5075073242 22282240 0.266019373745 0.0 0.266019373745 0.730981395384 1.79577028184 -1.79577028184 0.730981395384 
24.04765477 184.067290977 2.58057355881 338.935638428 68.2735748291 9503232 0.150164582806 0.0 0.150164582806 2.40813260205 -0.927500546296 0.927500546296 2.40813260205 
119.590451259 14.6197405515 1.28495395184 39.4318237305 67.9242630005 8388608 0.605654392434 0.0 0.605654392434 0.992473898341 0.816150855816 -0.816150855816 0.992473898341 
196.066890503 153.026873366 2.83690261841 22.940826416 67.2203292847 16384512 0.124254218935 0.0 0.124254218935 2.61252603102 1.10576860308 -1.10576860308 2.61252603102 
44.7350846665 138.691884951 3.7590110302 0.953704833984 67.1858673096 19988481 0.0707705873263 0.0 0.0707705873263 3.75849029578 0.0625669373403 -0.0625669373403 3.75849029578 
145.520465286 42.5876651737 1.45822715759 84.2340393066 67.0747451782 8388608 0.470272556676 0.0 0.470272556676 0.146501116234 1.45084936023 -1.45084936023 0.146501116234 
184.849456366 185.025436491 1.49888801575 112.576889038 66.9400863647 8388608 0.445104131547 0.0 0.445104131547 -0.575457438484 1.38402096091 -1.38402096091 -0.575457438484 
116.592452493 208.026030744 1.6630614996 325.037414551 66.9380645752 11141120 0.361562500112 0.0 0.361562500112 1.3629228355 -0.953003093336 0.953003093336 1.3629228355 
136.911260246 79.8684491168 1.57677972317 342.813140869 66.8036117554 8388608 0.402214707541 0.0 0.402214707541 1.50637045064 -0.465920981322 0.465920981322 1.50637045064 
196.212807877 36.366891812 3.22147512436 23.3460998535 66.7833404541 8847361 0.0963585898411 0.0 0.0963585898411 2.95772596681 1.27662017927 -1.27662017927 2.95772596681 
131.513634372 31.0158896765 1.79253256321 26.1807861328 66.6435546875 16580608 0.311218849113 0.0 0.311218849113 1.60863015161 0.790874215985 -0.790874215985 1.60863015161 
170.286680317 94.2073394511 3.32695794106 358.388763428 66.0927200317 11141121 0.0903452613965 0.0 0.0903452613965 3.32564252829 -0.0935463284654 0.0935463284654 3.32564252829 
163.244866724 78.2700502055 1.77613151073 80.9342956543 66.0718765259 15925248 0.316993065312 0.0 0.316993065312 0.279859714842 1.75394460672 -1.75394460672 0.279859714842 
197.649909774 95.6738349879 1.6849732399 40.0287475586 65.3597793579 12124160 0.35221997675 0.0 0.35221997675 1.29022080075 1.08372741245 -1.08372741245 1.29022080075 
171.087598457 76.3395105307 5.0186624527 52.849395752 65.1447601318 24183041 0.0397030642539 0.0 0.0397030642539 3.03083141802 4.00012921412 -4.00012921412 3.03083141802 
134.143437426 139.473574375 4.26451396942 39.4154052734 64.8281097412 12386561 0.0549871128493 0.0 0.0549871128493 3.29460521036 2.70770306777 -2.70770306777 3.29460521036 
107.890412664 70.0085590823 2.93455338478 348.620819092 64.6413345337 18809344 0.116122391386 0.0 0.116122391386 2.87686866645 -0.578990711595 0.578990711595 2.87686866645 
16.4988791182 136.5854751 1.88664996624 50.6419067383 64.6275100708 20250624 0.280942430759 0.0 0.280942430759 1.19644767389 1.45875325493 -1.45875325493 1.19644767389 
79.8444824816 174.826899972 2.25450325012 39.7369689941 64.2253952026 16449792 0.196742537551 0.0 0.196742537551 1.73368423714 1.44122304683 -1.44122304683 1.73368423714 
83.2876893457 72.2892765722 3.28732776642 310.024383545 63.7543296814 10289153 0.0925366949121 0.0 0.0925366949121 2.11412506081 -2.51733968132 2.51733968132 2.11412506081 
181.21220883 170.082891862 2.20765161514 128.721389771 63.7055397034 14942464 0.205181840552 0.0 0.205181840552 -1.38096106714 1.72240302626 -1.72240302626 -1.38096106714 
48.7160192489 19.3442237078 1.590285182 65.6790771484 63.4744377136 8388608 0.395412118583 0.0 0.395412118583 0.65495442102 1.44915205085 -1.44915205085 0.65495442102 
46.7623276373 126.518742459 2.57238316536 5.45001220703 63.2856369019 9306624 0.151122344485 0.0 0.151122344485 2.56075455369 0.244317959183 -0.244317959183 2.56075455369 
100.937448583 82.1717646984 1.90831756592 88.0434265137 62.4394302368 21102592 0.274598843655 0.0 0.274598843655 0.0651538027972 1.90720500062 -1.90720500062 0.0651538027972 
39.3426630896 167.177188919 1.47414672375 169.485107422 61.7205047607 8388608 0.460170291059 0.0 0.460170291059 -1.44939212501 0.269018644494 -0.269018644494 -1.44939212501 
173.591959062 55.9069346773 2.15396428108 331.201782227 61.5510826111 13172992 0.215537581615 0.0 0.215537581615 1.88756556497 -1.03762149271 1.03762149271 1.88756556497 
143.802995633 134.844740689 1.42706263065 91.7471008301 60.9289360046 8388608 0.491036677426 0.0 0.491036677426 -0.0435081951651 1.42639923891 -1.42639923891 -0.0435081951651 
35.8262691601 79.2293928424 3.09757232666 8.16680908203 60.7497901917 22741504 0.104221444601 0.0 0.104221444601 3.06615888067 0.440027314326 -0.440027314326 3.06615888067 
48.5804206918 43.9277009508 2.58619332314 272.735229492 60.7050514221 9634304 0.149512680508 0.0 0.149512680508 0.123414774205 -2.58324692938 2.58324692938 0.123414774205 
147.741108679 134.486572336 2.79475569725 96.5947265625 60.310131073 15270400 0.128030163377 0.0 0.128030163377 -0.32096573341 2.77626374923 -2.77626374923 -0.32096573341 
168.862433232 142.539072915 1.42094135284 133.395721436 60.3019638062 8388608 0.495276467053 0.0 0.495276467053 -0.976233958401 1.0324928991 -1.0324928991 -0.976233958401 
21.542315814 74.0681840515 2.1295132637 34.1911315918 60.2271957397 12321024 0.220515591283 0.0 0.220515591283 1.76146430156 1.19669137819 -1.19669137819 1.76146430156 
52.0130127498 71.7763076782 2.64319777489 339.31362915 59.792678833 11272704 0.143133298576 0.0 0.143133298576 2.47278575705 -0.933715736655 0.933715736655 2.47278575705 
140.605602466 211.334351743 1.47198200226 56.1174926758 59.5398139954 8388608 0.461524754614 0.0 0.461524754614 0.820617713872 1.22201374078 -1.22201374078 0.820617713872 
93.6101473523 189.733327716 1.58872544765 21.6914672852 59.5112419128 8388608 0.396188892952 0.0 0.396188892952 1.47622402609 0.587206243841 -0.587206243841 1.47622402609 
65.9326340429 17.5031825512 1.70559585094 11.6560058594 58.1870880127 12976128 0.343753982451 0.0 0.343753982451 1.67042344673 0.344590649001 -0.344590649001 1.67042344673 
125.155999001 56.2666787634 1.76534903049 3.05331420898 58.1440429688 15466496 0.32087718072 0.0 0.32087718072 1.76284294698 0.0940316104049 -0.0940316104049 1.76284294698 
62.0000698074 91.3035142126 1.64854717255 315.887207031 57.9898490906 10485760 0.367957146577 0.0 0.367957146577 1.18360889198 -1.14750937728 1.14750937728 1.18360889198 
78.5132338446 51.4353294754 3.31841731071 120.35168457 57.8194770813 11010049 0.0908109041118 0.0 0.0908109041118 -1.67681703423 2.86359530691 -2.86359530691 -1.67681703423 
17.4222737283 209.483183806 1.32588005066 79.1056213379 57.292930603 8388608 0.568841833488 0.0 0.568841833488 0.250590137968 1.30198405961 -1.30198405961 0.250590137968 
203.972121746 64.2843099984 1.67233371735 127.39692688 57.1166229248 11534336 0.357564264229 0.0 0.357564264229 -1.01566383748 1.3285808336 -1.3285808336 -1.01566383748 
36.4884761759 154.112465582 2.34403085709 158.822601318 56.6512031555 19267840 0.182000822656 0.0 0.182000822656 -2.18572996273 0.846797017597 -0.846797017597 -2.18572996273 
121.863278882 154.137376789 1.36690759659 57.6023254395 56.399597168 8388608 0.535206877785 0.0 0.535206877785 0.732378874202 1.15414798108 -1.15414798108 0.732378874202 
134.553222976 38.522289337 1.96379113197 93.493927002 56.2160186768 23199744 0.259304116277 0.0 0.259304116277 -0.11967881842 1.96014096188 -1.96014096188 -0.11967881842 
101.015702917 118.830308721 3.85661482811 319.661132812 56.1194000244 21823489 0.0672337703761 0.0 0.0672337703761 2.93962519752 -2.49641375387 2.49641375387 2.93962519752 
137.237138668 37.6590269451 4.71556091309 78.9616088867 55.9399528503 19661057 0.0449710762845 0.0 0.0449710762845 0.902872854111 4.62831884536 -4.62831884536 0.902872854111 
57.6150704598 156.865845087 2.43677091599 9.52239990234 55.5102348328 22085888 0.168411054419 0.0 0.168411054419 2.40319465067 0.403122770368 -0.403122770368 2.40319465067 
44.5329919841 20.7002034206 3.08530187607 62.8460693359 55.3647994995 22413824 0.1050520843 0.0 0.1050520843 1.40807819635 2.74525107402 -2.74525107402 1.40807819635 
134.374464265 129.769299694 1.546261549 328.336914062 55.1345787048 8388608 0.418248206402 0.0 0.418248206402 1.31609971253 -0.811668851552 0.811668851552 1.31609971253 
198.39338119 116.822195723 2.33431005478 96.9256591797 54.95703125 18940160 0.183519796328 0.0 0.183519796328 -0.281474422083 2.31727762289 -2.31727762289 -0.281474422083 
100.156137614 15.5905748929 1.43804168701 91.4219665527 54.9012260437 8388608 0.483567437083 0.0 0.483567437083 -0.0356856524056 1.43759884105 -1.43759884105 -0.0356856524056 
176.49595948 23.032787881 1.89012241364 359.275421143 54.3884735107 20381696 0.279911109528 0.0 0.279911109528 1.88997127336 -0.0239023929154 0.0239023929154 1.88997127336 
183.562100453 60.0695151807 1.65388607979 105.145584106 54.1564941406 10747904 0.365585377062 0.0 0.365585377062 -0.432115032047 1.59643846233 -1.59643846233 -0.432115032047 
123.865317468 125.160779264 2.48353624344 325.884460449 54.0541419983 23462144 0.16212836219 0.0 0.16212836219 2.05614014442 -1.39292497248 1.39292497248 2.05614014442 
196.684042687 195.103283795 1.37919139862 111.796340942 54.0074577332 8388608 0.525715667323 0.0 0.525715667323 -0.512105543597 1.28059237318 -1.28059237318 -0.512105543597 
142.084767959 128.990914751 1.34543168545 159.059448242 53.9264984131 8388608 0.552429290617 0.0 0.552429290617 -1.25656828368 0.480856078944 -0.480856078944 -1.25656828368 
17.6455659156 111.806432369 2.06964898109 173.941055298 53.8357810974 10289408 0.233456844964 0.0 0.233456844964 -2.058087575 0.218454660272 -0.218454660272 -2.058087575 
139.514727662 62.3024676784 2.30245280266 349.280151367 53.0970001221 17957120 0.188633371481 0.0 0.188633371481 2.26227135926 -0.428272349718 0.428272349718 2.26227135926 
209.597182051 89.6044064731 1.7886890173 62.3089904785 53.0850143433 16449536 0.312557784062 0.0 0.312557784062 0.831209348861 1.5838243018 -1.5838243018 0.831209348861 
186.517733113 116.875164806 1.58813786507 62.9370422363 53.0060653687 8388608 0.396482112785 0.0 0.396482112785 0.722553943381 1.41424809611 -1.41424809611 0.722553943381 
108.48718323 136.616896576 1.34594798088 163.617492676 52.9720878601 8388608 0.552005556535 0.0 0.552005556535 -1.29130266787 0.379622690569 -0.379622690569 -1.29130266787 
158.733559614 14.8144703973 1.66456627846 112.462615967 52.8784675598 11206656 0.360909085835 0.0 0.360909085835 -0.635998387772 1.53827401529 -1.53827401529 -0.635998387772 
39.1565088135 96.5866610422 1.70053672791 198.442657471 52.2961082458 12779520 0.345802371738 0.0 0.345802371738 -1.61319842638 -0.537973977152 0.537973977152 -1.61319842638 
129.948257033 148.778789362 2.83213472366 40.0580444336 51.9941711426 16253440 0.124672934691 0.0 0.124672934691 2.16769570611 1.82265806411 -1.82265806411 2.16769570611 
207.311047015 113.367308277 2.07244229317 75.0893554688 51.9283294678 10354944 0.232827946054 0.0 0.232827946054 0.53326494304 2.00265962136 -2.00265962136 0.53326494304 
155.916828384 195.74599146 1.78193581104 73.0576171875 51.4466094971 16121856 0.314931345306 0.0 0.314931345306 0.519273714736 1.70459673937 -1.70459673937 0.519273714736 
12.549679703 124.727268842 1.25608885288 38.7596435547 51.0855102539 8388608 0.633810277249 0.0 0.633810277249 0.979471862544 0.786380363959 -0.786380363959 0.979471862544 
94.7083213076 189.969001269 3.90271902084 357.685577393 50.8323898315 22740993 0.0656546408404 0.0 0.0656546408404 3.89953542231 -0.157604713842 0.157604713842 3.89953542231 
190.250245192 47.7232700514 1.74597263336 5.03070068359 50.7985534668 14680064 0.32803874034 0.0 0.32803874034 1.73924689291 0.153103500816 -0.153103500816 1.73924689291 
122.511162801 201.851049575 1.74791955948 107.920257568 49.8818893433 14745600 0.327308373206 0.0 0.327308373206 -0.537822692553 1.66312042191 -1.66312042191 -0.537822692553 
161.098396044 109.189069917 1.28525686264 27.9225158691 49.6610565186 8388608 0.605368943438 0.0 0.605368943438 1.13562941361 0.601856326635 -0.601856326635 1.13562941361 
66.444612756 115.586955505 3.15983366966 192.017211914 49.6157150269 24183296 0.100154750909 0.0 0.100154750909 -3.09058622754 -0.657894816863 0.657894816863 -3.09058622754 
70.6391694812 211.49783684 1.47809779644 347.822113037 49.5645904541 8388608 0.457713435736 0.0 0.457713435736 1.44483672533 -0.311801111259 0.311801111259 1.44483672533 
197.406633777 152.684162406 1.41856384277 30.6763305664 49.5476379395 8388608 0.496938022941 0.0 0.496938022941 1.22005442804 0.72373376917 -0.72373376917 1.22005442804 
39.2240427312 178.994513821 2.58765530586 183.04838562 49.439994812 9699840 0.149343783818 0.0 0.149343783818 -2.58399372589 -0.137609616349 0.137609616349 -2.58399372589 
135.418854703 137.85488926 1.93248915672 48.9217834473 49.1262931824 22020096 0.267772435377 0.0 0.267772435377 1.26981678554 1.4567359651 -1.4567359651 1.26981678554 
183.853159583 35.9299537882 2.00559282303 134.116088867 49.0843925476 24707072 0.248607637389 0.0 0.248607637389 -1.39612208812 1.43987696934 -1.43987696934 -1.39612208812 
32.0351294152 46.5228094142 2.10772037506 323.219665527 48.7006835938 11600128 0.225099231535 0.0 0.225099231535 1.68815107717 -1.26199489702 1.26199489702 1.68815107717 
71.502405073 51.380417777 1.52867114544 117.683380127 48.6929893494 8388608 0.427929142832 0.0 0.427929142832 -0.710197987865 1.35368175319 -1.35368175319 -0.710197987865 
210.120813661 31.141413054 1.85232818127 3.98867797852 48.6504211426 18939904 0.291450048388 0.0 0.291450048388 1.84784149995 0.128846739071 -0.128846739071 1.84784149995 
114.655253074 179.780433657 1.4725522995 329.292999268 48.5862464905 8388608 0.461167340719 0.0 0.461167340719 1.26608557087 -0.751955851094 0.751955851094 1.26608557087 
33.5787787315 33.5782111549 2.69770741463 38.6619873047 48.1611557007 12714496 0.137407459092 0.0 0.137407459092 2.10649148301 1.68532457614 -1.68532457614 2.10649148301 
85.4428598722 56.8083527909 1.28538584709 123.198699951 47.9840126038 8388608 0.605247455772 0.0 0.605247455772 -0.703805612972 1.07558097559 -1.07558097559 -0.703805612972 
116.53871728 82.951544409 6.76522922516 123.89151001 47.8985519409 12386306 0.0218491711878 0.0 0.0218491711878 -3.77244141588 5.61578242391 -5.61578242391 -3.77244141588 
128.835233156 16.8940431514 1.97940695286 96.1523742676 47.7527542114 23724032 0.25522888143 0.0 0.25522888143 -0.212138891338 1.96800634547 -1.96800634547 -0.212138891338 
114.129215127 199.658824819 1.63391757011 304.59765625 47.6845970154 9895936 0.37457579863 0.0 0.37457579863 0.927754855146 -1.34497492716 1.34497492716 0.927754855146 
78.5744285553 52.858248329 1.35130918026 119.566101074 46.6587371826 8388608 0.547634179077 0.0 0.547634179077 -0.666772901551 1.17535118089 -1.17535118089 -0.666772901551 
82.9518421049 163.820770748 1.36352002621 54.5295410156 46.4373588562 8388608 0.537869549592 0.0 0.537869549592 0.791227669121 1.11047090799 -1.11047090799 0.791227669121 
17.1076607692 203.564056653 1.24524497986 59.0690917969 46.4148368835 8388608 0.64489706565 0.0 0.64489706565 0.640060975778 1.06815589085 -1.06815589085 0.640060975778 
120.21340532 74.0377819782 1.69610536098 345.928863525 46.1660461426 12582912 0.347611668525 0.0 0.347611668525 1.6452130693 -0.412367981487 0.412367981487 1.6452130693 
126.649843279 136.15692807 1.35804390907 130.859344482 46.1315727234 8388608 0.542216058806 0.0 0.542216058806 -0.888438186621 1.0271128699 -1.0271128699 -0.888438186621 
59.0635915631 45.3627897023 2.30957531929 106.086196899 45.9451522827 18219264 0.187471709741 0.0 0.187471709741 -0.639944484038 2.21914605487 -2.21914605487 -0.639944484038 
34.1180114968 21.9834224702 2.2148976326 56.5081787109 45.8761863708 15139072 0.203841535492 0.0 0.203841535492 1.22222026288 1.84714621834 -1.84714621834 1.22222026288 
149.762427289 54.4984107119 2.06542110443 173.664016724 45.5816345215 10092800 0.234413586383 0.0 0.234413586383 -2.05280518882 0.227936823236 -0.227936823236 -2.05280518882 
114.60722217 21.6357229002 1.8345849514 123.449829102 44.6109161377 18219008 0.297114841619 0.0 0.297114841619 -1.0112353039 1.53072045261 -1.53072045261 -1.0112353039 
119.681189487 186.530284701 3.40764331818 318.237976074 44.0287284851 12910593 0.0861175645458 0.0 0.0861175645458 2.54182118908 -2.26962067902 2.26962067902 2.54182118908 
114.462649496 125.153220706 1.44122636318 159.908218384 43.8147697449 8388608 0.481432721457 0.0 0.481432721457 -1.35351842325 0.495097271113 -0.495097271113 -1.35351842325 
143.267460338 201.789894393 2.73644137383 111.554504395 43.5471916199 13763072 0.133545021915 0.0 0.133545021915 -1.00533065952 2.54507792757 -2.54507792757 -1.00533065952 
191.977621312 187.969413746 4.06086587906 126.524871826 42.9845314026 8847617 0.0606404908519 0.0 0.0606404908519 -2.41691237215 3.26330603423 -3.26330603423 -2.41691237215 
206.905167316 178.579838732 1.89973771572 346.037658691 42.5991172791 20774912 0.277084804957 0.0 0.277084804957 1.84360906109 -0.458376502896 0.458376502896 1.84360906109 
117.433161003 24.7744339228 2.82982254028 133.64944458 42.4460945129 16187904 0.124876752741 0.0 0.124876752741 -1.95326866899 2.04759300552 -2.04759300552 -1.95326866899 
116.487885209 30.8201372015 1.9239988327 329.843017578 42.3462486267 21692416 0.270140930572 0.0 0.270140930572 1.66358987137 -0.966561042113 0.966561042113 1.66358987137 
163.693399627 160.803733849 1.28183293343 119.792266846 42.3435173035 8388608 0.608607288508 0.0 0.608607288508 -0.636887454381 1.11241630681 -1.11241630681 -0.636887454381 
194.096068871 165.247707763 2.62843847275 336.951843262 42.3364105225 10813952 0.144745266175 0.0 0.144745266175 2.418626319 -1.02904593389 1.02904593389 2.418626319 
76.6235168038 82.9536290927 1.31517255306 299.496643066 41.874420166 8388608 0.578142007852 0.0 0.578142007852 0.647554884046 -1.14470586461 1.14470586461 0.647554884046 
200.143883562 142.096005324 2.29775619507 26.0838623047 41.8528251648 17826048 0.189405291803 0.0 0.189405291803 2.06373306204 1.01029173044 -1.01029173044 2.06373306204 
113.855742423 158.093706855 1.51738810539 62.6559448242 41.769405365 8388608 0.43431682045 0.0 0.43431682045 0.696985950542 1.34784169958 -1.34784169958 0.696985950542 
130.255788572 89.1562114093 2.16055941582 138.564834595 41.6983833313 13369600 0.214223727612 0.0 0.214223727612 -1.61978229801 1.42979799145 -1.42979799145 -1.61978229801 
108.300890657 203.652520867 1.32831704617 84.3285217285 41.6343841553 8388608 0.566756498001 0.0 0.566756498001 0.131270136047 1.32181478525 -1.32181478525 0.131270136047 
48.5469424177 156.041994248 2.20713186264 298.348754883 41.4375267029 14942464 0.205278487547 0.0 0.205278487547 1.04802845661 -1.94243852238 1.94243852238 1.04802845661 
154.536667007 82.7778354591 2.42618179321 23.7723388672 41.3154029846 21758208 0.169884329849 0.0 0.169884329849 2.2203309043 0.978002438199 -0.978002438199 2.2203309043 
163.637040079 130.053677833 1.23412573338 101.197692871 41.3093605042 8388608 0.656570224864 0.0 0.656570224864 -0.239660862841 1.21063165191 -1.21063165191 -0.239660862841 
89.2851514787 155.646944835 2.24080204964 159.554275513 41.3039245605 15991040 0.199155825232 0.0 0.199155825232 -2.09963939833 0.782756809379 -0.782756809379 -2.09963939833 
162.238942141 208.81793075 1.28886735439 68.3455505371 41.2902984619 8388608 0.601982065482 0.0 0.601982065482 0.475602330874 1.19790712498 -1.19790712498 0.475602330874 
93.8918569315 21.0732892191 1.38183617592 325.39276123 40.8482780457 8388608 0.52370519705 0.0 0.52370519705 1.13734046756 -0.784810727453 0.784810727453 1.13734046756 
170.103944259 74.4956705292 1.53850507736 48.856048584 40.831703186 8388608 0.422476087274 0.0 0.422476087274 1.01226419807 1.15858494137 -1.15858494137 1.01226419807 
172.990002077 199.562946664 1.65017604828 66.5627746582 40.7849121094 10616832 0.367231089915 0.0 0.367231089915 0.656347748118 1.51403058881 -1.51403058881 0.656347748118 
86.3105072505 145.262514566 1.6948158741 190.117355347 39.1339187622 12517376 0.348140824777 0.0 0.348140824777 -1.6684615124 -0.297719715064 0.297719715064 -1.6684615124 
83.0098281268 74.7500887384 1.32695233822 355.736938477 38.9503860474 8388608 0.567922862167 0.0 0.567922862167 1.32328101264 -0.0986401007663 0.0986401007663 1.32328101264 
115.407826632 110.903542924 1.98884701729 316.848571777 38.7841835022 24117248 0.25281174325 0.0 0.25281174325 1.45096071941 -1.36022992501 1.36022992501 1.45096071941 
211.788380283 59.3570804975 1.41845715046 329.142852783 38.5439300537 8388608 0.497012782283 0.0 0.497012782283 1.21767277423 -0.727525740155 0.727525740155 1.21767277423 
136.894327164 49.0344464173 2.61618280411 94.2072143555 38.4578094482 10486272 0.146104578762 0.0 0.146104578762 -0.191933040471 2.60913283918 -2.60913283918 -0.191933040471 
149.188460007 125.661526614 1.31462728977 359.812927246 37.7265548706 8388608 0.578621695124 0.0 0.578621695124 1.31462028251 -0.00429229713937 0.00429229713937 1.31462028251 
20.7737609962 104.743726615 1.24750947952 225.056732178 37.2057495117 8388608 0.642557935135 0.0 0.642557935135 -0.881248535048 -0.882995425229 0.882995425229 -0.881248535048 
16.7296849664 119.063625195 1.37014663219 178.829681396 36.8686676025 8388608 0.532679403678 0.0 0.532679403678 -1.36986081727 0.0279845497714 -0.0279845497714 -1.36986081727 
70.0177685859 27.8239293656 2.2161283493 150.458312988 36.6301727295 15204608 0.203615193437 0.0 0.203615193437 -1.92802543709 1.09267688478 -1.09267688478 -1.92802543709 
150.910660428 67.0389463381 2.98575878143 194.178329468 36.2781143188 20054528 0.112173575585 0.0 0.112173575585 -2.89480678027 -0.731333853864 0.731333853864 -2.89480678027 
201.321026531 56.2494833702 1.72162985802 337.558441162 36.0063934326 13631488 0.337380850004 0.0 0.337380850004 1.59124977074 -0.657216505524 0.657216505524 1.59124977074 
191.057957876 176.314653739 1.53303837776 340.806121826 35.6223983765 8388608 0.425494495334 0.0 0.425494495334 1.44781907841 -0.504010499783 0.504010499783 1.44781907841 
70.3728368798 30.6016123463 1.2277752161 146.830413818 35.242275238 8388608 0.663379848923 0.0 0.663379848923 -1.02771520397 0.671739116629 -0.671739116629 -1.02771520397 
131.159477477 174.623318043 2.16712141037 310.465270996 35.1291160583 13566208 0.212928362562 0.0 0.212928362562 1.40643366616 -1.64874484077 1.64874484077 1.40643366616 
157.112801207 32.2436585731 1.91535508633 36.6299743652 35.0478401184 21364736 0.272584653459 0.0 0.272584653459 1.53708289448 1.14278663022 -1.14278663022 1.53708289448 
22.4345859648 33.5301112558 1.68484556675 60.7576293945 34.7304039001 12124160 0.352273359373 0.0 0.352273359373 0.823055580117 1.47013063904 -1.47013063904 0.823055580117 
72.9181728792 64.8992906318 1.61192071438 140.715698242 34.3077087402 8912896 0.384868748236 0.0 0.384868748236 -1.24764874555 1.02061794869 -1.02061794869 -1.24764874555 
62.1565298151 74.7742569349 1.4271466732 336.641937256 33.8241653442 8388608 0.490978846287 0.0 0.490978846287 1.31018496681 -0.565829461574 0.565829461574 1.31018496681 
118.075624071 132.301193677 1.44920480251 155.554016113 33.5348968506 8388608 0.476146362448 0.0 0.476146362448 -1.31928623275 0.599731936527 -0.599731936527 -1.31928623275 
201.553983861 82.758302473 1.88176608086 145.503082275 33.2997055054 20119552 0.282402624126 0.0 0.282402624126 -1.55087004384 1.06576061579 -1.06576061579 -1.55087004384 
167.935696709 110.045585088 4.4358792305 353.919189453 33.2332611084 15270145 0.0508206917963 0.0 0.0508206917963 4.41092065947 -0.469897311623 0.469897311623 4.41092065947 
157.520138175 32.9669370909 3.13948106766 24.2305908203 33.0157318115 23659008 0.10145752486 0.0 0.10145752486 2.86289631422 1.28847431802 -1.28847431802 2.86289631422 
191.347181356 157.509185689 1.24219608307 10.3531494141 32.9210929871 8388608 0.648066674074 0.0 0.648066674074 1.2219715805 0.223241047421 -0.223241047421 1.2219715805 
156.351142234 174.697952088 4.14421463013 268.730926514 32.6054649353 10354945 0.058225807587 0.0 0.058225807587 -0.0917848212691 -4.14319809412 4.14319809412 -0.0917848212691 
126.728581346 27.3135895095 1.30271136761 148.672515869 32.5272598267 8388608 0.58925543139 0.0 0.58925543139 -1.11278845782 0.67731732255 -0.67731732255 -1.11278845782 
139.329644154 183.414168879 2.79440569878 300.301879883 32.2705535889 15270400 0.128062236864 0.0 0.128062236864 1.40993402672 -2.41263118807 2.41263118807 1.40993402672 
146.344909836 112.709663061 1.69552898407 243.937042236 32.2197113037 12582912 0.347848042421 0.0 0.347848042421 -0.744945062767 -1.52311371515 1.52311371515 -0.744945062767 
105.782574592 53.771300689 1.23540663719 254.455871582 31.3460102081 8388608 0.655209430299 0.0 0.655209430299 -0.331064853263 -1.19022082915 1.19022082915 -0.331064853263 
96.6030434716 127.797539931 1.78949522972 151.243041992 30.7263126373 16449536 0.312276217281 0.0 0.312276217281 -1.56879380871 0.860917628427 -0.860917628427 -1.56879380871 
144.871724803 81.1530087176 1.25488114357 234.138717651 29.9778614044 8388608 0.635030834145 0.0 0.635030834145 -0.735140541208 -1.01700298385 1.01700298385 -0.735140541208 
171.35308907 48.3755154733 1.65642988682 317.779205322 29.7424793243 10878976 0.364463368135 0.0 0.364463368135 1.22668696956 -1.11310334141 1.11310334141 1.22668696956 
22.6062678079 193.928040751 1.53718662262 334.645812988 29.5810756683 8388608 0.423201118927 0.0 0.423201118927 1.38912169467 -0.658242835255 0.658242835255 1.38912169467 
56.5200637242 126.317153107 1.29457294941 198.845184326 29.2595062256 8388608 0.59668750554 0.0 0.59668750554 -1.22517713619 -0.418162774887 0.418162774887 -1.22517713619 
175.359497302 67.5107177586 1.38212585449 37.4700927734 29.0112342834 8388608 0.523485694208 0.0 0.523485694208 1.0969531997 0.840812437658 -0.840812437658 1.0969531997 
104.78006045 22.9744600101 1.7421900034 11.7738342285 28.9615688324 14483456 0.329464757282 0.0 0.329464757282 1.70553550294 0.355492132334 -0.355492132334 1.70553550294 
16.0290764556 55.6100244009 1.55670320988 319.989105225 28.8747634888 8388608 0.412656184381 0.0 0.412656184381 1.19231355255 -1.00085627143 1.00085627143 1.19231355255 
150.38735545 18.0025353888 1.58016324043 53.8924560547 28.8714523315 8388608 0.400494070886 0.0 0.400494070886 0.931194523434 1.27663331695 -1.27663331695 0.931194523434 
147.096311182 109.424380593 2.62677407265 278.330352783 27.1624755859 10813952 0.14492875387 0.0 0.14492875387 0.380568046697 -2.59905944345 2.59905944345 0.380568046697 
189.572943293 193.082636408 1.36627614498 130.550247192 27.1428108215 8388608 0.535701705043 0.0 0.535701705043 -0.888236149445 1.03814596621 -1.03814596621 -0.888236149445 
58.1110938164 200.239126571 1.60680007935 117.532318115 26.8156528473 8650752 0.387325696927 0.0 0.387325696927 -0.742741512772 1.42483035488 -1.42483035488 -0.742741512772 
47.5297044906 9.91095678296 1.40811133385 324.506622314 26.5392208099 8388608 0.504343016613 0.0 0.504343016613 1.1464597909 -0.817561909808 0.817561909808 1.1464597909 
145.348704548 105.108249071 1.47055232525 317.765350342 25.8276329041 8388608 0.462422583362 0.0 0.462422583362 1.08879434962 -0.988458904316 0.988458904316 1.08879434962 
188.246843141 74.0915354858 3.02590441704 24.0505981445 25.6216068268 21037568 0.109216835613 0.0 0.109216835613 2.76321328052 1.2331868907 -1.2331868907 2.76321328052 
70.7720645649 72.8693110669 1.49535882473 308.543029785 25.199672699 8388608 0.447207588141 0.0 0.447207588141 0.931761386483 -1.1695805801 1.1695805801 0.931761386483 
118.310328699 172.498389233 1.71113097668 328.326446533 25.0967712402 13238272 0.341533645024 0.0 0.341533645024 1.45626411874 -0.8984787342 0.8984787342 1.45626411874 
27.277216402 57.7458937546 1.45219397545 174.931243896 25.0707530975 8388608 0.474188195686 0.0 0.474188195686 -1.44651501431 0.128302984016 -0.128302984016 -1.44651501431 
60.0300799901 27.6251461796 1.68359160423 128.175506592 24.1223430634 12058624 0.352798311022 0.0 0.352798311022 -1.04058149067 1.32350702722 -1.32350702722 -1.04058149067 
133.496754835 124.45967344 1.31612467766 298.081115723 23.9879512787 8388608 0.577305819421 0.0 0.577305819421 0.619527673065 -1.16119319213 1.16119319213 0.619527673065 
193.372280072 85.2618380968 1.73884522915 300.983825684 23.6879501343 14352384 0.330733467211 0.0 0.330733467211 0.895150708186 -1.49073402744 1.49073402744 0.895150708186 
201.593129633 37.5690294736 1.28133416176 166.117019653 23.6133289337 8388608 0.609081193227 0.0 0.609081193227 -1.24390356971 0.307442910711 -0.307442910711 -1.24390356971 
53.6749425806 169.384845666 1.59698486328 290.710784912 23.5140323639 8388608 0.392101406759 0.0 0.392101406759 0.564775163296 -1.49378367526 1.49378367526 0.564775163296 
206.835599721 75.2879479849 1.57773840427 148.431640625 23.4395561218 8388608 0.40172606064 0.0 0.40172606064 -1.34425862712 0.825970469043 -0.825970469043 -1.34425862712 
183.733088765 79.2671057328 1.80600678921 79.2208862305 22.9357872009 17104896 0.306592299552 0.0 0.306592299552 0.337765215072 1.77414068838 -1.77414068838 0.337765215072 
198.167386544 10.5671478808 1.27367293835 89.2850952148 22.7112827301 8388608 0.616430554311 0.0 0.616430554311 0.015891768284 1.27357379275 -1.27357379275 0.015891768284 
168.42581449 103.984202761 1.32584452629 15.635559082 22.5768432617 8388608 0.568872316727 0.0 0.568872316727 1.27678229061 0.357338341474 -0.357338341474 1.27678229061 
154.023229346 156.162745569 2.15352320671 282.707366943 22.4899768829 13107456 0.21562588142 0.0 0.21562588142 0.47371401917 -2.10077538778 2.10077538778 0.47371401917 
128.529407988 100.788974366 2.09715485573 155.57434082 22.3540401459 11206912 0.227373056207 0.0 0.227373056207 -1.90945648876 0.867199173451 -0.867199173451 -1.90945648876 
44.0938151288 206.727576412 1.25631833076 302.795776367 22.0261650085 8388608 0.63357875606 0.0 0.63357875606 0.680480106826 -1.05606939754 1.05606939754 0.680480106826 
73.0322341402 90.5967644118 1.59130144119 256.616943359 20.8583183289 8388608 0.394907232613 0.0 0.394907232613 -0.368322992175 -1.54808864416 1.54808864416 -0.368322992175 
55.4470766174 176.659580095 1.33946466446 99.0649108887 20.794342041 8388608 0.557362156012 0.0 0.557362156012 -0.211037111809 1.32273539484 -1.32273539484 -0.211037111809 
45.3705570926 31.3323456222 2.31945014 268.655761719 20.3811454773 18481408 0.185878824653 0.0 0.185878824653 -0.0544125181687 -2.31881181423 2.31881181423 -0.0544125181687 
61.9540591341 191.813844011 2.04607534409 88.7857666016 20.2925662994 9437440 0.238867330465 0.0 0.238867330465 0.0433579415206 2.04561589811 -2.04561589811 0.0433579415206 
91.3500030613 40.3504808645 1.29172408581 188.263183594 20.1712837219 8388608 0.599322365192 0.0 0.599322365192 -1.2783138499 -0.185647017207 0.185647017207 -1.2783138499 
23.3860753793 11.6312722533 1.34226226807 289.820587158 19.4440040588 8388608 0.555041218508 0.0 0.555041218508 0.455128880158 -1.26274530239 1.26274530239 0.455128880158 
58.8284654604 30.6014059077 3.14315581322 153.652328491 19.3723773956 23790080 0.101220430253 0.0 0.101220430253 -2.81663684744 1.39498578336 -1.39498578336 -2.81663684744 
20.6802990023 126.309171733 1.26903223991 149.090286255 19.3570766449 8388608 0.620947222647 0.0 0.620947222647 -1.08880152643 0.65188500672 -0.65188500672 -1.08880152643 
61.6208949632 190.993357795 1.35377538204 85.2847900391 19.1660995483 8388608 0.545640722527 0.0 0.545640722527 0.11128450195 1.34919366462 -1.34919366462 0.11128450195 
64.6722042607 63.107308473 1.35181987286 174.069885254 18.1793174744 8388608 0.547220485065 0.0 0.547220485065 -1.34458581403 0.139663729553 -0.139663729553 -1.34458581403 
152.434866824 179.399794122 2.13773989677 271.24307251 17.7580318451 12583168 0.218821643137 0.0 0.218821643137 0.0463761424349 -2.13723679541 2.13723679541 0.0463761424349 
90.7820385465 96.7006188817 1.51552677155 38.4059143066 17.124540329 8388608 0.435384310708 0.0 0.435384310708 1.18761123724 0.941488685243 -0.941488685243 1.18761123724 
176.874098956 120.579745505 1.6785929203 265.238494873 17.0897674561 11796480 0.354902636652 0.0 0.354902636652 -0.139337175815 -1.6727998516 1.6727998516 -0.139337175815 
113.301262168 49.6805544687 1.52611839771 7.11849975586 16.9499435425 8388608 0.429361939627 0.0 0.429361939627 1.51435504278 0.189119454943 -0.189119454943 1.51435504278 
132.70318584 164.440697156 1.81295740604 298.954620361 16.8999843597 17367040 0.304245944796 0.0 0.304245944796 0.877683044337 -1.58634391915 1.58634391915 0.877683044337 
210.631190678 208.250927306 1.31173038483 268.392486572 16.766910553 8388608 0.581180243731 0.0 0.581180243731 -0.036797607048 -1.31121414673 1.31121414673 -0.036797607048 
102.530387044 59.1355384086 1.31416249275 230.16217041 15.3656616211 8388608 0.579031064895 0.0 0.579031064895 -0.841874596823 -1.00909376204 1.00909376204 -0.841874596823 
106.966098897 183.849338655 1.90881955624 161.179519653 15.2505702972 21102592 0.274454432063 0.0 0.274454432063 -1.80676262117 0.615792927048 -0.615792927048 -1.80676262117 
154.607456017 183.940615035 1.28403627872 270.658691406 14.9843091965 8388608 0.606520398117 0.0 0.606520398117 0.0147613845003 -1.28395142689 1.28395142689 0.0147613845003 
182.789269666 138.371671557 1.36334335804 147.735351562 14.6382637024 8388608 0.538008957737 0.0 0.538008957737 -1.15283137563 0.727794566673 -0.727794566673 -1.15283137563 
59.1681466831 183.77658718 1.28710019588 114.912582397 14.1174507141 8388608 0.60363621489 0.0 0.60363621489 -0.542171643222 1.16733749342 -1.16733749342 -0.542171643222 
119.844215499 46.8963748721 1.3505641222 199.647293091 13.9166069031 8388608 0.548238566232 0.0 0.548238566232 -1.27193460775 -0.454098889867 0.454098889867 -1.27193460775 
192.947069787 77.3695873143 1.51401221752 294.970336914 13.8909339905 8388608 0.43625582664 0.0 0.43625582664 0.639138732716 -1.37249214029 1.37249214029 0.639138732716 
174.338379012 31.268207857 1.28358411789 150.768463135 12.9641418457 8388608 0.606947784323 0.0 0.606947784323 -1.12012406558 0.62682554623 -0.62682554623 -1.12012406558 
164.707671592 84.0261908533 1.33160495758 210.234115601 12.7393665314 8388608 0.563961157535 0.0 0.563961157535 -1.15047357408 -0.670508999484 0.670508999484 -1.15047357408 
98.4574153677 98.0469147582 2.06767845154 149.523712158 11.7904376984 10223872 0.233902032969 0.0 0.233902032969 -1.78200620618 1.04868873366 -1.04868873366 -1.78200620618 
170.047092056 36.6546574041 1.67846238613 149.906280518 10.8360519409 11796480 0.354957840419 0.0 0.354957840419 -1.45221637989 0.841607727889 -0.841607727889 -1.45221637989 
165.031018494 183.054734127 1.35595560074 291.152709961 10.4443778992 8388608 0.543887479689 0.0 0.543887479689 0.489303273968 -1.26459396537 1.26459396537 0.489303273968 
56.2550282773 118.264046236 1.46515607834 199.321258545 8.81059646606 8388608 0.465835109467 0.0 0.465835109467 -1.3826359318 -0.484768206444 0.484768206444 -1.3826359318 
99.9762948447 89.6123729414 1.35297226906 43.7856750488 8.39673233032 8388608 0.546288690291 0.0 0.546288690291 0.97675567208 0.936206343655 -0.936206343655 0.97675567208 
101.973368194 193.602325183 1.31704330444 312.739074707 8.3844871521 8388608 0.576500768232 0.0 0.576500768232 0.893825545231 -0.96730499868 0.96730499868 0.893825545231 
58.557764323 110.197568214 1.29756081104 206.012329102 7.85634040833 8388608 0.593942713832 0.0 0.593942713832 -1.1661175055 -0.569064163087 0.569064163087 -1.1661175055 
72.2473137043 106.986203841 1.26412141323 185.022247314 7.32793045044 8388608 0.625781073579 0.0 0.625781073579 -1.25926817477 -0.110664408861 0.110664408861 -1.25926817477 
176.881852065 97.9167081797 1.44183790684 191.1121521 6.34819984436 8388608 0.481024416629 0.0 0.481024416629 -1.41480605457 -0.27788554757 0.27788554757 -1.41480605457 
64.5430861784 34.9463942125 1.30217421055 188.744110107 6.29192638397 8388608 0.589741676619 0.0 0.589741676619 -1.28703922621 -0.197958846282 0.197958846282 -1.28703922621 
202.499630645 29.9624679442 1.21515321732 174.533309937 5.8483247757 8388608 0.677232696998 0.0 0.677232696998 -1.20962639889 0.115764055984 -0.115764055984 -1.20962639889 
168.758374524 150.263998358 1.80960297585 151.224456787 5.10552501678 17235968 0.305374941274 0.0 0.305374941274 -1.58613915328 0.871105915846 -0.871105915846 -1.58613915328 
55.2365406914 95.0946307988 1.38463878632 180.929199219 1.69984054565 8388608 0.52158730719 0.0 0.52158730719 -1.38445670332 -0.0224545139591 0.0224545139591 -1.38445670332 
82.1242120874 194.984458192 1.51448607445 193.337463379 0.740076065063 8388608 0.435982875296 0.0 0.435982875296 -1.47363772648 -0.349370749765 0.349370749765 -1.47363772648 
