13
170
65.4716000191 99.0504262378 3.01253867149 130.347640906 113.754005432 20709888 0.110188111249 0.0 0.110188111249 -1.95038895552 2.29594690038 -2.29594690038 -1.95038895552 
97.7010222044 164.292121942 3.50095152855 123.833688448 103.931175232 14876673 0.0815882849839 0.0 0.0815882849839 -1.94927420499 2.90809072744 -2.90809072744 -1.94927420499 
138.691751569 97.9317443404 1.7035804987 133.498895418 99.2633590698 12910592 0.344567792127 0.0 0.344567792127 -1.17264360791 1.23575623987 -1.23575623987 -1.17264360791 
120.173199841 84.0050755036 2.22170233727 142.99846602 98.545249939 15401216 0.202594782293 0.0 0.202594782293 -1.77429458173 1.33710134719 -1.33710134719 -1.77429458173 
93.1601182755 60.9734608975 2.0377471447 145.398935956 93.4286956787 9109760 0.240823804731 0.0 0.240823804731 -1.67732229539 1.15715312 -1.15715312 -1.67732229539 
55.133907704 57.5791027823 2.40063858032 141.114194374 91.3394851685 20971776 0.173518760772 0.0 0.173518760772 -1.86865393883 1.50704945181 -1.50704945181 -1.86865393883 
156.97900269 118.458891367 2.48166871071 126.766277325 89.0892791748 23396608 0.162372467253 0.0 0.162372467253 -1.48540828373 1.98802460255 -1.98802460255 -1.48540828373 
114.470383084 142.236718411 3.17478299141 129.514891466 87.4947738647 24510976 0.0992137602917 0.0 0.0992137602917 -2.02004694683 2.4492156653 -2.4492156653 -2.02004694683 
77.7774871228 98.7180460003 1.72205722332 130.487350573 86.8014984131 13697024 0.337213414246 0.0 0.337213414246 -1.11809758007 1.30970946467 -1.30970946467 -1.11809758007 
72.6487252583 190.480615857 3.28254246712 136.232682924 86.7562332153 10223617 0.0928066920591 0.0 0.0928066920591 -2.37050421297 2.27063753707 -2.27063753707 -2.37050421297 
158.399535304 136.208162323 2.40155863762 140.207420217 84.7646179199 21037312 0.173385833248 0.0 0.173385833248 -1.84527700315 1.53702201402 -1.53702201402 -1.84527700315 
62.1063929771 141.870435956 2.06367135048 131.869356859 82.9891891479 10027264 0.234811265971 0.0 0.234811265971 -1.37736521765 1.53675128111 -1.53675128111 -1.37736521765 
75.3554404323 144.34373775 2.23128271103 129.327368002 81.5110015869 15728896 0.200858770204 0.0 0.200858770204 -1.414076387 1.72598102779 -1.72598102779 -1.414076387 
132.717738255 47.9186932874 1.25662600994 130.617542475 81.4064407349 8388608 0.633268536276 0.0 0.633268536276 -0.818071896385 0.953869645814 -0.953869645814 -0.818071896385 
177.34483784 185.566770494 1.60601258278 138.417986329 81.1617050171 8650752 0.38770563472 0.0 0.38770563472 -1.20130780894 1.06589678873 -1.06589678873 -1.20130780894 
74.0557152356 153.450064036 3.12277746201 134.211691349 80.9800643921 23331328 0.102545811786 0.0 0.102545811786 -2.17754824824 2.23830800021 -2.23830800021 -2.17754824824 
47.6531157899 100.264329002 1.84306561947 125.61779362 78.7164382935 18612224 0.294386848449 0.0 0.294386848449 -1.07335618134 1.49826479156 -1.49826479156 -1.07335618134 
189.514816426 134.928898328 1.81051456928 132.46863341 78.3354034424 17301504 0.305067506344 0.0 0.305067506344 -1.22243496577 1.33552078233 -1.33552078233 -1.22243496577 
107.567776222 81.6175972628 2.40354800224 141.020001906 77.3822631836 21102848 0.173098936629 0.0 0.173098936629 -1.86843555721 1.51194959163 -1.51194959163 -1.86843555721 
196.35621489 62.4387873563 1.40673816204 142.503659864 77.3218154907 8388608 0.505328114824 0.0 0.505328114824 -1.11609511944 0.856296643059 -0.856296643059 -1.11609511944 
184.117105951 103.000392346 2.04452085495 126.839008205 76.2730941772 9371904 0.239230699543 0.0 0.239230699543 -1.22583053708 1.63627779447 -1.63627779447 -1.22583053708 
163.236003166 62.1307438801 2.67986130714 126.920370824 73.4782562256 12255744 0.13924363864 0.0 0.13924363864 -1.60980476162 2.14247176294 -2.14247176294 -1.60980476162 
80.5867683397 115.77452315 2.55947399139 127.560576281 72.7163543701 8913408 0.152650615069 0.0 0.152650615069 -1.56025500177 2.02891878646 -2.02891878646 -1.56025500177 
42.9922450483 103.800594842 1.29134583473 128.261091193 72.5039291382 8388608 0.599673514395 0.0 0.599673514395 -0.799660688108 1.01396097004 -1.01396097004 -0.799660688108 
132.723063287 208.695306403 1.26381695271 134.375912475 71.6867675781 8388608 0.626082618172 0.0 0.626082618172 -0.883866701301 0.903334348 -0.903334348 -0.883866701301 
90.3183189817 199.267516936 2.287368536 127.524188881 71.3458862305 17498368 0.191129495868 0.0 0.191129495868 -1.39322773301 1.81410344342 -1.81410344342 -1.39322773301 
88.09367578 90.4453070418 4.73233938217 138.319547079 70.9721755981 19923201 0.0446527524558 0.0 0.0446527524558 -3.53441907579 3.14689018314 -3.14689018314 -3.53441907579 
165.116459499 193.794424148 1.43253266811 133.029595005 69.9033050537 8388608 0.48729385056 0.0 0.48729385056 -0.977525962638 1.04718328748 -1.04718328748 -0.977525962638 
113.634267647 161.620044146 3.56773924828 128.186619678 69.4956588745 16252929 0.0785622273743 0.0 0.0785622273743 -2.2056650859 2.80424764822 -2.80424764822 -2.2056650859 
145.520465286 42.5876651737 1.45822715759 145.374292344 67.0747451782 8388608 0.470272556676 0.0 0.470272556676 -1.1999481562 0.828583650322 -0.828583650322 -1.1999481562 
184.849456366 185.025436491 1.49888801575 146.355917996 66.9400863647 8388608 0.445104131547 0.0 0.445104131547 -1.24781712041 0.830432247549 -0.830432247549 -1.24781712041 
116.592452493 208.026030744 1.6630614996 140.577381136 66.9380645752 11141120 0.361562500112 0.0 0.361562500112 -1.28468663396 1.05610312184 -1.05610312184 -1.28468663396 
136.911260246 79.8684491168 1.57677972317 130.681978979 66.8036117554 8388608 0.402214707541 0.0 0.402214707541 -1.02783950185 1.19573419029 -1.19573419029 -1.02783950185 
131.513634372 31.0158896765 1.79253256321 133.99462146 66.6435546875 16580608 0.311218849113 0.0 0.311218849113 -1.24507669996 1.28955690118 -1.28955690118 -1.24507669996 
163.244866724 78.2700502055 1.77613151073 126.764933626 66.0718765259 15925248 0.316993065312 0.0 0.316993065312 -1.06307406712 1.42285511252 -1.42285511252 -1.06307406712 
134.143437426 139.473574375 4.26451396942 130.011014667 64.8281097412 12386561 0.0549871128493 0.0 0.0549871128493 -2.74180470846 3.26628019864 -3.26628019864 -2.74180470846 
107.890412664 70.0085590823 2.93455338478 136.946913428 64.6413345337 18809344 0.116122391386 0.0 0.116122391386 -2.14434122803 2.00334826376 -2.00334826376 -2.14434122803 
79.8444824816 174.826899972 2.25450325012 130.745219975 64.2253952026 16449792 0.196742537551 0.0 0.196742537551 -1.47150649036 1.70805548905 -1.70805548905 -1.47150649036 
83.2876893457 72.2892765722 3.28732776642 156.19352649 63.7543296814 10289153 0.0925366949121 0.0 0.0925366949121 -3.00762241903 1.3269254796 -1.3269254796 -3.00762241903 
181.21220883 170.082891862 2.20765161514 142.751085153 63.7055397034 14942464 0.205181840552 0.0 0.205181840552 -1.75732041467 1.33624496782 -1.33624496782 -1.75732041467 
46.7623276373 126.518742459 2.57238316536 131.771163685 63.2856369019 9306624 0.151122344485 0.0 0.151122344485 -1.71361155712 1.91851259593 -1.91851259593 -1.71361155712 
100.937448583 82.1717646984 1.90831756592 140.081314826 62.4394302368 21102592 0.274598843655 0.0 0.274598843655 -1.4635954599 1.22456696923 -1.22456696923 -1.4635954599 
39.3426630896 167.177188919 1.47414672375 135.979352385 61.7205047607 8388608 0.460170291059 0.0 0.460170291059 -1.06004331315 1.02441043405 -1.02441043405 -1.06004331315 
173.591959062 55.9069346773 2.15396428108 126.029496672 61.5510826111 13172992 0.215537581615 0.0 0.215537581615 -1.26696538227 1.74194168798 -1.74194168798 -1.26696538227 
143.802995633 134.844740689 1.42706263065 131.261437817 60.9289360046 8388608 0.491036677426 0.0 0.491036677426 -0.941141939565 1.07273463699 -1.07273463699 -0.941141939565 
147.741108679 134.486572336 2.79475569725 134.636584571 60.310131073 15270400 0.128030163377 0.0 0.128030163377 -1.96361646327 1.98868544332 -1.98868544332 -1.96361646327 
168.862433232 142.539072915 1.42094135284 143.508744016 60.3019638062 8388608 0.495276467053 0.0 0.495276467053 -1.14236243054 0.845033967082 -0.845033967082 -1.14236243054 
52.0130127498 71.7763076782 2.64319777489 131.82670565 59.792678833 11272704 0.143133298576 0.0 0.143133298576 -1.76269537617 1.96961912257 -1.96961912257 -1.76269537617 
140.605602466 211.334351743 1.47198200226 129.607964209 59.5398139954 8388608 0.461524754614 0.0 0.461524754614 -0.938434284795 1.13405119289 -1.13405119289 -0.938434284795 
93.6101473523 189.733327716 1.58872544765 126.634163983 59.5112419128 8388608 0.396188892952 0.0 0.396188892952 -0.947997984522 1.27489151278 -1.27489151278 -0.947997984522 
125.155999001 56.2666787634 1.76534903049 130.783902954 58.1440429688 15466496 0.32087718072 0.0 0.32087718072 -1.15313993849 1.33668451092 -1.33668451092 -1.15313993849 
62.0000698074 91.3035142126 1.64854717255 138.082596013 57.9898490906 10485760 0.367957146577 0.0 0.367957146577 -1.22669821624 1.10132613989 -1.10132613989 -1.22669821624 
121.863278882 154.137376789 1.36690759659 132.837869582 56.399597168 8388608 0.535206877785 0.0 0.535206877785 -0.929396170016 1.00232686124 -1.00232686124 -0.929396170016 
134.553222976 38.522289337 1.96379113197 130.172091838 56.2160186768 23199744 0.259304116277 0.0 0.259304116277 -1.26681333013 1.5005530969 -1.5005530969 -1.26681333013 
101.015702917 118.830308721 3.85661482811 129.73770276 56.1194000244 21823489 0.0672337703761 0.0 0.0672337703761 -2.46543348265 2.96565602776 -2.96565602776 -2.46543348265 
57.6150704598 156.865845087 2.43677091599 134.371835627 55.5102348328 22085888 0.168411054419 0.0 0.168411054419 -1.70406326235 1.74184410751 -1.74184410751 -1.70406326235 
134.374464265 129.769299694 1.546261549 126.269969659 55.1345787048 8388608 0.418248206402 0.0 0.418248206402 -0.914753933077 1.24665553375 -1.24665553375 -0.914753933077 
183.562100453 60.0695151807 1.65388607979 129.287010125 54.1564941406 10747904 0.365585377062 0.0 0.365585377062 -1.04724962041 1.28008101208 -1.28008101208 -1.04724962041 
123.865317468 125.160779264 2.48353624344 128.928242953 54.0541419983 23462144 0.16212836219 0.0 0.16212836219 -1.56052156124 1.9320260685 -1.9320260685 -1.56052156124 
196.684042687 195.103283795 1.37919139862 142.768270964 54.0074577332 8388608 0.525715667323 0.0 0.525715667323 -1.09810527264 0.834466131267 -0.834466131267 -1.09810527264 
142.084767959 128.990914751 1.34543168545 131.643958623 53.9264984131 8388608 0.552429290617 0.0 0.552429290617 -0.894039011718 1.00542561422 -1.00542561422 -0.894039011718 
139.514727662 62.3024676784 2.30245280266 129.947009053 53.0970001221 17957120 0.188633371481 0.0 0.188633371481 -1.47835623858 1.76514921192 -1.76514921192 -1.47835623858 
186.517733113 116.875164806 1.58813786507 134.723238375 53.0060653687 8388608 0.396482112785 0.0 0.396482112785 -1.11754551467 1.12839439076 -1.12839439076 -1.11754551467 
108.48718323 136.616896576 1.34594798088 133.107234765 52.9720878601 8388608 0.552005556535 0.0 0.552005556535 -0.919775042372 0.982644309334 -0.982644309334 -0.919775042372 
39.1565088135 96.5866610422 1.70053672791 127.271887858 52.2961082458 12779520 0.345802371738 0.0 0.345802371738 -1.02984169019 1.35323732438 -1.35323732438 -1.02984169019 
129.948257033 148.778789362 2.83213472366 133.352385188 51.9941711426 16253440 0.124672934691 0.0 0.124672934691 -1.94421365693 2.05937377598 -2.05937377598 -1.94421365693 
155.916828384 195.74599146 1.78193581104 136.716730474 51.4466094971 16121856 0.314931345306 0.0 0.314931345306 -1.29720113475 1.22170554991 -1.22170554991 -1.29720113475 
94.7083213076 189.969001269 3.90271902084 128.446106243 50.8323898315 22740993 0.0656546408404 0.0 0.0656546408404 -2.42662569269 3.05658363263 -3.05658363263 -2.42662569269 
190.250245192 47.7232700514 1.74597263336 131.162414074 50.7985534668 14680064 0.32803874034 0.0 0.32803874034 -1.1491917418 1.31444999031 -1.31444999031 -1.1491917418 
122.511162801 201.851049575 1.74791955948 141.059939812 49.8818893433 14745600 0.327308373206 0.0 0.327308373206 -1.35953864634 1.09857974473 -1.09857974473 -1.35953864634 
161.098396044 109.189069917 1.28525686264 129.187501655 49.6610565186 8388608 0.605368943438 0.0 0.605368943438 -0.812102713999 0.996179895843 -0.996179895843 -0.812102713999 
66.444612756 115.586955505 3.15983366966 129.602553416 49.6157150269 24183296 0.100154750909 0.0 0.100154750909 -2.01426228602 2.43460392324 -2.43460392324 -2.01426228602 
70.6391694812 211.49783684 1.47809779644 138.673968435 49.5645904541 8388608 0.457713435736 0.0 0.457713435736 -1.10999851905 0.976051424639 -0.976051424639 -1.10999851905 
197.406633777 152.684162406 1.41856384277 132.096200631 49.5476379395 8388608 0.496938022941 0.0 0.496938022941 -0.950973163292 1.05260316298 -1.05260316298 -0.950973163292 
135.418854703 137.85488926 1.93248915672 133.174410041 49.1262931824 22020096 0.267772435377 0.0 0.267772435377 -1.32225055051 1.40931466413 -1.40931466413 -1.32225055051 
183.853159583 35.9299537882 2.00559282303 144.831379531 49.0843925476 24707072 0.248607637389 0.0 0.248607637389 -1.63949285975 1.15519077845 -1.15519077845 -1.63949285975 
71.502405073 51.380417777 1.52867114544 140.30472056 48.6929893494 8388608 0.427929142832 0.0 0.427929142832 -1.17623934549 0.976369025024 -0.976369025024 -1.17623934549 
114.655253074 179.780433657 1.4725522995 128.56780218 48.5862464905 8388608 0.461167340719 0.0 0.461167340719 -0.918048471755 1.15134585519 -1.15134585519 -0.918048471755 
85.4428598722 56.8083527909 1.28538584709 153.539791744 47.9840126038 8388608 0.605247455772 0.0 0.605247455772 -1.15073400428 0.572737310909 -0.572737310909 -1.15073400428 
114.129215127 199.658824819 1.63391757011 139.880816302 47.6845970154 9895936 0.37457579863 0.0 0.37457579863 -1.24946606844 1.05286331959 -1.05286331959 -1.24946606844 
78.5744285553 52.858248329 1.35130918026 147.140025239 46.6587371826 8388608 0.547634179077 0.0 0.547634179077 -1.13509850362 0.73320385141 -0.73320385141 -1.13509850362 
82.9518421049 163.820770748 1.36352002621 135.217713827 46.4373588562 8388608 0.537869549592 0.0 0.537869549592 -0.967810903085 0.960483689469 -0.960483689469 -0.967810903085 
120.21340532 74.0377819782 1.69610536098 129.693241009 46.1660461426 12582912 0.347611668525 0.0 0.347611668525 -1.08326356774 1.30511050811 -1.30511050811 -1.08326356774 
126.649843279 136.15692807 1.35804390907 144.499519707 46.1315727234 8388608 0.542216058806 0.0 0.542216058806 -1.10559801018 0.788629379902 -0.788629379902 -1.10559801018 
59.0635915631 45.3627897023 2.30957531929 143.775744491 45.9451522827 18219264 0.187471709741 0.0 0.187471709741 -1.86315799945 1.36483714214 -1.36483714214 -1.86315799945 
149.762427289 54.4984107119 2.06542110443 130.101321608 45.5816345215 10092800 0.234413586383 0.0 0.234413586383 -1.33042298068 1.57985411703 -1.57985411703 -1.33042298068 
119.681189487 186.530284701 3.40764331818 133.779596307 44.0287284851 12910593 0.0861175645458 0.0 0.0861175645458 -2.35770105508 2.46034117935 -2.46034117935 -2.35770105508 
114.462649496 125.153220706 1.44122636318 126.131992586 43.8147697449 8388608 0.481432721457 0.0 0.481432721457 -0.849815417642 1.16402198685 -1.16402198685 -0.849815417642 
143.267460338 201.789894393 2.73644137383 140.212819471 43.5471916199 13763072 0.133545021915 0.0 0.133545021915 -2.10275467969 1.75115223479 -1.75115223479 -2.10275467969 
163.693399627 160.803733849 1.28183293343 153.421594463 42.3435173035 8388608 0.608607288508 0.0 0.608607288508 -1.1463725864 0.573520324282 -0.573520324282 -1.1463725864 
76.6235168038 82.9536290927 1.31517255306 147.191182946 41.874420166 8388608 0.578142007852 0.0 0.578142007852 -1.1053804779 0.712609881643 -0.712609881643 -1.1053804779 
113.855742423 158.093706855 1.51738810539 137.820324125 41.769405365 8388608 0.43431682045 0.0 0.43431682045 -1.12444956725 1.01886202848 -1.01886202848 -1.12444956725 
130.255788572 89.1562114093 2.16055941582 134.964928661 41.6983833313 13369600 0.214223727612 0.0 0.214223727612 -1.52681077869 1.52868107706 -1.52868107706 -1.52681077869 
108.300890657 203.652520867 1.32831704617 134.034810309 41.6343841553 8388608 0.566756498001 0.0 0.566756498001 -0.923306909611 0.954950535786 -0.954950535786 -0.923306909611 
48.5469424177 156.041994248 2.20713186264 137.770873325 41.4375267029 14942464 0.205278487547 0.0 0.205278487547 -1.6342995403 1.48340691372 -1.48340691372 -1.6342995403 
154.536667007 82.7778354591 2.42618179321 130.526180362 41.3154029846 21758208 0.169884329849 0.0 0.169884329849 -1.57652185489 1.84416293607 -1.84416293607 -1.57652185489 
163.637040079 130.053677833 1.23412573338 126.862296073 41.3093605042 8388608 0.656570224864 0.0 0.656570224864 -0.740344445905 0.987398818714 -0.987398818714 -0.740344445905 
89.2851514787 155.646944835 2.24080204964 135.745975905 41.3039245605 15991040 0.199155825232 0.0 0.199155825232 -1.60498104089 1.56372302024 -1.56372302024 -1.60498104089 
162.238942141 208.81793075 1.28886735439 146.703150733 41.2902984619 8388608 0.601982065482 0.0 0.601982065482 -1.07728373337 0.707558347448 -0.707558347448 -1.07728373337 
170.103944259 74.4956705292 1.53850507736 128.172553098 40.831703186 8388608 0.422476087274 0.0 0.422476087274 -0.950845167613 1.20950045072 -1.20950045072 -0.950845167613 
172.990002077 199.562946664 1.65017604828 132.829599839 40.7849121094 10616832 0.367231089915 0.0 0.367231089915 -1.12182312532 1.21020405957 -1.21020405957 -1.12182312532 
86.3105072505 145.262514566 1.6948158741 135.204190071 39.1339187622 12517376 0.348140824777 0.0 0.348140824777 -1.20267907919 1.19413729512 -1.19413729512 -1.20267907919 
83.0098281268 74.7500887384 1.32695233822 144.561060913 38.9503860474 8388608 0.567922862167 0.0 0.567922862167 -1.08111307908 0.76941342472 -0.76941342472 -1.08111307908 
115.407826632 110.903542924 1.98884701729 128.692913163 38.7841835022 24117248 0.25281174325 0.0 0.25281174325 -1.24331999849 1.55231048426 -1.55231048426 -1.24331999849 
136.894327164 49.0344464173 2.61618280411 133.110830176 38.4578094482 10486272 0.146104578762 0.0 0.146104578762 -1.78793014271 1.90990006788 -1.90990006788 -1.78793014271 
149.188460007 125.661526614 1.31462728977 131.889027236 37.7265548706 8388608 0.578621695124 0.0 0.578621695124 -0.877763494421 0.97866038996 -0.97866038996 -0.877763494421 
150.910660428 67.0389463381 2.98575878143 127.67533454 36.2781143188 20054528 0.112173575585 0.0 0.112173575585 -1.8248550622 2.36318841882 -2.36318841882 -1.8248550622 
191.057957876 176.314653739 1.53303837776 131.361241894 35.6223983765 8388608 0.425494495334 0.0 0.425494495334 -1.01303834673 1.15063459697 -1.15063459697 -1.01303834673 
70.3728368798 30.6016123463 1.2277752161 136.056930028 35.242275238 8388608 0.663379848923 0.0 0.663379848923 -0.884034582583 0.852006360348 -0.852006360348 -0.884034582583 
131.159477477 174.623318043 2.16712141037 152.907760957 35.1291160583 13566208 0.212928362562 0.0 0.212928362562 -1.92933293427 0.986959794542 -0.986959794542 -1.92933293427 
72.9181728792 64.8992906318 1.61192071438 153.835493999 34.3077087402 8912896 0.384868748236 0.0 0.384868748236 -1.4467499466 0.710776323091 -0.710776323091 -1.4467499466 
62.1565298151 74.7742569349 1.4271466732 135.355629374 33.8241653442 8388608 0.490978846287 0.0 0.490978846287 -1.01538927741 1.00286202549 -1.00286202549 -1.01538927741 
118.075624071 132.301193677 1.44920480251 127.139689483 33.5348968506 8388608 0.476146362448 0.0 0.476146362448 -0.87497238294 1.15525663327 -1.15525663327 -0.87497238294 
191.347181356 157.509185689 1.24219608307 132.835206612 32.9210929871 8388608 0.648066674074 0.0 0.648066674074 -0.844559218942 0.910917578319 -0.910917578319 -0.844559218942 
126.728581346 27.3135895095 1.30271136761 139.506011203 32.5272598267 8388608 0.58925543139 0.0 0.58925543139 -0.99067825281 0.845939422595 -0.845939422595 -0.99067825281 
139.329644154 183.414168879 2.79440569878 160.668424375 32.2705535889 15270400 0.128062236864 0.0 0.128062236864 -2.63685336725 0.925044609198 -0.925044609198 -2.63685336725 
146.344909836 112.709663061 1.69552898407 129.352762307 32.2197113037 12582912 0.347848042421 0.0 0.347848042421 -1.07512342434 1.31107900534 -1.31107900534 -1.07512342434 
105.782574592 53.771300689 1.23540663719 128.541192058 31.3460102081 8388608 0.655209430299 0.0 0.655209430299 -0.769753611633 0.966286156682 -0.966286156682 -0.769753611633 
96.6030434716 127.797539931 1.78949522972 125.821550679 30.7263126373 16449536 0.312276217281 0.0 0.312276217281 -1.04732480849 1.45100100714 -1.45100100714 -1.04732480849 
144.871724803 81.1530087176 1.25488114357 134.410614042 29.9778614044 8388608 0.635030834145 0.0 0.635030834145 -0.878160408895 0.896415629457 -0.896415629457 -0.878160408895 
171.35308907 48.3755154733 1.65642988682 133.67042719 29.7424793243 10878976 0.364463368135 0.0 0.364463368135 -1.14378001753 1.19813490118 -1.19813490118 -1.14378001753 
56.5200637242 126.317153107 1.29457294941 129.915787777 29.2595062256 8388608 0.59668750554 0.0 0.59668750554 -0.830676971439 0.992922399014 -0.992922399014 -0.830676971439 
175.359497302 67.5107177586 1.38212585449 125.188274562 29.0112342834 8388608 0.523485694208 0.0 0.523485694208 -0.796470862561 1.12956011028 -1.12956011028 -0.796470862561 
147.096311182 109.424380593 2.62677407265 129.659468353 27.1624755859 10813952 0.14492875387 0.0 0.14492875387 -1.67646861731 2.02222526043 -2.02222526043 -1.67646861731 
189.572943293 193.082636408 1.36627614498 145.200536885 27.1428108215 8388608 0.535701705043 0.0 0.535701705043 -1.12192388246 0.779741820292 -0.779741820292 -1.12192388246 
58.1110938164 200.239126571 1.60680007935 147.625917008 26.8156528473 8650752 0.387325696927 0.0 0.387325696927 -1.35705548601 0.860352778158 -0.860352778158 -1.35705548601 
145.348704548 105.108249071 1.47055232525 134.661291811 25.8276329041 8388608 0.462422583362 0.0 0.462422583362 -1.03367231217 1.0459663916 -1.0459663916 -1.03367231217 
70.7720645649 72.8693110669 1.49535882473 144.978426176 25.199672699 8388608 0.447207588141 0.0 0.447207588141 -1.22460319699 0.858163751639 -0.858163751639 -1.22460319699 
118.310328699 172.498389233 1.71113097668 131.277868726 25.0967712402 13238272 0.341533645024 0.0 0.341533645024 -1.12885266823 1.28594746112 -1.28594746112 -1.12885266823 
27.277216402 57.7458937546 1.45219397545 127.502613468 25.0707530975 8388608 0.474188195686 0.0 0.474188195686 -0.884092230353 1.15206261573 -1.15206261573 -0.884092230353 
133.496754835 124.45967344 1.31612467766 128.149950477 23.9879512787 8388608 0.577305819421 0.0 0.577305819421 -0.812998761119 1.03499622297 -1.03499622297 -0.812998761119 
53.6749425806 169.384845666 1.59698486328 144.060060005 23.5140323639 8388608 0.392101406759 0.0 0.392101406759 -1.29297115495 0.937329315668 -0.937329315668 -1.29297115495 
183.733088765 79.2671057328 1.80600678921 136.476036355 22.9357872009 17104896 0.306592299552 0.0 0.306592299552 -1.30951097391 1.24372084162 -1.24372084162 -1.30951097391 
168.42581449 103.984202761 1.32584452629 130.419902499 22.5768432617 8388608 0.568872316727 0.0 0.568872316727 -0.85965689846 1.00938284354 -1.00938284354 -0.85965689846 
154.023229346 156.162745569 2.15352320671 151.004749229 22.4899768829 13107456 0.21562588142 0.0 0.21562588142 -1.88360037077 1.04389264059 -1.04389264059 -1.88360037077 
128.529407988 100.788974366 2.09715485573 144.531756635 22.3540401459 11206912 0.227373056207 0.0 0.227373056207 -1.70800103868 1.21687753729 -1.21687753729 -1.70800103868 
44.0938151288 206.727576412 1.25631833076 153.018250712 22.0261650085 8388608 0.63357875606 0.0 0.63357875606 -1.11956945092 0.569999993674 -0.569999993674 -1.11956945092 
73.0322341402 90.5967644118 1.59130144119 136.837574834 20.8583183289 8388608 0.394907232613 0.0 0.394907232613 -1.16072295946 1.08855982294 -1.08855982294 -1.16072295946 
55.4470766174 176.659580095 1.33946466446 132.776886967 20.794342041 8388608 0.557362156012 0.0 0.557362156012 -0.909691082418 0.983172274785 -0.983172274785 -0.909691082418 
61.9540591341 191.813844011 2.04607534409 136.094075541 20.2925662994 9437440 0.238867330465 0.0 0.238867330465 -1.47415515502 1.41890482154 -1.41890482154 -1.47415515502 
91.3500030613 40.3504808645 1.29172408581 134.58966846 20.1712837219 8388608 0.599322365192 0.0 0.599322365192 -0.906822148559 0.919904725903 -0.919904725903 -0.906822148559 
61.6208949632 190.993357795 1.35377538204 134.44113603 19.1660995483 8388608 0.545640722527 0.0 0.545640722527 -0.947881197534 0.966555234005 -0.966555234005 -0.947881197534 
64.6722042607 63.107308473 1.35181987286 140.345687045 18.1793174744 8388608 0.547220485065 0.0 0.547220485065 -1.04077782288 0.862669399047 -0.862669399047 -1.04077782288 
152.434866824 179.399794122 2.13773989677 150.360140803 17.7580318451 12583168 0.218821643137 0.0 0.218821643137 -1.85801897533 1.05721206651 -1.05721206651 -1.85801897533 
90.7820385465 96.7006188817 1.51552677155 133.629712009 17.124540329 8388608 0.435384310708 0.0 0.435384310708 -1.04570587431 1.09695971653 -1.09695971653 -1.04570587431 
176.874098956 120.579745505 1.6785929203 145.917069224 17.0897674561 11796480 0.354902636652 0.0 0.354902636652 -1.39025651603 0.940670511777 -0.940670511777 -1.39025651603 
113.301262168 49.6805544687 1.52611839771 129.206088849 16.9499435425 8388608 0.429361939627 0.0 0.429361939627 -0.964677222751 1.1825545314 -1.1825545314 -0.964677222751 
132.70318584 164.440697156 1.81295740604 154.923768967 16.8999843597 17367040 0.304245944796 0.0 0.304245944796 -1.64207655973 0.768374341133 -0.768374341133 -1.64207655973 
102.530387044 59.1355384086 1.31416249275 130.533125431 15.3656616211 8388608 0.579031064895 0.0 0.579031064895 -0.854057864839 0.998803394499 -0.998803394499 -0.854057864839 
106.966098897 183.849338655 1.90881955624 128.859083686 15.2505702972 21102592 0.274454432063 0.0 0.274454432063 -1.1976070093 1.48638136074 -1.48638136074 -1.1976070093 
154.607456017 183.940615035 1.28403627872 129.492824876 14.9843091965 8388608 0.606520398117 0.0 0.606520398117 -0.816623427865 0.990896231773 -0.990896231773 -0.816623427865 
182.789269666 138.371671557 1.36334335804 133.445479229 14.6382637024 8388608 0.538008957737 0.0 0.538008957737 -0.937522176768 0.989826893946 -0.989826893946 -0.937522176768 
59.1681466831 183.77658718 1.28710019588 132.816987865 14.1174507141 8388608 0.60363621489 0.0 0.60363621489 -0.874789001675 0.944124523987 -0.944124523987 -0.874789001675 
119.844215499 46.8963748721 1.3505641222 128.605368196 13.9166069031 8388608 0.548238566232 0.0 0.548238566232 -0.842688288217 1.05541456171 -1.05541456171 -0.842688288217 
192.947069787 77.3695873143 1.51401221752 135.425070195 13.8909339905 8388608 0.43625582664 0.0 0.43625582664 -1.07848118307 1.06259650506 -1.06259650506 -1.07848118307 
174.338379012 31.268207857 1.28358411789 143.802238607 12.9641418457 8388608 0.606947784323 0.0 0.606947784323 -1.03583105911 0.758051584447 -0.758051584447 -1.03583105911 
164.707671592 84.0261908533 1.33160495758 132.721576237 12.7393665314 8388608 0.563961157535 0.0 0.563961157535 -0.90340923802 0.9782757851 -0.9782757851 -0.90340923802 
98.4574153677 98.0469147582 2.06767845154 139.683779707 11.7904376984 10223872 0.233902032969 0.0 0.233902032969 -1.5765742064 1.33779966762 -1.33779966762 -1.5765742064 
170.047092056 36.6546574041 1.67846238613 155.504991432 10.8360519409 11796480 0.354957840419 0.0 0.354957840419 -1.52739639768 0.695913950154 -0.695913950154 -1.52739639768 
165.031018494 183.054734127 1.35595560074 138.840543572 10.4443778992 8388608 0.543887479689 0.0 0.543887479689 -1.02087296666 0.892431497157 -0.892431497157 -1.02087296666 
56.2550282773 118.264046236 1.46515607834 130.40915654 8.81059646606 8388608 0.465835109467 0.0 0.465835109467 -0.949775113975 1.11562070919 -1.11562070919 -0.949775113975 
99.9762948447 89.6123729414 1.35297226906 138.399858742 8.39673233032 8388608 0.546288690291 0.0 0.546288690291 -1.01174786468 0.898276248801 -0.898276248801 -1.01174786468 
101.973368194 193.602325183 1.31704330444 127.131164909 8.3844871521 8388608 0.576500768232 0.0 0.576500768232 -0.795022296845 1.05002029185 -1.05002029185 -0.795022296845 
58.557764323 110.197568214 1.29756081104 131.805526476 7.85634040833 8388608 0.593942713832 0.0 0.593942713832 -0.864959709815 0.967217017401 -0.967217017401 -0.864959709815 
72.2473137043 106.986203841 1.26412141323 125.983775189 7.32793045044 8388608 0.625781073579 0.0 0.625781073579 -0.742742290753 1.02290607434 -1.02290607434 -0.742742290753 
176.881852065 97.9167081797 1.44183790684 131.079872443 6.34819984436 8388608 0.481024416629 0.0 0.481024416629 -0.9474468053 1.0868491619 -1.0868491619 -0.9474468053 
64.5430861784 34.9463942125 1.30217421055 142.073717874 6.29192638397 8388608 0.589741676619 0.0 0.589741676619 -1.02715791238 0.800377596916 -0.800377596916 -1.02715791238 
168.758374524 150.263998358 1.80960297585 148.794706411 5.10552501678 17235968 0.305374941274 0.0 0.305374941274 -1.54778309497 0.937566222264 -0.937566222264 -1.54778309497 
55.2365406914 95.0946307988 1.38463878632 129.90317313 1.69984054565 8388608 0.52158730719 0.0 0.52158730719 -0.888234866853 1.06219743451 -1.06219743451 -0.888234866853 
82.1242120874 194.984458192 1.51448607445 130.384903232 0.740076065063 8388608 0.435982875296 0.0 0.435982875296 -0.981264639281 1.15359775372 -1.15359775372 -0.981264639281 
