13
44
153.096444979 74.2178365861 3.39482045174 343.738067627 94.9235534668 12648449 0.0867693572211 0.0 0.0867693572211 3.25899896984 -0.950647996942 0.950647996942 3.25899896984 
147.564658547 71.3098083805 1.574827075 251.477325439 66.2838363647 8388608 0.403212748184 0.0 0.403212748184 -0.500290949584 -1.49324789701 1.49324789701 -0.500290949584 
148.528611885 82.9774914695 1.82112705708 80.4155883789 44.7856025696 17694720 0.30152234792 0.0 0.30152234792 0.303218532874 1.79570662396 -1.79570662396 0.303218532874 
163.898289685 94.4296875304 2.93717217445 352.322723389 25.209854126 18874880 0.115915413699 0.0 0.115915413699 2.91084412799 -0.392386091649 0.392386091649 2.91084412799 
137.069689356 75.8939768576 2.80227613449 173.82409668 22.7773551941 15467008 0.127343899228 0.0 0.127343899228 -2.78601255594 0.301472340462 -0.301472340462 -2.78601255594 
127.877583124 67.825183889 5.83456897736 186.390594482 21.1384086609 18350593 0.0293753089526 0.0 0.0293753089526 -5.79831415717 -0.64942134724 0.64942134724 -5.79831415717 
140.667465527 100.820118699 2.30202865601 203.822143555 19.7879829407 17957120 0.188702888934 0.0 0.188702888934 -2.10590418968 -0.929786791126 0.929786791126 -2.10590418968 
114.282090095 128.030621316 2.60556602478 247.087203979 18.2647438049 10224128 0.147297655642 0.0 0.147297655642 -1.01442416384 -2.39998290104 2.39998290104 -1.01442416384 
122.255329932 108.457477524 1.81497776508 224.545837402 17.7761993408 17498112 0.303568973502 0.0 0.303568973502 -1.29351556692 -1.2731699674 1.2731699674 -1.29351556692 
52.9439101658 139.556282411 2.39520072937 185.879592896 17.7186546326 20840704 0.1743075383 0.0 0.1743075383 -2.3826004544 -0.24536016109 0.24536016109 -2.3826004544 
143.237274902 89.8272666372 1.43729257584 200.658691406 16.6804389954 8388608 0.484071635293 0.0 0.484071635293 -1.34487269813 -0.507077286408 0.507077286408 -1.34487269813 
58.6079979142 150.866829047 1.32581710815 125.258514404 9.22316360474 8388608 0.568895845734 0.0 0.568895845734 -0.76534985494 1.08260362267 -1.08260362267 -0.76534985494 
102.341369725 173.125272335 3.94292974472 82.6398925781 8.49033737183 23461889 0.064322352874 0.0 0.064322352874 0.505109439166 3.91044235685 -3.91044235685 0.505109439166 
83.4577219667 139.422281391 1.38948452473 94.0308837891 7.77707099915 8388608 0.517955646097 0.0 0.517955646097 -0.0976726674434 1.38604736373 -1.38604736373 -0.0976726674434 
74.704189932 140.861354392 1.32682931423 86.5936889648 7.55273628235 8388608 0.568028182984 0.0 0.568028182984 0.078835325308 1.32448519078 -1.32448519078 0.078835325308 
119.817734011 159.688530229 1.54547202587 68.6915893555 6.61787033081 8388608 0.418675649892 0.0 0.418675649892 0.561605977284 1.43982030442 -1.43982030442 0.561605977284 
135.573611371 150.811589195 1.14906442165 50.3201904297 5.08184432983 8388608 0.757375486204 0.0 0.757375486204 0.733673783349 0.884348248563 -0.884348248563 0.733673783349 
147.13788066 122.453042574 1.26940429211 226.960266113 5.06147003174 8388608 0.620583286711 0.0 0.620583286711 -0.866375259291 -0.927782930921 0.927782930921 -0.866375259291 
162.271693082 57.3711960154 1.64827799797 284.504333496 3.99069213867 10485760 0.368077336007 0.0 0.368077336007 0.412816545231 -1.59574523611 1.59574523611 0.412816545231 
174.486986891 45.8822126186 3.75124764442 307.248382568 3.9845199585 19857409 0.0710638166451 0.0 0.0710638166451 2.2705233526 -2.98606473391 2.98606473391 2.2705233526 
177.749848741 59.3762207739 3.30676555634 349.369445801 3.94753646851 10747905 0.0914519961451 0.0 0.0914519961451 3.25001191408 -0.610017215231 0.610017215231 3.25001191408 
188.053616265 120.049891492 3.88732910156 9.19799804688 3.93409729004 22413313 0.0661755227724 0.0 0.0661755227724 3.83734524409 0.621376714659 -0.621376714659 3.83734524409 
178.457017267 114.04116282 2.21102547646 1.17779541016 3.80281066895 15008000 0.204556133687 0.0 0.204556133687 2.21055834092 0.0454475404778 -0.0454475404778 2.21055834092 
139.907413447 156.340296262 1.2487963438 270.875244141 3.76747131348 8388608 0.641234326505 0.0 0.641234326505 0.0190757361773 -1.24865064153 1.24865064153 0.0190757361773 
144.155162002 148.952728598 1.25634789467 86.2738342285 3.72440719604 8388608 0.63354893814 0.0 0.63354893814 0.0816475727576 1.25369203009 -1.25369203009 0.0816475727576 
167.530636784 125.189359994 1.25635492802 76.5032348633 3.69415283203 8388608 0.63354184467 0.0 0.63354184467 0.293221260146 1.22165829828 -1.22165829828 0.293221260146 
146.554070158 150.46459369 1.65563440323 84.9184570312 3.659740448 10813440 0.36481368011 0.0 0.36481368011 0.146645220585 1.64912718019 -1.64912718019 0.146645220585 
151.592894286 150.127772804 1.50290250778 74.1713867188 3.62037277222 8388608 0.442729419311 0.0 0.442729419311 0.409932801453 1.44591529703 -1.44591529703 0.409932801453 
139.560259252 174.385424464 1.5812112093 89.4016113281 3.60917282104 8388608 0.399963381208 0.0 0.399963381208 0.0165136364847 1.58112497552 -1.58112497552 0.0165136364847 
159.343536233 140.50267467 1.27561306953 74.1635437012 3.59284591675 8388608 0.614556872263 0.0 0.614556872263 0.348105155773 1.22719660352 -1.22719660352 0.348105155773 
174.078317764 136.389451866 2.49528861046 6.83102416992 3.57578277588 23789824 0.160604766899 0.0 0.160604766899 2.47757518015 0.296793659319 -0.296793659319 2.47757518015 
167.284113719 130.005900908 1.3049043417 0.85498046875 3.5740852356 8388608 0.587276533746 0.0 0.587276533746 1.30475906106 0.0194713525303 -0.0194713525303 1.30475906106 
177.266835772 95.9386583866 1.74663078785 0.00628662109375 3.57373046875 14680064 0.327791567906 0.0 0.327791567906 1.74663077734 0.000191644236716 -0.000191644236716 1.74663077734 
175.328907686 117.539687131 1.27084374428 5.29281616211 3.57038116455 8388608 0.619178245289 0.0 0.619178245289 1.26542521214 0.117229923065 -0.117229923065 1.26542521214 
175.302673849 77.9508252499 1.26676893234 352.365997314 3.56795501709 8388608 0.62316806973 0.0 0.62316806973 1.25554140346 -0.168283427988 0.168283427988 1.25554140346 
175.799562888 122.53158509 1.44822204113 17.640045166 3.56160736084 8388608 0.476792806178 0.0 0.476792806178 1.38012534117 0.438863444669 -0.438863444669 1.38012534117 
167.166008584 146.547911785 2.46401810646 68.1987609863 3.55578613281 22872320 0.164707058157 0.0 0.164707058157 0.915106544239 2.2877861005 -2.2877861005 0.915106544239 
177.652680554 107.085637693 1.64218246937 0.0 3.55471420288 10223616 0.370814900155 0.0 0.370814900155 1.64218246937 0.0 0.0 1.64218246937 
174.581563646 144.41922165 2.62771677971 27.5383911133 3.55257034302 10813952 0.144824784635 0.0 0.144824784635 2.32999972381 1.21490607103 -1.21490607103 2.32999972381 
152.816917663 163.665563032 1.69436442852 0.4267578125 3.55194091797 12517376 0.348326366413 0.0 0.348326366413 1.6943174291 0.0126200669131 -0.0126200669131 1.6943174291 
181.55619512 92.5816126512 2.42110800743 359.965240479 3.54714584351 21627136 0.170597110834 0.0 0.170597110834 2.42110756189 -0.00146880889576 0.00146880889576 2.42110756189 
152.398290462 168.041384476 1.63337016106 6.95306396484 3.54385375977 9830400 0.374826912003 0.0 0.374826912003 1.62135778937 0.197729618145 -0.197729618145 1.62135778937 
152.53973927 158.119396245 1.40224778652 352.252838135 3.54145431519 8388608 0.50856969049 0.0 0.50856969049 1.3894488764 -0.189025592652 0.189025592652 1.3894488764 
118.48207304 143.933338274 1.41144645214 269.349487305 3.16404342651 8388608 0.501962400102 0.0 0.501962400102 -0.0160246377303 -1.41135548259 1.41135548259 -0.0160246377303 
