13
40
153.096444979 74.2178365861 3.39482045174 129.331687275 94.9235534668 12648449 0.0867693572211 0.0 0.0867693572211 -2.1516668933 2.62585899846 -2.62585899846 -2.1516668933 
147.564658547 71.3098083805 1.574827075 125.960479612 66.2838363647 8388608 0.403212748184 0.0 0.403212748184 -0.924781111429 1.2747000479 -1.2747000479 -0.924781111429 
148.528611885 82.9774914695 1.82112705708 127.182831152 44.7856025696 17694720 0.30152234792 0.0 0.30152234792 -1.10061708613 1.45091205376 -1.45091205376 -1.10061708613 
163.898289685 94.4296875304 2.93717217445 132.441180923 25.209854126 18874880 0.115915413699 0.0 0.115915413699 -1.98210062995 2.16754641822 -2.16754641822 -1.98210062995 
137.069689356 75.8939768576 2.80227613449 124.995887687 22.7773551941 15467008 0.127343899228 0.0 0.127343899228 -1.60715479961 2.29560558111 -2.29560558111 -1.60715479961 
140.667465527 100.820118699 2.30202865601 124.636544186 19.7879829407 17957120 0.188702888934 0.0 0.188702888934 -1.30840089499 1.89404937397 -1.89404937397 -1.30840089499 
114.282090095 128.030621316 2.60556602478 119.224651448 18.2647438049 10224128 0.147297655642 0.0 0.147297655642 -1.27212901736 2.27390898514 -2.27390898514 -1.27212901736 
122.255329932 108.457477524 1.81497776508 122.801860527 17.7761993408 17498112 0.303568973502 0.0 0.303568973502 -0.983237896389 1.52557776821 -1.52557776821 -0.983237896389 
52.9439101658 139.556282411 2.39520072937 126.516567663 17.7186546326 20840704 0.1743075383 0.0 0.1743075383 -1.42527666187 1.92498648596 -1.92498648596 -1.42527666187 
143.237274902 89.8272666372 1.43729257584 121.191458939 16.6804389954 8388608 0.484071635293 0.0 0.484071635293 -0.744373098881 1.22951967785 -1.22951967785 -0.744373098881 
58.6079979142 150.866829047 1.32581710815 129.847029692 9.22316360474 8388608 0.568895845734 0.0 0.568895845734 -0.849504197793 1.01790648991 -1.01790648991 -0.849504197793 
102.341369725 173.125272335 3.94292974472 129.990243881 8.49033737183 23461889 0.064322352874 0.0 0.064322352874 -2.53395203606 3.02089093658 -3.02089093658 -2.53395203606 
83.4577219667 139.422281391 1.38948452473 125.811051834 7.77707099915 8388608 0.517955646097 0.0 0.517955646097 -0.813007002333 1.12680382437 -1.12680382437 -0.813007002333 
74.704189932 140.861354392 1.32682931423 126.490105563 7.55273628235 8388608 0.568028182984 0.0 0.568028182984 -0.789044110082 1.06671712344 -1.06671712344 -0.789044110082 
119.817734011 159.688530229 1.54547202587 125.984797213 6.61787033081 8388608 0.418675649892 0.0 0.418675649892 -0.908073876209 1.25055412442 -1.25055412442 -0.908073876209 
135.573611371 150.811589195 1.14906442165 124.870438153 5.08184432983 8388608 0.757375486204 0.0 0.757375486204 -0.656946143154 0.942746418771 -0.942746418771 -0.656946143154 
147.13788066 122.453042574 1.26940429211 119.848812587 5.06147003174 8388608 0.620583286711 0.0 0.620583286711 -0.631799100949 1.10100733551 -1.10100733551 -0.631799100949 
162.271693082 57.3711960154 1.64827799797 124.977623173 3.99069213867 10485760 0.368077336007 0.0 0.368077336007 -0.944886032228 1.35055941916 -1.35055941916 -0.944886032228 
178.457017267 114.04116282 2.21102547646 124.912032354 3.80281066895 15008000 0.204556133687 0.0 0.204556133687 -1.26540989125 1.81311099072 -1.81311099072 -1.26540989125 
139.907413447 156.340296262 1.2487963438 124.857342013 3.76747131348 8388608 0.641234326505 0.0 0.641234326505 -0.713730935171 1.02473433654 -1.02473433654 -0.713730935171 
144.155162002 148.952728598 1.25634789467 125.151144979 3.72440719604 8388608 0.63354893814 0.0 0.63354893814 -0.723323885808 1.02723541054 -1.02723541054 -0.723323885808 
167.530636784 125.189359994 1.25635492802 124.970407434 3.69415283203 8388608 0.63354184467 0.0 0.63354184467 -0.7200839452 1.02951775945 -1.02951775945 -0.7200839452 
146.554070158 150.46459369 1.65563440323 125.100514195 3.659740448 10813440 0.36481368011 0.0 0.36481368011 -0.952010633607 1.3545482755 -1.3545482755 -0.952010633607 
151.592894286 150.127772804 1.50290250778 124.896160587 3.62037277222 8388608 0.442729419311 0.0 0.442729419311 -0.859796868517 1.23266592911 -1.23266592911 -0.859796868517 
139.560259252 174.385424464 1.5812112093 124.977040136 3.60917282104 8388608 0.399963381208 0.0 0.399963381208 -0.90642637744 1.29561572647 -1.29561572647 -0.90642637744 
159.343536233 140.50267467 1.27561306953 124.963102619 3.59284591675 8388608 0.614556872263 0.0 0.614556872263 -0.730988537847 1.04539201293 -1.04539201293 -0.730988537847 
174.078317764 136.389451866 2.49528861046 124.959501498 3.57578277588 23789824 0.160604766899 0.0 0.160604766899 -1.42979361175 2.04503190129 -2.04503190129 -1.42979361175 
167.284113719 130.005900908 1.3049043417 124.949547258 3.5740852356 8388608 0.587276533746 0.0 0.587276533746 -0.74752084128 1.06957371547 -1.06957371547 -0.74752084128 
177.266835772 95.9386583866 1.74663078785 124.954660781 3.57373046875 14680064 0.327791567906 0.0 0.327791567906 -1.00069376531 1.43154849625 -1.43154849625 -1.00069376531 
175.328907686 117.539687131 1.27084374428 124.956319572 3.57038116455 8388608 0.619178245289 0.0 0.619178245289 -0.72813217904 1.04156965788 -1.04156965788 -0.72813217904 
175.302673849 77.9508252499 1.26676893234 124.947826758 3.56795501709 8388608 0.62316806973 0.0 0.62316806973 -0.72564360604 1.03833755829 -1.03833755829 -0.72564360604 
175.799562888 122.53158509 1.44822204113 124.968697215 3.56160736084 8388608 0.476792806178 0.0 0.476792806178 -0.830017786592 1.18676769182 -1.18676769182 -0.830017786592 
167.166008584 146.547911785 2.46401810646 124.946461904 3.55578613281 22872320 0.164707058157 0.0 0.164707058157 -1.41141607743 2.01972520045 -2.01972520045 -1.41141607743 
177.652680554 107.085637693 1.64218246937 124.951629983 3.55471420288 10223616 0.370814900155 0.0 0.370814900155 -0.940781196089 1.34599182902 -1.34599182902 -0.940781196089 
174.581563646 144.41922165 2.62771677971 124.9540626 3.55257034302 10813952 0.144824784635 0.0 0.144824784635 -1.50547015635 2.15370728807 -2.15370728807 -1.50547015635 
152.816917663 163.665563032 1.69436442852 124.960595882 3.55194091797 12517376 0.348326366413 0.0 0.348326366413 -0.97089274941 1.38861012735 -1.38861012735 -0.97089274941 
181.55619512 92.5816126512 2.42110800743 124.955570448 3.54714584351 21627136 0.170597110834 0.0 0.170597110834 -1.38715218595 1.98433182625 -1.98433182625 -1.38715218595 
152.398290462 168.041384476 1.63337016106 124.972057899 3.54385375977 9830400 0.374826912003 0.0 0.374826912003 -0.93621001725 1.33843523812 -1.33843523812 -0.93621001725 
152.53973927 158.119396245 1.40224778652 124.951272543 3.54145431519 8388608 0.50856969049 0.0 0.50856969049 -0.803319119367 1.14933774291 -1.14933774291 -0.803319119367 
118.48207304 143.933338274 1.41144645214 120.824611545 3.16404342651 8388608 0.501962400102 0.0 0.501962400102 -0.723241797366 1.21206534057 -1.21206534057 -0.723241797366 
