13
133
49.8731004033 123.087311771 5.7290802002 26.3071289062 84.2496032715 17039873 0.0304670353326 0.0 0.0304670353326 5.13572678444 2.53902940823 -2.53902940823 5.13572678444 
18.520582913 151.723555672 2.20135641098 39.9597167969 73.159538269 14745856 0.206357032764 0.0 0.206357032764 1.68733128279 1.41381865537 -1.41381865537 1.68733128279 
80.4787354977 92.7385473657 3.93530797958 53.861328125 71.2601547241 23330817 0.0645717486613 0.0 0.0645717486613 2.32081473436 3.17812332406 -3.17812332406 2.32081473436 
100.290724625 86.4172997932 3.20508885384 100.650421143 66.6832351685 8454145 0.097346390346 0.0 0.097346390346 -0.592352589662 3.14987507221 -3.14987507221 -0.592352589662 
42.6201386553 115.643291854 1.92796480656 278.159088135 65.0785903931 21823488 0.269030671799 0.0 0.269030671799 0.273620912211 -1.90844960419 1.90844960419 0.273620912211 
121.947146512 142.912294243 3.26429343224 64.9327087402 64.9446640015 9764865 0.0938472643746 0.0 0.0938472643746 1.38302363282 2.95683229873 -2.95683229873 1.38302363282 
112.009489009 103.031156141 3.33054184914 41.3134765625 57.0081100464 11272193 0.0901509297132 0.0 0.0901509297132 2.50159953637 2.19875163866 -2.19875163866 2.50159953637 
33.8168624574 55.0469862661 3.27444148064 98.1000061035 54.5105018616 10027009 0.0932664686486 0.0 0.0932664686486 -0.461373183864 3.24177448249 -3.24177448249 -0.461373183864 
48.4419886609 59.3750981219 2.09083771706 107.204971313 51.7385902405 11010304 0.228749075937 0.0 0.228749075937 -0.61845084203 1.99727837696 -1.99727837696 -0.61845084203 
64.7783980471 60.5183643382 8.47974777222 112.908187866 50.114528656 11993346 0.0139070216594 0.0 0.0139070216594 -3.30078920833 7.81094827038 -7.81094827038 -3.30078920833 
201.788739489 117.092064932 3.10807824135 196.399597168 49.6420516968 22938112 0.103518057517 0.0 0.103518057517 -2.98162906057 -0.877518375591 0.877518375591 -2.98162906057 
188.165062901 22.7460796089 1.49691188335 76.2402648926 47.949924469 8388608 0.446280106285 0.0 0.446280106285 0.356041882554 1.45395301313 -1.45395301313 0.356041882554 
204.19308664 65.6121347624 4.95640182495 100.28918457 47.5175704956 23265537 0.0407068018888 0.0 0.0407068018888 -0.885295092107 4.87669679704 -4.87669679704 -0.885295092107 
71.8443147684 101.737617278 1.38059282303 41.1829223633 44.4821624756 8388608 0.524648912779 0.0 0.524648912779 1.0390496283 0.90907228147 -0.90907228147 1.0390496283 
177.137238437 100.561226 6.72126293182 66.218536377 44.2024765015 11927554 0.022135953297 0.0 0.022135953297 2.71034434887 6.15056167429 -6.15056167429 2.71034434887 
161.521851616 82.7709364989 2.87531590462 236.586975098 42.0130004883 17302016 0.12095640396 0.0 0.12095640396 -1.58335167468 -2.40009146193 2.40009146193 -1.58335167468 
175.703165078 91.0974469033 2.14815545082 60.6305541992 41.9456253052 12976384 0.216704828634 0.0 0.216704828634 1.05353940544 1.87206478576 -1.87206478576 1.05353940544 
165.430071952 96.7927848025 1.87443089485 61.232421875 39.2052383423 19791872 0.284617193808 0.0 0.284617193808 0.902084343775 1.64308703856 -1.64308703856 0.902084343775 
16.1495207531 141.417640778 1.74022293091 241.829101562 38.5638427734 14417920 0.330210003572 0.0 0.330210003572 -0.821564595081 -1.53408196175 1.53408196175 -0.821564595081 
74.1438371924 78.4584986105 2.60295081139 160.518463135 38.4743385315 10158592 0.14759378749 0.0 0.14759378749 -2.45392929766 0.868092119882 -0.868092119882 -2.45392929766 
50.0322191091 89.6151229888 5.88120079041 273.213134766 37.5794372559 18940417 0.0289113243604 0.0 0.0289113243604 0.329643603758 -5.87195519666 5.87195519666 0.329643603758 
73.6101473976 73.8600869788 3.86562466621 2.73461914062 37.3002700806 22020097 0.0669207242363 0.0 0.0669207242363 3.86122260905 0.184428911481 -0.184428911481 3.86122260905 
168.72699858 37.4454836622 1.6023825407 69.4351501465 37.2596702576 8454144 0.389464243393 0.0 0.389464243393 0.562864625507 1.50027104888 -1.50027104888 0.562864625507 
230.147912434 78.859413273 5.32886362076 75.8613891602 35.5508613586 11796993 0.035215251035 0.0 0.035215251035 1.3016737358 5.16743969236 -5.16743969236 1.3016737358 
30.3914919205 149.502451327 1.35338354111 128.166503906 35.5145187378 8388608 0.545956723594 0.0 0.545956723594 -0.836321822202 1.06405489475 -1.06405489475 -0.836321822202 
208.665619788 91.8143887314 5.25674343109 199.669570923 35.043510437 10813953 0.0361881547372 0.0 0.0361881547372 -4.95000950358 -1.76939464643 1.76939464643 -4.95000950358 
45.8884939819 104.737035236 2.63901758194 270.48550415 34.0404968262 11141632 0.143587102811 0.0 0.143587102811 0.0223618330533 -2.63892283824 2.63892283824 0.0223618330533 
29.2401712714 142.77496298 1.28834664822 239.539489746 33.6295890808 8388608 0.60246876543 0.0 0.60246876543 -0.653120099455 -1.11052745201 1.11052745201 -0.653120099455 
33.5204130823 111.443855772 1.55890893936 113.469024658 33.1236228943 8388608 0.411489260574 0.0 0.411489260574 -0.620840517415 1.4299489967 -1.4299489967 -0.620840517415 
168.790527222 24.7019095352 2.41243433952 169.179656982 32.9724464417 21364992 0.171826046041 0.0 0.171826046041 -2.36954284576 0.452886458855 -0.452886458855 -2.36954284576 
95.3430267784 25.3583171537 3.29846644402 21.0166015625 31.5072383881 10551297 0.0919127709962 0.0 0.0919127709962 3.07904107482 1.18295686392 -1.18295686392 3.07904107482 
199.395215053 109.116914056 1.28325688839 211.102157593 30.7819843292 8388608 0.607257366207 0.0 0.607257366207 -1.09878567302 -0.6628863299 0.6628863299 -1.09878567302 
136.818743092 89.6994232952 1.49667990208 58.8919677734 30.4697113037 8388608 0.44641846139 0.0 0.44641846139 0.773264704511 1.28144934587 -1.28144934587 0.773264704511 
167.873308519 31.0637418416 1.2727086544 179.067855835 29.8646240234 8388608 0.617365001117 0.0 0.617365001117 -1.27254022794 0.020704764348 -0.020704764348 -1.27254022794 
61.2797640609 101.645382717 1.28656637669 232.357208252 29.1807403564 8388608 0.604137237544 0.0 0.604137237544 -0.785753329811 -1.01874665462 1.01874665462 -0.785753329811 
105.762367881 98.2193943789 1.2637912035 267.99887085 29.1161804199 8388608 0.626108130764 0.0 0.626108130764 -0.0441305677872 -1.26302046659 1.26302046659 -0.0441305677872 
112.484003336 122.999211362 4.21159267426 36.1427612305 28.335943222 11534593 0.0563776899411 0.0 0.0563776899411 3.40107135823 2.48399405596 -2.48399405596 3.40107135823 
121.276140699 26.5833560817 2.75588488579 218.985610962 27.9684925079 14287360 0.13166727699 0.0 0.13166727699 -2.14216029569 -1.73379663493 1.73379663493 -2.14216029569 
58.908299018 64.8119139882 1.49521243572 121.349655151 27.5897064209 8388608 0.447295160286 0.0 0.447295160286 -0.77789836941 1.27692378583 -1.27692378583 -0.77789836941 
63.4238948998 91.3335735541 2.92323517799 180.085510254 27.4470767975 18547200 0.117023339488 0.0 0.117023339488 -2.92323192244 -0.00436273826149 0.00436273826149 -2.92323192244 
207.819460604 155.564859137 1.40431821346 112.969284058 26.8916740417 8388608 0.507071197946 0.0 0.507071197946 -0.548017762145 1.29297570628 -1.29297570628 -0.548017762145 
46.5067536822 128.010520591 1.65226316452 22.4080810547 26.8420143127 10682368 0.366303913299 0.0 0.366303913299 1.5275045366 0.629843992982 -0.629843992982 1.5275045366 
203.370033044 94.1263561166 1.620621562 167.477630615 26.7392654419 9306112 0.380747249241 0.0 0.380747249241 -1.58206929332 0.351384402554 -0.351384402554 -1.58206929332 
201.4947046 153.045259254 1.3059091568 105.85333252 26.5537872314 8388608 0.586373136595 0.0 0.586373136595 -0.356742763574 1.25623776669 -1.25623776669 -0.356742763574 
201.977841399 102.322074539 1.69346880913 204.813247681 25.2483444214 12451840 0.348694900326 0.0 0.348694900326 -1.53712856525 -0.710684445714 0.710684445714 -1.53712856525 
177.31164456 152.314045568 3.70370674133 90.774597168 20.7445755005 18939905 0.0728998804208 0.0 0.0728998804208 -0.0500698897333 3.70336828197 -3.70336828197 -0.0500698897333 
29.2244011513 49.3665124248 1.48737180233 181.31010437 19.6034603119 8388608 0.452023394461 0.0 0.452023394461 -1.48698299258 -0.0340067369366 0.0340067369366 -1.48698299258 
95.8744849759 100.948411414 3.1008105278 161.98550415 19.2964668274 22807040 0.104003879693 0.0 0.104003879693 -2.94880353819 0.958949228301 -0.958949228301 -2.94880353819 
41.6733050899 46.7485311167 1.46577000618 321.520874023 19.2923488617 8388608 0.465444967426 0.0 0.465444967426 1.14745591579 -0.912045301687 0.912045301687 1.14745591579 
43.2127191507 47.0557987456 2.22419452667 227.318145752 18.3586521149 15466752 0.202141025489 0.0 0.202141025489 -1.50784126959 -1.63507064013 1.63507064013 -1.50784126959 
190.744182918 87.5118919746 1.5974214077 95.1426391602 17.9059715271 8388608 0.391887128559 0.0 0.391887128559 -0.143185698064 1.59099120351 -1.59099120351 -0.143185698064 
56.6764988085 172.854614507 1.28279197216 137.656982422 17.5989990234 8388608 0.607697616804 0.0 0.607697616804 -0.948144373091 0.864047158212 -0.864047158212 -0.948144373091 
242.706936756 47.0279999767 3.55976867676 36.2325744629 17.1737937927 16056321 0.0789144339055 0.0 0.0789144339055 2.87139628635 2.10405237548 -2.10405237548 2.87139628635 
174.73720627 149.402130746 1.59251391888 86.2078552246 16.9809532166 8388608 0.39430612775 0.0 0.39430612775 0.105324254951 1.58902718137 -1.58902718137 0.105324254951 
163.840992168 89.2476684802 1.33200621605 230.595352173 16.560218811 8388608 0.563621429232 0.0 0.563621429232 -0.845548481877 -1.02921733584 1.02921733584 -0.845548481877 
246.428140468 96.2991485137 3.16002368927 325.695770264 16.1083068848 24183296 0.100142706193 0.0 0.100142706193 2.61035871274 -1.78094837307 1.78094837307 2.61035871274 
130.028519818 84.505811452 1.46291995049 251.747894287 16.0200252533 8388608 0.467260290628 0.0 0.467260290628 -0.458184640238 -1.38931696059 1.38931696059 -0.458184640238 
102.123070689 141.33179149 1.55835485458 208.766693115 14.4919147491 8388608 0.411781928792 0.0 0.411781928792 -1.36603295631 -0.74994920833 0.74994920833 -1.36603295631 
236.556925199 112.91976557 3.63436532021 39.3186645508 14.3628730774 17563649 0.0757081860271 0.0 0.0757081860271 2.81166799816 2.30285352309 -2.30285352309 2.81166799816 
89.9430287488 139.203045789 2.95866823196 249.757675171 13.9494991302 19399168 0.114237177105 0.0 0.114237177105 -1.0236736947 -2.77593405426 2.77593405426 -1.0236736947 
118.023388227 26.425647419 1.2624797821 138.823074341 13.6949539185 8388608 0.627409566352 0.0 0.627409566352 -0.950243430626 0.831199508406 -0.831199508406 -0.950243430626 
81.2355786325 158.073055468 1.34972751141 219.280761719 12.5653371811 8388608 0.548918413751 0.0 0.548918413751 -1.04476040972 -0.854540836548 0.854540836548 -1.04476040972 
94.8395351386 75.7401851059 1.46289098263 275.972137451 12.5124769211 8388608 0.46727879599 0.0 0.46727879599 0.152206231421 -1.45495130165 1.45495130165 0.152206231421 
90.1642485712 125.185956136 6.35864067078 215.918304443 11.7778129578 24576513 0.0247326944915 0.0 0.0247326944915 -5.14957229284 -3.73017645439 3.73017645439 -5.14957229284 
85.1594341075 19.2025220945 1.22522103786 230.267532349 11.5515613556 8388608 0.666148584426 0.0 0.666148584426 -0.783165831249 -0.942240878115 0.942240878115 -0.783165831249 
63.1123785183 77.3809234722 1.74747824669 141.711593628 11.0270404816 14745600 0.327473712729 0.0 0.327473712729 -1.37159875992 1.08277285912 -1.08277285912 -1.37159875992 
15.955998583 127.586774027 2.02481341362 112.482879639 10.995300293 8651008 0.243910210838 0.0 0.243910210838 -0.774303539673 1.87091512058 -1.87091512058 -0.774303539673 
109.981210866 142.161656378 1.59812629223 169.336425781 10.956993103 8388608 0.391541505994 0.0 0.391541505994 -1.57052766673 0.295720296792 -0.295720296792 -1.57052766673 
116.612019423 76.6056904857 1.54525673389 30.1643676758 10.7132720947 8388608 0.418792321492 0.0 0.418792321492 1.33600960016 0.776464243809 -0.776464243809 1.33600960016 
76.2724651215 163.325845619 1.63377285004 219.455917358 10.5190391541 9895936 0.374642161637 0.0 0.374642161637 -1.26145847441 -1.03823708413 1.03823708413 -1.26145847441 
14.750651104 35.0157167816 1.78360295296 139.104095459 10.2964096069 16187392 0.314342884888 0.0 0.314342884888 -1.34822594946 1.16770128158 -1.16770128158 -1.34822594946 
25.6418691739 122.462672797 1.63850259781 5.72503662109 9.9444694519 10092544 0.372482378147 0.0 0.372482378147 1.63032986985 0.163448091193 -0.163448091193 1.63032986985 
78.6448373581 23.4906847788 2.14139866829 222.530609131 9.86130142212 12714240 0.218074529167 0.0 0.218074529167 -1.57803160698 -1.44755120943 1.44755120943 -1.57803160698 
181.180496928 72.04206389 1.3150703907 218.3931427 9.84293365479 8388608 0.578231838248 0.0 0.578231838248 -1.03070981672 -0.816729702058 0.816729702058 -1.03070981672 
190.109436814 168.582794541 1.71623623371 267.681091309 9.64848709106 13434880 0.339504759191 0.0 0.339504759191 -0.0694415668525 -1.71483080177 1.71483080177 -0.0694415668525 
107.206809701 20.0740592632 1.97316086292 147.571014404 9.63954734802 23527424 0.256847305746 0.0 0.256847305746 -1.66545973703 1.05811514275 -1.05811514275 -1.66545973703 
103.295385771 70.8093028908 3.36162185669 298.621398926 8.68699455261 11927553 0.0884916478572 0.0 0.0884916478572 1.6102832114 -2.95084555449 2.95084555449 1.6102832114 
192.545761618 154.864228312 1.31817042828 88.1844482422 8.34637641907 8388608 0.575515296346 0.0 0.575515296346 0.0417623458489 1.31750870375 -1.31750870375 0.0417623458489 
111.702315382 85.2784117262 1.46125590801 23.5275878906 7.88318443298 8388608 0.468325105747 0.0 0.468325105747 1.3397787389 0.583319603202 -0.583319603202 1.3397787389 
110.268809308 27.9973915587 2.07217955589 141.678237915 7.64614486694 10354944 0.232886991573 0.0 0.232886991573 -1.6257096333 1.28491100861 -1.28491100861 -1.6257096333 
152.639116372 115.946537743 1.62541913986 197.407669067 7.20509719849 9502720 0.37850294346 0.0 0.37850294346 -1.55097541986 -0.486274230487 0.486274230487 -1.55097541986 
183.004794414 154.776282574 1.3799393177 87.1680603027 7.19863700867 8388608 0.525145952089 0.0 0.525145952089 0.0681780402538 1.37825406779 -1.37825406779 0.0681780402538 
196.267552866 162.432824874 2.21641254425 88.4567565918 7.15657806396 15204608 0.203562980504 0.0 0.203562980504 0.0596911415621 2.21560861479 -2.21560861479 0.0596911415621 
110.108478713 64.7948126807 2.28395295143 200.485137939 6.96040534973 17367296 0.191701580413 0.0 0.191701580413 -2.13952261565 -0.799302234122 0.799302234122 -2.13952261565 
13.9005025306 116.957056179 1.45148766041 112.091506958 6.9338684082 8388608 0.474649801739 0.0 0.474649801739 -0.545885521059 1.34492580696 -1.34492580696 -0.545885521059 
251.454510776 37.1247522652 1.31579232216 127.538223267 6.7151889801 8388608 0.577597499184 0.0 0.577597499184 -0.801699836673 1.04335363465 -1.04335363465 -0.801699836673 
17.9038892688 64.5660547172 1.24629342556 95.921661377 6.33202552795 8388608 0.643812481329 0.0 0.643812481329 -0.128578334338 1.23964305933 -1.23964305933 -0.128578334338 
22.0098681562 38.4023348765 1.44665682316 273.990997314 6.32880020142 8388608 0.477825101302 0.0 0.477825101302 0.100686923038 -1.44314867824 1.44314867824 0.100686923038 
158.509845987 54.3416778804 1.47850477695 191.493011475 6.32411575317 8388608 0.457461485503 0.0 0.457461485503 -1.44885929954 -0.294589724206 0.294589724206 -1.44885929954 
236.863474934 109.192839408 1.53165066242 38.3408813477 6.3194360733 8388608 0.426265862776 0.0 0.426265862776 1.20132561364 0.950142369179 -0.950142369179 1.20132561364 
33.1920150595 163.69018437 1.96203160286 119.978561401 6.31454467773 23134208 0.259769407175 0.0 0.259769407175 -0.980379947604 1.69953616289 -1.69953616289 -0.980379947604 
176.911747168 105.562779526 1.22871029377 50.2055358887 6.21253585815 8388608 0.662370537535 0.0 0.662370537535 0.78641816464 0.944073861697 -0.944073861697 0.78641816464 
121.38017695 154.473885252 2.08938217163 38.6994628906 6.19732475281 10944768 0.229067898075 0.0 0.229067898075 1.63062962557 1.30635557309 -1.30635557309 1.63062962557 
160.019063024 48.0967791119 1.68111562729 180.623779297 6.13274765015 11927552 0.353838291542 0.0 0.353838291542 -1.68101599962 -0.0183019485477 0.0183019485477 -1.68101599962 
145.519724075 150.478282198 2.02982759476 244.718261719 5.92382049561 8847616 0.242706660929 0.0 0.242706660929 -0.866877833646 -1.83540809794 1.83540809794 -0.866877833646 
149.560020629 132.177070628 1.90967941284 32.2251586914 5.89563369751 21168128 0.274207334748 0.0 0.274207334748 1.61551067264 1.01833232612 -1.01833232612 1.61551067264 
20.771506694 116.457573292 1.2910785675 90.1935119629 5.78480148315 8388608 0.599921817899 0.0 0.599921817899 -0.00436050744021 1.29107120386 -1.29107120386 -0.00436050744021 
220.964682899 24.2551418984 2.25830698013 290.635498047 5.66264152527 16580864 0.196080337715 0.0 0.196080337715 0.795875987198 -2.11341709786 2.11341709786 0.795875987198 
249.812176585 30.9200066476 1.30615115166 247.884063721 5.487616539 8388608 0.58615587822 0.0 0.58615587822 -0.491742337483 -1.21004971158 1.21004971158 -0.491742337483 
79.401656195 146.91505307 1.27701926231 219.73059082 5.2215461731 8388608 0.61320417593 0.0 0.61320417593 -0.982102391325 -0.816243278242 0.816243278242 -0.982102391325 
185.608182323 44.8542640527 1.46486151218 55.6907043457 4.9806804657 8388608 0.466022476057 0.0 0.466022476057 0.825683938866 1.20998565404 -1.20998565404 0.825683938866 
175.347328942 62.4057588576 1.68117201328 39.2874755859 4.83605957031 11927552 0.353814556684 0.0 0.353814556684 1.30119123415 1.06453779191 -1.06453779191 1.30119123415 
152.809039757 47.15176009 1.2994594574 177.31199646 4.54615783691 8388608 0.592208356784 0.0 0.592208356784 -1.29802968309 0.060941145715 -0.060941145715 -1.29802968309 
173.055229611 71.1104327791 1.31968259811 221.769058228 4.49802017212 8388608 0.574197133529 0.0 0.574197133529 -0.984266582213 -0.879079891082 0.879079891082 -0.984266582213 
28.8696840559 101.699695495 1.26674306393 295.410217285 4.38546943665 8388608 0.623193521672 0.0 0.623193521672 0.543554652955 -1.1441968053 1.1441968053 0.543554652955 
82.4464237343 73.2850951833 1.3558729887 0.0998229980469 4.06508255005 8388608 0.54395375879 0.0 0.54395375879 1.35587093089 0.00236225494061 -0.00236225494061 1.35587093089 
238.460417999 94.2772229621 1.28249621391 211.528991699 3.80401802063 8388608 0.607977933119 0.0 0.607977933119 -1.0931685704 -0.670655660816 0.670655660816 -1.0931685704 
151.275332166 60.1562472294 1.74610030651 243.777755737 3.64381790161 14680064 0.327990770349 0.0 0.327990770349 -0.771521696733 -1.56640370016 1.56640370016 -0.771521696733 
47.394512251 77.8080767267 1.61081004143 249.655639648 3.62949371338 8847360 0.3853996745 0.0 0.3853996745 -0.560016946425 -1.51032778207 1.51032778207 -0.560016946425 
253.457387067 75.6105740035 1.37739145756 73.2493286133 3.50965118408 8388608 0.52709054951 0.0 0.52709054951 0.396974533144 1.31894596075 -1.31894596075 0.396974533144 
35.6860282937 96.6813609124 1.51960206032 303.021087646 3.4438495636 8388608 0.433052203315 0.0 0.433052203315 0.828103601897 -1.27414082669 1.27414082669 0.828103601897 
157.261454749 164.646800152 1.34051942825 69.7115783691 3.36101531982 8388608 0.556485400142 0.0 0.556485400142 0.464819904194 1.25735229518 -1.25735229518 0.464819904194 
210.503761928 141.948152832 2.01697874069 60.7562255859 3.27705812454 8388864 0.245808761487 0.0 0.245808761487 0.985347435352 1.75991297286 -1.75991297286 0.985347435352 
95.8947655066 114.194275262 1.33833038807 273.215576172 3.17878723145 8388608 0.558307319696 0.0 0.558307319696 0.0750708788299 -1.33622325634 1.33622325634 0.0750708788299 
139.394935846 119.028160639 1.45516884327 20.7584838867 3.14330673218 8388608 0.472251368512 0.0 0.472251368512 1.36070326758 0.51575476732 -0.51575476732 1.36070326758 
38.1505726021 76.4367218334 1.26759171486 177.23664856 3.14219284058 8388608 0.622359346571 0.0 0.622359346571 -1.26611773283 0.0611117189693 -0.0611117189693 -1.26611773283 
87.084174634 60.4410320335 1.30660808086 14.6157531738 3.08512878418 8388608 0.58574598498 0.0 0.58574598498 1.26432601962 0.329703492679 -0.329703492679 1.26432601962 
92.5406200958 37.1842636294 1.745429039 14.1171875 3.07070541382 14680064 0.328243100155 0.0 0.328243100155 1.69271514877 0.425720513147 -0.425720513147 1.69271514877 
228.909149411 93.3495728443 1.30527067184 224.392974854 3.05346679688 8388608 0.586946936347 0.0 0.586946936347 -0.932692202904 -0.913135686204 0.913135686204 -0.932692202904 
140.80011734 111.024145786 2.10166931152 23.7743530273 3.01777648926 11337984 0.226397295497 0.0 0.226397295497 1.92332210095 0.847257924708 -0.847257924708 1.92332210095 
27.1628741776 79.6288516251 2.52379059792 287.776245117 2.99626350403 24641792 0.156997726642 0.0 0.156997726642 0.770514594483 -2.40329487201 2.40329487201 0.770514594483 
15.3916153966 15.1628244468 1.3264425993 294.341461182 2.94565582275 8388608 0.568359440444 0.0 0.568359440444 0.546724851247 -1.20852881896 1.20852881896 0.546724851247 
60.3700851992 166.271792208 1.54825246334 312.459228516 2.66579246521 8388608 0.41717323835 0.0 0.41717323835 1.0451716569 -1.14223548266 1.14223548266 1.0451716569 
145.675458733 43.8016219523 1.34821128845 17.709777832 2.58198928833 8388608 0.550153755282 0.0 0.550153755282 1.28431899263 0.410119986697 -0.410119986697 1.28431899263 
97.5950109806 59.7325344694 2.10070443153 340.26260376 2.52084732056 11337984 0.226605317515 0.0 0.226605317515 1.97728873191 -0.709428205914 0.709428205914 1.97728873191 
84.6346583477 67.6347922922 1.26341557503 19.2008056641 2.31000328064 8388608 0.626480484891 0.0 0.626480484891 1.19313397225 0.41551202088 -0.41551202088 1.19313397225 
261.312221323 164.253797304 1.38165044785 299.089447021 2.29602050781 8388608 0.523846004437 0.0 0.523846004437 0.671723128776 -1.20737152455 1.20737152455 0.671723128776 
12.952710261 22.2616741837 1.60529506207 294.138427734 1.5741558075 8585216 0.388052298708 0.0 0.388052298708 0.656473532752 -1.46492823616 1.46492823616 0.656473532752 
67.5493651969 53.8174514435 1.26024115086 25.068939209 1.28485536575 8388608 0.629640545934 0.0 0.629640545934 1.1415247079 0.533974811742 -0.533974811742 1.1415247079 
89.9188847024 51.031005683 1.48400235176 12.2569274902 1.02289009094 8388608 0.454078377136 0.0 0.454078377136 1.45017517919 0.315047503849 -0.315047503849 1.45017517919 
226.930057195 17.597914689 1.21043205261 327.96875 0.826306819916 8388608 0.682525951617 0.0 0.682525951617 1.0261545986 -0.641991038698 0.641991038698 1.0261545986 
228.809148378 140.641028258 1.28805160522 38.8987731934 0.797721862793 8388608 0.602744801801 0.0 0.602744801801 1.00243465541 0.808827360667 -0.808827360667 1.00243465541 
67.3231378349 63.5256504379 1.39002120495 358.718780518 0.649566650391 8388608 0.517555763149 0.0 0.517555763149 1.38967368868 -0.0310803665916 0.0310803665916 1.38967368868 
