13
95
80.4787354977 92.7385473657 3.93530797958 127.34253026 71.2601547241 23330817 0.0645717486613 0.0 0.0645717486613 -2.3870740287 3.12866209037 -3.12866209037 -2.3870740287 
100.290724625 86.4172997932 3.20508885384 137.890334776 66.6832351685 8454145 0.097346390346 0.0 0.097346390346 -2.37773598677 2.14917801455 -2.14917801455 -2.37773598677 
42.6201386553 115.643291854 1.92796480656 145.374939515 65.0785903931 21823488 0.269030671799 0.0 0.269030671799 -1.58649895293 1.09547677642 -1.09547677642 -1.58649895293 
121.947146512 142.912294243 3.26429343224 135.78804362 64.9446640015 9764865 0.0938472643746 0.0 0.0938472643746 -2.33973163739 2.27623976697 -2.27623976697 -2.33973163739 
112.009489009 103.031156141 3.33054184914 126.370624445 57.0081100464 11272193 0.0901509297132 0.0 0.0901509297132 -1.97503176422 2.68174542773 -2.68174542773 -1.97503176422 
48.4419886609 59.3750981219 2.09083771706 142.136763583 51.7385902405 11010304 0.228749075937 0.0 0.228749075937 -1.65067053757 1.2833117842 -1.2833117842 -1.65067053757 
201.788739489 117.092064932 3.10807824135 128.990336144 49.6420516968 22938112 0.103518057517 0.0 0.103518057517 -1.95556958519 2.41576032582 -2.41576032582 -1.95556958519 
71.8443147684 101.737617278 1.38059282303 123.01494998 44.4821624756 8388608 0.524648912779 0.0 0.524648912779 -0.752226834157 1.15766633058 -1.15766633058 -0.752226834157 
161.521851616 82.7709364989 2.87531590462 135.588633777 42.0130004883 17302016 0.12095640396 0.0 0.12095640396 -2.05393553114 2.01216062611 -2.01216062611 -2.05393553114 
175.703165078 91.0974469033 2.14815545082 125.465949724 41.9456253052 12976384 0.216704828634 0.0 0.216704828634 -1.24640067829 1.74958772002 -1.74958772002 -1.24640067829 
165.430071952 96.7927848025 1.87443089485 126.088159107 39.2052383423 19791872 0.284617193808 0.0 0.284617193808 -1.10409483692 1.51474940854 -1.51474940854 -1.10409483692 
74.1438371924 78.4584986105 2.60295081139 129.131025675 38.4743385315 10158592 0.14759378749 0.0 0.14759378749 -1.64271170005 2.01912139234 -2.01912139234 -1.64271170005 
73.6101473976 73.8600869788 3.86562466621 128.332051728 37.3002700806 22020097 0.0669207242363 0.0 0.0669207242363 -2.39752978709 3.03231017214 -3.03231017214 -2.39752978709 
168.72699858 37.4454836622 1.6023825407 127.128060916 37.2596702576 8454144 0.389464243393 0.0 0.389464243393 -0.967195756333 1.27756102621 -1.27756102621 -0.967195756333 
30.3914919205 149.502451327 1.35338354111 152.243215119 35.5145187378 8388608 0.545956723594 0.0 0.545956723594 -1.19765307221 0.630296857014 -0.630296857014 -1.19765307221 
45.8884939819 104.737035236 2.63901758194 133.689846933 34.0404968262 11141632 0.143587102811 0.0 0.143587102811 -1.8229127088 1.90824606743 -1.90824606743 -1.8229127088 
29.2401712714 142.77496298 1.28834664822 125.498909024 33.6295890808 8388608 0.60246876543 0.0 0.60246876543 -0.74812673493 1.0488772447 -1.0488772447 -0.74812673493 
33.5204130823 111.443855772 1.55890893936 145.788464007 33.1236228943 8388608 0.411489260574 0.0 0.411489260574 -1.28916685223 0.876496382378 -0.876496382378 -1.28916685223 
199.395215053 109.116914056 1.28325688839 130.772687689 30.7819843292 8388608 0.607257366207 0.0 0.607257366207 -0.838043330292 0.971818716712 -0.971818716712 -0.838043330292 
136.818743092 89.6994232952 1.49667990208 121.470410983 30.4697113037 8388608 0.44641846139 0.0 0.44641846139 -0.781353970307 1.27653307923 -1.27653307923 -0.781353970307 
167.873308519 31.0637418416 1.2727086544 125.875047862 29.8646240234 8388608 0.617365001117 0.0 0.617365001117 -0.745832128081 1.03127191163 -1.03127191163 -0.745832128081 
61.2797640609 101.645382717 1.28656637669 122.015099845 29.1807403564 8388608 0.604137237544 0.0 0.604137237544 -0.682063826865 1.09089045174 -1.09089045174 -0.682063826865 
105.762367881 98.2193943789 1.2637912035 129.588337143 29.1161804199 8388608 0.626108130764 0.0 0.626108130764 -0.80537259889 0.973931816401 -0.973931816401 -0.80537259889 
112.484003336 122.999211362 4.21159267426 132.182808115 28.335943222 11534593 0.0563776899411 0.0 0.0563776899411 -2.82807722402 3.12081592998 -3.12081592998 -2.82807722402 
58.908299018 64.8119139882 1.49521243572 149.809559305 27.5897064209 8388608 0.447295160286 0.0 0.447295160286 -1.29239989876 0.751906064354 -0.751906064354 -1.29239989876 
63.4238948998 91.3335735541 2.92323517799 122.888921172 27.4470767975 18547200 0.117023339488 0.0 0.117023339488 -1.58735204123 2.45471330363 -2.45471330363 -1.58735204123 
207.819460604 155.564859137 1.40431821346 135.745464732 26.8916740417 8388608 0.507071197946 0.0 0.507071197946 -1.00583829643 0.979999472503 -0.979999472503 -1.00583829643 
46.5067536822 128.010520591 1.65226316452 133.620396295 26.8420143127 10682368 0.366303913299 0.0 0.366303913299 -1.13985883852 1.19611679742 -1.19611679742 -1.13985883852 
203.370033044 94.1263561166 1.620621562 137.418898555 26.7392654419 9306112 0.380747249241 0.0 0.380747249241 -1.19329656963 1.09656625159 -1.09656625159 -1.19329656963 
201.4947046 153.045259254 1.3059091568 138.895545213 26.5537872314 8388608 0.586373136595 0.0 0.586373136595 -0.984018584431 0.858548863669 -0.858548863669 -0.984018584431 
201.977841399 102.322074539 1.69346880913 133.719793361 25.2483444214 12451840 0.348694900326 0.0 0.348694900326 -1.17041069765 1.22391805539 -1.22391805539 -1.17041069765 
177.31164456 152.314045568 3.70370674133 124.399818201 20.7445755005 18939905 0.0728998804208 0.0 0.0728998804208 -2.09246240261 3.05598506532 -3.05598506532 -2.09246240261 
29.2244011513 49.3665124248 1.48737180233 134.635755674 19.6034603119 8388608 0.452023394461 0.0 0.452023394461 -1.0450233516 1.05839551821 -1.05839551821 -1.0450233516 
95.8744849759 100.948411414 3.1008105278 130.99185978 19.2964668274 22807040 0.104003879693 0.0 0.104003879693 -2.03398224105 2.34050041069 -2.34050041069 -2.03398224105 
41.6733050899 46.7485311167 1.46577000618 129.205830641 19.2923488617 8388608 0.465444967426 0.0 0.465444967426 -0.926525182685 1.13579610708 -1.13579610708 -0.926525182685 
43.2127191507 47.0557987456 2.22419452667 134.663150737 18.3586521149 15466752 0.202141025489 0.0 0.202141025489 -1.56346954684 1.58196215776 -1.58196215776 -1.56346954684 
190.744182918 87.5118919746 1.5974214077 132.127795716 17.9059715271 8388608 0.391887128559 0.0 0.391887128559 -1.07152870294 1.18472840456 -1.18472840456 -1.07152870294 
56.6764988085 172.854614507 1.28279197216 147.828897134 17.5989990234 8388608 0.607697616804 0.0 0.607697616804 -1.08583442065 0.683021855263 -0.683021855263 -1.08583442065 
174.73720627 149.402130746 1.59251391888 122.021627179 16.9809532166 8388608 0.39430612775 0.0 0.39430612775 -0.844413521883 1.35020975625 -1.35020975625 -0.844413521883 
163.840992168 89.2476684802 1.33200621605 126.888012891 16.560218811 8388608 0.563621429232 0.0 0.563621429232 -0.799540602712 1.06535223481 -1.06535223481 -0.799540602712 
130.028519818 84.505811452 1.46291995049 119.862079815 16.0200252533 8388608 0.467260290628 0.0 0.467260290628 -0.728408164094 1.26868291074 -1.26868291074 -0.728408164094 
102.123070689 141.33179149 1.55835485458 125.289204617 14.4919147491 8388608 0.411781928792 0.0 0.411781928792 -0.900267586041 1.27200162198 -1.27200162198 -0.900267586041 
89.9430287488 139.203045789 2.95866823196 126.217875843 13.9494991302 19399168 0.114237177105 0.0 0.114237177105 -1.74815103167 2.3869825465 -2.3869825465 -1.74815103167 
118.023388227 26.425647419 1.2624797821 129.376941201 13.6949539185 8388608 0.627409566352 0.0 0.627409566352 -0.800941758866 0.975882933106 -0.975882933106 -0.800941758866 
81.2355786325 158.073055468 1.34972751141 126.412414192 12.5653371811 8388608 0.548918413751 0.0 0.548918413751 -0.801189164176 1.08621373507 -1.08621373507 -0.801189164176 
94.8395351386 75.7401851059 1.46289098263 137.346439607 12.5124769211 8388608 0.46727879599 0.0 0.46727879599 -1.07590368057 0.991201945714 -0.991201945714 -1.07590368057 
63.1123785183 77.3809234722 1.74747824669 129.237714326 11.0270404816 14745600 0.327473712729 0.0 0.327473712729 -1.10534860492 1.35347134593 -1.35347134593 -1.10534860492 
109.981210866 142.161656378 1.59812629223 124.558449598 10.956993103 8388608 0.391541505994 0.0 0.391541505994 -0.906531808624 1.31613362766 -1.31613362766 -0.906531808624 
116.612019423 76.6056904857 1.54525673389 124.312962917 10.7132720947 8388608 0.418792321492 0.0 0.418792321492 -0.871081209728 1.27633690682 -1.27633690682 -0.871081209728 
76.2724651215 163.325845619 1.63377285004 126.827439387 10.5190391541 9895936 0.374642161637 0.0 0.374642161637 -0.979294892838 1.30774433219 -1.30774433219 -0.979294892838 
181.180496928 72.04206389 1.3150703907 125.492764392 9.84293365479 8388608 0.578231838248 0.0 0.578231838248 -0.76353005342 1.07071564387 -1.07071564387 -0.76353005342 
190.109436814 168.582794541 1.71623623371 129.567320168 9.64848709106 13434880 0.339504759191 0.0 0.339504759191 -1.09321572121 1.32300649915 -1.32300649915 -1.09321572121 
103.295385771 70.8093028908 3.36162185669 138.050119865 8.68699455261 11927553 0.0884916478572 0.0 0.0884916478572 -2.50013857819 2.24717791846 -2.24717791846 -2.50013857819 
192.545761618 154.864228312 1.31817042828 134.51361514 8.34637641907 8388608 0.575515296346 0.0 0.575515296346 -0.924141254407 0.939966073794 -0.939966073794 -0.924141254407 
111.702315382 85.2784117262 1.46125590801 124.378884408 7.88318443298 8388608 0.468325105747 0.0 0.468325105747 -0.825116970221 1.20600614184 -1.20600614184 -0.825116970221 
152.639116372 115.946537743 1.62541913986 123.440703271 7.20509719849 9502720 0.37850294346 0.0 0.37850294346 -0.895725710428 1.35634170912 -1.35634170912 -0.895725710428 
183.004794414 154.776282574 1.3799393177 130.371572133 7.19863700867 8388608 0.525145952089 0.0 0.525145952089 -0.89384462116 1.05132027174 -1.05132027174 -0.89384462116 
196.267552866 162.432824874 2.21641254425 133.001588661 7.15657806396 15204608 0.203562980504 0.0 0.203562980504 -1.51163466536 1.62093960554 -1.62093960554 -1.51163466536 
110.108478713 64.7948126807 2.28395295143 126.150930166 6.96040534973 17367296 0.191701580413 0.0 0.191701580413 -1.34733661154 1.84421396252 -1.84421396252 -1.34733661154 
158.509845987 54.3416778804 1.47850477695 125.331650415 6.32411575317 8388608 0.457461485503 0.0 0.457461485503 -0.855031693242 1.20619118676 -1.20619118676 -0.855031693242 
236.863474934 109.192839408 1.53165066242 128.70482573 6.3194360733 8388608 0.426265862776 0.0 0.426265862776 -0.957754003294 1.19526608789 -1.19526608789 -0.957754003294 
176.911747168 105.562779526 1.22871029377 127.200502233 6.21253585815 8388608 0.662370537535 0.0 0.662370537535 -0.742885734963 0.978697997752 -0.978697997752 -0.742885734963 
121.38017695 154.473885252 2.08938217163 132.367097074 6.19732475281 10944768 0.229067898075 0.0 0.229067898075 -1.40798911325 1.54372423577 -1.54372423577 -1.40798911325 
160.019063024 48.0967791119 1.68111562729 127.292391038 6.13274765015 11927552 0.353838291542 0.0 0.353838291542 -1.01855896757 1.33741817765 -1.33741817765 -1.01855896757 
145.519724075 150.478282198 2.02982759476 123.74370957 5.92382049561 8847616 0.242706660929 0.0 0.242706660929 -1.12752648822 1.6878637631 -1.6878637631 -1.12752648822 
149.560020629 132.177070628 1.90967941284 125.108915689 5.89563369751 21168128 0.274207334748 0.0 0.274207334748 -1.09831880152 1.56223278357 -1.56223278357 -1.09831880152 
249.812176585 30.9200066476 1.30615115166 134.675654388 5.487616539 8388608 0.58615587822 0.0 0.58615587822 -0.91834522585 0.928801850307 -0.928801850307 -0.91834522585 
79.401656195 146.91505307 1.27701926231 123.871400453 5.2215461731 8388608 0.61320417593 0.0 0.61320417593 -0.7117220824 1.06029706863 -1.06029706863 -0.7117220824 
185.608182323 44.8542640527 1.46486151218 126.158868001 4.9806804657 8388608 0.466022476057 0.0 0.466022476057 -0.864306682835 1.18270588393 -1.18270588393 -0.864306682835 
175.347328942 62.4057588576 1.68117201328 125.240566538 4.83605957031 11927552 0.353814556684 0.0 0.353814556684 -0.970054284401 1.37307466059 -1.37307466059 -0.970054284401 
152.809039757 47.15176009 1.2994594574 123.971843108 4.54615783691 8388608 0.592208356784 0.0 0.592208356784 -0.726119000807 1.07765768131 -1.07765768131 -0.726119000807 
173.055229611 71.1104327791 1.31968259811 124.413424284 4.49802017212 8388608 0.574197133529 0.0 0.574197133529 -0.745832226677 1.08871320807 -1.08871320807 -0.745832226677 
28.8696840559 101.699695495 1.26674306393 143.444068898 4.38546943665 8388608 0.623193521672 0.0 0.623193521672 -1.01754407653 0.754481306808 -0.754481306808 -1.01754407653 
82.4464237343 73.2850951833 1.3558729887 125.760477504 4.06508255005 8388608 0.54395375879 0.0 0.54395375879 -0.792369552234 1.10024636068 -1.10024636068 -0.792369552234 
238.460417999 94.2772229621 1.28249621391 123.710114627 3.80401802063 8388608 0.607977933119 0.0 0.607977933119 -0.711774223839 1.06685237638 -1.06685237638 -0.711774223839 
151.275332166 60.1562472294 1.74610030651 123.457658896 3.64381790161 14680064 0.327990770349 0.0 0.327990770349 -0.96266106861 1.45676008573 -1.45676008573 -0.96266106861 
47.394512251 77.8080767267 1.61081004143 124.875252791 3.62949371338 8847360 0.3853996745 0.0 0.3853996745 -0.921047618452 1.32150681955 -1.32150681955 -0.921047618452 
35.6860282937 96.6813609124 1.51960206032 124.712984386 3.4438495636 8388608 0.433052203315 0.0 0.433052203315 -0.865361438403 1.24913570225 -1.24913570225 -0.865361438403 
157.261454749 164.646800152 1.34051942825 126.850028544 3.36101531982 8388608 0.556485400142 0.0 0.556485400142 -0.803939714997 1.07269439831 -1.07269439831 -0.803939714997 
210.503761928 141.948152832 2.01697874069 131.928785285 3.27705812454 8388864 0.245808761487 0.0 0.245808761487 -1.34775812702 1.50058364361 -1.50058364361 -1.34775812702 
95.8947655066 114.194275262 1.33833038807 125.422339717 3.17878723145 8388608 0.558307319696 0.0 0.558307319696 -0.775694884927 1.0906079374 -1.0906079374 -0.775694884927 
139.394935846 119.028160639 1.45516884327 124.940978719 3.14330673218 8388608 0.472251368512 0.0 0.472251368512 -0.833422214234 1.19286368678 -1.19286368678 -0.833422214234 
38.1505726021 76.4367218334 1.26759171486 124.915011601 3.14219284058 8388608 0.622359346571 0.0 0.622359346571 -0.725519725758 1.03942767094 -1.03942767094 -0.725519725758 
87.084174634 60.4410320335 1.30660808086 125.899025081 3.08512878418 8388608 0.58574598498 0.0 0.58574598498 -0.766140850228 1.0584199897 -1.0584199897 -0.766140850228 
92.5406200958 37.1842636294 1.745429039 126.719493233 3.07070541382 14680064 0.328243100155 0.0 0.328243100155 -1.04358834544 1.39908752244 -1.39908752244 -1.04358834544 
228.909149411 93.3495728443 1.30527067184 124.164375355 3.05346679688 8388608 0.586946936347 0.0 0.586946936347 -0.732999568818 1.08001998078 -1.08001998078 -0.732999568818 
140.80011734 111.024145786 2.10166931152 126.063015897 3.01777648926 11337984 0.226397295497 0.0 0.226397295497 -1.23719951304 1.69892650222 -1.69892650222 -1.23719951304 
60.3700851992 166.271792208 1.54825246334 128.311224593 2.66579246521 8388608 0.41717323835 0.0 0.41717323835 -0.959812426455 1.21484393906 -1.21484393906 -0.959812426455 
145.675458733 43.8016219523 1.34821128845 125.28881749 2.58198928833 8388608 0.550153755282 0.0 0.550153755282 -0.778859405089 1.10047794408 -1.10047794408 -0.778859405089 
97.5950109806 59.7325344694 2.10070443153 125.294326854 2.52084732056 11337984 0.226605317515 0.0 0.226605317515 -1.21373830862 1.71458403902 -1.71458403902 -1.21373830862 
84.6346583477 67.6347922922 1.26341557503 125.714261373 2.31000328064 8388608 0.626480484891 0.0 0.626480484891 -0.737510411518 1.0258154357 -1.0258154357 -0.737510411518 
67.5493651969 53.8174514435 1.26024115086 126.135513253 1.28485536575 8388608 0.629640545934 0.0 0.629640545934 -0.743160495263 1.01780166859 -1.01780166859 -0.743160495263 
89.9188847024 51.031005683 1.48400235176 126.380657714 1.02289009094 8388608 0.454078377136 0.0 0.454078377136 -0.880231738019 1.19476151069 -1.19476151069 -0.880231738019 
228.809148378 140.641028258 1.28805160522 128.365518813 0.797721862793 8388608 0.602744801801 0.0 0.602744801801 -0.799462760731 1.00991892344 -1.00991892344 -0.799462760731 
67.3231378349 63.5256504379 1.39002120495 139.632944053 0.649566650391 8388608 0.517555763149 0.0 0.517555763149 -1.05907222254 0.900291607008 -0.900291607008 -1.05907222254 
