13
156
185.521434652 93.2391876363 2.04408931732 131.611418415 117.012184143 9371904 0.239331720517 0.0 0.239331720517 -1.35742907814 1.52829559804 -1.52829559804 -1.35742907814 
188.078299843 42.3728056967 2.11401939392 137.468793607 112.775146484 11796736 0.223759800226 0.0 0.223759800226 -1.55784047642 1.42905949768 -1.42905949768 -1.55784047642 
194.680829057 135.042628643 1.66013598442 130.227331045 97.8930053711 11010048 0.362837924038 0.0 0.362837924038 -1.07215227159 1.26749398156 -1.26749398156 -1.07215227159 
197.502292421 91.5063795205 2.52372360229 132.437050428 96.8816375732 24576256 0.157006062183 0.0 0.157006062183 -1.70295763231 1.86255634098 -1.86255634098 -1.70295763231 
222.690761896 86.7743327288 2.05976605415 126.828104126 93.6826171875 9896192 0.2357025098 0.0 0.2357025098 -1.23465733224 1.64871388355 -1.64871388355 -1.23465733224 
231.674631722 124.526757907 1.99291491508 128.348078409 91.9865036011 24248320 0.251780728089 0.0 0.251780728089 -1.23647882914 1.56295552203 -1.56295552203 -1.23647882914 
210.204808534 105.250465621 1.94650542736 145.001237368 89.5666351318 22544384 0.263930002599 0.0 0.263930002599 -1.59450801111 1.1164352114 -1.1164352114 -1.59450801111 
125.890891683 67.0823957934 2.24915027618 134.357771011 88.7366256714 16253184 0.197680145806 0.0 0.197680145806 -1.57246318529 1.60811582163 -1.60811582163 -1.57246318529 
107.93425631 127.113792917 3.99411249161 132.204028036 88.2655792236 24379393 0.0626843916401 0.0 0.0626843916401 -2.68313560508 2.95866826805 -2.95866826805 -2.68313560508 
23.3678245337 98.1863625153 1.24990332127 127.477459897 88.1438674927 8388608 0.64009901051 0.0 0.64009901051 -0.760502772751 0.991914232759 -0.991914232759 -0.760502772751 
177.464395688 28.290741107 1.30861830711 127.755502921 85.8225784302 8388608 0.583947786748 0.0 0.583947786748 -0.801258114752 1.03463390011 -1.03463390011 -0.801258114752 
45.8755534965 87.6653167289 2.495262146 132.675857042 84.4659805298 23789824 0.160608173629 0.0 0.160608173629 -1.6914132852 1.83451745041 -1.83451745041 -1.6914132852 
85.1309333177 109.175968083 2.16229009628 132.307458448 79.652053833 13435136 0.213880938782 0.0 0.213880938782 -1.45545646796 1.59910754183 -1.59910754183 -1.45545646796 
109.409052811 103.978237648 1.6848295927 129.40645324 79.4703521729 12124160 0.352280039285 0.0 0.352280039285 -1.06955938138 1.30180393538 -1.30180393538 -1.06955938138 
74.3725347651 133.742698275 1.41748344898 126.040714856 79.2221908569 8388608 0.497695835473 0.0 0.497695835473 -0.833990559242 1.1461758483 -1.1461758483 -0.833990559242 
222.141035891 90.4659256373 3.5472548008 125.961835896 78.8596572876 15794177 0.0794721989216 0.0 0.0794721989216 -2.08311205968 2.87117759266 -2.87117759266 -2.08311205968 
178.063420265 133.19339581 4.47285461426 117.464199778 78.3054962158 15859969 0.0499839341632 0.0 0.0499839341632 -2.06285501078 3.96876021004 -3.96876021004 -2.06285501078 
148.83324226 124.99545914 3.20322108269 129.624383258 77.1118927002 8454145 0.0974599471588 0.0 0.0974599471588 -2.04286013271 2.467255111 -2.467255111 -2.04286013271 
240.410472332 97.1043717126 1.94577205181 136.798376825 76.8339233398 22478848 0.264128994344 0.0 0.264128994344 -1.41836904686 1.33201280944 -1.33201280944 -1.41836904686 
160.773305426 115.761553501 3.96796751022 125.145292399 76.7531738281 23920641 0.0635131693732 0.0 0.0635131693732 -2.28416772248 3.24458687321 -3.24458687321 -2.28416772248 
125.366271501 140.045058748 1.95793640614 130.302438436 76.3922042847 22937600 0.260857204864 0.0 0.260857204864 -1.26643680637 1.49320219192 -1.49320219192 -1.26643680637 
163.299153836 106.834446735 2.30615735054 126.687821167 76.2399215698 18088192 0.188027827294 0.0 0.188027827294 -1.37782456521 1.84931370864 -1.84931370864 -1.37782456521 
94.1173918309 75.2077370318 1.51930701733 128.002305688 74.8650665283 8388608 0.433220413455 0.0 0.433220413455 -0.935426977761 1.19719262534 -1.19719262534 -0.935426977761 
189.673885817 114.930850674 4.79930305481 131.401199014 73.3924484253 20971777 0.0434153844222 0.0 0.0434153844222 -3.17391139123 3.59994392908 -3.59994392908 -3.17391139123 
171.62848523 82.9113831473 1.56183433533 129.385835669 72.6683578491 8388608 0.409949223151 0.0 0.409949223151 -0.991045520574 1.20712686457 -1.20712686457 -0.991045520574 
134.685937221 110.243397615 1.5295842886 126.017874845 71.5384140015 8388608 0.427418358389 0.0 0.427418358389 -0.899453099585 1.23717913722 -1.23717913722 -0.899453099585 
220.473208873 46.7140191333 2.19112348557 129.998788303 69.5144500732 14418176 0.208288979541 0.0 0.208288979541 -1.40839153046 1.67852775548 -1.67852775548 -1.40839153046 
147.921486099 91.6013151981 4.45163726807 129.322131078 69.1144790649 15532289 0.0504615354168 0.0 0.0504615354168 -2.82091229776 3.44376656799 -3.44376656799 -2.82091229776 
102.761617268 94.1244917092 2.58351635933 126.144566619 68.1518478394 9568768 0.149822682333 0.0 0.149822682333 -1.52382166146 2.0862704338 -2.0862704338 -1.52382166146 
78.1201907094 151.827912115 1.78050160408 131.406869468 68.0845184326 16056320 0.315438908615 0.0 0.315438908615 -1.17762695696 1.33543278092 -1.33543278092 -1.17762695696 
161.544005066 62.9524774495 1.67868602276 128.062313189 67.8594436646 11796480 0.354863270874 0.0 0.354863270874 -1.03494036451 1.32169784932 -1.32169784932 -1.03494036451 
172.609618374 81.2582226049 3.07165336609 125.300567986 67.7590103149 22086144 0.105987730166 0.0 0.105987730166 -1.77500316835 2.50687417989 -2.50687417989 -1.77500316835 
233.438613573 26.8281449103 1.50883388519 123.598646766 67.7108230591 8388608 0.439255433503 0.0 0.439255433503 -0.834946238871 1.25675951212 -1.25675951212 -0.834946238871 
205.492389954 144.95850156 2.99376225471 130.39934564 67.5181503296 20251136 0.111574611414 0.0 0.111574611414 -1.94029085846 2.27988680034 -2.27988680034 -1.94029085846 
155.380889323 147.922394712 2.65719676018 124.821233496 67.5178222656 11600384 0.141629124823 0.0 0.141629124823 -1.51730675924 2.18139286252 -2.18139286252 -1.51730675924 
78.8619275982 151.434875408 2.68185091019 128.645031385 67.2524414062 12321280 0.139037112019 0.0 0.139037112019 -1.67479882827 2.09460573601 -2.09460573601 -1.67479882827 
148.434911667 91.0080453081 2.05218315125 135.126072835 66.16065979 9634048 0.237447589266 0.0 0.237447589266 -1.45430211497 1.44791610414 -1.44791610414 -1.45430211497 
62.1153040866 103.812800959 1.80473268032 133.187386455 66.0344238281 17039360 0.307025349684 0.0 0.307025349684 -1.23513487823 1.31586544905 -1.31586544905 -1.23513487823 
85.786426517 55.5938130535 1.54758644104 123.968303353 65.4477233887 8388608 0.417532386582 0.0 0.417532386582 -0.864689449392 1.28348585836 -1.28348585836 -0.864689449392 
96.352661701 45.2766691033 1.85403895378 129.534679754 65.0128707886 19005440 0.290912438654 0.0 0.290912438654 -1.180179503 1.42990796307 -1.42990796307 -1.180179503 
162.724885893 71.5828996682 1.58761572838 130.865607987 63.7937927246 8388608 0.396742946557 0.0 0.396742946557 -1.03875631911 1.20062858975 -1.20062858975 -1.03875631911 
146.307355584 70.5973727614 1.46896624565 129.598539614 63.2617874146 8388608 0.463421700916 0.0 0.463421700916 -0.93632547539 1.13188181141 -1.13188181141 -0.93632547539 
222.548247705 161.677795954 1.70447337627 128.100448651 63.041343689 12910592 0.344206887372 0.0 0.344206887372 -1.0517317244 1.34130155831 -1.34130155831 -1.0517317244 
123.421777527 152.405135165 1.94745981693 133.583383234 62.3267288208 22544384 0.263671378192 0.0 0.263671378192 -1.34259728382 1.41068503644 -1.41068503644 -1.34259728382 
97.4659757411 83.0971786722 1.86846029758 130.268905025 62.3196907043 19595264 0.286439067918 0.0 0.286439067918 -1.20772747624 1.42567114959 -1.42567114959 -1.20772747624 
132.756059704 141.873536271 1.40904223919 129.75910691 62.0782279968 8388608 0.503676832867 0.0 0.503676832867 -0.901168742382 1.08318739356 -1.08318739356 -0.901168742382 
196.97124259 144.467442908 2.07179737091 130.768615508 61.5617256165 10354944 0.232972920941 0.0 0.232972920941 -1.35289580801 1.56908166734 -1.56908166734 -1.35289580801 
30.9999088181 150.700543446 1.36256873608 128.057261245 60.862953186 8388608 0.538620849096 0.0 0.538620849096 -0.839953730811 1.07287990504 -1.07287990504 -0.839953730811 
135.224580699 62.5764120158 1.487631917 133.696663108 60.6823310852 8388608 0.451865334345 0.0 0.451865334345 -1.02771608649 1.07556885695 -1.07556885695 -1.02771608649 
104.083183168 51.820268132 1.65293753147 135.37854439 60.3404541016 10682368 0.366005084265 0.0 0.366005084265 -1.17649987555 1.16105578065 -1.16105578065 -1.17649987555 
150.660489895 59.3321182416 1.57114565372 127.00969226 60.01197052 8388608 0.405104533411 0.0 0.405104533411 -0.945751304104 1.25461274344 -1.25461274344 -0.945751304104 
128.836727142 118.312985278 3.90837574005 125.326840013 59.886013031 22806529 0.0654647301817 0.0 0.0654647301817 -2.25997871051 3.18871402817 -3.18871402817 -2.25997871051 
208.619223378 136.57523032 2.95501542091 130.781548064 59.7405700684 19333632 0.11451977782 0.0 0.11451977782 -1.93014746368 2.23755377728 -2.23755377728 -1.93014746368 
118.741950529 98.7361462299 1.42021095753 125.528359749 59.4672927856 8388608 0.495786026047 0.0 0.495786026047 -0.825292892992 1.15580742542 -1.15580742542 -0.825292892992 
183.714014654 58.3313076648 1.96035528183 127.653392849 57.5857963562 23068672 0.260213860389 0.0 0.260213860389 -1.19754814406 1.55205388877 -1.55205388877 -1.19754814406 
207.947330938 80.4059679721 3.47551846504 122.071272275 56.7874259949 14352385 0.0827867435119 0.0 0.0827867435119 -1.84540914698 2.94511352601 -2.94511352601 -1.84540914698 
207.90155512 158.277314087 1.31643152237 135.757222562 56.5940475464 8388608 0.577036724388 0.0 0.577036724388 -0.943078245934 0.918474482571 -0.918474482571 -0.943078245934 
209.592903993 48.7343395769 1.44881105423 133.152877284 56.227394104 8388608 0.476405205433 0.0 0.476405205433 -0.990910461982 1.05695313387 -1.05695313387 -0.990910461982 
205.851794667 150.35696113 1.6987657547 131.491687798 55.768989563 12713984 0.34652374954 0.0 0.34652374954 -1.1254516551 1.27246361888 -1.27246361888 -1.1254516551 
55.6953749352 122.619919333 1.9403539896 122.346452923 55.1081428528 22282240 0.265606111735 0.0 0.265606111735 -1.03816209955 1.63926601259 -1.63926601259 -1.03816209955 
90.6085412553 38.7134613763 1.88148033619 136.722673933 55.0125694275 20054016 0.282488408888 0.0 0.282488408888 -1.36980066338 1.28981176847 -1.28981176847 -1.36980066338 
134.734207098 25.803115511 1.42806613445 125.878387573 54.7763519287 8388608 0.490346815761 0.0 0.490346815761 -0.836942093678 1.15710881779 -1.15710881779 -0.836942093678 
49.7750037475 28.4054622715 1.54604172707 128.253697299 52.9227752686 8388608 0.418367151011 0.0 0.418367151011 -0.957223424654 1.21407097697 -1.21407097697 -0.957223424654 
64.4299806766 145.82166356 2.26830840111 125.957514176 52.4791908264 16908544 0.194355035633 0.0 0.194355035633 -1.33191710058 1.83608818953 -1.83608818953 -1.33191710058 
136.168840885 92.9732407458 2.01609039307 128.634041035 52.2010688782 8388864 0.246025430084 0.0 0.246025430084 -1.25873355706 1.5748683454 -1.5748683454 -1.25873355706 
142.90981696 62.3856857924 1.74261462688 128.693145447 51.0832595825 14548992 0.329304215269 0.0 0.329304215269 -1.08939428881 1.36011978198 -1.36011978198 -1.08939428881 
122.604931564 98.1838925779 3.26894903183 123.214276257 50.9070968628 9895937 0.0935801423383 0.0 0.0935801423383 -1.79063777203 2.73489380819 -2.73489380819 -1.79063777203 
247.50759106 45.0007839 1.52229499817 140.287405221 50.7947273254 8388608 0.431521420932 0.0 0.431521420932 -1.17103931416 0.972650495372 -0.972650495372 -1.17103931416 
116.944109438 45.0492354517 1.47922885418 128.208019816 49.9388427734 8388608 0.457013743597 0.0 0.457013743597 -0.914930245497 1.16233413824 -1.16233413824 -0.914930245497 
132.936013378 138.824850862 4.5571436882 126.308151004 49.1768379211 17236225 0.0481520249686 0.0 0.0481520249686 -2.69841158334 3.67234714071 -3.67234714071 -2.69841158334 
50.1491718154 126.57793328 2.25994110107 126.023165479 49.1078720093 16646400 0.19579687622 0.0 0.19579687622 -1.32909916116 1.82779353323 -1.82779353323 -1.32909916116 
143.990490442 152.850144961 1.5148679018 133.842488204 49.0014076233 8388608 0.435763121206 0.0 0.435763121206 -1.04931598865 1.09259357305 -1.09259357305 -1.04931598865 
126.727100845 131.177256075 2.29067635536 126.55342365 48.5193748474 17629440 0.190577898633 0.0 0.190577898633 -1.36426283383 1.84010463976 -1.84010463976 -1.36426283383 
145.474378018 112.655904628 1.85301375389 130.066135977 45.995677948 19005440 0.291234428605 0.0 0.291234428605 -1.19273199265 1.41811507496 -1.41811507496 -1.19273199265 
144.301313045 141.474056711 2.10533905029 130.411319726 45.9213066101 11469056 0.225608733818 0.0 0.225608733818 -1.36482886796 1.603026724 -1.603026724 -1.36482886796 
254.69266809 32.7866331689 1.25530838966 131.312610793 44.8254470825 8388608 0.634598640312 0.0 0.634598640312 -0.828713180088 0.942885792823 -0.942885792823 -0.828713180088 
76.3415745822 109.642750146 1.59211647511 132.975349857 44.7194061279 8388608 0.394503015449 0.0 0.394503015449 -1.08531976913 1.16486731822 -1.16486731822 -1.08531976913 
175.051869301 61.6654440533 1.31223464012 121.133904638 42.7907791138 8388608 0.580733666727 0.0 0.580733666727 -0.678477709569 1.12322203876 -1.12322203876 -0.678477709569 
154.623620758 117.088590103 1.72966897488 125.271754087 42.556728363 14024704 0.33425199568 0.0 0.33425199568 -0.998806363294 1.41214043611 -1.41214043611 -0.998806363294 
221.349667107 64.9872599371 1.48154008389 130.354142013 42.4940795898 8388608 0.455588956166 0.0 0.455588956166 -0.959312284833 1.12901769708 -1.12901769708 -0.959312284833 
115.108009407 85.1711616477 2.71535301208 121.673921176 41.0213394165 13173248 0.135627389609 0.0 0.135627389609 -1.42578934509 2.31090171225 -2.31090171225 -1.42578934509 
83.7903109104 135.58989259 2.04421854019 127.348285855 40.1055183411 9371904 0.239301463327 0.0 0.239301463327 -1.24014269228 1.62507708828 -1.62507708828 -1.24014269228 
125.498372708 122.255791819 1.51897883415 129.649328818 39.527545929 8388608 0.433407632666 0.0 0.433407632666 -0.969240840299 1.16955927259 -1.16955927259 -0.969240840299 
143.059714552 145.574330742 1.36418414116 140.054158291 39.4500999451 8388608 0.537345983526 0.0 0.537345983526 -1.04585407686 0.875892471089 -0.875892471089 -1.04585407686 
75.7407091479 61.3202944918 1.42080199718 135.82465979 39.2455558777 8388608 0.49537362762 0.0 0.49537362762 -1.01901424903 0.990095084063 -0.990095084063 -1.01901424903 
208.790170604 116.081306238 2.3119726181 139.534285719 39.0212402344 18284800 0.187083130138 0.0 0.187083130138 -1.75893595558 1.50045382835 -1.50045382835 -1.75893595558 
90.4003941601 163.524275531 1.6128641367 127.224338518 38.5353851318 8912896 0.384418632736 0.0 0.384418632736 -0.975681863336 1.28428019723 -1.28428019723 -0.975681863336 
37.2420104687 80.0722166445 1.50699603558 142.158760021 38.3732452393 8388608 0.440327470419 0.0 0.440327470419 -1.1900953451 0.924505338439 -0.924505338439 -1.1900953451 
187.669611053 81.4699042687 2.46187400818 127.004344958 37.755947113 22806784 0.164994076827 0.0 0.164994076827 -1.48174185888 1.9660276437 -1.9660276437 -1.48174185888 
180.261223284 35.5931811939 1.74162817001 132.203819984 37.3183288574 14483456 0.329677356227 0.0 0.329677356227 -1.16997351786 1.29012815258 -1.29012815258 -1.16997351786 
117.201551404 37.4115289604 1.38647353649 123.32499948 36.8367805481 8388608 0.520207765237 0.0 0.520207765237 -0.7617111578 1.15849254614 -1.15849254614 -0.7617111578 
132.125873006 86.1954603059 1.41315495968 121.152829997 36.5673294067 8388608 0.500749386463 0.0 0.500749386463 -0.731057049628 1.20936451505 -1.20936451505 -0.731057049628 
158.829502195 96.7434333904 1.43052303791 133.112529449 36.4732589722 8388608 0.488663934468 0.0 0.488663934468 -0.977667265527 1.04430018668 -1.04430018668 -0.977667265527 
53.0682581473 139.866389527 2.11179614067 119.036501756 35.8358612061 11731200 0.224231187174 0.0 0.224231187174 -1.024995568 1.84636589693 -1.84636589693 -1.024995568 
52.9860989347 41.1436578054 2.28307175636 129.296838615 34.8962593079 17367296 0.19184959073 0.0 0.19184959073 -1.44595649685 1.76681251238 -1.76681251238 -1.44595649685 
147.513264047 45.4822854691 1.94098889828 125.186281436 34.4227256775 22347776 0.265432377569 0.0 0.265432377569 -1.11846893517 1.58633702103 -1.58633702103 -1.11846893517 
36.4354933171 94.9534526239 1.99978089333 131.896529218 33.9941711426 24510464 0.250054785671 0.0 0.250054785671 -1.33542861612 1.48854090725 -1.48854090725 -1.33542861612 
84.2204116304 89.347727071 3.12767410278 133.558854525 33.9398040771 23396864 0.102224974689 0.0 0.102224974689 -2.1552780998 2.26652191822 -2.26652191822 -2.1552780998 
132.455232075 78.0627243037 1.5218064785 126.855864213 33.7295379639 8388608 0.431798513375 0.0 0.431798513375 -0.912785671333 1.21766878757 -1.21766878757 -0.912785671333 
211.078452623 41.2317429962 1.24231874943 126.052222274 33.5622215271 8388608 0.647938700388 0.0 0.647938700388 -0.731132395942 1.00439100692 -1.00439100692 -0.731132395942 
174.81961122 113.024757845 1.57074725628 133.177876903 33.5070495605 8388608 0.405310057347 0.0 0.405310057347 -1.07480829005 1.14544056273 -1.14544056273 -1.07480829005 
148.937906385 160.371309013 1.32942652702 130.771650349 33.0571212769 8388608 0.565810912689 0.0 0.565810912689 -0.868176631689 1.00679900027 -1.00679900027 -0.868176631689 
132.771218941 152.127439372 1.74079918861 132.153190828 32.5627708435 14483456 0.329991420561 0.0 0.329991420561 -1.16827670335 1.29054692262 -1.29054692262 -1.16827670335 
220.341557127 38.6171372522 1.33667743206 126.556987671 32.3981323242 8388608 0.559688996422 0.0 0.559688996422 -0.796154520879 1.07370598222 -1.07370598222 -0.796154520879 
91.389555515 119.932316886 2.9221560955 126.952226101 32.2348480225 18481664 0.117109783297 0.0 0.117109783297 -1.7566509291 2.33520315171 -2.33520315171 -1.7566509291 
185.305003646 49.7383364495 1.32385551929 135.855767854 31.9587402344 8388608 0.570582988318 0.0 0.570582988318 -0.949983948439 0.922021655752 -0.922021655752 -0.949983948439 
76.2138953125 81.4501551771 1.29900383949 140.59061498 31.761133194 8388608 0.592623856787 0.0 0.592623856787 -1.00364880988 0.824681781924 -0.824681781924 -1.00364880988 
104.463209107 79.8874983188 1.768907547 126.006440716 30.4708061218 15597568 0.319587460162 0.0 0.319587460162 -1.03989863194 1.43095937926 -1.43095937926 -1.03989863194 
51.7687758264 153.292321194 1.48894643784 126.848631497 30.2791061401 8388608 0.451067825206 0.0 0.451067825206 -0.892925686136 1.19148865449 -1.19148865449 -0.892925686136 
236.299813426 83.7776038014 1.71817338467 132.311193536 30.1106777191 13500416 0.3387396429 0.0 0.3387396429 -1.15660043767 1.27058852795 -1.27058852795 -1.15660043767 
27.4261002396 126.651805303 1.32823610306 121.045973366 29.6024017334 8388608 0.566825576729 0.0 0.566825576729 -0.685005478877 1.13797128232 -1.13797128232 -0.685005478877 
152.770990301 103.694269972 1.89937579632 127.562939141 28.3387260437 20774912 0.277190410095 0.0 0.277190410095 -1.15792132228 1.50560507008 -1.50560507008 -1.15792132228 
122.832179786 42.8676209204 1.28757667542 128.093680083 27.6770763397 8388608 0.603189535344 0.0 0.603189535344 -0.794369232202 1.01332680711 -1.01332680711 -0.794369232202 
147.57721119 165.324110079 1.30715155602 134.723645799 27.4235572815 8388608 0.585259014348 0.0 0.585259014348 -0.919826848129 0.928743107567 -0.928743107567 -0.919826848129 
65.1797646695 93.9419052194 1.460765481 132.714552278 27.3619003296 8388608 0.468639622818 0.0 0.468639622818 -0.990904867093 1.07328623155 -1.07328623155 -0.990904867093 
121.949113386 59.4819264602 1.37119495869 133.3049471 27.0655002594 8388608 0.531865210976 0.0 0.531865210976 -0.940476828044 0.997837136331 -0.997837136331 -0.940476828044 
242.327870111 146.276893995 1.28595411777 131.962358079 26.8416175842 8388608 0.604712649149 0.0 0.604712649149 -0.859843234234 0.956215250644 -0.956215250644 -0.859843234234 
239.077441776 51.2335579801 2.09241175652 137.066552412 26.757774353 11075840 0.228405047434 0.0 0.228405047434 -1.53194961985 1.42524289896 -1.42524289896 -1.53194961985 
165.374784197 47.4840283798 1.368303895 132.884296263 26.4319877625 8388608 0.534115121464 0.0 0.534115121464 -0.931158257803 1.00259655295 -1.00259655295 -0.931158257803 
226.381901295 115.010295657 1.74123084545 130.437585305 24.7833385468 14483456 0.32982782893 0.0 0.32982782893 -1.12939596877 1.32527340684 -1.32527340684 -1.12939596877 
221.991706238 59.5972635621 2.99374985695 128.209639539 24.7302188873 20251136 0.111575535525 0.0 0.111575535525 -1.85175583426 2.35234745229 -2.35234745229 -1.85175583426 
245.343744567 38.7084553367 1.31367528439 136.792887763 23.774230957 8388608 0.579460639991 0.0 0.579460639991 -0.957516433087 0.899391479375 -0.899391479375 -0.957516433087 
88.8991236299 69.3103824154 1.30104243755 131.720343081 23.0160999298 8388608 0.590768151993 0.0 0.590768151993 -0.865837769619 0.971100602932 -0.971100602932 -0.865837769619 
189.421130617 158.828191311 2.05089306831 130.058242745 22.8945922852 9634048 0.237746408772 0.0 0.237746408772 -1.31988501316 1.56973435004 -1.56973435004 -1.31988501316 
166.207547102 31.5638762487 1.65168881416 134.80196123 22.3890037537 10682368 0.366558711129 0.0 0.366558711129 -1.16387655911 1.17195020969 -1.17195020969 -1.16387655911 
219.474158989 153.509097669 1.33451366425 128.819266505 21.6973896027 8388608 0.561505416667 0.0 0.561505416667 -0.836561028051 1.03975591674 -1.03975591674 -0.836561028051 
97.4226748874 52.4798822506 1.42510986328 132.726633124 21.635635376 8388608 0.492383292706 0.0 0.492383292706 -0.96693876823 1.04688468368 -1.04688468368 -0.96693876823 
112.064520035 94.7154243498 1.27312231064 118.870103263 20.2616004944 8388608 0.616963884285 0.0 0.616963884285 -0.614695920217 1.11489431944 -1.11489431944 -0.614695920217 
88.2932832393 66.8030503659 1.81924808025 133.608795433 20.2586536407 17629184 0.302145513156 0.0 0.302145513156 -1.25479125678 1.31725566213 -1.31725566213 -1.25479125678 
100.427253196 107.507375433 2.00436472893 132.228070652 20.020154953 24641536 0.248912379438 0.0 0.248912379438 -1.34710035729 1.48418280342 -1.48418280342 -1.34710035729 
33.3059438278 123.53946854 1.39142596722 119.078724215 19.3442687988 8388608 0.516511257988 0.0 0.516511257988 -0.676248168346 1.21604055732 -1.21604055732 -0.676248168346 
55.1157124177 114.468856923 1.34216761589 120.728241828 18.7920417786 8388608 0.555119506363 0.0 0.555119506363 -0.68580294162 1.15372797245 -1.15372797245 -0.68580294162 
161.759788441 83.7467954156 2.50515985489 125.455864576 17.5424213409 24051968 0.159341577693 0.0 0.159341577693 -1.45318226477 2.04060951774 -2.04060951774 -1.45318226477 
161.822649245 91.8251886106 1.33166837692 132.628180816 17.2114028931 8388608 0.56390744267 0.0 0.56390744267 -0.901856342613 0.979793755534 -0.979793755534 -0.901856342613 
137.872027094 55.1472257869 1.40008914471 126.624319533 16.3761634827 8388608 0.510139113562 0.0 0.510139113562 -0.835244995296 1.12366160874 -1.12366160874 -0.835244995296 
138.284845229 97.5023713892 1.25751817226 126.41070135 16.2625808716 8388608 0.632370294127 0.0 0.632370294127 -0.74642406722 1.01202918211 -1.01202918211 -0.74642406722 
176.241512729 106.186346505 1.70429766178 129.569565144 16.1211833954 12910592 0.344277867058 0.0 0.344277867058 -1.08566251393 1.31376079474 -1.31376079474 -1.08566251393 
138.447171064 123.611006964 1.48806810379 131.211381418 15.8603658676 8388608 0.451600469044 0.0 0.451600469044 -0.980397166373 1.11944989959 -1.11944989959 -0.980397166373 
105.706273534 32.5465016607 1.48767614365 124.087616278 15.7817783356 8388608 0.451838468026 0.0 0.451838468026 -0.833782982218 1.23206584521 -1.23206584521 -0.833782982218 
123.19921738 105.575685173 1.82561922073 126.181623059 15.6214752197 17891328 0.300040306895 0.0 0.300040306895 -1.07774849111 1.47354800703 -1.47354800703 -1.07774849111 
121.675676252 72.9838552546 1.30931198597 133.906100497 15.4837226868 8388608 0.583329194796 0.0 0.583329194796 -0.907979769838 0.94332953636 -0.94332953636 -0.907979769838 
78.2406068181 93.1972227954 1.31476783752 137.123221248 15.2738189697 8388608 0.578497993236 0.0 0.578497993236 -0.963486491805 0.894599489547 -0.894599489547 -0.963486491805 
26.0001195513 118.260027812 1.46158695221 120.701662393 13.8090333939 8388608 0.468112981862 0.0 0.468112981862 -0.74623933066 1.25672720996 -1.25672720996 -0.74623933066 
249.075150863 78.6184704085 1.66966974735 135.313792171 13.6571264267 11468800 0.358706167129 0.0 0.358706167129 -1.18708305259 1.17415113656 -1.17415113656 -1.18708305259 
53.01339661 69.9549937519 2.37338256836 137.44739716 12.7183837891 20185344 0.177527036515 0.0 0.177527036515 -1.74836834081 1.60503986263 -1.60503986263 -1.74836834081 
93.2031067163 23.4543539906 1.25173056126 119.983801168 12.6447467804 8388608 0.638231578554 0.0 0.638231578554 -0.625558775326 1.08420736789 -1.08420736789 -0.625558775326 
114.552872131 75.2774512794 1.56262052059 126.668705619 12.5317268372 8388608 0.40953681981 0.0 0.40953681981 -0.933176873389 1.2533809534 -1.2533809534 -0.933176873389 
82.9387169589 72.9529595694 1.24015140533 141.80407394 11.894618988 8388608 0.650205412699 0.0 0.650205412699 -0.974636058825 0.766850742317 -0.766850742317 -0.974636058825 
38.4390542572 121.401454584 1.63814818859 120.116926145 11.6610689163 10092544 0.372643566822 0.0 0.372643566822 -0.82196754836 1.41700347114 -1.41700347114 -0.82196754836 
71.8487976828 67.2342503789 1.45000207424 137.350479463 10.5097808838 8388608 0.475622896068 0.0 0.475622896068 -1.06649362227 0.98239369347 -0.98239369347 -1.06649362227 
79.8446069598 32.4900910545 1.48273193836 145.792130637 10.0132656097 8388608 0.454856824502 0.0 0.454856824502 -1.2262243045 0.833587401595 -0.833587401595 -1.2262243045 
179.137470613 67.398701019 1.25407171249 122.939860468 9.61270904541 8388608 0.635850850368 0.0 0.635850850368 -0.681912076761 1.05246937231 -1.05246937231 -0.681912076761 
44.2306903066 80.5179449433 1.19590890408 130.368786774 9.38109970093 8388608 0.699203834219 0.0 0.699203834219 -0.774596103732 0.911152557441 -0.911152557441 -0.774596103732 
78.8249203363 70.4941505761 1.44767737389 144.332216625 9.02283477783 8388608 0.477151646181 0.0 0.477151646181 -1.1761097695 0.844118231617 -0.844118231617 -1.1761097695 
118.363913894 118.774468805 1.33912837505 132.345165488 7.80459213257 8388608 0.557642126964 0.0 0.557642126964 -0.902030640501 0.989750235399 -0.989750235399 -0.902030640501 
154.163300662 129.546184705 1.2389882803 133.429531845 5.70671272278 8388608 0.6514267724 0.0 0.6514267724 -0.851757257571 0.899778602149 -0.899778602149 -0.851757257571 
