13
116
288.091147951 142.144852602 1.60876822472 126.834005957 133.117294312 8781824 0.386378578549 0.0 0.386378578549 -0.964454523328 1.28761899384 -1.28761899384 -0.964454523328 
152.864138576 119.818608362 2.22494459152 131.543995777 105.557601929 15466752 0.202004758436 0.0 0.202004758436 -1.47557202671 1.66525242211 -1.66525242211 -1.47557202671 
138.941059465 121.771251489 3.55920362473 130.430947435 104.622032166 16056321 0.0789394924892 0.0 0.0789394924892 -2.30825438321 2.70922353169 -2.70922353169 -2.30825438321 
125.321918391 122.2045775 2.49824786186 133.395547058 104.230934143 23855360 0.160224509677 0.0 0.160224509677 -1.71637382781 1.81529701771 -1.81529701771 -1.71637382781 
271.339582826 40.2425779705 1.63573729992 152.377758554 101.348991394 9961472 0.373742843857 0.0 0.373742843857 -1.44930196108 0.758393262076 -0.758393262076 -1.44930196108 
139.331568688 123.460758295 1.87143969536 133.624081277 101.227180481 19660800 0.285527751791 0.0 0.285527751791 -1.29115088058 1.35470141985 -1.35470141985 -1.29115088058 
156.034697025 120.226385015 3.90558481216 128.983043174 89.2694625854 22740993 0.0655583257025 0.0 0.0655583257025 -2.45696577599 3.03593674187 -3.03593674187 -2.45696577599 
96.0893707859 116.396841331 4.00327157974 134.827003383 86.8680343628 24576001 0.0623978884249 0.0 0.0623978884249 -2.82218056451 2.83927459089 -2.83927459089 -2.82218056451 
286.981072147 63.1418117486 1.27725744247 127.505520769 86.2037582397 8388608 0.61297549932 0.0 0.61297549932 -0.77764270099 1.01324153288 -1.01324153288 -0.77764270099 
78.3916471637 76.4853715315 2.56603217125 131.444307567 86.2026672363 9110016 0.151871333423 0.0 0.151871333423 -1.6984354939 1.92349628982 -1.92349628982 -1.6984354939 
131.240596574 119.927819918 1.31500661373 133.358097127 83.9458312988 8388608 0.578287927348 0.0 0.578287927348 -0.902825617221 0.956111028619 -0.956111028619 -0.902825617221 
266.16773442 117.963920839 1.61637425423 136.993532873 82.3781433105 9109504 0.38275083897 0.0 0.38275083897 -1.18201685968 1.10249801504 -1.10249801504 -1.18201685968 
275.332408777 118.335828249 1.56676006317 131.115567925 80.2592163086 8388608 0.407375601165 0.0 0.407375601165 -1.03027004067 1.18037313543 -1.18037313543 -1.03027004067 
93.759830806 118.368487018 1.5734859705 130.098405174 79.2870864868 8388608 0.403900369032 0.0 0.403900369032 -1.01348599234 1.20362130369 -1.20362130369 -1.01348599234 
109.581545294 121.774911272 1.36098909378 131.743068518 76.9639968872 8388608 0.539871883419 0.0 0.539871883419 -0.906134841214 1.01548557987 -1.01548557987 -0.906134841214 
204.990963338 138.25897635 2.30077242851 130.338568744 74.5005874634 17891584 0.188909009687 0.0 0.188909009687 -1.48929695123 1.7537241399 -1.7537241399 -1.48929695123 
115.035093997 118.605151024 1.23125517368 129.432919276 71.5667800903 8388608 0.659635261413 0.0 0.659635261413 -0.782061744402 0.950983033847 -0.950983033847 -0.782061744402 
172.561660333 130.832515279 1.48798453808 130.322825258 70.5797348022 8388608 0.451651194537 0.0 0.451651194537 -0.962865207296 1.13445519001 -1.13445519001 -0.962865207296 
172.945366968 134.897140259 2.29417490959 129.017742862 70.1227111816 17694976 0.189997089624 0.0 0.189997089624 -1.4443230978 1.78246158583 -1.78246158583 -1.4443230978 
239.281828254 39.9930438209 1.78573155403 134.874151388 69.0244445801 16318464 0.313593934902 0.0 0.313593934902 -1.25992635516 1.26547333541 -1.26547333541 -1.25992635516 
103.123953858 140.385201113 1.31231844425 128.917349275 66.0487823486 8388608 0.580659498256 0.0 0.580659498256 -0.824396717595 1.02105325578 -1.02105325578 -0.824396717595 
284.330696592 27.3225741075 1.26694428921 128.592814742 64.7970581055 8388608 0.622995577162 0.0 0.622995577162 -0.790296515719 0.990242015468 -0.990242015468 -0.790296515719 
235.486764788 27.5340398524 1.58863115311 127.450688135 63.018913269 8388608 0.396235926603 0.0 0.396235926603 -0.966012290696 1.26117770153 -1.26117770153 -0.966012290696 
159.054786798 136.344229094 1.394318223 137.206891048 60.1580886841 8388608 0.514370665896 0.0 0.514370665896 -1.02316685351 0.94723434105 -0.94723434105 -1.02316685351 
32.4530682617 35.8609152338 1.52270948887 128.487601947 56.4393730164 8388608 0.431286527444 0.0 0.431286527444 -0.94765105704 1.19188995364 -1.19188995364 -0.94765105704 
242.655844099 60.4167063273 1.8218972683 134.540040011 54.690574646 17760256 0.301267463289 0.0 0.301267463289 -1.27789247005 1.29857633245 -1.29857633245 -1.27789247005 
281.481460097 144.030308212 1.64572501183 131.339266807 54.3801765442 10420224 0.369220206413 0.0 0.369220206413 -1.08702832824 1.2356294866 -1.2356294866 -1.08702832824 
121.629500641 108.431819415 3.05747842789 130.190116826 52.0801086426 21758464 0.106972758953 0.0 0.106972758953 -1.97307010364 2.33563025821 -2.33563025821 -1.97307010364 
49.4213725718 106.180201669 2.42431282997 134.471836669 48.7702636719 21692672 0.170146366951 0.0 0.170146366951 -1.69837316935 1.72997724702 -1.72997724702 -1.69837316935 
171.109337444 27.8591048977 1.28533470631 134.813113346 47.5158576965 8388608 0.605295619796 0.0 0.605295619796 -0.905899520225 0.911828583941 -0.911828583941 -0.905899520225 
78.5894227984 88.3446496053 1.1879607439 133.914533438 45.907787323 8388608 0.708591307987 0.0 0.708591307987 -0.823951251624 0.855777461729 -0.855777461729 -0.823951251624 
101.914102005 117.79531055 1.48749983311 141.768364184 45.8559112549 8388608 0.45194558549 0.0 0.45194558549 -1.16845390701 0.920527685996 -0.920527685996 -1.16845390701 
265.782346043 109.40222435 2.25961565971 136.132571497 45.1532974243 16580864 0.195853279609 0.0 0.195853279609 -1.629059019 1.56589579546 -1.56589579546 -1.629059019 
262.808276338 135.528431711 2.30864453316 142.481803652 42.6529388428 18153728 0.187622907763 0.0 0.187622907763 -1.83112441959 1.40599535578 -1.40599535578 -1.83112441959 
86.8321024302 129.784632197 1.54901051521 127.374111275 40.1688537598 8388608 0.416765027339 0.0 0.416765027339 -0.940275447407 1.23098158363 -1.23098158363 -0.940275447407 
282.379252362 39.1680980596 1.58994555473 152.326696506 39.4143180847 8388608 0.395581064092 0.0 0.395581064092 -1.40807187198 0.738417544713 -0.738417544713 -1.40807187198 
198.099795756 140.213741048 1.65761566162 131.719758425 39.3917503357 10944512 0.363942117146 0.0 0.363942117146 -1.10312298821 1.23725880661 -1.23725880661 -1.10312298821 
249.244642995 66.6098267089 1.24138724804 127.021581278 38.0959396362 8388608 0.648911454451 0.0 0.648911454451 -0.747458873466 0.9911344672 -0.9911344672 -0.747458873466 
79.9821748065 113.41773894 2.84014964104 138.659163691 37.0191345215 16450048 0.123970272183 0.0 0.123970272183 -2.13236600606 1.87602377374 -1.87602377374 -2.13236600606 
113.663073503 140.806704067 1.49513149261 131.054862107 35.8518562317 8388608 0.447343592735 0.0 0.447343592735 -0.981974526444 1.12745031359 -1.12745031359 -0.981974526444 
116.040447103 134.966265928 1.25278604031 130.219739305 35.7249565125 8388608 0.637156604432 0.0 0.637156604432 -0.808949990722 0.956594362985 -0.956594362985 -0.808949990722 
148.738696487 141.521663741 1.33687961102 139.225095289 33.6372871399 8388608 0.559519723469 0.0 0.559519723469 -1.01239376702 0.873101342827 -0.873101342827 -1.01239376702 
138.932356869 108.072360156 3.37074327469 126.785109306 32.5901527405 12124161 0.0880133692572 0.0 0.0880133692572 -2.01845323478 2.69958455375 -2.69958455375 -2.01845323478 
64.1081989692 45.9874034109 1.27301537991 134.257683305 32.1725540161 8388608 0.61706753609 0.0 0.61706753609 -0.888420259277 0.911744262599 -0.911744262599 -0.888420259277 
37.6366892828 117.172626591 1.25767016411 134.60852033 31.5437450409 8388608 0.632217457044 0.0 0.632217457044 -0.883210102564 0.895362583771 -0.895362583771 -0.883210102564 
117.844093827 146.202831047 1.30056893826 131.099798171 31.1095123291 8388608 0.591198393278 0.0 0.591198393278 -0.854958373106 0.980064152702 -0.980064152702 -0.854958373106 
235.421776744 66.3499939385 1.56008529663 134.498401601 31.1033325195 8388608 0.410868940793 0.0 0.410868940793 -1.09344719485 1.11276204322 -1.11276204322 -1.09344719485 
100.413743953 101.756759465 3.08079767227 129.333301292 30.1946964264 22348288 0.105359486438 0.0 0.105359486438 -1.95270363637 2.38291057447 -2.38291057447 -1.95270363637 
280.095083818 59.379111899 1.6033809185 126.210777867 29.0547809601 8519680 0.388979378702 0.0 0.388979378702 -0.947209229014 1.29368661054 -1.29368661054 -0.947209229014 
41.7033753431 33.270374742 1.52962553501 122.694020964 28.8547840118 8388608 0.427395307993 0.0 0.427395307993 -0.826231060841 1.28728260746 -1.28728260746 -0.826231060841 
82.7217997908 104.233874375 1.42029058933 129.135307521 26.3791351318 8388608 0.495730432875 0.0 0.495730432875 -0.896421962575 1.10165921371 -1.10165921371 -0.896421962575 
248.621003352 80.2761150518 3.37449645996 131.692645991 26.3336639404 12189697 0.0878176975267 0.0 0.0878176975267 -2.24449407272 2.51981600832 -2.51981600832 -2.24449407272 
192.893105119 105.86975623 2.39717197418 128.841294911 26.2663917542 20906240 0.174020982677 0.0 0.174020982677 -1.50342318223 1.86712404755 -1.86712404755 -1.50342318223 
130.331158702 136.051705929 1.41430401802 126.178614915 25.4588451385 8388608 0.499936044334 0.0 0.499936044334 -0.834869936404 1.14159889833 -1.14159889833 -0.834869936404 
230.6554954 86.5510353129 3.92397642136 130.809621937 24.9885616302 23134209 0.064945224412 0.0 0.064945224412 -2.56450584487 2.97000012239 -2.97000012239 -2.56450584487 
188.642247582 43.5347826022 1.33888781071 133.99873439 24.1649341583 8388608 0.557842533398 0.0 0.557842533398 -0.930048350278 0.963135834555 -0.963135834555 -0.930048350278 
175.689069816 119.864374728 3.42544794083 119.092275256 24.0319252014 13303809 0.085224655977 0.0 0.085224655977 -1.66551298114 2.9932858375 -2.9932858375 -1.66551298114 
273.714251204 140.850447477 1.34197247028 136.91224533 23.2771148682 8388608 0.555280965725 0.0 0.555280965725 -0.980053620162 0.916725156525 -0.916725156525 -0.980053620162 
227.786019725 56.7959455563 2.40898370743 134.320340673 22.9173583984 21233920 0.172318646393 0.0 0.172318646393 -1.68308301049 1.72349472945 -1.72349472945 -1.68308301049 
231.378587566 75.716016734 2.17037415504 130.200894757 22.6423549652 13697280 0.212290608382 0.0 0.212290608382 -1.40091057119 1.65770128323 -1.65770128323 -1.40091057119 
136.714922065 129.498739579 1.32229053974 133.48264993 22.6286659241 8388608 0.571934399529 0.0 0.571934399529 -0.909914254165 0.959431249 -0.959431249 -0.909914254165 
254.636752227 43.7826041194 1.71205568314 132.962248221 22.6249542236 13238272 0.341164809966 0.0 0.341164809966 -1.16679390308 1.25288732529 -1.25288732529 -1.16679390308 
102.959161638 79.0138554931 4.39531898499 126.858603645 22.1727790833 14614785 0.0517629718161 0.0 0.0517629718161 -2.63649822434 3.51677495624 -3.51677495624 -2.63649822434 
56.1506281037 75.7505174449 1.49228525162 123.477828549 21.8492050171 8388608 0.449051660153 0.0 0.449051660153 -0.823165824056 1.24471414321 -1.24471414321 -0.823165824056 
58.9955394007 83.3511006095 1.48193430901 127.055404935 20.6717567444 8388608 0.455346596271 0.0 0.455346596271 -0.892994380629 1.18266239154 -1.18266239154 -0.892994380629 
226.848040931 55.22781858 1.30870258808 133.440272933 19.9112014771 8388608 0.58387257623 0.0 0.58387257623 -0.899861343587 0.950237878833 -0.950237878833 -0.899861343587 
166.360386185 126.096302457 1.29200768471 127.636105302 19.5590763092 8388608 0.599059288569 0.0 0.599059288569 -0.788957139993 1.02314734452 -1.02314734452 -0.788957139993 
284.741863708 118.381934983 1.54699158669 126.577402055 18.7674751282 8388608 0.417853550204 0.0 0.417853550204 -0.921864957191 1.24231556779 -1.24231556779 -0.921864957191 
149.220187157 134.125562988 2.13771820068 134.689929526 18.6892719269 12583168 0.218826084881 0.0 0.218826084881 -1.50339256542 1.51975323648 -1.51975323648 -1.50339256542 
279.789550127 31.6709827818 1.26186990738 134.790573 18.0613155365 8388608 0.628016179921 0.0 0.628016179921 -0.889009373424 0.895532242364 -0.895532242364 -0.889009373424 
210.642023556 41.2281863114 1.92880499363 132.906652674 18.0428695679 21889024 0.268796343432 0.0 0.268796343432 -1.31314185954 1.41277994046 -1.41277994046 -1.31314185954 
74.6134557825 101.021481021 1.60272061825 139.610532397 17.3964481354 8454144 0.389299953714 0.0 0.389299953714 -1.22072407561 1.03853074648 -1.03853074648 -1.22072407561 
72.8128683366 85.936039457 1.32071018219 133.75830067 17.29920578 8388608 0.573303968172 0.0 0.573303968172 -0.913426538962 0.953901118177 -0.953901118177 -0.913426538962 
255.524863209 115.835609334 2.2190053463 131.067532116 16.4488639832 15270144 0.203087551133 0.0 0.203087551133 -1.45777138471 1.67298754233 -1.67298754233 -1.45777138471 
58.9401482914 125.428815538 1.32147574425 137.774222327 16.1730232239 8388608 0.572639903569 0.0 0.572639903569 -0.978555842135 0.888102812998 -0.888102812998 -0.978555842135 
220.34410856 32.8289262522 1.57796263695 129.378783603 15.6864414215 8388608 0.401611896076 0.0 0.401611896076 -1.00112944726 1.21971550512 -1.21971550512 -1.00112944726 
198.365834304 130.085365701 1.54086410999 125.688330792 15.5066642761 8388608 0.421183472364 0.0 0.421183472364 -0.898902841131 1.2514934629 -1.2514934629 -0.898902841131 
281.725903373 97.7739206964 1.36404013634 125.763002247 15.0400733948 8388608 0.537459447192 0.0 0.537459447192 -0.797191191211 1.10683860531 -1.10683860531 -0.797191191211 
99.1522818908 132.997107284 1.58602786064 131.348490412 14.363697052 8388608 0.3975377506 0.0 0.3975377506 -1.04778906744 1.19063951089 -1.19063951089 -1.04778906744 
149.843429384 126.372346412 1.34889221191 130.75955703 14.2833614349 8388608 0.549598458063 0.0 0.549598458063 -0.880672984269 1.02172662398 -1.02172662398 -0.880672984269 
187.239037415 63.6261476005 1.35266256332 123.888096563 14.031578064 8388608 0.546538875537 0.0 0.546538875537 -0.754207661398 1.12288325916 -1.12288325916 -0.754207661398 
251.629938097 141.127950154 1.72334527969 130.680707066 13.6777572632 13697024 0.336709525011 0.0 0.336709525011 -1.12335070176 1.30690556427 -1.30690556427 -1.12335070176 
258.660790346 67.6758613054 1.71899831295 131.497718671 13.5009860992 13565952 0.338414606091 0.0 0.338414606091 -1.13899148195 1.28749897242 -1.28749897242 -1.13899148195 
46.4327594716 67.9882629779 1.37003183365 123.520206994 13.1056900024 8388608 0.532768676616 0.0 0.532768676616 -0.756574110703 1.14218336541 -1.14218336541 -0.756574110703 
79.850838616 140.872712302 1.69273543358 124.045225837 13.0088539124 12451840 0.348997109053 0.0 0.348997109053 -0.947673059971 1.40259367584 -1.40259367584 -0.947673059971 
262.272325151 30.1463976819 1.37388026714 144.565543786 12.9556751251 8388608 0.529788135671 0.0 0.529788135671 -1.11940917967 0.796536299809 -0.796536299809 -1.11940917967 
242.003362222 80.2816621431 1.32167947292 128.62640804 12.6770439148 8388608 0.572463379411 0.0 0.572463379411 -0.825044849066 1.0325394066 -1.0325394066 -0.825044849066 
99.4546130672 129.578411706 2.61962270737 132.963392032 12.3464164734 10617344 0.145721122293 0.0 0.145721122293 -1.78535391933 1.91701187051 -1.91701187051 -1.78535391933 
272.535511044 33.9116240221 1.25853717327 140.762394927 12.2798223495 8388608 0.631346684956 0.0 0.631346684956 -0.974774168233 0.796072319234 -0.796072319234 -0.974774168233 
206.559972474 103.730694374 1.58274924755 124.159288348 12.2440261841 8388608 0.399186429216 0.0 0.399186429216 -0.888706662355 1.30969295979 -1.30969295979 -0.888706662355 
208.425690129 101.145203285 2.63082504272 125.024741211 12.0523414612 10879488 0.144482772079 0.0 0.144482772079 -1.5099096943 2.15439391024 -2.15439391024 -1.5099096943 
147.332829679 43.8865322154 1.56895256042 125.165878851 10.7935447693 8388608 0.406237841057 0.0 0.406237841057 -0.903631296536 1.28259994417 -1.28259994417 -0.903631296536 
100.333301022 123.210361163 1.26663970947 134.186765898 10.6903457642 8388608 0.623295227711 0.0 0.623295227711 -0.882847235588 0.908271386881 -0.908271386881 -0.882847235588 
46.6897487032 60.5486305825 1.98887145519 129.57475826 10.579574585 24117248 0.25280553053 0.0 0.25280553053 -1.26707913117 1.53301015673 -1.53301015673 -1.26707913117 
34.3737929016 125.923138562 1.2595705986 126.030859212 10.5530395508 8388608 0.630311122513 0.0 0.630311122513 -0.740905750376 1.01861511962 -1.01861511962 -0.740905750376 
72.6262174089 94.0425155586 1.74775326252 132.499470306 10.5134506226 14745600 0.327370662292 0.0 0.327370662292 -1.18075307665 1.28858978679 -1.28858978679 -1.18075307665 
78.742571853 133.390012798 1.86270523071 126.562323442 10.2508239746 19333120 0.288211782733 0.0 0.288211782733 -1.10960760004 1.49614228951 -1.49614228951 -1.10960760004 
65.5306748653 90.0986061883 1.48760950565 133.151879086 9.59680557251 8388608 0.451878949459 0.0 0.451878949459 -1.01742765217 1.08527554746 -1.08527554746 -1.01742765217 
88.8160133083 42.6582140618 2.01204967499 124.577660189 8.57381057739 24903680 0.247014588195 0.0 0.247014588195 -1.14188398149 1.65663661297 -1.65663661297 -1.14188398149 
226.328010907 49.088639942 1.29056036472 129.424640579 8.49761199951 8388608 0.600403691631 0.0 0.600403691631 -0.819586847426 0.996906943762 -0.996906943762 -0.819586847426 
95.9462130068 50.2472161589 1.21551775932 125.03680156 8.38776397705 8388608 0.676826544567 0.0 0.676826544567 -0.697831743368 0.995245839568 -0.995245839568 -0.697831743368 
243.400874857 67.9506773079 1.40803968906 133.095134856 8.21278381348 8388608 0.504394342531 0.0 0.504394342531 -0.961989289754 1.02817915383 -1.02817915383 -0.961989289754 
56.967736392 56.0362633752 2.82014536858 129.378394451 7.80492973328 15925760 0.12573523838 0.0 0.12573523838 -1.78921043182 2.17989585314 -2.17989585314 -1.78921043182 
114.344303157 41.4015625166 1.30980324745 125.794758172 7.49737167358 8388608 0.582891704013 0.0 0.582891704013 -0.766082269194 1.06240411514 -1.06240411514 -0.766082269194 
59.3834210748 51.8496443349 1.68555259705 128.136214221 7.22296142578 12124160 0.351977888676 0.0 0.351977888676 -1.0408845878 1.32576273605 -1.32576273605 -1.0408845878 
94.349963237 71.5126288615 1.29978561401 126.243337816 7.21151351929 8388608 0.591911187101 0.0 0.591911187101 -0.768453886976 1.04829445576 -1.04829445576 -0.768453886976 
27.5875750888 59.2693214009 1.31899690628 125.982382676 7.09362792969 8388608 0.574794291299 0.0 0.574794291299 -0.774958783239 1.06732924773 -1.06732924773 -0.774958783239 
183.310026441 43.2719941957 1.33143925667 131.285931058 6.74014091492 8388608 0.564101538995 0.0 0.564101538995 -0.878506489867 1.00047830634 -1.00047830634 -0.878506489867 
201.425224745 73.4855519774 1.25979530811 124.647041593 6.66069793701 8388608 0.630086285556 0.0 0.630086285556 -0.716218039688 1.03639564741 -1.03639564741 -0.716218039688 
254.99506919 97.4957577209 1.48049294949 125.03048591 6.33001708984 8388608 0.456233648974 0.0 0.456233648974 -0.849821028579 1.2122968254 -1.2122968254 -0.849821028579 
290.458898527 44.4660268837 1.29912519455 130.642053561 6.08811759949 8388608 0.592513144528 0.0 0.592513144528 -0.846160936434 0.985767691075 -0.985767691075 -0.846160936434 
253.947372288 107.230707094 1.28252053261 125.010745008 6.0686340332 8388608 0.607954876817 0.0 0.607954876817 -0.735820564899 1.05044134193 -1.05044134193 -0.735820564899 
216.449106147 91.4337167038 1.27893316746 124.503050546 5.92287063599 8388608 0.611370246672 0.0 0.611370246672 -0.724451838903 1.05396374697 -1.05396374697 -0.724451838903 
213.582001984 109.724967935 1.41510879993 124.750274709 5.20691680908 8388608 0.49936757203 0.0 0.49936757203 -0.806613009427 1.16271594497 -1.16271594497 -0.806613009427 
249.177764916 134.851995058 1.27627360821 125.378197192 5.02680206299 8388608 0.613920905913 0.0 0.613920905913 -0.738925342366 1.04060735218 -1.04060735218 -0.738925342366 
201.99200608 28.2305208032 1.28136074543 143.39263072 3.48106002808 8388608 0.609055920959 0.0 0.609055920959 -1.02860052832 0.7641114533 -0.7641114533 -1.02860052832 
