13
36
14.6716227916 17.9212048064 1.47589528561 156.481262207 31.13829422 8388608 0.459080566628 0.0 0.459080566628 -1.35329210335 0.588954477936 -0.588954477936 -1.35329210335 
17.4647117639 33.7534599333 1.78073883057 171.14932251 28.6122817993 16121856 0.315354869924 0.0 0.315354869924 -1.75953500456 0.273984215631 -0.273984215631 -1.75953500456 
42.309397198 79.2407239623 2.69307947159 127.030105591 28.0353431702 12583424 0.13788012267 0.0 0.13788012267 -1.6218655749 2.14993699844 -2.14993699844 -1.6218655749 
43.9663402965 82.3556182759 1.25986433029 122.871383667 26.0782871246 8388608 0.630017248381 0.0 0.630017248381 -0.683797708337 1.05814877253 -1.05814877253 -0.683797708337 
118.724075854 82.7185467125 1.31733429432 61.2333984375 25.5908126831 8388608 0.576246106436 0.0 0.576246106436 0.633957620611 1.15475858008 -1.15475858008 0.633957620611 
138.243329113 44.9192086622 2.20012903214 240.886535645 20.9919185638 14680320 0.206587336442 0.0 0.206587336442 -1.07045232189 -1.92216013501 1.92216013501 -1.07045232189 
145.994656491 42.5721105292 1.4801555872 200.355453491 19.421459198 8388608 0.456441645445 0.0 0.456441645445 -1.38772388956 -0.514862087027 0.514862087027 -1.38772388956 
16.196052138 43.8908594887 1.43804597855 184.948059082 19.2967605591 8388608 0.483564550884 0.0 0.483564550884 -1.43268681103 -0.124035228558 0.124035228558 -1.43268681103 
25.1782423722 67.4932654361 1.25945091248 133.790252686 17.5303726196 8388608 0.630430925644 0.0 0.630430925644 -0.871565694048 0.909169864158 -0.909169864158 -0.871565694048 
22.9995550638 24.3602696045 1.29844737053 335.662384033 15.0811653137 8388608 0.593131921198 0.0 0.593131921198 1.18305813355 -0.535106556382 0.535106556382 1.18305813355 
19.4247686944 59.534977151 1.22931671143 142.394348145 14.506023407 8388608 0.661717208555 0.0 0.661717208555 -0.973900905431 0.75015771901 -0.75015771901 -0.973900905431 
139.985438141 34.4635367495 1.99680817127 257.536956787 13.2287330627 24379392 0.250799871462 0.0 0.250799871462 -0.430930853619 -1.94975420817 1.94975420817 -0.430930853619 
111.135047121 71.1628672382 2.54300403595 248.731002808 8.36692810059 8454656 0.154634324358 0.0 0.154634324358 -0.922467182169 -2.36979404689 2.36979404689 -0.922467182169 
108.027289345 61.3775231008 1.70613634586 253.263000488 8.13899040222 12976128 0.343536218083 0.0 0.343536218083 -0.491331415724 -1.63385882823 1.63385882823 -0.491331415724 
116.015848739 42.5253455343 1.61331820488 243.585174561 7.77146911621 8978432 0.384202274047 0.0 0.384202274047 -0.717711920406 -1.44488242757 1.44488242757 -0.717711920406 
29.1669990763 83.5404812275 2.05691027641 129.521392822 7.60997390747 9830656 0.236357454508 0.0 0.236357454508 -1.30894834378 1.58667391688 -1.58667391688 -1.30894834378 
94.4399109273 57.154376487 1.48317992687 257.735717773 7.4044418335 8388608 0.454582090664 0.0 0.454582090664 -0.315058951535 -1.44933107071 1.44933107071 -0.315058951535 
118.413579688 51.91518265 2.28681588173 241.363006592 7.37926101685 17498368 0.191221887474 0.0 0.191221887474 -1.09597625519 -2.007078206 2.007078206 -1.09597625519 
67.6283569395 56.0355139893 1.2615146637 293.052520752 7.30968856812 8388608 0.628369929584 0.0 0.628369929584 0.4939772944 -1.16077804913 1.16077804913 0.4939772944 
107.99095992 53.6699777679 1.59645283222 253.273147583 7.26817321777 8388608 0.392362792355 0.0 0.392362792355 -0.459474106743 -1.52890326402 1.52890326402 -0.459474106743 
100.855178488 54.8657429914 1.5254586935 250.505081177 7.14310073853 8388608 0.429733386101 0.0 0.429733386101 -0.509081050322 -1.43800581007 1.43800581007 -0.509081050322 
126.955376796 61.3767390482 1.22363901138 243.415054321 6.10272216797 8388608 0.667872207088 0.0 0.667872207088 -0.547607990879 -1.09426592678 1.09426592678 -0.547607990879 
129.075803963 62.4042572191 2.29985499382 241.868835449 5.9102973938 17891584 0.189059755058 0.0 0.189059755058 -1.08436236028 -2.02817436731 2.02817436731 -1.08436236028 
123.659620766 63.6448638261 1.43326568604 237.606292725 5.83325767517 8388608 0.486795542691 0.0 0.486795542691 -0.767849245405 -1.21023058262 1.21023058262 -0.767849245405 
81.6787156625 66.6851202802 1.37499547005 270.403045654 5.60069274902 8388608 0.528929104955 0.0 0.528929104955 0.00967228970548 -1.37496145017 1.37496145017 0.00967228970548 
136.453360334 58.8151259118 1.92728531361 240.751495361 5.38007545471 21823488 0.269220406727 0.0 0.269220406727 -0.941668655628 -1.68157331777 1.68157331777 -0.941668655628 
131.873731719 66.9723897841 1.42770087719 50.9673156738 5.1242980957 8388608 0.490597744578 0.0 0.490597744578 0.899114059633 1.10901925254 -1.10901925254 0.899114059633 
51.7737899751 57.6283899691 1.41591584682 300.186950684 4.81115722656 8388608 0.498798472967 0.0 0.498798472967 0.711955184032 -1.22390257015 1.22390257015 0.711955184032 
63.7977319344 58.5662748854 3.45665216446 294.227416992 4.71008682251 13959169 0.0836929046517 0.0 0.0836929046517 1.41846988685 -3.15220357308 3.15220357308 1.41846988685 
65.2900683943 45.6295832752 2.24024057388 288.660797119 4.60401153564 15991040 0.199255667349 0.0 0.199255667349 0.716798162995 -2.12246984016 2.12246984016 0.716798162995 
23.6324722647 89.2154670267 1.61972057819 184.58265686 4.56439590454 9240576 0.381170955062 0.0 0.381170955062 -1.6145425074 -0.129411140255 0.129411140255 -1.6145425074 
70.3851606113 44.8859151889 1.19278335571 264.029724121 3.84758758545 8388608 0.702872997901 0.0 0.702872997901 -0.124064387608 -1.18631368592 1.18631368592 -0.124064387608 
79.2008413502 34.2609471793 2.94106197357 276.310119629 3.65999221802 18940416 0.115609000907 0.0 0.115609000907 0.323251720357 -2.92324372191 2.92324372191 0.323251720357 
65.5985385924 30.3532081865 1.69320726395 330.054229736 3.53159332275 12451840 0.348802632577 0.0 0.348802632577 1.46716114723 -0.845215361154 0.845215361154 1.46716114723 
56.1806182297 24.4709154706 1.43489301205 329.73449707 3.52658843994 8388608 0.485692009765 0.0 0.485692009765 1.23931589472 -0.723197116366 0.723197116366 1.23931589472 
59.204436585 63.2068229741 1.28511404991 303.146728516 3.37461853027 8388608 0.605503498336 0.0 0.605503498336 0.702681078842 -1.0759913674 1.0759913674 0.702681078842 
