13
21
43.9663402965 82.3556182759 1.25986433029 141.702637667 26.0782871246 8388608 0.630017248381 0.0 0.630017248381 -0.988747702063 0.780791977678 -0.780791977678 -0.988747702063 
118.724075854 82.7185467125 1.31733429432 128.300454745 25.5908126831 8388608 0.576246106436 0.0 0.576246106436 -0.816464378627 1.03380634619 -1.03380634619 -0.816464378627 
25.1782423722 67.4932654361 1.25945091248 136.912458685 17.5303726196 8388608 0.630430925644 0.0 0.630430925644 -0.919790646106 0.860349794137 -0.860349794137 -0.919790646106 
22.9995550638 24.3602696045 1.29844737053 128.65940862 15.0811653137 8388608 0.593131921198 0.0 0.593131921198 -0.81112656985 1.01392270993 -1.01392270993 -0.81112656985 
111.135047121 71.1628672382 2.54300403595 118.617544357 8.36692810059 8454656 0.154634324358 0.0 0.154634324358 -1.21799894191 2.23234139512 -2.23234139512 -1.21799894191 
108.027289345 61.3775231008 1.70613634586 120.385534453 8.13899040222 12976128 0.343536218083 0.0 0.343536218083 -0.862991041341 1.47178384732 -1.47178384732 -0.862991041341 
116.015848739 42.5253455343 1.61331820488 123.896557103 7.77146911621 8978432 0.384202274047 0.0 0.384202274047 -0.899739871561 1.33912799751 -1.33912799751 -0.899739871561 
94.4399109273 57.154376487 1.48317992687 123.166313843 7.4044418335 8388608 0.454582090664 0.0 0.454582090664 -0.811404972578 1.24154930065 -1.24154930065 -0.811404972578 
118.413579688 51.91518265 2.28681588173 115.26989335 7.37926101685 17498368 0.191221887474 0.0 0.191221887474 -0.976202240998 2.06798357382 -2.06798357382 -0.976202240998 
67.6283569395 56.0355139893 1.2615146637 127.081482822 7.30968856812 8388608 0.628369929584 0.0 0.628369929584 -0.760630504275 1.00640969922 -1.00640969922 -0.760630504275 
107.99095992 53.6699777679 1.59645283222 120.948528037 7.26817321777 8388608 0.392362792355 0.0 0.392362792355 -0.821004328065 1.36916527082 -1.36916527082 -0.821004328065 
100.855178488 54.8657429914 1.5254586935 121.487283847 7.14310073853 8388608 0.429733386101 0.0 0.429733386101 -0.79676128978 1.30084421538 -1.30084421538 -0.79676128978 
126.955376796 61.3767390482 1.22363901138 122.097909659 6.10272216797 8388608 0.667872207088 0.0 0.667872207088 -0.65020221447 1.03659515264 -1.03659515264 -0.65020221447 
123.659620766 63.6448638261 1.43326568604 122.452348499 5.83325767517 8388608 0.486795542691 0.0 0.486795542691 -0.769087492755 1.20944406868 -1.20944406868 -0.769087492755 
81.6787156625 66.6851202802 1.37499547005 123.47431092 5.60069274902 8388608 0.528929104955 0.0 0.528929104955 -0.758396694668 1.14692937715 -1.14692937715 -0.758396694668 
131.873731719 66.9723897841 1.42770087719 123.477376111 5.1242980957 8388608 0.490597744578 0.0 0.490597744578 -0.78753075862 1.19085057793 -1.19085057793 -0.78753075862 
51.7737899751 57.6283899691 1.41591584682 124.198746563 4.81115722656 8388608 0.498798472967 0.0 0.498798472967 -0.795837142581 1.1710939022 -1.1710939022 -0.795837142581 
65.2900683943 45.6295832752 2.24024057388 131.267441185 4.60401153564 15991040 0.199255667349 0.0 0.199255667349 -1.47760589058 1.68385232754 -1.68385232754 -1.47760589058 
70.3851606113 44.8859151889 1.19278335571 124.96305683 3.84758758545 8388608 0.702872997901 0.0 0.702872997901 -0.683522288598 0.977511848857 -0.977511848857 -0.683522288598 
65.5985385924 30.3532081865 1.69320726395 124.932991429 3.53159332275 12451840 0.348802632577 0.0 0.348802632577 -0.969561006925 1.38812906191 -1.38812906191 -0.969561006925 
59.204436585 63.2068229741 1.28511404991 123.333705645 3.37461853027 8388608 0.605503498336 0.0 0.605503498336 -0.70618868521 1.07369253614 -1.07369253614 -0.70618868521 
