13
123
184.142275435 90.9748656826 2.04659867287 136.028462616 90.2048187256 9437440 0.238745186179 0.0 0.238745186179 -1.47290594525 1.42095538432 -1.42095538432 -1.47290594525 
90.769601865 140.492014875 1.8491011858 133.289591699 82.2326660156 18808832 0.292468195654 0.0 0.292468195654 -1.26790304541 1.34595581754 -1.34595581754 -1.26790304541 
180.922085072 90.9205171948 1.23401963711 132.393056249 81.2004852295 8388608 0.656683128489 0.0 0.656683128489 -0.831991943699 0.911369228351 -0.911369228351 -0.831991943699 
250.116546036 156.409807048 1.27884185314 135.886212876 81.1507568359 8388608 0.611457558248 0.0 0.611457558248 -0.918155786549 0.890183372667 -0.890183372667 -0.918155786549 
35.6251245571 62.7643003385 1.29680871964 126.400834288 23.7988491058 8388608 0.594631834344 0.0 0.594631834344 -0.769565985218 1.04378208919 -1.04378208919 -0.769565985218 
176.051568427 82.6559855887 1.93233036995 125.40580102 20.3342876434 22020096 0.267816444899 0.0 0.267816444899 -1.11952206992 1.57498285501 -1.57498285501 -1.11952206992 
89.4838798238 133.758347284 1.18936562538 130.875008135 19.6657142639 8388608 0.706918317198 0.0 0.706918317198 -0.778334014247 0.899325721363 -0.899325721363 -0.778334014247 
94.7573907733 56.1531943659 3.06325626373 127.802953469 17.0320663452 21889536 0.106569600945 0.0 0.106569600945 -1.87761613732 2.4203505073 -2.4203505073 -1.87761613732 
67.9461183874 27.3246742514 1.40947175026 129.639699497 16.2681503296 8388608 0.503369906795 0.0 0.503369906795 -0.899183377509 1.08539387708 -1.08539387708 -0.899183377509 
83.2578779387 125.934252487 3.58674931526 126.256644388 16.2555389404 16580609 0.0777316616957 0.0 0.0777316616957 -2.12121489674 2.89226866186 -2.89226866186 -2.12121489674 
36.0701792174 54.9886243299 1.45432293415 125.425483807 14.8224334717 8388608 0.472800899719 0.0 0.472800899719 -0.842989075037 1.18508422324 -1.18508422324 -0.842989075037 
181.34701506 98.5911922118 1.67456161976 135.567065097 13.7490081787 11665408 0.356613462119 0.0 0.356613462119 -1.19575485113 1.1723169172 -1.1723169172 -1.19575485113 
74.0869987386 23.5461344021 1.2884401083 132.331041438 13.3470001221 8388608 0.602381365576 0.0 0.602381365576 -0.867652484313 0.952500435244 -0.952500435244 -0.867652484313 
146.889527518 127.852017902 2.78088998795 134.438203262 13.1007118225 14942720 0.129310080772 0.0 0.129310080772 -1.9470111366 1.98557214903 -1.98557214903 -1.9470111366 
63.2640448007 136.576647444 2.72464370728 130.21579504 11.4763870239 13435392 0.13470402162 0.0 0.13470402162 -1.75921586081 2.0805871495 -2.0805871495 -1.75921586081 
187.717577327 168.284305732 1.75056874752 129.242269613 11.0968513489 14876672 0.326318471696 0.0 0.326318471696 -1.10741126226 1.35577698609 -1.35577698609 -1.10741126226 
55.4812021357 154.085802471 1.84369051456 130.993178503 10.9316291809 18612224 0.294187325024 0.0 0.294187325024 -1.20940413739 1.39159489291 -1.39159489291 -1.20940413739 
165.131850845 127.157995812 1.53832256794 125.609960235 10.3410186768 8388608 0.422576339903 0.0 0.422576339903 -0.895710328418 1.25065556034 -1.25065556034 -0.895710328418 
88.7310665002 62.0309606829 1.54974555969 124.297637164 10.2288017273 8388608 0.416369777704 0.0 0.416369777704 -0.873269195113 1.28027817784 -1.28027817784 -0.873269195113 
204.40086271 152.879313372 3.52231574059 130.933190293 10.0845947266 15269889 0.0806015573014 0.0 0.0806015573014 -2.30774573558 2.66101818789 -2.66101818789 -2.30774573558 
203.947823407 86.9465550026 1.41640877724 132.080058256 9.85372924805 8388608 0.498451355444 0.0 0.498451355444 -0.949232310987 1.05127153676 -1.05127153676 -0.949232310987 
27.5539823404 133.129808362 1.31697010994 125.763962136 9.83847427368 8388608 0.576564851479 0.0 0.576564851479 -0.769699778871 1.06863114351 -1.06863114351 -0.769699778871 
202.116266727 71.5228859744 1.95700073242 125.665586864 9.72449684143 22937600 0.261106704595 0.0 0.261106704595 -1.14103583391 1.58993367548 -1.58993367548 -1.14103583391 
237.144073712 144.892020225 1.56286978722 125.838638902 9.15178871155 8388608 0.409406193803 0.0 0.409406193803 -0.915067299515 1.26697032686 -1.26697032686 -0.915067299515 
199.885750916 80.7240507503 1.39881289005 131.633321104 8.71726608276 8388608 0.511070423867 0.0 0.511070423867 -0.929316719305 1.04548932878 -1.04548932878 -0.929316719305 
147.968092992 107.069662335 1.27773451805 130.112790964 8.7013053894 8388608 0.612517843928 0.0 0.612517843928 -0.823237166752 0.977182718788 -0.977182718788 -0.823237166752 
93.2312321663 43.3152168457 1.99687826633 126.474095468 8.51803588867 24379392 0.250782264456 0.0 0.250782264456 -1.18706282985 1.60574115241 -1.60574115241 -1.18706282985 
246.215219035 162.036867773 1.3751500845 130.191772546 8.42356872559 8388608 0.528810171777 0.0 0.528810171777 -0.887450360712 1.0504616186 -1.0504616186 -0.887450360712 
146.585612325 140.247901192 2.73251676559 127.605329877 8.2222328186 13632000 0.133928908506 0.0 0.133928908506 -1.66743327419 2.16478963191 -2.16478963191 -1.66743327419 
191.409004785 148.117235475 1.1823130846 130.232798059 7.97201156616 8388608 0.715377057745 0.0 0.715377057745 -0.763649879062 0.902609047279 -0.902609047279 -0.763649879062 
105.553933241 112.220379737 1.75155568123 129.025858593 7.71712875366 14876672 0.325950839687 0.0 0.325950839687 -1.10290393398 1.36071680259 -1.36071680259 -1.10290393398 
143.570293421 144.449039912 1.61110055447 122.546582269 6.90200424194 8847360 0.385260696786 0.0 0.385260696786 -0.86674812468 1.35808419657 -1.35808419657 -0.86674812468 
169.11138293 82.5902086276 1.35638225079 123.952488398 6.85274124146 8388608 0.54354537388 0.0 0.54354537388 -0.757546601625 1.12512041872 -1.12512041872 -0.757546601625 
33.1401294647 139.693282112 1.91238856316 126.395652322 6.6499786377 21233664 0.273430983419 0.0 0.273430983419 -1.13473068685 1.53935580189 -1.53935580189 -1.13473068685 
129.967910239 105.249104885 4.07596063614 134.620112748 6.64128875732 9175297 0.06019217517 0.0 0.06019217517 -2.86296679467 2.90118531637 -2.90118531637 -2.86296679467 
134.988745553 148.333064167 1.75992500782 122.684634695 6.5871925354 15269888 0.322858091372 0.0 0.322858091372 -0.950385249752 1.48125079247 -1.48125079247 -0.950385249752 
175.549809247 51.8528596837 1.44928312302 129.408715226 6.42893218994 8388608 0.476094901123 0.0 0.476094901123 -0.92007455859 1.11976978763 -1.11976978763 -0.92007455859 
172.763699961 168.403519138 1.32758402824 125.97376122 6.42887496948 8388608 0.567382533496 0.0 0.567382533496 -0.779842372123 1.07439528419 -1.07439528419 -0.779842372123 
75.2815547029 37.4852996866 1.67100584507 131.576018428 6.41577148438 11468800 0.358132770109 0.0 0.358132770109 -1.10890146602 1.25003922855 -1.25003922855 -1.10890146602 
193.70616905 92.4573323525 1.29962062836 129.910848149 6.34983634949 8388608 0.592061481814 0.0 0.592061481814 -0.833829930679 0.996865800574 -0.996865800574 -0.833829930679 
145.727010541 119.312686928 1.26686036587 131.378077877 6.09912872314 8388608 0.623078120752 0.0 0.623078120752 -0.837426138361 0.950606463999 -0.950606463999 -0.837426138361 
215.062497427 155.795809602 1.74707520008 122.401469873 5.63960266113 14745600 0.327624825164 0.0 0.327624825164 -0.936167547245 1.47508036331 -1.47508036331 -0.936167547245 
90.5474514191 98.7283292094 1.21591854095 124.892864046 5.62452697754 8388608 0.676380437476 0.0 0.676380437476 -0.695558568373 0.997324508975 -0.997324508975 -0.695558568373 
116.229456566 95.0325016009 1.41624724865 124.949452962 5.42699813843 8388608 0.498565062616 0.0 0.498565062616 -0.811302260215 1.16083802138 -1.16083802138 -0.811302260215 
128.200568694 162.785836886 1.56371569633 123.97291594 5.23236846924 8388608 0.408963368089 0.0 0.408963368089 -0.873805816577 1.29679226319 -1.29679226319 -0.873805816577 
233.51287262 99.4292536884 1.50106537342 125.311346091 5.22257614136 8388608 0.443813784015 0.0 0.443813784015 -0.867644651385 1.22490408368 -1.22490408368 -0.867644651385 
247.071990176 34.7448086157 1.30161452293 125.899654286 4.92555999756 8388608 0.590248957493 0.0 0.590248957493 -0.763224413495 1.05436656859 -1.05436656859 -0.763224413495 
163.603254743 133.45271745 1.25813412666 125.688420317 4.741355896 8388608 0.631751256922 0.0 0.631751256922 -0.733966606069 1.02185835704 -1.02185835704 -0.733966606069 
175.3231781 75.1870022948 1.45260357857 123.73130852 4.72782897949 8388608 0.473920811545 0.0 0.473920811545 -0.806629249062 1.20805894352 -1.20805894352 -0.806629249062 
51.3831730691 145.553755916 1.45568549633 125.720474358 4.68409729004 8388608 0.471916204334 0.0 0.471916204334 -0.849874854772 1.18183458887 -1.18183458887 -0.849874854772 
77.4794285574 89.5126571395 2.34422945976 124.860021487 4.65869903564 19267840 0.181969985812 0.0 0.181969985812 -1.33989936154 1.92355958082 -1.92355958082 -1.33989936154 
223.199176749 72.4296154119 1.35080480576 124.462559912 4.61099624634 8388608 0.548043215651 0.0 0.548043215651 -0.764376657919 1.11373333796 -1.11373333796 -0.764376657919 
146.839156212 164.443164631 1.99515914917 126.302444571 4.60842132568 24313856 0.251214620775 0.0 0.251214620775 -1.18122911376 1.60790478926 -1.60790478926 -1.18122911376 
188.757455663 130.737607816 2.55123448372 126.387121748 4.59368133545 8651264 0.153638213012 0.0 0.153638213012 -1.51348913379 2.0538130472 -2.0538130472 -1.51348913379 
122.95707222 167.632759175 1.26349830627 124.298189448 4.51064300537 8388608 0.626398446293 0.0 0.626398446293 -0.711981224672 1.0437962951 -1.0437962951 -0.711981224672 
164.467410118 67.4529034614 1.50821483135 124.534412874 4.48567962646 8388608 0.439616096405 0.0 0.439616096405 -0.855008676661 1.24244603116 -1.24244603116 -0.855008676661 
215.052893233 146.920257188 1.94488930702 125.03583342 4.46541595459 22478848 0.264368814066 0.0 0.264368814066 -1.11653883967 1.59246206739 -1.59246206739 -1.11653883967 
147.036279364 27.4137883416 1.48443770409 125.264830649 4.46439743042 8388608 0.45381207416 0.0 0.45381207416 -0.857049836256 1.2120317139 -1.2120317139 -0.857049836256 
79.5545951712 130.07153759 1.28626477718 124.524479995 4.45308685303 8388608 0.60442058333 0.0 0.60442058333 -0.729001236529 1.05973311459 -1.05973311459 -0.729001236529 
102.572619662 142.44147223 1.25512957573 126.190857974 4.43250656128 8388608 0.634779471303 0.0 0.634779471303 -0.741125024442 1.01295801987 -1.01295801987 -0.741125024442 
225.945743117 92.1387911725 1.69376885891 127.302168698 4.38454246521 12451840 0.34857136923 0.0 0.34857136923 -1.02645527886 1.34730935866 -1.34730935866 -1.02645527886 
79.4169605622 98.7861994116 2.55555939674 124.817513214 4.35172271729 8782336 0.15311863233 0.0 0.15311863233 -1.45913378556 2.09804967199 -2.09804967199 -1.45913378556 
85.7540353133 163.665818531 1.65358185768 124.552373315 4.31686401367 10747904 0.365719908515 0.0 0.365719908515 -0.937844367004 1.3619034119 -1.3619034119 -0.937844367004 
83.7108113875 83.6125270455 1.50161492825 124.683836344 4.25397872925 8388608 0.443488993191 0.0 0.443488993191 -0.854490320788 1.23478487374 -1.23478487374 -0.854490320788 
171.722099894 157.081233258 1.51117753983 126.358534615 4.24460220337 8388608 0.437894025306 0.0 0.437894025306 -0.895880785872 1.21698610279 -1.21698610279 -0.895880785872 
208.147909207 45.729513051 2.51739501953 125.029323436 4.23299026489 24445184 0.157796462425 0.0 0.157796462425 -1.44497365322 2.06139002274 -2.06139002274 -1.44497365322 
87.4403289037 91.267148389 1.50230765343 124.90346705 4.22460174561 8388608 0.443080095369 0.0 0.443080095369 -0.859613680362 1.23206842589 -1.23206842589 -0.859613680362 
157.46420642 83.4207043773 1.76507115364 124.422988464 4.22231674194 15466496 0.320978220681 0.0 0.320978220681 -0.997791217025 1.45598381332 -1.45598381332 -0.997791217025 
107.663259066 71.7701508439 1.2450876236 124.859986568 4.20024108887 8388608 0.645060082297 0.0 0.645060082297 -0.71165842803 1.02165819737 -1.02165819737 -0.71165842803 
198.203577235 131.028613338 1.66559910774 124.596437491 4.16570663452 11272192 0.360461628942 0.0 0.360461628942 -0.945714786965 1.37107400582 -1.37107400582 -0.945714786965 
108.58924119 35.9419943576 1.94969844818 124.894383545 4.03854751587 22675456 0.263066234234 0.0 0.263066234234 -1.11535516845 1.59915818075 -1.59915818075 -1.11535516845 
77.7991875233 165.164231605 2.09774780273 124.747533037 4.02013015747 11206912 0.227244536355 0.0 0.227244536355 -1.19563524244 1.72365954031 -1.72365954031 -1.19563524244 
78.4942449341 78.710666936 1.75761795044 124.749617782 4.01736068726 15138816 0.323706217656 0.0 0.323706217656 -1.0018269078 1.44414809023 -1.44414809023 -1.0018269078 
119.191423884 135.02192222 1.48360061646 125.173261559 3.9959526062 8388608 0.454324324747 0.0 0.454324324747 -0.85462949004 1.21271564017 -1.21271564017 -0.85462949004 
34.3192567254 107.342468511 1.70276331902 124.869483492 3.95742034912 12845056 0.344898597191 0.0 0.344898597191 -0.973485060408 1.39704321971 -1.39704321971 -0.973485060408 
105.206043705 63.0823451581 1.78773367405 124.877734762 3.94398880005 16384000 0.312891927516 0.0 0.312891927516 -1.02227459429 1.46661049471 -1.46661049471 -1.02227459429 
196.869364383 111.53841424 1.3122279644 124.74220251 3.93768310547 8388608 0.580739575495 0.0 0.580739575495 -0.747818951939 1.0782898709 -1.0782898709 -0.747818951939 
107.852838269 61.7956931133 2.62534117699 125.696825504 3.93061828613 10748416 0.145086999554 0.0 0.145086999554 -1.53187664417 2.13208119981 -2.13208119981 -1.53187664417 
123.556182372 35.8024110526 1.56525278091 124.859444341 3.91137695312 8388608 0.408160555093 0.0 0.408160555093 -0.894644022295 1.28437858186 -1.28437858186 -0.894644022295 
188.899032084 35.6293616675 1.91326272488 124.716846719 3.90993499756 21299200 0.273181181558 0.0 0.273181181558 -1.08964374884 1.57265722744 -1.57265722744 -1.08964374884 
159.455538907 60.027240258 1.59864652157 124.601776386 3.82430267334 8388608 0.391286717666 0.0 0.391286717666 -0.907822225401 1.31587594704 -1.31587594704 -0.907822225401 
76.084666697 107.264168659 1.63847959042 124.812904277 3.818775177 10092544 0.372492838953 0.0 0.372492838953 -0.935405530899 1.34522557996 -1.34522557996 -0.935405530899 
112.582504222 104.890573676 2.34211230278 127.261497166 3.78890991211 19202304 0.182299118752 0.0 0.182299118752 -1.41804056967 1.86404157185 -1.86404157185 -1.41804056967 
68.6856731323 164.22424591 2.22519135475 125.076053229 3.77139663696 15532288 0.20195995817 0.0 0.20195995817 -1.27873570949 1.82107428474 -1.82107428474 -1.27873570949 
115.100789235 35.6151227853 1.54547977448 124.870153144 3.76952362061 8388608 0.418671451657 0.0 0.418671451657 -0.883579467268 1.26798858762 -1.26798858762 -0.883579467268 
115.160543029 76.8785605658 1.35399651527 124.557562023 3.7618560791 8388608 0.545462510187 0.0 0.545462510187 -0.768032733027 1.11509294876 -1.11509294876 -0.768032733027 
131.440343581 141.03282555 1.33808982372 124.927094893 3.76150512695 8388608 0.558508084856 0.0 0.558508084856 -0.766101457832 1.09707471608 -1.09707471608 -0.766101457832 
67.4415528806 46.7050040528 1.48072493076 124.438098247 3.73932266235 8388608 0.456090706323 0.0 0.456090706323 -0.837372943023 1.22120959498 -1.22120959498 -0.837372943023 
107.885042239 58.9019897318 1.68832552433 124.92860907 3.73159790039 12255232 0.350822652234 0.0 0.350822652234 -0.966659764837 1.3842008435 -1.3842008435 -0.966659764837 
100.092165591 34.4715264141 1.50205159187 125.075269492 3.7313041687 8388608 0.443231175996 0.0 0.443231175996 -0.863157043768 1.22927576338 -1.22927576338 -0.863157043768 
147.2463042 51.8077741659 1.43310773373 124.900360153 3.71146774292 8388608 0.486902854535 0.0 0.486902854535 -0.819954064225 1.17536084205 -1.17536084205 -0.819954064225 
180.507384341 159.037789639 1.93047118187 127.093525835 3.63576889038 21954560 0.268332547822 0.0 0.268332547822 -1.16430164898 1.53984436038 -1.53984436038 -1.16430164898 
55.0216520645 123.387705984 1.47684800625 124.754463454 3.55532073975 8388608 0.458488448206 0.0 0.458488448206 -0.841893109822 1.21338206069 -1.21338206069 -0.841893109822 
198.238534828 35.2570260028 1.87466371059 124.915414344 3.55419921875 19791872 0.284546504598 0.0 0.284546504598 -1.07299470494 1.53722034562 -1.53722034562 -1.07299470494 
99.1059359808 159.049505659 1.45429849625 124.183827052 3.55053710938 8388608 0.472816789662 0.0 0.472816789662 -0.817097456611 1.20305272644 -1.20305272644 -0.817097456611 
223.680982126 154.685005 1.6516879797 125.192809333 3.5407333374 10682368 0.366559081514 0.0 0.366559081514 -0.951916935749 1.34978788323 -1.34978788323 -0.951916935749 
196.494389577 116.821409118 1.26365101337 124.730350791 3.53732299805 8388608 0.626247060017 0.0 0.626247060017 -0.719920874786 1.03852193894 -1.03852193894 -0.719920874786 
124.707475048 47.6927983136 1.26421034336 124.788544 3.51652526855 8388608 0.625693036276 0.0 0.625693036276 -0.721294417053 1.03824956354 -1.03824956354 -0.721294417053 
185.847128079 45.9947473288 1.49282169342 124.9860216 3.51335525513 8388608 0.448728986921 0.0 0.448728986921 -0.855948984415 1.22305680343 -1.22305680343 -0.855948984415 
68.6172038678 89.5874624901 1.38745355606 125.058502277 3.48824310303 8388608 0.519473133456 0.0 0.519473133456 -0.796970719084 1.13572225616 -1.13572225616 -0.796970719084 
131.43500922 95.639583503 1.70069742203 124.556429768 3.46820831299 12779520 0.345737027035 0.0 0.345737027035 -0.964665564153 1.400639879 -1.400639879 -0.964665564153 
58.9254333017 54.356998573 3.00606656075 128.494188647 3.46467590332 20578816 0.110663095655 0.0 0.110663095655 -1.87108180824 2.35276200125 -2.35276200125 -1.87108180824 
55.5110564662 37.3718537233 1.50445020199 125.149056236 3.44960784912 8388608 0.441818977338 0.0 0.441818977338 -0.866120308605 1.23012439261 -1.23012439261 -0.866120308605 
58.8179941177 44.8302585825 2.05066895485 124.785955549 3.43766784668 9568512 0.23779837726 0.0 0.23779837726 -1.16993179816 1.68419201698 -1.68419201698 -1.16993179816 
102.769027398 155.58978482 1.46100449562 124.279687276 3.43601989746 8388608 0.468486300139 0.0 0.468486300139 -0.822886152432 1.20722513077 -1.20722513077 -0.822886152432 
70.2459316778 73.7337618194 1.80724489689 124.620059898 3.43070602417 17170432 0.306172362823 0.0 0.306172362823 -1.02675347625 1.48724961467 -1.48724961467 -1.02675347625 
228.48320111 59.0572921234 1.48914361 124.847786966 3.42839050293 8388608 0.450948384568 0.0 0.450948384568 -0.850894038319 1.2220998432 -1.2220998432 -0.850894038319 
225.581356448 81.7690386552 1.69935441017 125.088852733 3.36877441406 12713984 0.346283719832 0.0 0.346283719832 -0.976867195395 1.39051641268 -1.39051641268 -0.976867195395 
135.357134469 67.5701449523 1.6639778614 124.589610102 3.35418701172 11206656 0.361164380829 0.0 0.361164380829 -0.944631029912 1.36985201411 -1.36985201411 -0.944631029912 
68.5409583808 83.4194561895 1.32015383244 124.913428625 3.35120773315 8388608 0.573787282651 0.0 0.573787282651 -0.75557430947 1.08254958508 -1.08254958508 -0.75557430947 
181.942066804 133.643133974 1.45857906342 124.790686472 3.34541702271 8388608 0.470045662309 0.0 0.470045662309 -0.832236160026 1.19784634164 -1.19784634164 -0.832236160026 
138.984626973 163.009238891 1.26592898369 125.917282755 3.341381073 8388608 0.6239952928 0.0 0.6239952928 -0.742615047151 1.02523123415 -1.02523123415 -0.742615047151 
204.733093955 53.2871343771 1.31908154488 124.788734419 3.31174468994 8388608 0.574720530551 0.0 0.574720530551 -0.752604746927 1.08331076656 -1.08331076656 -0.752604746927 
124.177716005 41.9748173902 1.38977730274 124.817956236 3.22245407104 8388608 0.517737438399 0.0 0.517737438399 -0.793522375211 1.14096590276 -1.14096590276 -0.793522375211 
143.46355414 75.7120472804 1.64481830597 124.579569832 3.20976257324 10354688 0.369627383783 0.0 0.369627383783 -0.933516958806 1.35424272096 -1.35424272096 -0.933516958806 
131.111029818 58.8782852106 1.68139863014 124.621324329 3.17084121704 11927552 0.353719189721 0.0 0.353719189721 -0.955286733274 1.38366491994 -1.38366491994 -0.955286733274 
108.94015157 77.4486571362 1.25174355507 124.977747702 3.15967178345 8388608 0.638218328207 0.0 0.638218328207 -0.717572325101 1.02564705718 -1.02564705718 -0.717572325101 
31.018168232 43.806111868 1.29186701775 125.086422203 3.09535217285 8388608 0.599189754688 0.0 0.599189754688 -0.742579828392 1.05711663973 -1.05711663973 -0.742579828392 
30.3427068645 156.917633659 1.32259583473 125.178822445 2.9556312561 8388608 0.571670390601 0.0 0.571670390601 -0.761987462672 1.08103415708 -1.08103415708 -0.761987462672 
36.8907612249 165.366164027 1.7041258812 127.718703835 2.68449783325 12910592 0.344347278872 0.0 0.344347278872 -1.04255915899 1.34800423551 -1.34800423551 -1.04255915899 
58.7694344531 115.985842824 1.72028005123 124.714567769 2.68132400513 13565952 0.337910505188 0.0 0.337910505188 -0.979679774247 1.41406894973 -1.41406894973 -0.979679774247 
243.227280986 94.4784053566 1.26807594299 125.002729958 2.57654571533 8388608 0.621884128399 0.0 0.621884128399 -0.727387972496 1.03871234452 -1.03871234452 -0.727387972496 
234.058177684 88.3979780826 2.04690933228 125.537565104 1.42794036865 9437440 0.238672722969 0.0 0.238672722969 -1.18973860706 1.66564097615 -1.66564097615 -1.18973860706 
