13
158
195.224075139 159.254355964 2.60319256783 47.8561706543 86.6594009399 10158592 0.147566374925 0.0 0.147566374925 1.74672661814 1.93017037245 -1.93017037245 1.74672661814 
78.1948389114 32.5725688842 2.29425525665 40.4698486328 86.1645584106 17694976 0.18998378209 0.0 0.18998378209 1.7453492405 1.48908133135 -1.48908133135 1.7453492405 
64.2856420255 50.4050272773 1.42273724079 43.6155395508 71.4760513306 8388608 0.494026904394 0.0 0.494026904394 1.03004013492 0.981426806643 -0.981426806643 1.03004013492 
63.4716563808 39.0779617413 1.45992970467 218.056976318 68.6634063721 8388608 0.469176347313 0.0 0.469176347313 -1.14954592715 -0.8999660571 0.8999660571 -1.14954592715 
78.5421826743 61.8029263263 2.94167041779 42.1784057617 62.0041351318 19005952 0.115561181578 0.0 0.115561181578 2.17994753989 1.97515912529 -1.97515912529 2.17994753989 
65.6893517109 46.3380799192 4.18349838257 95.2972412109 59.0594444275 11010305 0.0571374414376 0.0 0.0571374414376 -0.38623162868 4.1656312662 -4.1656312662 -0.38623162868 
57.865223649 51.2461193764 1.37903094292 44.6209716797 57.6582832336 8388608 0.525838012634 0.0 0.525838012634 0.981551465317 0.968650123861 -0.968650123861 0.981551465317 
53.5844400601 56.353779814 3.5060403347 50.0110168457 57.3201141357 14942209 0.0813516159113 0.0 0.0813516159113 2.25312282163 2.68621599638 -2.68621599638 2.25312282163 
147.740996641 173.281119845 3.35328173637 80.7821350098 47.1284942627 11730945 0.0889323795616 0.0 0.0889323795616 0.537158753725 3.30997868223 -3.30997868223 0.537158753725 
86.7006703621 29.1549305606 1.67815387249 327.481262207 45.7992897034 11796480 0.35508836409 0.0 0.35508836409 1.41504566596 -0.902134237801 0.902134237801 1.41504566596 
78.5641643065 42.9835592332 2.15684318542 295.886779785 44.5082321167 13238528 0.214962576477 0.0 0.214962576477 0.941665259854 -1.94042239342 1.94042239342 0.941665259854 
80.480942552 43.2793636951 1.54857838154 291.474395752 44.0367507935 8388608 0.416997657903 0.0 0.416997657903 0.566911946458 -1.44107801619 1.44107801619 0.566911946458 
43.8219063081 34.9828667818 4.754114151 224.296447754 41.2108764648 20250881 0.0442446525819 0.0 0.0442446525819 -3.40269080264 -3.32013503677 3.32013503677 -3.40269080264 
147.341173693 188.07931573 1.68438994884 31.7385864258 40.323928833 12058624 0.352463961029 0.0 0.352463961029 1.43250127709 0.886064100896 -0.886064100896 1.43250127709 
104.794409609 183.484714557 1.4878371954 301.009094238 40.08984375 8388608 0.451740654316 0.0 0.451740654316 0.766495220502 -1.27520374723 1.27520374723 0.766495220502 
90.1446761636 60.7874875458 2.72712039948 107.667861938 37.6733322144 13500928 0.134459464095 0.0 0.134459464095 -0.827677362413 2.59848722471 -2.59848722471 -0.827677362413 
71.6064632611 21.6543354166 2.12224006653 250.692657471 36.2934494019 12058880 0.222029653438 0.0 0.222029653438 -0.701687564534 -2.00288228854 2.00288228854 -0.701687564534 
138.045638225 166.380696687 1.31989598274 141.995376587 33.658405304 8388608 0.574011490207 0.0 0.574011490207 -1.04002665216 0.81269303434 -0.81269303434 -1.04002665216 
85.0840092112 82.6416989601 4.59734487534 338.668365479 32.3461723328 17826049 0.0473135823384 0.0 0.0473135823384 4.28238319123 -1.67235585515 1.67235585515 4.28238319123 
204.521610549 154.267617969 1.45227348804 69.5430297852 32.0741653442 8388608 0.474136273093 0.0 0.474136273093 0.507575147798 1.36068576586 -1.36068576586 0.507575147798 
79.2904672468 21.8489481525 1.28543031216 265.59564209 31.7320632935 8388608 0.605205583565 0.0 0.605205583565 -0.0987144455128 -1.28163432603 1.28163432603 -0.0987144455128 
187.462745132 143.299544005 3.26359081268 253.804946899 27.8849506378 9764865 0.093887677542 0.0 0.093887677542 -0.910242218044 -3.13408425176 3.13408425176 -0.910242218044 
41.8861468996 55.4067234689 1.89559900761 242.407867432 26.8021812439 20643840 0.278296057986 0.0 0.278296057986 -0.877992826546 -1.68000720063 1.68000720063 -0.877992826546 
55.247332618 36.5523666338 1.36198270321 212.681930542 26.026966095 8388608 0.539084463544 0.0 0.539084463544 -1.14635512231 -0.73543648087 0.73543648087 -1.14635512231 
22.2919871583 80.6007260361 1.9050822258 190.94291687 25.9489898682 20971520 0.275532320469 0.0 0.275532320469 -1.87044172907 -0.361643505701 0.361643505701 -1.87044172907 
133.01535982 180.412417999 3.57990908623 281.315246582 25.5198612213 16449537 0.0780289934577 0.0 0.0780289934577 0.702403515131 -3.51032453878 3.51032453878 0.702403515131 
115.417314717 146.828367346 1.45319616795 130.426513672 23.4395637512 8388608 0.473534376205 0.0 0.473534376205 -0.942357365718 1.10622859202 -1.10622859202 -0.942357365718 
108.25616448 165.244601062 5.30646944046 296.378356934 23.1190814972 11534849 0.0355131066003 0.0 0.0355131066003 2.35764738549 -4.75395800657 4.75395800657 2.35764738549 
108.886332627 141.066131072 1.50141882896 130.107940674 22.4875640869 8388608 0.443604848341 0.0 0.443604848341 -0.96725850375 1.14833335182 -1.14833335182 -0.96725850375 
49.1489064109 51.9128728558 1.33550083637 237.195220947 22.2702445984 8388608 0.56067561916 0.0 0.56067561916 -0.723545399797 -1.12251705483 1.12251705483 -0.723545399797 
26.9184198455 66.5289742923 1.52186954021 212.270950317 20.5494651794 8388608 0.431762729243 0.0 0.431762729243 -1.28679038217 -0.812562249798 0.812562249798 -1.28679038217 
94.898604147 178.779773526 1.95079827309 294.919677734 20.2288036346 22675456 0.262769693847 0.0 0.262769693847 0.821963594699 -1.76917770483 1.76917770483 0.821963594699 
147.924471969 130.121163235 3.63645577431 293.79888916 20.0054035187 17629185 0.0756211677831 0.0 0.0756211677831 1.46741011551 -3.32723881791 3.32723881791 1.46741011551 
93.5927463085 123.400838644 1.95138680935 140.156112671 19.876871109 22740992 0.262611215608 0.0 0.262611215608 -1.49826110921 1.25024962641 -1.25024962641 -1.49826110921 
174.367930308 139.12446144 2.89972996712 279.160552979 19.7975406647 17957376 0.118928211128 0.0 0.118928211128 0.461641435398 -2.862747119 2.862747119 0.461641435398 
169.285435039 122.667003624 3.0555562973 108.496780396 19.618183136 21758464 0.107107386015 0.0 0.107107386015 -0.969379412382 2.89771079317 -2.89771079317 -0.969379412382 
123.889689145 89.4967189426 1.34513676167 133.462692261 19.2519950867 8388608 0.55267155951 0.0 0.55267155951 -0.925295510408 0.976330438941 -0.976330438941 -0.925295510408 
106.24827487 130.17275265 5.98881816864 310.648742676 19.0062198639 20251137 0.0278816034033 0.0 0.0278816034033 3.90123538715 -4.54382058527 4.54382058527 3.90123538715 
180.274352903 154.578314447 2.53401327133 281.194885254 18.9645214081 24903936 0.155733566584 0.0 0.155733566584 0.491970520663 -2.48579730994 2.48579730994 0.491970520663 
179.897561963 181.549881155 5.38695669174 55.5119018555 18.7935562134 12583425 0.0344598221646 0.0 0.0344598221646 3.05028359367 4.44016580736 -4.44016580736 3.05028359367 
161.671471184 119.799854483 1.49116718769 117.621902466 18.4101219177 8388608 0.449725302505 0.0 0.449725302505 -0.691356956737 1.32121351038 -1.32121351038 -0.691356956737 
27.9719920636 52.0499927345 1.8084346056 230.811676025 18.1219024658 17235968 0.305769654193 0.0 0.305769654193 -1.14269804712 -1.40166932471 1.40166932471 -1.14269804712 
99.632951636 74.4331408535 3.04556179047 144.093399048 17.058549881 21496320 0.107811520137 0.0 0.107811520137 -2.46682610956 1.78611745548 -1.78611745548 -2.46682610956 
147.015890347 131.542346217 1.23127567768 112.21484375 15.5051460266 8388608 0.659613292251 0.0 0.659613292251 -0.465521498164 1.13988136628 -1.13988136628 -0.465521498164 
189.455112485 154.245461684 1.4530595541 259.380401611 15.147482872 8388608 0.473623421961 0.0 0.473623421961 -0.267780798571 -1.42817208756 1.42817208756 -0.267780798571 
136.840656948 125.947156239 1.63155138493 119.587478638 13.7604026794 9764864 0.375663056331 0.0 0.375663056331 -0.805581492225 1.41880174127 -1.41880174127 -0.805581492225 
109.27256345 97.6978605314 1.54890072346 140.222412109 13.3376483917 8388608 0.416824113096 0.0 0.416824113096 -1.19038264151 0.991000816307 -0.991000816307 -1.19038264151 
104.715585198 172.245103788 2.62446975708 288.946594238 12.7719936371 10748416 0.145183363925 0.0 0.145183363925 0.852130396479 -2.48228026081 2.48228026081 0.852130396479 
60.8797519963 73.7499771742 1.27420091629 349.546386719 12.4620170593 8388608 0.61591981177 0.0 0.61591981177 1.25305188668 -0.231190277416 0.231190277416 1.25305188668 
38.1797716262 179.743031524 1.95429742336 122.135498047 11.2174873352 22806528 0.261829563154 0.0 0.261829563154 -1.03953637074 1.65488445302 -1.65488445302 -1.03953637074 
156.971117603 153.120589403 4.68191766739 281.492828369 10.4576053619 19202305 0.0456197032038 0.0 0.0456197032038 0.932849982907 -4.58804358672 4.58804358672 0.932849982907 
80.4357855016 177.771849305 2.02703404427 256.373748779 9.83780574799 8782080 0.243376092718 0.0 0.243376092718 -0.477543704536 -1.96997944834 1.96997944834 -0.477543704536 
72.6655867126 47.3974454082 1.31462442875 187.852355957 9.786901474 8388608 0.578624213641 0.0 0.578624213641 -1.30229773731 -0.179605100322 0.179605100322 -1.30229773731 
146.758854724 148.090513108 4.1467666626 285.529693604 9.38945960999 10420481 0.0581541621634 0.0 0.0581541621634 1.11024594598 -3.99537578877 3.99537578877 1.11024594598 
73.6728162753 125.405357217 5.21114301682 320.084777832 9.33481025696 10224129 0.0368242589109 0.0 0.0368242589109 3.99691910798 -3.34374777547 3.34374777547 3.99691910798 
131.028871201 138.558956166 3.35393118858 295.774291992 9.10692977905 11730945 0.0888979413248 0.0 0.0888979413248 1.45838014585 -3.02026187076 3.02026187076 1.45838014585 
62.359387813 64.2219102386 1.65485095978 337.304046631 9.04729652405 10813440 0.365159183783 0.0 0.365159183783 1.52670814258 -0.638509159252 0.638509159252 1.52670814258 
125.075363342 182.04684363 2.02697515488 280.370788574 8.97817611694 8782080 0.243390234458 0.0 0.243390234458 0.364891328516 -1.99386122809 1.99386122809 0.364891328516 
161.214640091 146.1809458 1.85294628143 281.366333008 8.4687461853 18939904 0.291255638783 0.0 0.291255638783 0.365181060273 -1.81660472175 1.81660472175 0.365181060273 
82.7123552015 168.361694448 2.10636568069 307.234893799 8.25375843048 11534592 0.225388866639 0.0 0.225388866639 1.27452837951 -1.67700739135 1.67700739135 1.27452837951 
69.3830525152 155.765164246 1.76946294308 315.07598877 7.9653635025 15663104 0.319386868488 0.0 0.319386868488 1.25285755351 -1.24953873791 1.24953873791 1.25285755351 
139.455692384 152.766397682 2.41412997246 290.822021484 7.93472957611 21364992 0.171584756976 0.0 0.171584756976 0.858141689688 -2.25646102655 2.25646102655 0.858141689688 
46.5386707606 188.12492822 1.42051887512 113.251815796 7.76831054688 8388608 0.495571112049 0.0 0.495571112049 -0.56078246119 1.30514248487 -1.30514248487 -0.56078246119 
75.9160035485 104.082641889 1.34876894951 158.348266602 7.60814285278 8388608 0.549698916965 0.0 0.549698916965 -1.25360483065 0.497647071452 -0.497647071452 -1.25360483065 
123.686207026 101.500478968 2.06608533859 330.08190918 7.22714042664 10158336 0.234262885461 0.0 0.234262885461 1.79075738289 -1.03048368351 1.03048368351 1.79075738289 
93.1234596669 35.4709687452 1.5305737257 329.561950684 7.05222702026 8388608 0.426865929084 0.0 0.426865929084 1.31962612 -0.775398499629 0.775398499629 1.31962612 
88.8753649408 151.667007757 1.55227446556 136.900665283 7.01819610596 8388608 0.415014215557 0.0 0.415014215557 -1.133424573 1.06061527132 -1.06061527132 -1.133424573 
68.3557548151 196.645756099 1.64826869965 102.898834229 7.01272583008 10485760 0.368081488864 0.0 0.368081488864 -0.367943488178 1.60667585273 -1.60667585273 -0.367943488178 
20.5383187824 143.363683343 1.78952586651 150.509918213 6.78788757324 16449536 0.312265524999 0.0 0.312265524999 -1.55767654896 0.880935068951 -0.880935068951 -1.55767654896 
132.098072028 136.422056607 1.37875974178 300.075775146 6.54735946655 8388608 0.526044896961 0.0 0.526044896961 0.690958417518 -1.19312819547 1.19312819547 0.690958417518 
177.968851794 112.147727085 1.30048143864 306.986816406 6.44519424438 8388608 0.591277950545 0.0 0.591277950545 0.782410265066 -1.0387907149 1.0387907149 0.782410265066 
30.9342038137 170.414433179 1.24069428444 216.710159302 6.40417098999 8388608 0.649636528469 0.0 0.649636528469 -0.994626971093 -0.741646476303 0.741646476303 -0.994626971093 
145.988571646 119.70981848 1.97058236599 305.10748291 6.3938293457 23396352 0.257519912278 0.0 0.257519912278 1.13330576007 -1.6120834083 1.6120834083 1.13330576007 
59.8166892105 196.18050665 1.61429059505 104.288696289 6.35929489136 8978432 0.383739554388 0.0 0.383739554388 -0.398419564786 1.5643516151 -1.5643516151 -0.398419564786 
56.4116205739 111.99557121 1.45249259472 156.53894043 6.32439994812 8388608 0.473993238166 0.0 0.473993238166 -1.33241629249 0.578274641699 -0.578274641699 -1.33241629249 
146.437669713 141.834283879 1.85579478741 288.162078857 6.28938102722 19070976 0.290362213807 0.0 0.290362213807 0.578462578397 -1.76333642234 1.76333642234 0.578462578397 
55.3473178657 149.003328851 1.39203023911 142.059143066 6.28870248795 8388608 0.516062926506 0.0 0.516062926506 -1.09781886396 0.855886632986 -0.855886632986 -1.09781886396 
41.6497165604 126.887760063 1.58375549316 156.657852173 6.26372432709 8388608 0.398679340855 0.0 0.398679340855 -1.45413328193 0.627517219304 -0.627517219304 -1.45413328193 
44.595328451 21.8258076942 2.63214492798 242.476806641 6.20234680176 10945024 0.144337907056 0.0 0.144337907056 -1.21633427504 -2.33424888417 2.33424888417 -1.21633427504 
46.7372139643 134.67668135 1.30854046345 148.054138184 6.19751548767 8388608 0.584017265667 0.0 0.584017265667 -1.11035995936 0.692371941318 -0.692371941318 -1.11035995936 
70.7256933569 173.44302479 2.54376006126 275.47366333 6.05852222443 8454656 0.154542420965 0.0 0.154542420965 0.242644685838 -2.53216089649 2.53216089649 0.242644685838 
74.3103462876 138.054876188 1.56126499176 155.945129395 5.90395736694 8388608 0.410248268491 0.0 0.410248268491 -1.42567774258 0.636389306013 -0.636389306013 -1.42567774258 
181.45814419 115.939081081 2.49193835258 302.671813965 5.88942718506 23658752 0.16103690366 0.0 0.16103690366 1.34521381847 -2.09765500873 2.09765500873 1.34521381847 
72.8724683523 177.825096595 1.32346844673 276.124511719 5.71939849854 8388608 0.570916791994 0.0 0.570916791994 0.141200120027 -1.31591460802 1.31591460802 0.141200120027 
55.1922685788 21.5610510635 1.73121058941 230.978820801 5.70483398438 14024704 0.333656968928 0.0 0.333656968928 -1.08998337465 -1.34500050107 1.34500050107 -1.08998337465 
81.5393613334 146.214192231 1.71592307091 141.371398926 5.64865112305 13434880 0.339628692444 0.0 0.339628692444 -1.34049445197 1.07119867882 -1.07119867882 -1.34049445197 
53.3742947767 100.98695171 1.53480052948 182.561264038 5.5187664032 8388608 0.424518009575 0.0 0.424518009575 -1.53326727917 -0.0685865578296 0.0685865578296 -1.53326727917 
66.2057625521 130.792787971 1.39071202278 141.716751099 5.51180839539 8388608 0.517041712873 0.0 0.517041712873 -1.09164988369 0.861615031062 -0.861615031062 -1.09164988369 
115.83558492 174.225601734 1.48106205463 97.8265380859 5.5109462738 8388608 0.455883096433 0.0 0.455883096433 -0.201682809891 1.46726577479 -1.46726577479 -0.201682809891 
38.8469628019 112.18911849 1.24196267128 163.157943726 5.50523281097 8388608 0.648310289473 0.0 0.648310289473 -1.18869127125 0.359839323191 -0.359839323191 -1.18869127125 
102.77762108 161.832218839 1.37126946449 132.812789917 5.50364589691 8388608 0.531807416399 0.0 0.531807416399 -0.931921687308 1.00593335414 -1.00593335414 -0.931921687308 
125.250377546 132.521004257 1.30879938602 302.394836426 5.34976387024 8388608 0.583786213759 0.0 0.583786213759 0.701190188286 -1.10511906721 1.10511906721 0.701190188286 
29.4338264787 156.444173224 1.3176202774 146.996231079 5.1981010437 8388608 0.575995990741 0.0 0.575995990741 -1.10500213841 0.717700125083 -0.717700125083 -1.10500213841 
52.9026995121 71.0139516219 1.56723308563 316.253723145 5.18546867371 8388608 0.407129729978 0.0 0.407129729978 1.13218312291 -1.08368857192 1.08368857192 1.13218312291 
115.273894431 170.447950322 1.31708657742 79.2372131348 5.16984653473 8388608 0.576462886908 0.0 0.576462886908 0.245957077607 1.29391737309 -1.29391737309 0.245957077607 
92.9436646147 161.952624567 2.52613353729 139.678314209 5.14430999756 24707328 0.156706637062 0.0 0.156706637062 -1.92598350378 1.63460643318 -1.63460643318 -1.92598350378 
51.3975893829 195.628291224 1.39126288891 109.520248413 5.13335037231 8388608 0.51663235188 0.0 0.51663235188 -0.464876538956 1.31129791794 -1.31129791794 -0.464876538956 
62.8585372476 123.921879996 1.45190536976 159.656204224 5.10262680054 8388608 0.47437673003 0.0 0.47437673003 -1.36134055061 0.504758465003 -0.504758465003 -1.36134055061 
108.621270945 159.35456082 1.50432062149 308.906585693 5.06373214722 8388608 0.441895096203 0.0 0.441895096203 0.944792336682 -1.17061862824 1.17061862824 0.944792336682 
116.025905024 156.069908477 1.32349824905 300.806549072 5.05011558533 8388608 0.570891080657 0.0 0.570891080657 0.677817773825 -1.1367544505 1.1367544505 0.677817773825 
70.7794681235 166.596120176 1.54524827003 134.267105103 5.00938606262 8388608 0.418796909245 0.0 0.418796909245 -1.07858989654 1.1065423856 -1.1065423856 -1.07858989654 
82.7926786168 204.310740741 1.28017139435 95.5579223633 5.00622940063 8388608 0.610188140937 0.0 0.610188140937 -0.123987140905 1.27415304724 -1.27415304724 -0.123987140905 
185.632566346 99.0589523401 1.56300532818 38.2221679688 4.97803115845 8388608 0.40933519097 0.0 0.40933519097 1.22792444728 0.967050778237 -0.967050778237 1.22792444728 
81.3750119714 173.73915416 1.27154195309 207.461181641 4.92934703827 8388608 0.618498445443 0.0 0.618498445443 -1.12826901557 -0.586368456654 0.586368456654 -1.12826901557 
75.8435129225 204.595816483 1.38316380978 99.6791992188 4.85203170776 8388608 0.522700319596 0.0 0.522700319596 -0.232553429034 1.36347388216 -1.36347388216 -0.232553429034 
102.505329024 144.082935478 1.30258619785 129.736938477 4.82758903503 8388608 0.589368683782 0.0 0.589368683782 -0.832696092099 1.00167261171 -1.00167261171 -0.832696092099 
164.551904143 153.605831988 1.50917756557 253.654815674 4.82646751404 8388608 0.439055395695 0.0 0.439055395695 -0.424718090984 -1.44818212516 1.44818212516 -0.424718090984 
71.2904034086 87.5378120399 1.49492263794 169.881713867 4.73039627075 8388608 0.447468597635 0.0 0.447468597635 -1.4716723468 0.262629391119 -0.262629391119 -1.4716723468 
109.150829788 150.433599085 1.39014744759 310.083648682 4.70922851562 8388608 0.517461766447 0.0 0.517461766447 0.895123318934 -1.06360903058 1.06360903058 0.895123318934 
175.257114959 204.039149475 1.21541512012 64.2844238281 4.41139984131 8388608 0.676940862492 0.0 0.676940862492 0.527373520312 1.09503930719 -1.09503930719 0.527373520312 
68.0031938871 203.925648182 1.38045454025 104.370025635 4.37331771851 8388608 0.524754028216 0.0 0.524754028216 -0.34260553905 1.33726443994 -1.33726443994 -0.34260553905 
34.2426019223 95.3935361534 1.39350235462 182.945343018 4.34908866882 8388608 0.514973150148 0.0 0.514973150148 -1.39166154631 -0.0716027434338 0.0716027434338 -1.39166154631 
191.155283573 195.87703108 1.51753807068 56.8154602051 4.3454284668 8388608 0.434230985071 0.0 0.434230985071 0.830605369636 1.27004587157 -1.27004587157 0.830605369636 
51.1163242249 80.4835127557 1.57882261276 334.233123779 4.25999259949 8388608 0.40117450374 0.0 0.40117450374 1.42184065346 -0.686330823095 0.686330823095 1.42184065346 
74.1410057101 145.213777099 2.57356381416 143.952255249 4.19357967377 9306624 0.150983718438 0.0 0.150983718438 -2.08079559904 1.51443731484 -1.51443731484 -2.08079559904 
164.656071898 209.442363945 1.5865778923 92.2066650391 4.17865753174 8388608 0.397262163188 0.0 0.397262163188 -0.0610896744328 1.58540135613 -1.58540135613 -0.0610896744328 
163.968721321 131.23085004 1.27399158478 294.866882324 4.15713119507 8388608 0.616122233858 0.0 0.616122233858 0.535728061725 -1.15587629181 1.15587629181 0.535728061725 
20.9409611466 159.671559055 2.22926592827 212.260955811 4.11697387695 15663360 0.201222362307 0.0 0.201222362307 -1.88512471972 -1.18992914497 1.18992914497 -1.88512471972 
207.736685804 118.176964973 2.04284358025 301.098999023 4.08274078369 9306368 0.239623701073 0.0 0.239623701073 1.05516623524 -1.74923815113 1.74923815113 1.05516623524 
182.918012324 203.545943319 1.26857256889 87.9521484375 4.07453918457 8388608 0.621397308301 0.0 0.621397308301 0.0453313535709 1.26776237163 -1.26776237163 0.0453313535709 
34.8557228653 103.033274198 1.54989469051 182.426376343 4.04616069794 8388608 0.416289655383 0.0 0.416289655383 -1.54850512717 -0.0656157208739 0.0656157208739 -1.54850512717 
193.060632316 112.745740433 1.4791892767 299.428771973 3.90355300903 8388608 0.457038199826 0.0 0.457038199826 0.726786612576 -1.2883253223 1.2883253223 0.726786612576 
171.594766531 180.15270179 1.25945293903 70.1715698242 3.86983299255 8388608 0.630428896821 0.0 0.630428896821 0.427212411421 1.18478321273 -1.18478321273 0.427212411421 
181.408696714 90.6817220327 1.71308147907 265.469787598 3.85706710815 13303808 0.340756352225 0.0 0.340756352225 -0.135307338365 -1.70772950965 1.70772950965 -0.135307338365 
70.0485520373 210.819899358 1.34554314613 269.968200684 3.75245666504 8388608 0.552337771297 0.0 0.552337771297 -0.000746780136498 -1.3455429389 1.3455429389 -0.000746780136498 
100.979306961 211.576782644 1.24862098694 98.2527770996 3.66766738892 8388608 0.641414449598 0.0 0.641414449598 -0.179227792854 1.2356908057 -1.2356908057 -0.179227792854 
161.178601862 60.5952551791 3.32839751244 343.661895752 3.65729904175 11206657 0.090267127504 0.0 0.090267127504 3.19399157486 -0.936294729502 0.936294729502 3.19399157486 
208.198585772 111.197259734 1.48271083832 285.482727051 3.64129638672 8388608 0.454869770476 0.0 0.454869770476 0.395806482952 -1.42890470575 1.42890470575 0.395806482952 
31.7723287083 194.063859446 1.35358536243 129.145278931 3.63104248047 8388608 0.545793930025 0.0 0.545793930025 -0.854503406182 1.0497700997 -1.0497700997 -0.854503406182 
184.536276366 106.826897329 1.67274689674 300.534423828 3.6272277832 11599872 0.357387644632 0.0 0.357387644632 0.849849007048 -1.44077716729 1.44077716729 0.849849007048 
178.190401751 75.1643393646 3.40957903862 268.992553711 3.61978149414 12976129 0.0860198092463 0.0 0.0860198092463 -0.059948407771 -3.40905198098 3.40905198098 -0.059948407771 
96.8719310599 22.1336788112 1.21037530899 301.093811035 3.60251235962 8388608 0.682589948134 0.0 0.682589948134 0.625087233731 -1.0364720637 1.0364720637 0.625087233731 
114.444083304 40.4910388093 1.41302871704 274.433502197 3.58332824707 8388608 0.50083886624 0.0 0.50083886624 0.109229967507 -1.4088005428 1.4088005428 0.109229967507 
132.311531873 45.1824585219 1.65906262398 352.423278809 3.54036331177 11010048 0.363307564969 0.0 0.363307564969 1.64457766863 -0.218753473418 0.218753473418 1.64457766863 
203.442821989 204.823844964 2.18659090996 205.311798096 3.53509521484 14221568 0.209153397333 0.0 0.209153397333 -1.97666622378 -0.93486386564 0.93486386564 -1.97666622378 
194.404692426 94.3821094155 1.25375437737 322.904602051 3.52717208862 8388608 0.636172768841 0.0 0.636172768841 1.00003508355 -0.75619433378 0.75619433378 1.00003508355 
168.267201293 87.8238903316 1.39863789082 272.876708984 3.52700805664 8388608 0.511198323347 0.0 0.511198323347 0.0701933721135 -1.39687538461 1.39687538461 0.0701933721135 
22.5747022007 200.984444665 1.65261602402 90.7556152344 3.52682876587 10682368 0.366147506712 0.0 0.366147506712 -0.0217940249322 1.65247231242 -1.65247231242 -0.0217940249322 
214.727344155 177.530347727 1.3824249506 4.45153808594 3.52616500854 8388608 0.523259200038 0.0 0.523259200038 1.37825464371 0.107298094765 -0.107298094765 1.37825464371 
204.614700345 91.8121774338 2.16484594345 343.029571533 3.52165222168 13500672 0.21337621529 0.0 0.21337621529 2.07057886913 -0.631871114707 0.631871114707 2.07057886913 
168.080060725 71.7860863811 1.56995749474 326.183074951 3.52071762085 8388608 0.405717939483 0.0 0.405717939483 1.30435224984 -0.873745811781 0.873745811781 1.30435224984 
141.211545992 51.8136084303 2.44145512581 281.253173828 3.50276565552 22216960 0.167765442762 0.0 0.167765442762 0.476436908683 -2.3945168622 2.3945168622 0.476436908683 
143.405242372 57.2750838783 2.13665747643 284.019927979 3.46345901489 12583168 0.219043407269 0.0 0.219043407269 0.517625269337 -2.07300970864 2.07300970864 0.517625269337 
183.970641968 135.736042281 1.42633879185 279.567077637 3.43701171875 8388608 0.491535186745 0.0 0.491535186745 0.237060591388 -1.40650084434 1.40650084434 0.237060591388 
84.4375630619 73.0423112063 1.28465628624 330.131317139 3.38369941711 8388608 0.605935095318 0.0 0.605935095318 1.11401421812 -0.639776598195 0.639776598195 1.11401421812 
51.9624912551 92.0662497079 1.69364655018 345.788787842 3.19384765625 12451840 0.348621716053 0.0 0.348621716053 1.64181643923 -0.415785301329 0.415785301329 1.64181643923 
93.5930712268 97.6309113338 1.26856541634 337.218231201 2.86626815796 8388608 0.621404315574 0.0 0.621404315574 1.16960007436 -0.491216735842 0.491216735842 1.16960007436 
82.1452944291 121.100380407 1.62957453728 146.68069458 2.80731201172 9699328 0.376575047844 0.0 0.376575047844 -1.36170886271 0.895132473859 -0.895132473859 -1.36170886271 
71.3296598173 148.098251529 1.29399430752 317.360778809 2.76113700867 8388608 0.597221272315 0.0 0.597221272315 0.951905647782 -0.876525473452 0.876525473452 0.951905647782 
116.033176169 126.197072815 1.4564602375 310.36706543 2.69277000427 8388608 0.471414281022 0.0 0.471414281022 0.943323151036 -1.10969268545 1.10969268545 0.943323151036 
196.90511202 179.348098218 1.26824116707 17.223449707 2.23179244995 8388608 0.621722103164 0.0 0.621722103164 1.2113697535 0.375524936804 -0.375524936804 1.2113697535 
133.006440503 144.016481686 1.28319120407 289.48928833 1.61383247375 8388608 0.607319536688 0.0 0.607319536688 0.428111880701 -1.20966932829 1.20966932829 0.428111880701 
97.1619670487 44.2229768674 1.24594116211 319.095550537 0.695606231689 8388608 0.644176581454 0.0 0.644176581454 0.941685596149 -0.815841661994 0.815841661994 0.941685596149 
120.028599208 61.6521226601 1.33367657661 317.624481201 0.205951690674 8388608 0.562210500276 0.0 0.562210500276 0.985244752026 -0.898880408962 0.898880408962 0.985244752026 
142.12858217 86.3947952733 3.11941862106 320.971282959 -0.22155380249 23200256 0.102766763539 0.0 0.102766763539 2.42325935281 -1.96432854748 1.96432854748 2.42325935281 
119.327733958 63.2043387597 2.61013698578 312.404449463 -0.434692382812 10355200 0.146782202011 0.0 0.146782202011 1.76017127913 -1.92733291174 1.92733291174 1.76017127913 
130.524205662 73.1673329316 1.72014069557 319.543304443 -1.67342758179 13565952 0.33796525844 0.0 0.33796525844 1.30884921456 -1.11615310155 1.11615310155 1.30884921456 
126.134432305 67.9970464631 1.45649826527 314.995117188 -2.86756896973 8388608 0.471389665 0.0 0.471389665 1.02981202717 -1.02998756567 1.02998756567 1.02981202717 
