13
131
64.2856420255 50.4050272773 1.42273724079 134.447216961 71.4760513306 8388608 0.494026904394 0.0 0.494026904394 -0.996274447077 1.01568621259 -1.01568621259 -0.996274447077 
63.4716563808 39.0779617413 1.45992970467 120.653592828 68.6634063721 8388608 0.469176347313 0.0 0.469176347313 -0.744339767437 1.25592716874 -1.25592716874 -0.744339767437 
78.5421826743 61.8029263263 2.94167041779 128.057105877 62.0041351318 19005952 0.115561181578 0.0 0.115561181578 -1.81338263426 2.31626170124 -2.31626170124 -1.81338263426 
57.865223649 51.2461193764 1.37903094292 127.533459955 57.6582832336 8388608 0.525838012634 0.0 0.525838012634 -0.840139619717 1.09356836133 -1.09356836133 -0.840139619717 
147.740996641 173.281119845 3.35328173637 151.325326453 47.1284942627 11730945 0.0889323795616 0.0 0.0889323795616 -2.94202973533 1.60902437518 -1.60902437518 -2.94202973533 
86.7006703621 29.1549305606 1.67815387249 144.031004893 45.7992897034 11796480 0.35508836409 0.0 0.35508836409 -1.35818857802 0.985659274943 -0.985659274943 -1.35818857802 
78.5641643065 42.9835592332 2.15684318542 136.74575807 44.5082321167 13238528 0.214962576477 0.0 0.214962576477 -1.57087254628 1.47794856807 -1.47794856807 -1.57087254628 
80.480942552 43.2793636951 1.54857838154 135.791128958 44.0367507935 8388608 0.416997657903 0.0 0.416997657903 -1.11002509963 1.07978668354 -1.07978668354 -1.11002509963 
147.341173693 188.07931573 1.68438994884 137.078123389 40.323928833 12058624 0.352463961029 0.0 0.352463961029 -1.23345001257 1.14707042777 -1.14707042777 -1.23345001257 
104.794409609 183.484714557 1.4878371954 154.641781208 40.08984375 8388608 0.451740654316 0.0 0.451740654316 -1.34448086876 0.637205393539 -0.637205393539 -1.34448086876 
90.1446761636 60.7874875458 2.72712039948 128.953780665 37.6733322144 13500928 0.134459464095 0.0 0.134459464095 -1.71452226506 2.12075436481 -2.12075436481 -1.71452226506 
138.045638225 166.380696687 1.31989598274 143.065104237 33.658405304 8388608 0.574011490207 0.0 0.574011490207 -1.05501770827 0.7931349447 -0.7931349447 -1.05501770827 
85.0840092112 82.6416989601 4.59734487534 127.646874551 32.3461723328 17826049 0.0473135823384 0.0 0.0473135823384 -2.80802672993 3.6401326606 -3.6401326606 -2.80802672993 
41.8861468996 55.4067234689 1.89559900761 122.449737239 26.8021812439 20643840 0.278296057986 0.0 0.278296057986 -1.01710172394 1.59962485627 -1.59962485627 -1.01710172394 
55.247332618 36.5523666338 1.36198270321 124.614312786 26.026966095 8388608 0.539084463544 0.0 0.539084463544 -0.773673390778 1.12090426364 -1.12090426364 -0.773673390778 
133.01535982 180.412417999 3.57990908623 154.175629673 25.5198612213 16449537 0.0780289934577 0.0 0.0780289934577 -3.22239633786 1.5594585302 -1.5594585302 -3.22239633786 
115.417314717 146.828367346 1.45319616795 153.874308247 23.4395637512 8388608 0.473534376205 0.0 0.473534376205 -1.30472342683 0.63990302547 -0.63990302547 -1.30472342683 
108.25616448 165.244601062 5.30646944046 159.047010326 23.1190814972 11534849 0.0355131066003 0.0 0.0355131066003 -4.95557462621 1.89760323741 -1.89760323741 -4.95557462621 
108.886332627 141.066131072 1.50141882896 152.797866594 22.4875640869 8388608 0.443604848341 0.0 0.443604848341 -1.33536093453 0.686345156963 -0.686345156963 -1.33536093453 
49.1489064109 51.9128728558 1.33550083637 120.993338097 22.2702445984 8388608 0.56067561916 0.0 0.56067561916 -0.687700672906 1.14482761516 -1.14482761516 -0.687700672906 
26.9184198455 66.5289742923 1.52186954021 121.009849074 20.5494651794 8388608 0.431762729243 0.0 0.431762729243 -0.784044988072 1.30436204871 -1.30436204871 -0.784044988072 
94.898604147 178.779773526 1.95079827309 149.63165226 20.2288036346 22675456 0.262769693847 0.0 0.262769693847 -1.68313526791 0.98624011893 -0.98624011893 -1.68313526791 
147.924471969 130.121163235 3.63645577431 153.850050916 20.0054035187 17629185 0.0756211677831 0.0 0.0756211677831 -3.26424163855 1.60266563065 -1.60266563065 -3.26424163855 
93.5927463085 123.400838644 1.95138680935 134.14169703 19.876871109 22740992 0.262611215608 0.0 0.262611215608 -1.35901451945 1.40035353237 -1.40035353237 -1.35901451945 
169.285435039 122.667003624 3.0555562973 147.403044306 19.618183136 21758464 0.107107386015 0.0 0.107107386015 -2.57424819341 1.64610768928 -1.64610768928 -2.57424819341 
123.889689145 89.4967189426 1.34513676167 141.427612072 19.2519950867 8388608 0.55267155951 0.0 0.55267155951 -1.05165622556 0.838696661984 -0.838696661984 -1.05165622556 
106.24827487 130.17275265 5.98881816864 170.886975728 19.0062198639 20251137 0.0278816034033 0.0 0.0278816034033 -5.9132262835 0.948524104621 -0.948524104621 -5.9132262835 
180.274352903 154.578314447 2.53401327133 143.979774208 18.9645214081 24903936 0.155733566584 0.0 0.155733566584 -2.049533885 1.49017922195 -1.49017922195 -2.049533885 
161.671471184 119.799854483 1.49116718769 141.600863063 18.4101219177 8388608 0.449725302505 0.0 0.449725302505 -1.16863192078 0.92621758533 -0.92621758533 -1.16863192078 
99.632951636 74.4331408535 3.04556179047 131.489695314 17.058549881 21496320 0.107811520137 0.0 0.107811520137 -2.01764002999 2.28135383685 -2.28135383685 -2.01764002999 
147.015890347 131.542346217 1.23127567768 137.050311065 15.5051460266 8388608 0.659613292251 0.0 0.659613292251 -0.901235037213 0.83893694766 -0.83893694766 -0.901235037213 
189.455112485 154.245461684 1.4530595541 145.73064863 15.147482872 8388608 0.473623421961 0.0 0.473623421961 -1.20080785952 0.818194690937 -0.818194690937 -1.20080785952 
136.840656948 125.947156239 1.63155138493 141.535476481 13.7604026794 9764864 0.375663056331 0.0 0.375663056331 -1.27749405799 1.01487381159 -1.01487381159 -1.27749405799 
109.27256345 97.6978605314 1.54890072346 132.537276699 13.3376483917 8388608 0.416824113096 0.0 0.416824113096 -1.04716490641 1.14128835529 -1.14128835529 -1.04716490641 
104.715585198 172.245103788 2.62446975708 149.469147422 12.7719936371 10748416 0.145183363925 0.0 0.145183363925 -2.26060208118 1.3332365643 -1.3332365643 -2.26060208118 
60.8797519963 73.7499771742 1.27420091629 123.052092582 12.4620170593 8388608 0.61591981177 0.0 0.61591981177 -0.694950859445 1.06800340731 -1.06800340731 -0.694950859445 
38.1797716262 179.743031524 1.95429742336 126.787663746 11.2174873352 22806528 0.261829563154 0.0 0.261829563154 -1.17033331914 1.56511927375 -1.56511927375 -1.17033331914 
80.4357855016 177.771849305 2.02703404427 148.624247986 9.83780574799 8782080 0.243376092718 0.0 0.243376092718 -1.73062332054 1.05537194344 -1.05537194344 -1.73062332054 
72.6655867126 47.3974454082 1.31462442875 136.20842616 9.786901474 8388608 0.578624213641 0.0 0.578624213641 -0.948977432271 0.909768773757 -0.909768773757 -0.948977432271 
146.758854724 148.090513108 4.1467666626 159.753235405 9.38945960999 10420481 0.0581541621634 0.0 0.0581541621634 -3.89054159605 1.43504698299 -1.43504698299 -3.89054159605 
131.028871201 138.558956166 3.35393118858 163.497206874 9.10692977905 11730945 0.0888979413248 0.0 0.0888979413248 -3.21576897222 0.952724690053 -0.952724690053 -3.21576897222 
62.359387813 64.2219102386 1.65485095978 124.529119298 9.04729652405 10813440 0.365159183783 0.0 0.365159183783 -0.938010907614 1.36332946725 -1.36332946725 -0.938010907614 
125.075363342 182.04684363 2.02697515488 146.199480617 8.97817611694 8782080 0.243390234458 0.0 0.243390234458 -1.68437465163 1.12761266019 -1.12761266019 -1.68437465163 
161.214640091 146.1809458 1.85294628143 150.876646461 8.4687461853 18939904 0.291255638783 0.0 0.291255638783 -1.61868555038 0.901813179579 -0.901813179579 -1.61868555038 
82.7123552015 168.361694448 2.10636568069 152.345481587 8.25375843048 11534592 0.225388866639 0.0 0.225388866639 -1.86573939419 0.977646609864 -0.977646609864 -1.86573939419 
69.3830525152 155.765164246 1.76946294308 156.600237213 7.9653635025 15663104 0.319386868488 0.0 0.319386868488 -1.62393571041 0.702731752082 -0.702731752082 -1.62393571041 
139.455692384 152.766397682 2.41412997246 148.369760747 7.93472957611 21364992 0.171584756976 0.0 0.171584756976 -2.05551161473 1.2660551037 -1.2660551037 -2.05551161473 
46.5386707606 188.12492822 1.42051887512 128.351511274 7.76831054688 8388608 0.495571112049 0.0 0.495571112049 -0.881409699105 1.11399767365 -1.11399767365 -0.881409699105 
75.9160035485 104.082641889 1.34876894951 125.012214954 7.60814285278 8388608 0.549698916965 0.0 0.549698916965 -0.773857613515 1.10468188777 -1.10468188777 -0.773857613515 
123.686207026 101.500478968 2.06608533859 136.947874417 7.22714042664 10158336 0.234262885461 0.0 0.234262885461 -1.50975661819 1.41044091694 -1.41044091694 -1.50975661819 
93.1234596669 35.4709687452 1.5305737257 130.574199776 7.05222702026 8388608 0.426865929084 0.0 0.426865929084 -0.995534515708 1.1625691196 -1.1625691196 -0.995534515708 
88.8753649408 151.667007757 1.55227446556 135.160322379 7.01819610596 8388608 0.415014215557 0.0 0.415014215557 -1.10069081958 1.09454818812 -1.09454818812 -1.10069081958 
68.3557548151 196.645756099 1.64826869965 129.244501158 7.01272583008 10485760 0.368081488864 0.0 0.368081488864 -1.04274588388 1.27650723769 -1.27650723769 -1.04274588388 
132.098072028 136.422056607 1.37875974178 139.30493798 6.54735946655 8388608 0.526044896961 0.0 0.526044896961 -1.04536258465 0.89899693669 -0.89899693669 -1.04536258465 
177.968851794 112.147727085 1.30048143864 131.313156647 6.44519424438 8388608 0.591277950545 0.0 0.591277950545 -0.858544242579 0.976807942111 -0.976807942111 -0.858544242579 
30.9342038137 170.414433179 1.24069428444 123.736550119 6.40417098999 8388608 0.649636528469 0.0 0.649636528469 -0.689050631178 1.03176137508 -1.03176137508 -0.689050631178 
145.988571646 119.70981848 1.97058236599 141.576262331 6.3938293457 23396352 0.257519912278 0.0 0.257519912278 -1.54382526156 1.22466257513 -1.22466257513 -1.54382526156 
59.8166892105 196.18050665 1.61429059505 127.652265919 6.35929489136 8978432 0.383739554388 0.0 0.383739554388 -0.98611789634 1.27808670277 -1.27808670277 -0.98611789634 
56.4116205739 111.99557121 1.45249259472 124.575071434 6.32439994812 8388608 0.473993238166 0.0 0.473993238166 -0.824268568543 1.19595822027 -1.19595822027 -0.824268568543 
146.437669713 141.834283879 1.85579478741 149.127789932 6.28938102722 19070976 0.290362213807 0.0 0.290362213807 -1.59285443476 0.952254715203 -0.952254715203 -1.59285443476 
55.3473178657 149.003328851 1.39203023911 136.143829815 6.28870248795 8388608 0.516062926506 0.0 0.516062926506 -1.00376702397 0.964468738829 -0.964468738829 -1.00376702397 
41.6497165604 126.887760063 1.58375549316 132.129692745 6.26372432709 8388608 0.398679340855 0.0 0.398679340855 -1.06240068155 1.17455789724 -1.17455789724 -1.06240068155 
46.7372139643 134.67668135 1.30854046345 131.771434987 6.19751548767 8388608 0.584017265667 0.0 0.584017265667 -0.871698267407 0.975920219628 -0.975920219628 -0.871698267407 
70.7256933569 173.44302479 2.54376006126 151.627894333 6.05852222443 8454656 0.154542420965 0.0 0.154542420965 -2.23820366701 1.20878434564 -1.20878434564 -2.23820366701 
74.3103462876 138.054876188 1.56126499176 129.811245418 5.90395736694 8388608 0.410248268491 0.0 0.410248268491 -0.999616269647 1.19929799798 -1.19929799798 -0.999616269647 
72.8724683523 177.825096595 1.32346844673 143.149471352 5.71939849854 8388608 0.570916791994 0.0 0.570916791994 -1.0590431382 0.793723100918 -0.793723100918 -1.0590431382 
81.5393613334 146.214192231 1.71592307091 131.74921457 5.64865112305 13434880 0.339628692444 0.0 0.339628692444 -1.14258416398 1.28019272514 -1.28019272514 -1.14258416398 
53.3742947767 100.98695171 1.53480052948 125.472267232 5.5187664032 8388608 0.424518009575 0.0 0.424518009575 -0.890658304011 1.24993617869 -1.24993617869 -0.890658304011 
66.2057625521 130.792787971 1.39071202278 125.874216862 5.51180839539 8388608 0.517041712873 0.0 0.517041712873 -0.814968062475 1.12690149856 -1.12690149856 -0.814968062475 
115.83558492 174.225601734 1.48106205463 132.685229294 5.5109462738 8388608 0.455883096433 0.0 0.455883096433 -1.00411591995 1.08871301498 -1.08871301498 -1.00411591995 
38.8469628019 112.18911849 1.24196267128 127.865569523 5.50523281097 8388608 0.648310289473 0.0 0.648310289473 -0.76233023584 0.980471258312 -0.980471258312 -0.76233023584 
102.77762108 161.832218839 1.37126946449 133.886879542 5.50364589691 8388608 0.531807416399 0.0 0.531807416399 -0.950614465591 0.988287449106 -0.988287449106 -0.950614465591 
125.250377546 132.521004257 1.30879938602 139.505839279 5.34976387024 8388608 0.583786213759 0.0 0.583786213759 -0.995305482902 0.849895775118 -0.849895775118 -0.995305482902 
29.4338264787 156.444173224 1.3176202774 132.464527351 5.1981010437 8388608 0.575995990741 0.0 0.575995990741 -0.889569746438 0.972002500847 -0.972002500847 -0.889569746438 
52.9026995121 71.0139516219 1.56723308563 123.78823473 5.18546867371 8388608 0.407129729978 0.0 0.407129729978 -0.871577448306 1.30252535342 -1.30252535342 -0.871577448306 
115.273894431 170.447950322 1.31708657742 129.632894697 5.16984653473 8388608 0.576462886908 0.0 0.576462886908 -0.840125079136 1.01435048372 -1.01435048372 -0.840125079136 
92.9436646147 161.952624567 2.52613353729 148.864810009 5.14430999756 24707328 0.156706637062 0.0 0.156706637062 -2.16224318797 1.30616042059 -1.30616042059 -2.16224318797 
51.3975893829 195.628291224 1.39126288891 125.808267488 5.13335037231 8388608 0.51663235188 0.0 0.51663235188 -0.813992719095 1.12828554866 -1.12828554866 -0.813992719095 
62.8585372476 123.921879996 1.45190536976 124.973824818 5.10262680054 8388608 0.47437673003 0.0 0.47437673003 -0.832235283233 1.18971157684 -1.18971157684 -0.832235283233 
108.621270945 159.35456082 1.50432062149 153.362868156 5.06373214722 8388608 0.441895096203 0.0 0.441895096203 -1.34465785025 0.674444807235 -0.674444807235 -1.34465785025 
116.025905024 156.069908477 1.32349824905 143.094827317 5.05011558533 8388608 0.570891080657 0.0 0.570891080657 -1.05830949925 0.794750664701 -0.794750664701 -1.05830949925 
70.7794681235 166.596120176 1.54524827003 133.113823924 5.00938606262 8388608 0.418796909245 0.0 0.418796909245 -1.05609980999 1.12802721926 -1.12802721926 -1.05609980999 
82.7926786168 204.310740741 1.28017139435 125.934189335 5.00622940063 8388608 0.610188140937 0.0 0.610188140937 -0.751275774129 1.03654402227 -1.03654402227 -0.751275774129 
185.632566346 99.0589523401 1.56300532818 124.831393651 4.97803115845 8388608 0.40933519097 0.0 0.40933519097 -0.89273145025 1.282971634 -1.282971634 -0.89273145025 
81.3750119714 173.73915416 1.27154195309 131.990603567 4.92934703827 8388608 0.618498445443 0.0 0.618498445443 -0.850672657739 0.94507934473 -0.94507934473 -0.850672657739 
75.8435129225 204.595816483 1.38316380978 125.574759802 4.85203170776 8388608 0.522700319596 0.0 0.522700319596 -0.804675910423 1.12500613503 -1.12500613503 -0.804675910423 
102.505329024 144.082935478 1.30258619785 139.553997368 4.82758903503 8388608 0.589368683782 0.0 0.589368683782 -0.99129113717 0.845028215034 -0.845028215034 -0.99129113717 
164.551904143 153.605831988 1.50917756557 130.048483846 4.82646751404 8388608 0.439055395695 0.0 0.439055395695 -0.971058585067 1.15527578907 -1.15527578907 -0.971058585067 
71.2904034086 87.5378120399 1.49492263794 125.237329664 4.73039627075 8388608 0.447468597635 0.0 0.447468597635 -0.862517418758 1.22100671405 -1.22100671405 -0.862517418758 
109.150829788 150.433599085 1.39014744759 144.392102666 4.70922851562 8388608 0.517461766447 0.0 0.517461766447 -1.13021839613 0.809392551904 -0.809392551904 -1.13021839613 
175.257114959 204.039149475 1.21541512012 125.299499242 4.41139984131 8388608 0.676940862492 0.0 0.676940862492 -0.702328224438 0.991952105389 -0.991952105389 -0.702328224438 
68.0031938871 203.925648182 1.38045454025 125.27814847 4.37331771851 8388608 0.524754028216 0.0 0.524754028216 -0.797276443615 1.12694498986 -1.12694498986 -0.797276443615 
34.2426019223 95.3935361534 1.39350235462 124.969504482 4.34908866882 8388608 0.514973150148 0.0 0.514973150148 -0.798672446415 1.1419155554 -1.1419155554 -0.798672446415 
191.155283573 195.87703108 1.51753807068 125.386953139 4.3454284668 8388608 0.434230985071 0.0 0.434230985071 -0.878799534616 1.2371876066 -1.2371876066 -0.878799534616 
51.1163242249 80.4835127557 1.57882261276 121.398297989 4.25999259949 8388608 0.40117450374 0.0 0.40117450374 -0.822541756302 1.34762973465 -1.34762973465 -0.822541756302 
74.1410057101 145.213777099 2.57356381416 146.878617452 4.19357967377 9306624 0.150983718438 0.0 0.150983718438 -2.15539792541 1.40623272922 -1.40623272922 -2.15539792541 
164.656071898 209.442363945 1.5865778923 125.197513993 4.17865753174 8388608 0.397262163188 0.0 0.397262163188 -0.914498516103 1.29650371091 -1.29650371091 -0.914498516103 
163.968721321 131.23085004 1.27399158478 132.037476951 4.15713119507 8388608 0.616122233858 0.0 0.616122233858 -0.853085851484 0.94620245618 -0.94620245618 -0.853085851484 
182.918012324 203.545943319 1.26857256889 125.033737642 4.07453918457 8388608 0.621397308301 0.0 0.621397308301 -0.728235095128 1.03872518443 -1.03872518443 -0.728235095128 
34.8557228653 103.033274198 1.54989469051 126.19615412 4.04616069794 8388608 0.416289655383 0.0 0.416289655383 -0.915292635071 1.25076494349 -1.25076494349 -0.915292635071 
193.060632316 112.745740433 1.4791892767 127.402824631 3.90355300903 8388608 0.457038199826 0.0 0.457038199826 -0.898481758815 1.17504529503 -1.17504529503 -0.898481758815 
171.594766531 180.15270179 1.25945293903 131.564727543 3.86983299255 8388608 0.630428896821 0.0 0.630428896821 -0.835603859863 0.942331096283 -0.942331096283 -0.835603859863 
181.408696714 90.6817220327 1.71308147907 124.916255518 3.85706710815 13303808 0.340756352225 0.0 0.340756352225 -0.980531071775 1.40470885639 -1.40470885639 -0.980531071775 
70.0485520373 210.819899358 1.34554314613 124.974152882 3.75245666504 8388608 0.552337771297 0.0 0.552337771297 -0.771274540701 1.10255246631 -1.10255246631 -0.771274540701 
100.979306961 211.576782644 1.24862098694 125.071377399 3.66766738892 8388608 0.641414449598 0.0 0.641414449598 -0.717453207176 1.02191744507 -1.02191744507 -0.717453207176 
161.178601862 60.5952551791 3.32839751244 124.929250944 3.65729904175 11206657 0.090267127504 0.0 0.090267127504 -1.90572228125 2.72881889973 -2.72881889973 -1.90572228125 
31.7723287083 194.063859446 1.35358536243 125.00411783 3.63104248047 8388608 0.545793930025 0.0 0.545793930025 -0.776464355033 1.10873641537 -1.10873641537 -0.776464355033 
184.536276366 106.826897329 1.67274689674 129.122627432 3.6272277832 11599872 0.357387644632 0.0 0.357387644632 -1.05547357878 1.29771248937 -1.29771248937 -1.05547357878 
96.8719310599 22.1336788112 1.21037530899 124.755622885 3.60251235962 8388608 0.682589948134 0.0 0.682589948134 -0.690007602536 0.994433455319 -0.994433455319 -0.690007602536 
114.444083304 40.4910388093 1.41302871704 124.95359728 3.58332824707 8388608 0.50083886624 0.0 0.50083886624 -0.809542285746 1.15814137426 -1.15814137426 -0.809542285746 
132.311531873 45.1824585219 1.65906262398 124.933394056 3.54036331177 11010048 0.363307564969 0.0 0.363307564969 -0.950018728361 1.36012984896 -1.36012984896 -0.950018728361 
194.404692426 94.3821094155 1.25375437737 124.933541326 3.52717208862 8388608 0.636172768841 0.0 0.636172768841 -0.717932225816 1.02784889838 -1.02784889838 -0.717932225816 
168.267201293 87.8238903316 1.39863789082 124.955035741 3.52700805664 8388608 0.511198323347 0.0 0.511198323347 -0.801326376513 1.14632630081 -1.14632630081 -0.801326376513 
168.080060725 71.7860863811 1.56995749474 124.932591369 3.52071762085 8388608 0.405717939483 0.0 0.405717939483 -0.898976980029 1.2870924305 -1.2870924305 -0.898976980029 
141.211545992 51.8136084303 2.44145512581 124.960873715 3.50276565552 22216960 0.167765442762 0.0 0.167765442762 -1.39899509178 2.00087877306 -2.00087877306 -1.39899509178 
143.405242372 57.2750838783 2.13665747643 124.918588379 3.46345901489 12583168 0.219043407269 0.0 0.219043407269 -1.22304821679 1.75198693801 -1.75198693801 -1.22304821679 
183.970641968 135.736042281 1.42633879185 132.080067059 3.43701171875 8388608 0.491535186745 0.0 0.491535186745 -0.955887254991 1.05864153748 -1.05864153748 -0.955887254991 
84.4375630619 73.0423112063 1.28465628624 127.068690222 3.38369941711 8388608 0.605935095318 0.0 0.605935095318 -0.774354904512 1.02504451398 -1.02504451398 -0.774354904512 
51.9624912551 92.0662497079 1.69364655018 125.089466127 3.19384765625 12451840 0.348621716053 0.0 0.348621716053 -0.97360089099 1.38583546714 -1.38583546714 -0.97360089099 
93.5930712268 97.6309113338 1.26856541634 125.179758255 2.86626815796 8388608 0.621404315574 0.0 0.621404315574 -0.730875839571 1.03686003041 -1.03686003041 -0.730875839571 
82.1452944291 121.100380407 1.62957453728 126.846036848 2.80731201172 9699328 0.376575047844 0.0 0.376575047844 -0.977201729225 1.30406669804 -1.30406669804 -0.977201729225 
71.3296598173 148.098251529 1.29399430752 136.11224463 2.76113700867 8388608 0.597221272315 0.0 0.597221272315 -0.932580767709 0.897058738093 -0.897058738093 -0.932580767709 
116.033176169 126.197072815 1.4564602375 141.465921186 2.69277000427 8388608 0.471414281022 0.0 0.471414281022 -1.13929818572 0.907345616311 -0.907345616311 -1.13929818572 
196.90511202 179.348098218 1.26824116707 125.25600574 2.23179244995 8388608 0.621722103164 0.0 0.621722103164 -0.7320678472 1.03562170938 -1.03562170938 -0.7320678472 
133.006440503 144.016481686 1.28319120407 123.510233891 1.61383247375 8388608 0.607319536688 0.0 0.607319536688 -0.708431797842 1.06990843254 -1.06990843254 -0.708431797842 
97.1619670487 44.2229768674 1.24594116211 148.240001706 0.695606231689 8388608 0.644176581454 0.0 0.644176581454 -1.0593744135 0.655816461714 -0.655816461714 -1.0593744135 
120.028599208 61.6521226601 1.33367657661 140.369760503 0.205951690674 8388608 0.562210500276 0.0 0.562210500276 -1.02716664681 0.85065967972 -0.85065967972 -1.02716664681 
142.12858217 86.3947952733 3.11941862106 150.056876316 -0.22155380249 23200256 0.102766763539 0.0 0.102766763539 -2.70304273023 1.55702682444 -1.55702682444 -2.70304273023 
119.327733958 63.2043387597 2.61013698578 150.353984557 -0.434692382812 10355200 0.146782202011 0.0 0.146782202011 -2.26846471414 1.2910782026 -1.2910782026 -2.26846471414 
130.524205662 73.1673329316 1.72014069557 142.603814933 -1.67342758179 13565952 0.33796525844 0.0 0.33796525844 -1.36657447911 1.04468091091 -1.04468091091 -1.36657447911 
126.134432305 67.9970464631 1.45649826527 139.696964535 -2.86756896973 8388608 0.471389665 0.0 0.471389665 -1.11077518898 0.942107040771 -0.942107040771 -1.11077518898 
