13
111
14.7900436247 40.1842772159 1.51808071136 157.270828247 39.3662719727 8388608 0.433920607257 0.0 0.433920607257 -1.40018882295 0.586549491775 -0.586549491775 -1.40018882295 
18.8282531521 24.4154665611 1.55925524235 216.108276367 38.3553695679 8388608 0.411306501354 0.0 0.411306501354 -1.25972974192 -0.918889486343 0.918889486343 -1.25972974192 
45.9791951294 16.5208195118 1.96902740002 4.89758300781 35.9370384216 23396352 0.257926806377 0.0 0.257926806377 1.96183828127 0.168105503121 -0.168105503121 1.96183828127 
35.9937935712 26.1100762113 2.9507060051 56.3541870117 32.8424377441 19202560 0.114854527348 0.0 0.114854527348 1.63486039605 2.4563992782 -2.4563992782 1.63486039605 
193.201034527 146.117829004 2.66263151169 46.4582214355 30.6509590149 11796992 0.141051550681 0.0 0.141051550681 1.83424242619 1.93006769027 -1.93006769027 1.83424242619 
255.861669882 82.0957421107 2.60437345505 49.1398925781 29.9605026245 10158592 0.147432584789 0.0 0.147432584789 1.70381858319 1.96971148368 -1.96971148368 1.70381858319 
33.3059030642 37.917215487 2.73229312897 1.01129150391 26.8958892822 13632000 0.133950833412 0.0 0.133950833412 2.73186753695 0.0482234709718 -0.0482234709718 2.73186753695 
73.5297006364 166.05894641 1.33128798008 110.175949097 25.5144195557 8388608 0.564229745974 0.0 0.564229745974 -0.459166842051 1.24959733397 -1.24959733397 -0.459166842051 
257.13747659 58.8431096454 2.29244995117 265.812530518 24.7487945557 17629440 0.190283124556 0.0 0.190283124556 -0.167394887794 -2.28633018835 2.28633018835 -0.167394887794 
59.4483947316 159.588295554 1.31687390804 119.928253174 23.6653747559 8388608 0.576649094409 0.0 0.576649094409 -0.657008350438 1.14126987042 -1.14126987042 -0.657008350438 
32.7897295294 34.5348180681 1.52818632126 355.7472229 23.5635719299 8388608 0.428200710904 0.0 0.428200710904 1.5239786007 -0.113325447668 0.113325447668 1.5239786007 
264.136198746 92.3332140334 1.30580866337 265.459503174 20.0343151093 8388608 0.586463393181 0.0 0.586463393181 -0.103372645528 -1.30171055211 1.30171055211 -0.103372645528 
42.8748679437 146.857869247 2.85106134415 128.651565552 19.5251464844 16712192 0.123023159487 0.0 0.123023159487 -1.7807236022 2.22656107948 -2.22656107948 -1.7807236022 
105.767420964 138.400686574 2.29626965523 290.061279297 19.2189865112 17760512 0.189650602407 0.0 0.189650602407 0.787677835871 -2.15694644264 2.15694644264 0.787677835871 
45.7658681568 92.7519924575 1.51319277287 320.26739502 18.481098175 8388608 0.43672844891 0.0 0.43672844891 1.16369961218 -0.967241221441 0.967241221441 1.16369961218 
11.8582391276 69.3598074898 1.42775428295 197.469543457 18.3672370911 8388608 0.490561043226 0.0 0.490561043226 -1.36190148853 -0.428610111914 0.428610111914 -1.36190148853 
35.2410507648 142.827769435 1.25913608074 130.409851074 18.0722885132 8388608 0.6307462283 0.0 0.6307462283 -0.816236003842 0.958740035598 -0.958740035598 -0.816236003842 
260.761683792 67.5451372282 1.34297537804 161.885467529 16.1523075104 8388608 0.554451929459 0.0 0.554451929459 -1.27641335676 0.417554557756 -0.417554557756 -1.27641335676 
53.8251309902 50.1326044138 1.96464240551 99.9926757812 15.7473526001 23199744 0.259079453602 0.0 0.259079453602 -0.340909242491 1.93483866767 -1.93483866767 -0.340909242491 
30.5906260848 131.78184951 4.08616304398 138.830413818 15.5815429688 9306369 0.0598919725307 0.0 0.0598919725307 -3.07591827334 2.6898801456 -2.6898801456 -3.07591827334 
23.4222065244 129.661922861 1.42633461952 139.266448975 15.572052002 8388608 0.491538062434 0.0 0.491538062434 -1.08080841433 0.930743583575 -0.930743583575 -1.08080841433 
121.295063842 89.0140057776 1.46053564548 109.009124756 14.7741622925 8388608 0.468787128292 0.0 0.468787128292 -0.475723816752 1.38088783828 -1.38088783828 -0.475723816752 
267.384649152 98.9648755851 1.42707633972 140.100418091 14.0801334381 8388608 0.49102724328 0.0 0.49102724328 -1.0948099165 0.915389603465 -0.915389603465 -1.0948099165 
264.012587952 51.7252622564 1.51597011089 280.156921387 13.6510658264 8388608 0.435129695171 0.0 0.435129695171 0.267333308733 -1.4922125449 1.4922125449 0.267333308733 
188.609962311 136.651127336 1.75199949741 262.252655029 12.3499088287 14942208 0.325785720992 0.0 0.325785720992 -0.236178317462 -1.73600750036 1.73600750036 -0.236178317462 
251.3901382 69.8004647316 2.21634674072 244.399429321 11.8732681274 15204608 0.203575068289 0.0 0.203575068289 -0.957671749252 -1.99876404205 1.99876404205 -0.957671749252 
257.375585023 50.810870765 1.37864232063 277.412994385 11.7493438721 8388608 0.526134508931 0.0 0.526134508931 0.177873120322 -1.36711952707 1.36711952707 0.177873120322 
47.990055798 43.0413807278 1.48551630974 322.537658691 11.2901210785 8388608 0.453153304462 0.0 0.453153304462 1.17913345583 -0.903550219882 0.903550219882 1.17913345583 
261.21362572 100.93393339 2.04349946976 175.398681641 11.1608657837 9371904 0.239469904655 0.0 0.239469904655 -2.03691333807 0.163933328173 -0.163933328173 -2.03691333807 
194.491241642 63.1435809651 1.23809444904 269.382751465 10.8496818542 8388608 0.652367695428 0.0 0.652367695428 -0.0133377573268 -1.23802260439 1.23802260439 -0.0133377573268 
198.817233713 63.5122694487 1.44311690331 269.277618408 10.1275215149 8388608 0.480172155945 0.0 0.480172155945 -0.0181942453009 -1.44300220583 1.44300220583 -0.0181942453009 
27.1405178847 142.884800404 1.29915308952 130.779708862 9.54804992676 8388608 0.592487700319 0.0 0.592487700319 -0.848545056306 0.983753036812 -0.983753036812 -0.848545056306 
95.1948225363 76.8350370368 1.27257800102 121.217941284 9.37009429932 8388608 0.617491775217 0.0 0.617491775217 -0.659570596176 1.0883112594 -1.0883112594 -0.659570596176 
57.6787437921 38.3234930171 3.24309253693 296.365966797 9.32107543945 9306113 0.0950782803926 0.0 0.0950782803926 1.4402673054 -2.90573214389 2.90573214389 1.4402673054 
57.8327402584 41.4109367729 1.90608131886 339.0496521 9.22413635254 21037056 0.275243549702 0.0 0.275243549702 1.78007149309 -0.681536113192 0.681536113192 1.78007149309 
99.3134000454 54.209710182 3.80779361725 296.979370117 9.05554199219 20905985 0.0689688837241 0.0 0.0689688837241 1.72748041688 -3.39339117121 3.39339117121 1.72748041688 
255.103764666 99.7376632995 2.84243130684 247.807144165 8.90071487427 16515584 0.123771326159 0.0 0.123771326159 -1.0736583256 -2.6318574304 2.6318574304 -1.0736583256 
19.0579643613 134.73997102 1.34211301804 138.07258606 8.73151779175 8388608 0.555164672381 0.0 0.555164672381 -0.998521251252 0.896784625191 -0.896784625191 -0.998521251252 
189.189068969 69.740306816 1.71177852154 257.660980225 8.72114944458 13238272 0.341275297903 0.0 0.341275297903 -0.365799757116 -1.67223689844 1.67223689844 -0.365799757116 
139.453878578 60.9860431152 1.57240521908 279.308685303 8.57027435303 8388608 0.404455780456 0.0 0.404455780456 0.254341912175 -1.55169854182 1.55169854182 0.254341912175 
183.872589057 63.2402790994 1.2626928091 268.490020752 8.4688873291 8388608 0.627197885566 0.0 0.627197885566 -0.0332732926627 -1.26225433973 1.26225433973 -0.0332732926627 
60.5706128933 153.752721374 1.34601950645 118.162857056 8.44902420044 8388608 0.551946892504 0.0 0.551946892504 -0.635293406303 1.18666372645 -1.18666372645 -0.635293406303 
159.42611203 86.4205709924 2.09355735779 269.066253662 8.09600067139 11075840 0.228155147883 0.0 0.228155147883 -0.0341170850993 -2.09327934945 2.09327934945 -0.0341170850993 
71.13233558 61.5981178412 1.78853809834 97.5976867676 7.95878219604 16384000 0.312610534279 0.0 0.312610534279 -0.23647401727 1.77283630614 -1.77283630614 -0.23647401727 
80.2724720301 62.8655770299 3.36524701118 320.851074219 7.85339736938 11993089 0.0883010983326 0.0 0.0883010983326 2.60977456592 -2.1246091785 2.1246091785 2.60977456592 
72.778484262 37.2651636525 1.75351774693 304.68347168 7.33697509766 15007744 0.325221814659 0.0 0.325221814659 0.997825829472 -1.44193207289 1.44193207289 0.997825829472 
84.0344000411 75.6903596317 1.29978501797 313.268676758 7.16213607788 8388608 0.59191172997 0.0 0.59191172997 0.890899143108 -0.946435317252 0.946435317252 0.890899143108 
78.8920878327 48.6913866895 1.86824643612 56.3881835938 7.07317352295 19595264 0.286504650042 0.0 0.286504650042 1.03419269069 1.55588888568 -1.55588888568 1.03419269069 
98.8946438313 127.520927608 1.34392082691 290.566009521 7.05926895142 8388608 0.553672089526 0.0 0.553672089526 0.47210093872 -1.25827019859 1.25827019859 0.47210093872 
114.919019739 56.0727721692 2.27767324448 289.513061523 6.91870880127 17170688 0.192760107375 0.0 0.192760107375 0.760792383287 -2.14685592394 2.14685592394 0.760792383287 
68.8879667067 27.3910526634 1.74304735661 289.696533203 6.86909866333 14548992 0.32914072914 0.0 0.32914072914 0.587473704345 -1.64106329374 1.64106329374 0.587473704345 
92.77529065 67.9015243369 1.33262062073 301.177856445 6.78964233398 8388608 0.563101833769 0.0 0.563101833769 0.689892886294 -1.14014276485 1.14014276485 0.689892886294 
136.244617055 51.5294068526 1.87144112587 282.776763916 6.68165588379 19660800 0.285527315282 0.0 0.285527315282 0.413874840503 -1.82510260095 1.82510260095 0.413874840503 
214.843833885 142.715578694 1.3248231411 81.3063964844 6.2689743042 8388608 0.569749810063 0.0 0.569749810063 0.200247632669 1.30960193983 -1.30960193983 0.200247632669 
242.189426321 135.291716427 1.2641453743 69.2619018555 6.2502822876 8388608 0.625757351244 0.0 0.625757351244 0.447629803874 1.18223985978 -1.18223985978 0.447629803874 
48.5872788937 112.863535333 1.98639655113 141.274780273 6.2281665802 23986176 0.253435877177 0.0 0.253435877177 -1.5496974405 1.24266210261 -1.24266210261 -1.5496974405 
122.967830508 57.0687679017 1.88363587856 287.41796875 6.14902114868 20185088 0.2818422465 0.0 0.2818422465 0.56384764023 -1.79726457752 1.79726457752 0.56384764023 
111.936802641 101.855518402 3.81563711166 289.953155518 6.11343193054 21102593 0.0686856277237 0.0 0.0686856277237 1.3020928241 -3.58659181471 3.58659181471 1.3020928241 
108.0305049 57.8079652909 1.40828621387 88.7500305176 5.98645782471 8388608 0.504217766442 0.0 0.504217766442 0.0307208519313 1.40795109626 -1.40795109626 0.0307208519313 
149.225203309 163.194653095 2.08873581886 88.9192810059 5.97171401978 10944768 0.2292096887 0.0 0.2292096887 0.0393956176633 2.08836426571 -2.08836426571 0.0393956176633 
104.987098109 94.8941029346 1.25459647179 296.124816895 5.93132781982 8388608 0.635319047723 0.0 0.635319047723 0.552434077068 -1.12642305441 1.12642305441 0.552434077068 
163.740286624 161.094158814 1.53313016891 77.2644348145 5.80737686157 8388608 0.425443546678 0.0 0.425443546678 0.3379811599 1.49541193334 -1.49541193334 0.3379811599 
113.175250874 98.3738641424 1.47531676292 291.33682251 5.74157714844 8388608 0.459440679928 0.0 0.459440679928 0.5367938997 -1.37419498624 1.37419498624 0.5367938997 
96.5231698828 94.3134444724 3.78422093391 299.671813965 5.67978286743 20512769 0.0698308023843 0.0 0.0698308023843 1.87330778826 -3.28801551199 3.28801551199 1.87330778826 
103.053528006 121.740291777 1.53755736351 99.6988830566 5.475938797 8388608 0.422997056239 0.0 0.422997056239 -0.259032541029 1.51558067709 -1.51558067709 -0.259032541029 
172.003210154 77.8392749831 1.36472332478 256.871948242 5.36348724365 8388608 0.536921471229 0.0 0.536921471229 -0.309967062917 -1.32905612112 1.32905612112 -0.309967062917 
183.151562684 73.4793287957 1.29646384716 249.2759552 5.36217498779 8388608 0.594948232566 0.0 0.594948232566 -0.458776267385 -1.21257694332 1.21257694332 -0.458776267385 
164.367699737 77.6675049081 1.51182377338 266.482818604 5.30644989014 8388608 0.437519747115 0.0 0.437519747115 -0.0927471371729 -1.50897617288 1.50897617288 -0.0927471371729 
134.87441369 67.3687597235 1.77198624611 80.3081054688 5.28891372681 15728640 0.318477904269 0.0 0.318477904269 0.298313766255 1.74669520903 -1.74669520903 0.298313766255 
10.426882123 11.9686510882 1.28727400303 271.696502686 5.0149269104 8388608 0.603473220526 0.0 0.603473220526 0.0381100445337 -1.28670975102 1.28670975102 0.0381100445337 
148.026007673 133.358240342 1.40811681747 102.56741333 4.78449249268 8388608 0.504339088496 0.0 0.504339088496 -0.306389545515 1.37437928464 -1.37437928464 -0.306389545515 
218.5657446 126.684308504 1.4370855093 71.01953125 4.78004837036 8388608 0.484211143008 0.0 0.484211143008 0.467406058917 1.35895045426 -1.35895045426 0.467406058917 
212.111896373 73.4682588909 1.40145671368 258.606750488 4.74036407471 8388608 0.509143991808 0.0 0.509143991808 -0.276846345155 -1.37384024598 1.37384024598 -0.276846345155 
114.817055125 68.0400533886 2.83341383934 292.036743164 4.67244720459 16253440 0.124560395458 0.0 0.124560395458 1.06310001571 -2.6264143507 2.6264143507 1.06310001571 
236.288028858 82.0052794273 1.3187789917 281.283416748 4.60485076904 8388608 0.57498426461 0.0 0.57498426461 0.258035349746 -1.29328874859 1.29328874859 0.258035349746 
148.585629631 69.9168812075 1.55849862099 96.1100158691 4.51666259766 8388608 0.411705961222 0.0 0.411705961222 -0.165883304509 1.54964534036 -1.54964534036 -0.165883304509 
87.4455120287 61.7747232614 1.38765192032 319.265228271 4.43912124634 8388608 0.51932462714 0.0 0.51932462714 1.05147721577 -0.905523890728 0.905523890728 1.05147721577 
88.5619876566 114.813333015 1.37325358391 126.834793091 4.37889099121 8388608 0.530271782832 0.0 0.530271782832 -0.823278892671 1.09910748819 -1.09910748819 -0.823278892671 
66.9844250946 104.068443016 2.49307966232 309.441558838 4.34866142273 23724288 0.160889494879 0.0 0.160889494879 1.58383067196 -1.92533804961 1.92533804961 1.58383067196 
72.2344336012 74.7366830145 3.01152014732 312.854858398 4.34629058838 20709888 0.110262657144 0.0 0.110262657144 2.04826588187 -2.20768214988 2.20768214988 2.04826588187 
96.1085558032 60.3648628988 1.49258339405 295.642211914 4.29937744141 8388608 0.448872282594 0.0 0.448872282594 0.645915530588 -1.34558474855 1.34558474855 0.645915530588 
82.2714989845 85.78218062 3.82925581932 306.843017578 4.1870880127 21364737 0.0681979370907 0.0 0.0681979370907 2.29611605573 -3.0644822056 3.0644822056 2.29611605573 
225.029522506 124.802109477 1.57363843918 83.1347961426 4.0601234436 8388608 0.403822105599 0.0 0.403822105599 0.188103152384 1.56235563855 -1.56235563855 0.188103152384 
86.808918187 35.9137262827 1.30506336689 299.777770996 4.00596237183 8388608 0.587133420276 0.0 0.587133420276 0.648143091098 -1.13274044911 1.13274044911 0.648143091098 
140.107870456 113.509356612 1.49119126797 288.363647461 3.91835784912 8388608 0.449710777981 0.0 0.449710777981 0.469795243944 -1.41525397948 1.41525397948 0.469795243944 
124.681168434 43.435154264 1.43963491917 269.885437012 3.7373046875 8388608 0.482497709109 0.0 0.482497709109 -0.00287855004117 -1.43963204133 1.43963204133 -0.00287855004117 
70.3882236173 83.2699978796 5.609333992 305.654998779 3.65694236755 15532545 0.0317817202632 0.0 0.0317817202632 3.26969876309 -4.55781722236 4.55781722236 3.26969876309 
108.021503556 22.9924786326 3.02026772499 278.93447876 3.5904045105 20906496 0.109624876349 0.0 0.109624876349 0.469062318909 -2.98362156977 2.98362156977 0.469062318909 
81.1302411005 21.4274867475 1.69308912754 272.809906006 3.58101272583 12451840 0.34885131014 0.0 0.34885131014 0.0829993856891 -1.69105348696 1.69105348696 0.0829993856891 
115.67077057 37.6264750911 1.64811420441 298.000579834 3.57857131958 10485760 0.368150500469 0.0 0.368150500469 0.773757477779 -1.45519063918 1.45519063918 0.773757477779 
216.216538685 118.802231644 1.3630412817 262.244720459 3.56758117676 8388608 0.538247450566 0.0 0.538247450566 -0.183931834782 -1.35057418003 1.35057418003 -0.183931834782 
199.478331148 163.044904296 1.29695117474 22.248046875 3.5613861084 8388608 0.594501214645 0.0 0.594501214645 1.20039758371 0.491047849665 -0.491047849665 1.20039758371 
262.936031109 138.026933267 1.68360483646 81.2831726074 3.54638671875 12058624 0.352792765432 0.0 0.352792765432 0.255152211828 1.6641582239 -1.6641582239 0.255152211828 
115.107330996 33.3516632121 1.2614774704 326.801208496 3.5451965332 8388608 0.628406983745 0.0 0.628406983745 1.05557389845 -0.690716405794 0.690716405794 1.05557389845 
17.7242187289 152.744162665 1.80478060246 109.28755188 3.53423309326 17039360 0.307009045082 0.0 0.307009045082 -0.596135878951 1.70348320709 -1.70348320709 -0.596135878951 
115.890195125 61.0464563615 1.28424835205 4.27612304688 3.47189712524 8388608 0.606320100133 0.0 0.606320100133 1.28067338083 0.0957576178243 -0.0957576178243 1.28067338083 
215.096023056 108.224515967 1.43131113052 256.398651123 3.09235191345 8388608 0.488125957217 0.0 0.488125957217 -0.336594275251 -1.39117067473 1.39117067473 -0.336594275251 
55.3075314149 138.486287913 1.35144472122 304.450897217 3.08834075928 8388608 0.547524336417 0.0 0.547524336417 0.764511938974 -1.11441658714 1.11441658714 0.764511938974 
83.8431592682 103.073590735 2.34322714806 293.986358643 3.05719184875 19267840 0.182125693854 0.0 0.182125693854 0.952566658378 -2.14087137137 2.14087137137 0.952566658378 
222.903983535 107.884827491 1.39293348789 255.778747559 3.02905082703 8388608 0.515393860705 0.0 0.515393860705 -0.342197736269 -1.35024605572 1.35024605572 -0.342197736269 
187.326533814 130.686283312 1.31602632999 51.1654968262 2.95952033997 8388608 0.577392107665 0.0 0.577392107665 0.825244592458 1.02513251039 -1.02513251039 0.825244592458 
74.712406921 106.36360655 1.29679429531 276.772705078 2.81092453003 8388608 0.594645062672 0.0 0.594645062672 0.152932143996 -1.28774500724 1.28774500724 0.152932143996 
248.286218548 110.789412471 1.23206830025 268.402160645 2.73484039307 8388608 0.658764871418 0.0 0.658764871418 -0.0343549223121 -1.23158923176 1.23158923176 -0.0343549223121 
207.776609312 118.712342421 1.3258728981 266.596496582 2.71642494202 8388608 0.568847970856 0.0 0.568847970856 -0.0787136426223 -1.32353432309 1.32353432309 -0.0787136426223 
51.2926725827 68.7280624828 1.35122799873 355.838775635 2.68620681763 8388608 0.547699984572 0.0 0.547699984572 1.34766590999 -0.0980494753136 0.0980494753136 1.34766590999 
70.70864638 89.2780289787 2.60326933861 305.361724854 2.64873504639 10158592 0.147557671547 0.0 0.147557671547 1.50660702589 -2.12300412596 2.12300412596 1.50660702589 
100.839132724 100.713274026 1.49148023129 291.92276001 2.44492721558 8388608 0.449536538554 0.0 0.449536538554 0.556853576663 -1.38362833683 1.38362833683 0.556853576663 
55.6916389262 78.1381895999 1.8738411665 309.558990479 2.23747253418 19791872 0.284796369338 0.0 0.284796369338 1.19339759118 -1.44467397935 1.44467397935 1.19339759118 
126.620069174 121.64509658 2.35634088516 284.683105469 2.09723091125 19661056 0.180104167554 0.0 0.180104167554 0.59726813332 -2.27938876544 2.27938876544 0.59726813332 
138.970310362 121.881069305 2.27245950699 278.912261963 2.04671096802 17039616 0.193645626777 0.0 0.193645626777 0.352053557362 -2.24502349735 2.24502349735 0.352053557362 
58.9261289139 86.3194422666 1.60503089428 300.504272461 1.89025688171 8585216 0.388180046221 0.0 0.388180046221 0.814717874201 -1.38288067347 1.38288067347 0.814717874201 
