13
80
59.4527391391 112.622449866 3.04879426956 131.161444802 89.7326049805 21561856 0.107583027358 0.0 0.107583027358 -2.0066645576 2.29530909712 -2.29530909712 -2.0066645576 
55.906142891 109.789891571 1.25424814224 131.175006899 81.223236084 8388608 0.635671978083 0.0 0.635671978083 -0.82574829336 0.944075292724 -0.944075292724 -0.82574829336 
214.106269392 43.7573255783 1.34847772121 134.789622906 71.6081924438 8388608 0.549936377566 0.0 0.549936377566 -0.950010220537 0.957012406129 -0.957012406129 -0.950010220537 
100.405227636 128.08175519 1.31488323212 142.950812962 39.6163635254 8388608 0.578396459337 0.0 0.578396459337 -1.04943272785 0.792217687144 -0.792217687144 -1.04943272785 
212.377814077 52.8489105561 1.67856967449 134.506883436 38.1946411133 11796480 0.354912466517 0.0 0.354912466517 -1.17666886197 1.19709921953 -1.19709921953 -1.17666886197 
198.463027907 78.8756779141 3.1517727375 117.776411204 35.6531906128 23986688 0.100667714972 0.0 0.100667714972 -1.46879674872 2.78860314491 -2.78860314491 -1.46879674872 
217.084402629 72.414953336 1.92570722103 132.755422464 33.7684860229 21757952 0.269661832923 0.0 0.269661832923 -1.30730532075 1.41396644213 -1.41396644213 -1.30730532075 
45.7408605066 106.087544 2.53695249557 129.197109436 27.1589813232 24969472 0.155372920717 0.0 0.155372920717 -1.60332913036 1.96607824477 -1.96607824477 -1.60332913036 
204.301133987 91.1143778789 1.37525296211 125.08482674 24.3157520294 8388608 0.528731058048 0.0 0.528731058048 -0.790479678993 1.12537219927 -1.12537219927 -0.790479678993 
50.5486109576 103.709373111 1.39206278324 127.131021785 22.8647079468 8388608 0.516038797385 0.0 0.516038797385 -0.840304412369 1.10983209858 -1.10983209858 -0.840304412369 
165.447161368 102.087251249 1.19838058949 126.150754618 22.5180225372 8388608 0.696322563121 0.0 0.696322563121 -0.706938936865 0.967653541717 -0.967653541717 -0.706938936865 
131.86584554 123.768242693 2.62684679031 134.034178785 20.843963623 10813952 0.144920730003 0.0 0.144920730003 -1.82588799084 1.88850658052 -1.88850658052 -1.82588799084 
188.526601066 80.8499055534 1.24926197529 113.65677657 19.8328418732 8388608 0.640756407135 0.0 0.640756407135 -0.50127498071 1.14428094305 -1.14428094305 -0.50127498071 
165.304361815 94.6024745166 1.54488146305 121.945860406 18.2772331238 8388608 0.418995805888 0.0 0.418995805888 -0.817424118963 1.31090676427 -1.31090676427 -0.817424118963 
121.016533897 123.933498774 2.55422329903 135.124414033 18.0579776764 8782336 0.153278864963 0.0 0.153278864963 -1.8100262009 1.80218251389 -1.80218251389 -1.8100262009 
179.33063046 88.0578438543 1.54105186462 116.695586086 17.7725067139 8388608 0.421080848524 0.0 0.421080848524 -0.692317818847 1.37678498218 -1.37678498218 -0.692317818847 
78.3098769446 124.564429902 1.69070887566 139.339692041 17.68800354 12320768 0.349834257003 0.0 0.349834257003 -1.28254791382 1.10162032978 -1.10162032978 -1.28254791382 
137.017874539 126.965518725 1.5869808197 133.65130645 17.3464241028 8388608 0.397060462591 0.0 0.397060462591 -1.09544166192 1.14826638348 -1.14826638348 -1.09544166192 
184.733896303 94.1166296431 3.11399817467 119.774130218 17.0647850037 23069184 0.103124841171 0.0 0.103124841171 -1.54635576265 2.70291851287 -2.70291851287 -1.54635576265 
146.427175473 125.00638611 1.84725868702 130.42011748 15.6191978455 18743296 0.293051915778 0.0 0.293051915778 -1.19773897936 1.40633779516 -1.40633779516 -1.19773897936 
145.482702134 105.728105809 3.99825453758 125.646163835 15.4573783875 24444929 0.0625545814241 0.0 0.0625545814241 -2.33009440427 3.24910747968 -3.24910747968 -2.33009440427 
161.206094118 122.318248911 2.08233952522 126.288841378 14.5680656433 10682624 0.23061997184 0.0 0.23061997184 -1.23244557778 1.67845637301 -1.67845637301 -1.23244557778 
169.903624261 100.398768364 3.89779353142 121.835471428 13.8789539337 22609921 0.0658206760902 0.0 0.0658206760902 -2.05601537119 3.31143401067 -3.31143401067 -2.05601537119 
167.718281694 116.011352337 3.09996652603 121.193136975 13.3465232849 22741504 0.104060519923 0.0 0.104060519923 -1.60554876209 2.65179290953 -2.65179290953 -1.60554876209 
162.359206391 86.4340774746 1.63876891136 122.573997662 13.1476631165 10092544 0.372361325026 0.0 0.372361325026 -0.882294176079 1.38098534811 -1.38098534811 -0.882294176079 
179.532764477 117.334801873 1.53590261936 122.129056647 12.4051876068 8388608 0.423909000721 0.0 0.423909000721 -0.816836195837 1.30068269971 -1.30068269971 -0.816836195837 
147.790108747 108.984525009 5.86434459686 127.173006734 11.7214241028 18743809 0.0290777658978 0.0 0.0290777658978 -3.54337649191 4.67279579987 -4.67279579987 -3.54337649191 
109.555136887 113.224470376 5.43470478058 141.310535008 10.9079151154 13238785 0.033856969682 0.0 0.033856969682 -4.2420335879 3.39722932566 -3.39722932566 -4.2420335879 
185.84714907 109.869746678 2.96619510651 122.851134562 9.35222053528 19595776 0.113658147126 0.0 0.113658147126 -1.60903677513 2.49184952719 -2.49184952719 -1.60903677513 
83.2393929109 86.9392218708 3.31573271751 130.025227591 9.24843597412 10944513 0.0909580142978 0.0 0.0909580142978 -2.1324300741 2.53905995067 -2.53905995067 -2.1324300741 
151.113045682 91.4410487935 1.14829456806 124.864177738 8.55464935303 8388608 0.758391364375 0.0 0.758391364375 -0.656403056463 0.942186522142 -0.942186522142 -0.656403056463 
45.7273359349 130.182366249 1.91654849052 124.832506952 7.1893157959 21430272 0.272245290912 0.0 0.272245290912 -1.09469293554 1.57315145279 -1.57315145279 -1.09469293554 
203.508612751 105.029484324 1.48884737492 125.560394701 6.14492607117 8388608 0.451127852289 0.0 0.451127852289 -0.865855242178 1.21118173921 -1.21118173921 -0.865855242178 
122.294691316 111.964302225 2.20251584053 125.252106445 6.11753845215 14745856 0.206139832539 0.0 0.206139832539 -1.27123754937 1.7986192262 -1.7986192262 -1.27123754937 
167.724696231 114.568829807 1.46808421612 125.06290595 5.74075508118 8388608 0.463978718574 0.0 0.463978718574 -0.843378341521 1.20165895273 -1.20165895273 -0.843378341521 
191.728953772 47.194337921 2.24391078949 125.066008993 5.55097579956 16122112 0.198604381937 0.0 0.198604381937 -1.28917113197 1.8366201087 -1.8366201087 -1.28917113197 
158.447957361 104.070489344 1.29185247421 123.527350501 5.3148727417 8388608 0.599203245989 0.0 0.599203245989 -0.713535314452 1.07691697459 -1.07691697459 -0.713535314452 
188.928484779 59.5214730082 1.50796556473 125.071792638 5.13914871216 8388608 0.43976144545 0.0 0.43976144545 -0.866480629593 1.23416832845 -1.23416832845 -0.866480629593 
68.0676006011 143.967730627 1.41930365562 127.437582287 5.03353118896 8388608 0.496420099497 0.0 0.496420099497 -0.862790140692 1.12694988353 -1.12694988353 -0.862790140692 
182.529745342 56.5399688868 2.33314728737 125.048701964 4.91270446777 18940160 0.183702762926 0.0 0.183702762926 -1.33986236333 1.91006416434 -1.91006416434 -1.33986236333 
102.273640296 120.061458783 2.31454157829 132.458675033 4.67786979675 18350336 0.186668065316 0.0 0.186668065316 -1.5624504237 1.70758642274 -1.70758642274 -1.5624504237 
151.648254153 147.645350906 1.35039699078 125.194146397 4.65256500244 8388608 0.548374279749 0.0 0.548374279749 -0.778299725447 1.10354953222 -1.10354953222 -0.778299725447 
75.9065919796 148.001410851 1.58132493496 126.070215034 4.65119552612 8388608 0.399905854176 0.0 0.399905854176 -0.931046561552 1.27817872387 -1.27817872387 -0.931046561552 
208.086662772 101.096521503 1.30655217171 126.23181339 4.38440704346 8388608 0.585796115799 0.0 0.585796115799 -0.772242416916 1.05390712442 -1.05390712442 -0.772242416916 
131.908668736 73.9747363557 2.12802410126 125.157408768 4.36034393311 12255488 0.220824326918 0.0 0.220824326918 -1.22536889587 1.73981540532 -1.73981540532 -1.22536889587 
225.238710119 147.806505447 1.83958411217 124.691607772 4.28601837158 18481152 0.295502187294 0.0 0.295502187294 -1.04701603073 1.51255649056 -1.51255649056 -1.04701603073 
234.20480018 131.401189479 2.118745327 124.707749654 4.19738006592 11927808 0.222762705897 0.0 0.222762705897 -1.20639392498 1.7417506878 -1.7417506878 -1.20639392498 
167.370181218 147.873360232 1.52420961857 125.106233326 4.17482757568 8388608 0.430437999342 0.0 0.430437999342 -0.876564197847 1.24693631288 -1.24693631288 -0.876564197847 
110.699954302 75.2506549813 1.62356054783 125.103788891 4.17091369629 9437184 0.379370031806 0.0 0.379370031806 -0.933643679662 1.32825386576 -1.32825386576 -0.933643679662 
188.081678783 35.4556964346 1.56797873974 125.043373743 4.16442108154 8388608 0.40674260002 0.0 0.40674260002 -0.900327719447 1.2837317967 -1.2837317967 -0.900327719447 
236.544812978 59.5739278211 1.51501345634 124.723098153 4.1566734314 8388608 0.435679393561 0.0 0.435679393561 -0.862968201615 1.24521149043 -1.24521149043 -0.862968201615 
83.9915608 117.934763177 1.71120989323 128.375154435 4.14699554443 13238272 0.341502144463 0.0 0.341502144463 -1.062332592 1.34152479017 -1.34152479017 -1.062332592 
220.299342673 138.661886284 1.75767302513 124.855483174 4.13088226318 15138816 0.323685932039 0.0 0.323685932039 -1.00452502374 1.44233974498 -1.44233974498 -1.00452502374 
100.84498112 78.6514196826 1.92788612843 125.178350457 4.12925338745 21823488 0.269052630837 0.0 0.269052630837 -1.1107005272 1.57578211154 -1.57578211154 -1.1107005272 
235.47448511 122.88323182 1.70675313473 124.809947856 4.08196258545 13041664 0.343287967738 0.0 0.343287967738 -0.974310488237 1.40132984533 -1.40132984533 -0.974310488237 
215.083937621 148.282249982 1.24430990219 124.783488635 4.03602218628 8388608 0.645866688131 0.0 0.645866688131 -0.709850064494 1.02196869748 -1.02196869748 -0.709850064494 
244.5940558 101.606119701 1.55244719982 124.868777341 3.9973526001 8388608 0.414921866928 0.0 0.414921866928 -0.887532288809 1.27372632247 -1.27372632247 -0.887532288809 
238.412218933 107.483609424 1.79619979858 125.038057161 3.98991775513 16711680 0.309949338132 0.0 0.309949338132 -1.0312349634 1.4706760917 -1.4706760917 -1.0312349634 
175.134049629 38.6829793681 1.98606312275 124.924897287 3.87961578369 23986176 0.253520980019 0.0 0.253520980019 -1.13702552282 1.62837946683 -1.62837946683 -1.13702552282 
108.018806115 67.3106651495 1.44758892059 124.955346453 3.86948013306 8388608 0.477209959592 0.0 0.477209959592 -0.829378490961 1.18644216115 -1.18644216115 -0.829378490961 
171.348199495 58.3398699001 1.71491003036 124.825085168 3.79637527466 13369344 0.340030065403 0.0 0.340030065403 -0.979338862965 1.40776837716 -1.40776837716 -0.979338862965 
243.082687035 114.697531265 1.26965379715 124.831683967 3.79257202148 8388608 0.620339403778 0.0 0.620339403778 -0.725185070659 1.04217435101 -1.04217435101 -0.725185070659 
236.425805973 67.2021580423 1.62017798424 124.620768147 3.78682327271 9240576 0.3809557623 0.0 0.3809557623 -0.920491277099 1.3332938571 -1.3332938571 -0.920491277099 
171.364147394 53.1414021888 1.98302590847 124.714227729 3.75647354126 23855104 0.254298163215 0.0 0.254298163215 -1.12930085476 1.63005255532 -1.63005255532 -1.12930085476 
167.699841392 41.2148716181 2.19682908058 124.951575343 3.71733856201 14549248 0.207208450059 0.0 0.207208450059 -1.25852803129 1.80060134504 -1.80060134504 -1.25852803129 
231.765727798 26.4846512684 1.23271489143 124.717249307 3.66935348511 8388608 0.658073973869 0.0 0.658073973869 -0.70206442632 1.01325788665 -1.01325788665 -0.70206442632 
240.466853382 53.1773497023 3.01868319511 125.141075368 3.52863693237 20840960 0.109739992425 0.0 0.109739992425 -1.73752879915 2.4684898024 -2.4684898024 -1.73752879915 
112.622590944 56.0477815757 2.559684515 124.89143522 3.50272369385 8913408 0.152625506321 0.0 0.152625506321 -1.46419910077 2.09954895386 -2.09954895386 -1.46419910077 
249.717260184 49.4773596301 2.25203895569 124.876052469 3.49727249146 16384256 0.197173344312 0.0 0.197173344312 -1.28772269883 1.84755235619 -1.84755235619 -1.28772269883 
69.6827093401 75.262991723 2.61539888382 124.824956463 3.49341583252 10486272 0.146192176496 0.0 0.146192176496 -1.49357893591 2.14698236688 -2.14698236688 -1.49357893591 
156.58652684 53.9872698175 2.06367301941 124.882611243 3.49309921265 10027264 0.234810886178 0.0 0.234810886178 -1.18020828152 1.69288355869 -1.69288355869 -1.18020828152 
79.6508881691 72.704158087 1.52348160744 124.872018135 3.4789276123 8388608 0.430849475957 0.0 0.430849475957 -0.871043392322 1.24991184365 -1.24991184365 -0.871043392322 
63.8247104361 80.9033943149 1.52691757679 124.887631001 3.47887039185 8388608 0.428912606557 0.0 0.428912606557 -0.873349223153 1.25249288251 -1.25249288251 -0.873349223153 
92.2034064455 54.1940322937 2.03679156303 124.883036113 3.47761917114 9109760 0.241049827658 0.0 0.241049827658 -1.16484724876 1.67082337735 -1.67082337735 -1.16484724876 
83.189337936 61.6373415532 2.2224817276 124.881479133 3.4758682251 15401216 0.202452713428 0.0 0.202452713428 -1.27099447141 1.82318350233 -1.82318350233 -1.27099447141 
124.440129869 54.0998645957 2.02478718758 124.886109391 3.47541046143 8651008 0.24391652937 0.0 0.24391652937 -1.15807100129 1.66091381804 -1.66091381804 -1.15807100129 
143.964193396 27.8197165133 1.46103620529 124.881719867 3.47064590454 8388608 0.468465964729 0.0 0.468465964729 -0.835543486503 1.19853822439 -1.19853822439 -0.835543486503 
76.4309232549 117.868202911 1.32832837105 129.998047549 3.45702552795 8388608 0.56674683409 0.0 0.56674683409 -0.853798342967 1.0175876625 -1.0175876625 -0.853798342967 
132.26071887 115.159630152 1.26085650921 126.839735036 3.11295318604 8388608 0.629026106435 0.0 0.629026106435 -0.755982791662 1.00908332437 -1.00908332437 -0.755982791662 
84.2655555283 109.829764558 1.50051951408 122.227207471 2.34155273438 8388608 0.44413674411 0.0 0.44413674411 -0.80019410429 1.26934952145 -1.26934952145 -0.80019410429 
