13
65
64.5421200432 117.432925241 3.01370668411 117.281601033 76.3033370972 20709888 0.110102717295 0.0 0.110102717295 -1.3813751804 2.67847542248 -2.67847542248 -1.3813751804 
115.381427209 65.7597009016 1.47931957245 132.457447042 62.228012085 8388608 0.4569576932 0.0 0.4569576932 -0.998603513567 1.09141074767 -1.09141074767 -0.998603513567 
76.7939875009 106.692508596 1.74486076832 118.635709317 59.2381820679 14614528 0.328456941063 0.0 0.328456941063 -0.836205266179 1.53143718566 -1.53143718566 -0.836205266179 
103.725287716 90.0953218847 3.2828669548 112.536550621 57.6390762329 10223617 0.0927883464235 0.0 0.0927883464235 -1.25823335932 3.03217154139 -3.03217154139 -1.25823335932 
113.826178606 26.565385701 1.33846771717 132.389360185 54.7004089355 8388608 0.558192758981 0.0 0.558192758981 -0.9023484164 0.988566216968 -0.988566216968 -0.9023484164 
80.3415224099 89.2673511068 3.23182463646 121.289199038 45.0685424805 9043969 0.0957424254779 0.0 0.0957424254779 -1.67847406553 2.76177756023 -2.76177756023 -1.67847406553 
179.465168392 114.864665089 3.45233440399 156.192344752 34.0819244385 13828097 0.0839023813994 0.0 0.0839023813994 -3.1585605705 1.39359533561 -1.39359533561 -3.1585605705 
105.055154846 123.056719354 2.13232111931 126.786136619 27.7523002625 12386560 0.219935220657 0.0 0.219935220657 -1.27689750341 1.70772542337 -1.70772542337 -1.27689750341 
156.528379402 74.3576512461 1.37094032764 125.80547846 24.7670631409 8388608 0.53206280086 0.0 0.53206280086 -0.802048381583 1.11184341324 -1.11184341324 -0.802048381583 
70.8682159363 130.395489388 1.94248008728 128.469799159 22.2361545563 22413312 0.265025003595 0.0 0.265025003595 -1.20842081368 1.52083793566 -1.52083793566 -1.20842081368 
96.6507907074 120.40216218 1.18611729145 125.421521765 14.4176750183 8388608 0.710795591625 0.0 0.710795591625 -0.687458535497 0.966579014386 -0.966579014386 -0.687458535497 
132.302187464 44.2086068882 1.30117797852 134.362298329 13.7055435181 8388608 0.590645080262 0.0 0.590645080262 -0.909774603268 0.930254966674 -0.930254966674 -0.909774603268 
102.679240895 102.961395033 1.51328098774 129.038538053 12.0619850159 8388608 0.436677533287 0.0 0.436677533287 -0.953129390846 1.17539938411 -1.17539938411 -0.953129390846 
152.140425362 34.8526017305 1.69446825981 125.005925695 11.2427444458 12517376 0.348283679195 0.0 0.348283679195 -0.972050614562 1.38792661414 -1.38792661414 -0.972050614562 
130.692417769 52.9109408364 1.6761111021 133.43991243 8.546875 11730944 0.355954423642 0.0 0.355954423642 -1.15248306285 1.21701734434 -1.21701734434 -1.15248306285 
99.9829152798 66.3832525809 1.28480041027 125.134232941 7.6615486145 8388608 0.605799159947 0.0 0.605799159947 -0.739394895782 1.05071750834 -1.05071750834 -0.739394895782 
83.3116951107 83.0806122177 1.35872805119 125.263420457 6.87413787842 8388608 0.541670166713 0.0 0.541670166713 -0.784443239235 1.10941007815 -1.10941007815 -0.784443239235 
30.2912428355 122.542865421 1.38235747814 125.532492115 6.68115615845 8388608 0.523310281537 0.0 0.523310281537 -0.803377151574 1.1249432651 -1.1249432651 -0.803377151574 
40.0350564541 107.160831837 2.03331160545 124.923827002 6.54210662842 8978688 0.241875634191 0.0 0.241875634191 -1.16404424153 1.6671403926 -1.6671403926 -1.16404424153 
35.8548489682 111.345915292 2.0174202919 125.105517585 6.33571243286 8388864 0.245701173317 0.0 0.245701173317 -1.16018620623 1.65044012344 -1.65044012344 -1.16018620623 
176.831074303 35.0901115147 1.29574322701 123.337797063 6.33442687988 8388608 0.595610170668 0.0 0.595610170668 -0.712106874494 1.08252219821 -1.08252219821 -0.712106874494 
85.638636026 72.9091695725 2.0266866684 125.136458634 6.32264709473 8716544 0.243459529619 0.0 0.243459529619 -1.16641035116 1.65739124667 -1.65739124667 -1.16641035116 
76.5430813922 64.3644335037 3.53690195084 125.042050741 6.30571746826 15597569 0.0799381252702 0.0 0.0799381252702 -2.03080943877 2.89577078396 -2.89577078396 -2.03080943877 
153.436091994 115.512513764 5.67604112625 131.298899647 6.27630233765 16384513 0.0310390866256 0.0 0.0310390866256 -3.74611471689 4.26427806255 -4.26427806255 -3.74611471689 
92.1875962713 72.7467739756 1.51135289669 125.064083796 6.10554504395 8388608 0.43779241665 0.0 0.43779241665 -0.868260567025 1.23705746272 -1.23705746272 -0.868260567025 
67.3876263536 149.321159295 1.49547588825 130.769421074 6.08232879639 8388608 0.447137577455 0.0 0.447137577455 -0.976570431064 1.13258921305 -1.13258921305 -0.976570431064 
230.538376127 147.40687508 1.31086981297 143.399542601 6.04138898849 8388608 0.581943571301 0.0 0.581943571301 -1.05238295412 0.781581591657 -0.781581591657 -1.05238295412 
162.220909621 116.427649655 1.25501990318 126.217988185 6.03315734863 8388608 0.634890419222 0.0 0.634890419222 -0.741539787613 1.01251849404 -1.01251849404 -0.741539787613 
98.3285043565 45.6994653553 1.44953608513 125.61483597 6.01099395752 8388608 0.475928746635 0.0 0.475928746635 -0.844113410418 1.17840036169 -1.17840036169 -0.844113410418 
195.008021089 71.2527785083 1.51132714748 125.414672137 5.73478317261 8388608 0.437807334536 0.0 0.437807334536 -0.875798800807 1.23170053472 -1.23170053472 -0.875798800807 
150.331675762 99.4635535763 1.28111219406 125.370627173 5.4974822998 8388608 0.609292272417 0.0 0.609292272417 -0.741588728427 1.04465047343 -1.04465047343 -0.741588728427 
126.744284568 73.9940743987 1.22149562836 133.213557103 5.08508872986 8388608 0.670218121171 0.0 0.670218121171 -0.836381964413 0.890234115107 -0.890234115107 -0.836381964413 
198.501896831 77.7340753543 2.25800085068 127.585406384 4.77753067017 16580864 0.196133508675 0.0 0.196133508675 -1.37725258661 1.78934154211 -1.78934154211 -1.37725258661 
58.8698316965 156.466386443 1.33004236221 126.061285734 4.7756729126 8388608 0.565287071325 0.0 0.565287071325 -0.782929797049 1.07519003817 -1.07519003817 -0.782929797049 
203.829181727 154.970523214 1.36257064342 127.443352405 4.76328277588 8388608 0.538619341156 0.0 0.538619341156 -0.828411276112 1.08181953945 -1.08181953945 -0.828411276112 
63.1898696529 156.461192801 1.42166745663 126.197714868 4.62808609009 8388608 0.494770680306 0.0 0.494770680306 -0.839599101654 1.14726270127 -1.14726270127 -0.839599101654 
183.159879935 66.728073311 1.32296609879 124.547183269 4.4983291626 8388608 0.571350443815 0.0 0.571350443815 -0.750233853757 1.08967355809 -1.08967355809 -0.750233853757 
79.0722249385 155.376412365 1.23607027531 125.181106348 4.29668807983 8388608 0.654506063778 0.0 0.654506063778 -0.712177743008 1.01028341957 -1.01028341957 -0.712177743008 
223.887793594 82.9561783261 1.41752493382 124.847299362 4.20554733276 8388608 0.497666705084 0.0 0.497666705084 -0.809961352517 1.16333122773 -1.16333122773 -0.809961352517 
148.591706739 115.893296421 1.24841296673 125.080370133 4.1958732605 8388608 0.641628222265 0.0 0.641628222265 -0.717494036759 1.02163459354 -1.02163459354 -0.717494036759 
149.527452529 110.130293569 1.30282115936 125.156240503 4.09966278076 8388608 0.589156119736 0.0 0.589156119736 -0.750174918963 1.06516691849 -1.06516691849 -0.750174918963 
163.255623104 131.061128512 1.33602464199 125.037060554 4.05253982544 8388608 0.56023606519 0.0 0.56023606519 -0.767019986718 1.09391141505 -1.09391141505 -0.767019986718 
203.029283822 46.861667185 1.68654930592 124.957190942 4.03164291382 12189696 0.351561991175 0.0 0.351561991175 -0.966332440402 1.38226270148 -1.38226270148 -0.966332440402 
134.880522433 123.216176268 1.29671287537 125.059042417 3.87437438965 8388608 0.594719739941 0.0 0.594719739941 -0.744858140796 1.0614380016 -1.0614380016 -0.744858140796 
146.191226709 28.0740540529 1.60069346428 125.110493887 3.83751678467 8388608 0.390286614403 0.0 0.390286614403 -0.920646991704 1.3094383083 -1.3094383083 -0.920646991704 
114.620063229 140.730489956 1.35717284679 125.194441421 3.76718902588 8388608 0.542912293665 0.0 0.542912293665 -0.782210692984 1.1090827597 -1.1090827597 -0.782210692984 
140.679640657 118.138245439 1.66109883785 125.325355695 3.69266891479 11075584 0.362417409039 0.0 0.362417409039 -0.960478479716 1.35526028464 -1.35526028464 -0.960478479716 
208.079381607 60.0587318754 1.27900385857 124.951272543 3.60855102539 8388608 0.611302667132 0.0 0.611302667132 -0.732715190001 1.04832214542 -1.04832214542 -0.732715190001 
225.376342832 61.7847599404 3.28022170067 124.947577451 3.60691452026 10158081 0.0929380605267 0.0 0.0929380605267 -1.87899862592 2.68872061943 -2.68872061943 -1.87899862592 
109.681976663 148.916488221 1.27345132828 124.987759932 3.59801101685 8388608 0.616645119409 0.0 0.616645119409 -0.730198810413 1.04330627467 -1.04330627467 -0.730198810413 
240.186600057 77.1985684436 3.12142705917 124.948977369 3.56684494019 23265792 0.102634558444 0.0 0.102634558444 -1.78809932608 2.55851669641 -2.55851669641 -1.78809932608 
250.701795497 101.112248319 1.81220126152 124.948896782 3.55341720581 17367040 0.304499892197 0.0 0.304499892197 -1.03811150212 1.48539487054 -1.48539487054 -1.03811150212 
241.298492394 64.7897973775 3.17945885658 124.951272543 3.55312728882 24576512 0.0989221578128 0.0 0.0989221578128 -1.82144704615 2.60601022231 -2.60601022231 -1.82144704615 
264.517775068 104.613096109 1.45112085342 124.951272543 3.54823303223 8388608 0.474889791215 0.0 0.474889791215 -0.83131750128 1.1893960414 -1.1893960414 -0.83131750128 
207.344251112 57.5156361211 2.02960157394 124.96023449 3.5479850769 8847616 0.242760720615 0.0 0.242760720615 -1.16297748146 1.66335983076 -1.66335983076 -1.16297748146 
212.971878444 53.5927769787 1.67553031445 124.951272543 3.54685974121 11665408 0.356201234774 0.0 0.356201234774 -0.959877098477 1.37333091076 -1.37333091076 -0.959877098477 
210.345369324 44.1456395509 1.42698705196 124.951272543 3.5457611084 8388608 0.491088693163 0.0 0.491088693163 -0.817491739298 1.16961502327 -1.16961502327 -0.817491739298 
214.697406312 70.1932416984 1.222869277 124.948962347 3.54554748535 8388608 0.668713255278 0.0 0.668713255278 -0.700516420326 1.00234026832 -1.00234026832 -0.700516420326 
145.668603845 130.292079778 1.58754861355 124.951272543 3.54145431519 8388608 0.396776492489 0.0 0.396776492489 -0.909474178846 1.30121762914 -1.30121762914 -0.909474178846 
223.410159387 86.6484947743 3.06446361542 129.352801809 3.54019546509 21955072 0.106485643909 0.0 0.106485643909 -1.94315721932 2.36961542687 -2.36961542687 -1.94315721932 
232.413600018 99.5626106819 1.67671740055 126.650332267 3.48110198975 11730944 0.355697045035 0.0 0.355697045035 -1.00088273498 1.34521931005 -1.34521931005 -1.00088273498 
237.909542406 100.898817356 2.76818299294 131.010450936 3.31737518311 14615040 0.130499968778 0.0 0.130499968778 -1.81647248835 2.08884292886 -2.08884292886 -1.81647248835 
114.118419207 103.648326058 1.79222178459 125.477049501 3.13972091675 16580608 0.311326791724 0.0 0.311326791724 -1.04016395424 1.45949233416 -1.45949233416 -1.04016395424 
243.141786558 118.075310733 1.17555308342 125.386145328 2.92631149292 8388608 0.72362824496 0.0 0.72362824496 -0.680744040115 0.958390632146 -0.958390632146 -0.680744040115 
187.480966337 99.8745725179 1.26105594635 125.956209046 -0.699510574341 8388608 0.62882716007 0.0 0.62882716007 -0.74045012406 1.02078191285 -1.02078191285 -0.74045012406 
