13
146
123.68370865 116.427655414 2.85976076126 108.821014404 58.5230255127 16908800 0.122275822878 0.0 0.122275822878 -0.922595645614 2.70685220992 -2.70685220992 -0.922595645614 
293.303402186 106.862364872 1.33341395855 8.70446777344 54.4646224976 8388608 0.562431978644 0.0 0.562431978644 1.31805581509 0.201796068221 -0.201796068221 1.31805581509 
90.7635946861 98.9122100804 6.86572360992 104.955886841 50.0535125732 13434882 0.0212142346118 0.0 0.0212142346118 -1.77187356348 6.63314591751 -6.63314591751 -1.77187356348 
228.835700908 142.240708923 1.8473995924 89.8714599609 47.9052810669 18743296 0.293007214007 0.0 0.293007214007 0.00414453941623 1.84739494337 -1.84739494337 0.00414453941623 
127.897289981 144.021899264 1.53207504749 91.5343933105 44.3098678589 8388608 0.426029744038 0.0 0.426029744038 -0.0410243955559 1.53152569359 -1.53152569359 -0.0410243955559 
292.459149929 101.059447586 1.28476214409 343.025115967 43.3034553528 8388608 0.605835247508 0.0 0.605835247508 1.22878868957 -0.375089487003 0.375089487003 1.22878868957 
271.753648804 89.9639978557 1.79014062881 0.334930419922 40.0426864624 16449536 0.312051088089 0.0 0.312051088089 1.79011004301 0.0104644555483 -0.0104644555483 1.79011004301 
272.198622466 78.9714503867 3.83402490616 345.113372803 38.8221511841 21430273 0.0680283818007 0.0 0.0680283818007 3.70533995357 -0.984988735719 0.984988735719 3.70533995357 
93.7395313238 94.7024302318 2.3587884903 102.449890137 37.667098999 19726592 0.179730590037 0.0 0.179730590037 -0.508521021261 2.30332140894 -2.30332140894 -0.508521021261 
155.279718282 143.519828599 1.96540093422 89.1812438965 37.5728988647 23265280 0.258879513449 0.0 0.258879513449 0.0280846034047 1.96520026646 -1.96520026646 0.0280846034047 
148.261057939 143.424609527 1.36850094795 89.4461975098 35.4584274292 8388608 0.533961316111 0.0 0.533961316111 0.0132272819832 1.36843702214 -1.36843702214 0.0132272819832 
88.298171086 137.697254925 1.63281536102 97.9216918945 34.4515533447 9830400 0.375081673585 0.0 0.375081673585 -0.225033858841 1.61723398603 -1.61723398603 -0.225033858841 
115.764509364 119.977795695 1.48753285408 282.679016113 29.2955360413 8388608 0.451925520699 0.0 0.451925520699 0.32649696753 -1.4512593573 1.4512593573 0.32649696753 
95.4918434569 104.821784202 1.99487352371 107.853622437 28.2754554749 24313856 0.251286563609 0.0 0.251286563609 -0.611600807813 1.89880615848 -1.89880615848 -0.611600807813 
122.02909109 102.580000925 2.81313729286 41.3458862305 27.7922954559 15729152 0.126362480887 0.0 0.126362480887 2.11192152539 1.858367267 -1.858367267 2.11192152539 
72.1089942842 71.0935228655 6.0333814621 137.992263794 26.9094238281 20775425 0.0274712506124 0.0 0.0274712506124 -4.4831310717 4.03772555545 -4.03772555545 -4.4831310717 
107.205292443 143.796884865 1.37212836742 94.4289855957 26.8771591187 8388608 0.531141840206 0.0 0.531141840206 -0.105960447096 1.36803093545 -1.36803093545 -0.105960447096 
263.416998328 89.9070477194 2.00980448723 106.948791504 25.9649734497 24838144 0.247566785094 0.0 0.247566785094 -0.585891941818 1.92251000242 -1.92251000242 -0.585891941818 
73.93361179 77.7877171589 3.67573356628 136.941757202 25.3785247803 18350081 0.0740136720629 0.0 0.0740136720629 -2.68571168252 2.50957566308 -2.50957566308 -2.68571168252 
70.5939781059 110.101667709 1.37735259533 30.6860961914 25.2610664368 8388608 0.527120293822 0.0 0.527120293822 1.18449036603 0.702910196705 -0.702910196705 1.18449036603 
77.9140598754 94.1345161786 2.32966089249 103.722808838 24.9635353088 18809088 0.18425300576 0.0 0.18425300576 -0.552653550395 2.26316016385 -2.26316016385 -0.552653550395 
81.0415123764 90.8957037535 1.35429167747 122.885498047 24.8943595886 8388608 0.545224773556 0.0 0.545224773556 -0.735328808131 1.13727634795 -1.13727634795 -0.735328808131 
252.196127253 89.6345524265 4.62698936462 279.786437988 23.4828605652 18284801 0.0467092611339 0.0 0.0467092611339 0.786478285342 -4.55965815462 4.55965815462 0.786478285342 
161.625150182 64.3649375454 3.71612644196 274.952819824 23.0006523132 19202049 0.0724134159582 0.0 0.0724134159582 0.320833252992 -3.70225090403 3.70225090403 0.320833252992 
240.556262403 51.023425735 1.4135004282 130.618652344 22.6703605652 8388608 0.500504643687 0.0 0.500504643687 -0.920218970579 1.07293080239 -1.07293080239 -0.920218970579 
251.577277585 60.3721890636 1.47135972977 132.893096924 21.7117156982 8388608 0.461915216421 0.0 0.461915216421 -1.00145540756 1.07795478618 -1.07795478618 -1.00145540756 
286.865910946 118.793776249 1.20439374447 51.1126403809 20.8556022644 8388608 0.689386885994 0.0 0.689386885994 0.756107973895 0.93747801229 -0.93747801229 0.756107973895 
59.6895756673 113.087658323 1.54600524902 152.485198975 20.6530227661 8388608 0.418386894016 0.0 0.418386894016 -1.37113894774 0.714220005315 -0.714220005315 -1.37113894774 
83.5570900781 97.1683566982 1.27778255939 89.5857849121 20.5211009979 8388608 0.612471786597 0.0 0.612471786597 0.00923754261238 1.27774916823 -1.27774916823 0.00923754261238 
61.105809369 106.713182459 1.95240545273 188.599884033 20.3767166138 22740992 0.262337258791 0.0 0.262337258791 -1.93045394069 -0.291949712672 0.291949712672 -1.93045394069 
51.2251586599 27.0051454721 3.05715537071 191.726303101 20.2889556885 21758464 0.1069953683 0.0 0.1069953683 -2.99335135414 -0.62132650943 0.62132650943 -2.99335135414 
232.553827486 45.5837473352 1.69306337833 125.975265503 20.1993255615 12451840 0.348861921335 0.0 0.348861921335 -0.994566287595 1.37014652597 -1.37014652597 -0.994566287595 
53.5423636376 42.8441106709 3.8110461235 158.507095337 20.0939674377 20971521 0.068851212095 0.0 0.068851212095 -3.54603720821 1.3963139595 -1.3963139595 -3.54603720821 
65.8699616076 118.368998449 1.23720061779 156.020935059 18.8685741425 8388608 0.653310658537 0.0 0.653310658537 -1.13042279663 0.502801819338 -0.502801819338 -1.13042279663 
66.0362237768 100.813060253 2.11549448967 220.715316772 18.6980361938 11862272 0.223447861758 0.0 0.223447861758 -1.6034601714 -1.37993927931 1.37993927931 -1.6034601714 
240.400317862 69.3704671124 3.91990971565 279.814544678 17.8140983582 23003137 0.0650800490052 0.0 0.0650800490052 0.668186406616 -3.8625404988 3.8625404988 0.668186406616 
63.15024277 121.287475637 2.05588960648 148.019882202 17.7968597412 9765120 0.236592197494 0.0 0.236592197494 -1.74387121354 1.08885043262 -1.08885043262 -1.74387121354 
255.239386682 62.2375509029 2.81320571899 138.815994263 17.7068328857 15729152 0.126356333885 0.0 0.126356333885 -2.11721512003 1.85243800244 -1.85243800244 -2.11721512003 
175.956278665 105.543510738 1.50911045074 130.425170898 17.6623687744 8388608 0.439094448879 0.0 0.439094448879 -0.978589302442 1.14881562041 -1.14881562041 -0.978589302442 
193.684343506 38.9904020387 2.61436200142 56.5100708008 17.2244415283 10420736 0.146308162083 0.0 0.146308162083 1.44257986971 2.1803330007 -2.1803330007 1.44257986971 
107.160147842 101.768847866 1.39662015438 118.953155518 16.1067428589 8388608 0.512676475544 0.0 0.512676475544 -0.67609596433 1.2220646884 -1.2220646884 -0.67609596433 
197.445798844 114.704802002 6.16311359406 134.532485962 15.2897014618 22348289 0.0263268958396 0.0 0.0263268958396 -4.32227510665 4.39339357168 -4.39339357168 -4.32227510665 
163.429248966 85.7314972256 4.05183029175 140.77746582 14.9884414673 8716545 0.060911249173 0.0 0.060911249173 -3.1389361298 2.5621102018 -2.5621102018 -3.1389361298 
119.818546623 146.906769672 1.7076458931 105.234985352 14.9377403259 13041664 0.342929119226 0.0 0.342929119226 -0.448732418051 1.64763276042 -1.64763276042 -0.448732418051 
166.710912933 61.8653291944 1.40299677849 170.547454834 14.708782196 8388608 0.508026834024 0.0 0.508026834024 -1.383946836 0.230415094065 -0.230415094065 -1.383946836 
60.0662480821 92.5916539557 1.68989193439 225.033233643 14.3087615967 12320768 0.350172578186 0.0 0.350172578186 -1.19424073996 -1.19562695058 1.19562695058 -1.19424073996 
160.120865822 44.9005745104 3.95948553085 199.927429199 13.8469963074 23789569 0.0637855756776 0.0 0.0637855756776 -3.72241160957 -1.34951008815 1.34951008815 -3.72241160957 
193.318005824 86.2762822767 2.1129617691 102.16619873 13.8051109314 11731200 0.223983858369 0.0 0.223983858369 -0.445302761917 2.06550548 -2.06550548 -0.445302761917 
156.49891966 63.380439985 1.49190044403 123.190795898 13.3099746704 8388608 0.449283338844 0.0 0.449283338844 -0.816709265376 1.24850026462 -1.24850026462 -0.816709265376 
195.29789355 142.914958488 1.71264362335 106.004364014 12.7336463928 13303808 0.340930610533 0.0 0.340930610533 -0.472193951086 1.64626275338 -1.64626275338 -0.472193951086 
175.809108182 41.2075014169 1.79361534119 213.626373291 12.5731582642 16646144 0.310843206473 0.0 0.310843206473 -1.49348327564 -0.993259129097 0.993259129097 -1.49348327564 
50.0211183429 106.613148192 1.93882954121 185.641052246 12.4632759094 22216704 0.266023953515 0.0 0.266023953515 -1.92944022925 -0.190579095435 0.190579095435 -1.92944022925 
200.685026757 124.576023294 2.07812070847 129.593811035 12.3626289368 10551552 0.231557290822 0.0 0.231557290822 -1.32447102521 1.60136260177 -1.60136260177 -1.32447102521 
179.662732145 34.8166422159 2.10979604721 233.648651123 11.7640419006 11665664 0.224656532471 0.0 0.224656532471 -1.25055042314 -1.69922423476 1.69922423476 -1.25055042314 
212.642327689 146.285830093 1.63000583649 85.4645385742 11.7005310059 9699328 0.376375790848 0.0 0.376375790848 0.128894490474 1.6249016085 -1.6249016085 0.128894490474 
178.819769303 72.9071606237 1.69801545143 316.970123291 10.7910499573 12648448 0.346830054579 0.0 0.346830054579 1.24124585863 -1.15869115459 1.15869115459 1.24124585863 
228.123302736 128.435624526 2.93043375015 271.820373535 10.7762775421 18678272 0.116449113041 0.0 0.116449113041 0.0930886475783 -2.92895484221 2.92895484221 0.0930886475783 
50.4651769618 115.155338764 2.23859000206 163.830429077 10.7335968018 15925504 0.199549608658 0.0 0.199549608658 -2.15003522961 0.623404931597 -0.623404931597 -2.15003522961 
179.593350311 145.261076987 1.54413223267 276.246032715 10.4150238037 8388608 0.419402507519 0.0 0.419402507519 0.167998566522 -1.5349660692 1.5349660692 0.167998566522 
166.426899529 43.6681676107 1.28344464302 199.11378479 10.4040107727 8388608 0.607079708302 0.0 0.607079708302 -1.21268854451 -0.420257832409 0.420257832409 -1.21268854451 
130.255570552 93.1958985437 2.74788999557 31.0330200195 10.1515007019 14025216 0.132434554263 0.0 0.132434554263 2.35458542869 1.41662517512 -1.41662517512 2.35458542869 
157.666264705 71.3531721338 1.44515478611 274.037506104 10.0934486389 8388608 0.478818882718 0.0 0.478818882718 0.101752581348 -1.4415681628 1.4415681628 0.101752581348 
173.706351114 77.0585357013 1.31997203827 146.776489258 9.49838638306 8388608 0.573945344126 0.0 0.573945344126 -1.10420882283 0.723221305964 -0.723221305964 -1.10420882283 
146.537461873 114.25824573 1.70906949043 109.263305664 9.27786636353 13107200 0.342358060344 0.0 0.342358060344 -0.563838910402 1.61338284553 -1.61338284553 -0.563838910402 
272.197938823 105.479724608 3.12135124207 151.259765625 9.03260803223 23265792 0.102639544457 0.0 0.102639544457 -2.73682799912 1.5008684418 -1.5008684418 -2.73682799912 
49.7063179756 63.7299924667 1.87710750103 141.058654785 8.72901535034 19922944 0.283806089489 0.0 0.283806089489 -1.4599950705 1.1798080202 -1.1798080202 -1.4599950705 
140.118532041 109.418517949 1.48941743374 120.870834351 8.7255821228 8388608 0.450782589514 0.0 0.450782589514 -0.764226637335 1.27840601481 -1.27840601481 -0.764226637335 
45.6287330769 57.1923573699 1.9655714035 147.426727295 8.68634414673 23265280 0.258834611401 0.0 0.258834611401 -1.65639415824 1.05821988963 -1.05821988963 -1.65639415824 
183.934432618 138.046092311 1.74038493633 121.270126343 8.32923126221 14417920 0.330148530594 0.0 0.330148530594 -0.903387755683 1.48755849952 -1.48755849952 -0.903387755683 
156.515926713 50.1029974856 1.22628927231 289.169616699 7.96306991577 8388608 0.664988510803 0.0 0.664988510803 0.402671468313 -1.1582923068 1.1582923068 0.402671468313 
186.919373843 29.8923923919 2.02388882637 249.990844727 7.74292755127 8651008 0.244133116148 0.0 0.244133116148 -0.692514630954 -1.90172276303 1.90172276303 -0.692514630954 
151.43649123 50.375365828 1.4452534914 244.97454834 7.69382476807 8388608 0.478753481951 0.0 0.478753481951 -0.611372310954 -1.3095730418 1.3095730418 -0.611372310954 
154.092510286 120.586449324 1.30725467205 118.683334351 7.58364105225 8388608 0.585166687718 0.0 0.585166687718 -0.627440856508 1.14683597309 -1.14683597309 -0.627440856508 
115.053267161 87.3935439504 1.23458194733 259.330291748 7.38214111328 8388608 0.656085070916 0.0 0.656085070916 -0.228579256365 -1.21323703711 1.21323703711 -0.228579256365 
164.587454953 129.843078158 1.43526673317 121.089263916 6.87479019165 8388608 0.485439109412 0.0 0.485439109412 -0.741132805754 1.22911055629 -1.22911055629 -0.741132805754 
184.969993915 20.0087967702 1.43007779121 242.107025146 6.83123779297 8388608 0.488968267385 0.0 0.488968267385 -0.669021066654 -1.2639356397 1.2639356397 -0.669021066654 
159.883925255 124.787975348 1.50802958012 122.195861816 6.80240631104 8388608 0.439724110769 0.0 0.439724110769 -0.803501019662 1.27614236114 -1.27614236114 -0.803501019662 
199.980423754 137.359757805 1.24675130844 276.023742676 6.67694473267 8388608 0.643339673994 0.0 0.643339673994 0.130834795558 -1.23986736443 1.23986736443 0.130834795558 
151.882076826 68.068761624 1.42910373211 124.208450317 6.45190048218 8388608 0.489635043767 0.0 0.489635043767 -0.803449770226 1.18186545082 -1.18186545082 -0.803449770226 
134.765791185 137.461793369 1.31644690037 265.94317627 6.43795108795 8388608 0.577023243224 0.0 0.577023243224 -0.0931330688318 -1.31314838193 1.31314838193 -0.0931330688318 
207.916707477 91.8003557941 2.56937122345 42.3659057617 6.43035316467 9175552 0.151476858076 0.0 0.151476858076 1.89839652151 1.73140380357 -1.73140380357 1.89839652151 
146.322468361 127.287018997 1.72941625118 305.542297363 6.23641586304 13959168 0.33434969289 0.0 0.33434969289 1.00531623946 -1.40720283845 1.40720283845 1.00531623946 
140.251189749 65.6591082417 4.76245450974 297.35345459 6.01049423218 20381953 0.0440898193337 0.0 0.0440898193337 2.18824496792 -4.22995944634 4.22995944634 2.18824496792 
120.122267264 94.5142808349 1.43989741802 296.081878662 6.00186538696 8388608 0.482321802756 0.0 0.482321802756 0.633058275534 -1.29326787411 1.29326787411 0.633058275534 
187.650682866 71.1461513316 1.61532509327 292.481536865 5.96263885498 9043968 0.383248197239 0.0 0.383248197239 0.61767721532 -1.49256491136 1.49256491136 0.61767721532 
212.555379662 43.921379033 1.40966308117 110.228439331 5.86932373047 8388608 0.503233273173 0.0 0.503233273173 -0.487410726999 1.3227171979 -1.3227171979 -0.487410726999 
203.655008345 14.971624581 1.59167468548 276.085998535 5.73887634277 8388608 0.394722044538 0.0 0.394722044538 0.168751069402 -1.58270381972 1.58270381972 0.168751069402 
197.782706729 133.816063942 2.40228104591 277.899475098 5.68787765503 21037312 0.173281568569 0.0 0.173281568569 0.330158628707 -2.37948513411 2.37948513411 0.330158628707 
256.596846236 125.826801295 1.85643041134 267.211730957 5.61124038696 19136512 0.290163413383 0.0 0.290163413383 -0.0903065574533 -1.85423261697 1.85423261697 -0.0903065574533 
243.472129652 90.2199641149 1.35074675083 98.3364562988 5.47195625305 8388608 0.548090326319 0.0 0.548090326319 -0.195839084257 1.33647440602 -1.33647440602 -0.195839084257 
185.068349708 117.722590713 1.18457758427 132.454162598 5.34635925293 8388608 0.712644568597 0.0 0.712644568597 -0.799590058429 0.874002169109 -0.874002169109 -0.799590058429 
279.633178321 148.919325358 1.49902033806 270.792144775 5.32094192505 8388608 0.445025554083 0.0 0.445025554083 0.0207240971406 -1.49887707492 1.49887707492 0.0207240971406 
181.278777914 118.615943579 1.92756652832 308.091125488 5.11105728149 21823488 0.269141858759 0.0 0.269141858759 1.18914273833 -1.51705381216 1.51705381216 1.18914273833 
115.373467873 46.5107914344 1.29858493805 303.833007812 5.07152175903 8388608 0.593006259236 0.0 0.593006259236 0.723018653858 -1.07868756714 1.07868756714 0.723018653858 
113.243487613 92.3530279939 1.38883531094 293.332336426 5.03539466858 8388608 0.518439998042 0.0 0.518439998042 0.550067376441 -1.2752605233 1.2752605233 0.550067376441 
210.110053402 30.9269896268 1.42872357368 279.673950195 5.0115852356 8388608 0.489895645124 0.0 0.489895645124 0.240084434209 -1.40840708407 1.40840708407 0.240084434209 
99.5492127853 81.2522078579 1.61039209366 292.097076416 4.94259262085 8847360 0.385599747311 0.0 0.385599747311 0.605792443178 -1.49210529491 1.49210529491 0.605792443178 
270.24147926 121.860942913 1.27651536465 257.885620117 4.91067886353 8388608 0.613688389671 0.0 0.613688389671 -0.267894565238 -1.24808812914 1.24808812914 -0.267894565238 
91.2553875305 71.4472899542 1.28563857079 78.2751159668 4.89935684204 8388608 0.60500952679 0.0 0.60500952679 0.261257906261 1.25881326697 -1.25881326697 0.261257906261 
155.45505547 112.272954315 1.51075851917 3.65484619141 4.86573410034 8388608 0.438136965635 0.0 0.438136965635 1.50768588587 0.0963045834264 -0.0963045834264 1.50768588587 
129.475057141 54.2364049421 1.68636775017 304.871185303 4.86407470703 12189696 0.35163769416 0.0 0.35163769416 0.964152661938 -1.38356273197 1.38356273197 0.964152661938 
160.644859029 117.626776956 1.47235107422 291.202178955 4.65100479126 8388608 0.461293404225 0.0 0.461293404225 0.532490527841 -1.37268770065 1.37268770065 0.532490527841 
146.286244182 105.261607441 1.54552638531 326.231567383 4.58824539185 8388608 0.418646198992 0.0 0.418646198992 1.28478192223 -0.859061825483 0.859061825483 1.28478192223 
263.557992674 121.964975763 1.9597171545 265.540893555 4.55867767334 23003136 0.260383350776 0.0 0.260383350776 -0.152363205133 -1.95378524392 1.95378524392 -0.152363205133 
247.956307339 126.550129133 2.19144415855 265.506347656 4.4946308136 14418176 0.208228026344 0.0 0.208228026344 -0.171696689765 -2.18470770283 2.18470770283 -0.171696689765 
191.820555796 134.829340433 1.22739160061 287.96307373 4.23558044434 8388608 0.663794586252 0.0 0.663794586252 0.378532465198 -1.16756298076 1.16756298076 0.378532465198 
107.113110842 42.4651208356 1.83471214771 300.554382324 4.16525650024 18284544 0.29707364649 0.0 0.29707364649 0.932686836948 -1.57995693902 1.57995693902 0.932686836948 
142.028519131 101.021014049 1.90669691563 281.511413574 4.12822723389 21037056 0.275065847954 0.0 0.275065847954 0.380506415544 -1.86834365035 1.86834365035 0.380506415544 
244.238635519 97.2118822068 1.52838766575 94.3572998047 4.03411483765 8388608 0.428087898982 0.0 0.428087898982 -0.116120696244 1.52397009181 -1.52397009181 -0.116120696244 
93.5474431588 152.508722801 1.32498443127 98.9802246094 4.03390884399 8388608 0.569611107377 0.0 0.569611107377 -0.206821535984 1.30874313574 -1.30874313574 -0.206821535984 
238.583871618 127.921146048 2.0844142437 267.668914795 3.99681282043 10748160 0.230161105859 0.0 0.230161105859 -0.0847812329626 -2.08268933878 2.08268933878 -0.0847812329626 
84.4431005007 66.0502974629 1.49463915825 309.066131592 3.85321044922 8388608 0.447638351369 0.0 0.447638351369 0.941946953213 -1.16046635053 1.16046635053 0.941946953213 
76.2804052043 17.3060268121 1.2740534544 296.014404297 3.8494758606 8388608 0.616062395986 0.0 0.616062395986 0.55879614005 -1.14497121297 1.14497121297 0.55879614005 
121.339733735 71.1530948464 3.16094040871 292.213378906 3.7844581604 24183296 0.100084628886 0.0 0.100084628886 1.19501556218 -2.92634278128 2.92634278128 1.19501556218 
122.781653115 75.4223834717 1.40508639812 268.667388916 3.78434753418 8388608 0.506516900591 0.0 0.506516900591 -0.0326771868948 -1.40470637062 1.40470637062 -0.0326771868948 
123.876533919 72.297214481 1.69741904736 308.350463867 3.75108718872 12648448 0.347073821371 0.0 0.347073821371 1.0531975818 -1.33116726073 1.33116726073 1.0531975818 
233.271770669 13.8845107491 1.68699622154 269.781341553 3.61949920654 12189696 0.351375745665 0.0 0.351375745665 -0.00643808465619 -1.68698393666 1.68698393666 -0.00643808465619 
273.851325509 34.2889376944 2.91145181656 304.533172607 3.61516189575 18219520 0.117972500816 0.0 0.117972500816 1.65045337662 -2.39844852597 2.39844852597 1.65045337662 
89.2710143176 13.0635936661 1.68218493462 272.170043945 3.60584259033 11993088 0.35338858876 0.0 0.35338858876 0.0636965338465 -1.68097855603 1.68097855603 0.0636965338465 
277.588289388 51.9590659649 1.90348541737 348.659088135 3.60361862183 20905984 0.275994795119 0.0 0.275994795119 1.86631890116 -0.374313362414 0.374313362414 1.86631890116 
117.831598184 29.3725954342 1.65782809258 346.472045898 3.59506225586 10944512 0.363848853413 0.0 0.363848853413 1.6118331587 -0.387798727478 0.387798727478 1.6118331587 
264.513778257 41.3100388476 1.42029047012 280.098052979 3.58839035034 8388608 0.495730516091 0.0 0.495730516091 0.249024173424 -1.39828894745 1.39828894745 0.249024173424 
245.463335888 44.3061179394 1.74871218204 308.585174561 3.58098983765 14811136 0.327011728383 0.0 0.327011728383 1.09063218883 -1.36693662045 1.36693662045 1.09063218883 
93.7942882265 13.6296193113 1.74136936665 275.499938965 3.57987213135 14483456 0.329775357205 0.0 0.329775357205 0.166901010883 -1.73335262531 1.73335262531 0.166901010883 
40.5590579931 74.1557089579 1.95655763149 108.692398071 3.56169891357 22937600 0.261224983476 0.0 0.261224983476 -0.627051898339 1.85335471029 -1.85335471029 -0.627051898339 
246.570245292 14.9440730455 1.63917076588 327.705230713 3.54962158203 10092544 0.372178773286 0.0 0.372178773286 1.38560844396 -0.875768256871 0.875768256871 1.38560844396 
130.512395417 31.6482403295 1.44731080532 309.090698242 3.54406356812 8388608 0.477393378563 0.0 0.477393378563 0.912601554547 -1.12332852267 1.12332852267 0.912601554547 
56.4544616839 142.283339145 1.34947705269 117.112365723 3.54243087769 8388608 0.549122187738 0.0 0.549122187738 -0.615006656815 1.20118904749 -1.20118904749 -0.615006656815 
82.0277522042 17.6811500479 1.87744736671 299.558959961 3.54118347168 19922944 0.283703346561 0.0 0.283703346561 0.926180335068 -1.63309479263 1.63309479263 0.926180335068 
195.947059584 95.0635148932 1.70226752758 105.618347168 3.49921798706 12845056 0.345099532319 0.0 0.345099532319 -0.458298472219 1.63941368965 -1.63941368965 -0.458298472219 
83.049093132 47.1033209502 1.26741170883 324.649719238 3.49174880981 8388608 0.622536142143 0.0 0.622536142143 1.03373922544 -0.733290974626 0.733290974626 1.03373922544 
117.001468817 55.6354274846 1.47703123093 309.675018311 3.48427581787 8388608 0.458374704927 0.0 0.458374704927 0.942984429398 -1.13683843313 1.13683843313 0.942984429398 
158.612154399 133.26538488 2.61548066139 306.368530273 3.38411903381 10486272 0.146183034732 0.0 0.146183034732 1.55091911484 -2.10603632194 2.10603632194 1.55091911484 
253.38876696 108.630952054 1.27420568466 281.102020264 3.31490325928 8388608 0.61591520195 0.0 0.61591520195 0.245356672333 -1.25036004021 1.25036004021 0.245356672333 
132.28709537 67.38971913 1.4980994463 317.496795654 3.31358337402 8388608 0.445572842619 0.0 0.445572842619 1.10445816515 -1.01216308589 1.01216308589 1.10445816515 
237.425529277 99.4241449917 1.65864706039 91.404083252 3.29008865356 10944512 0.363489636623 0.0 0.363489636623 -0.0406425305412 1.65814904507 -1.65814904507 -0.0406425305412 
77.1506437844 35.2379092104 1.46761667728 309.744506836 3.251537323 8388608 0.464274385182 0.0 0.464274385182 0.938343158451 -1.12845506265 1.12845506265 0.938343158451 
244.071442597 111.031484939 1.77111577988 13.9669494629 3.11376953125 15728640 0.318791031609 0.0 0.318791031609 1.71875294593 0.427480311331 -0.427480311331 1.71875294593 
240.195233907 125.685442864 1.34403395653 269.673187256 2.99798965454 8388608 0.553578886413 0.0 0.553578886413 -0.00766627223607 -1.34401209242 1.34401209242 -0.00766627223607 
116.434497037 78.199989524 1.70105612278 275.270690918 2.99614715576 12779520 0.345591231662 0.0 0.345591231662 0.156261094791 -1.69386374986 1.69386374986 0.156261094791 
83.6708801527 52.4655609137 1.47411894798 317.965179443 2.98245239258 8388608 0.460187632539 0.0 0.460187632539 1.09488421118 -0.987043685406 0.987043685406 1.09488421118 
101.305194614 47.1375707767 1.29991137981 306.507507324 2.84384536743 8388608 0.591796658396 0.0 0.591796658396 0.773353819087 -1.04484135919 1.04484135919 0.773353819087 
211.966496603 107.970939806 1.41138231754 300.534698486 2.83858108521 8388608 0.502008020467 0.0 0.502008020467 0.717067005988 -1.21565412647 1.21565412647 0.717067005988 
227.913099439 108.01464951 1.4694750309 293.822631836 2.73957824707 8388608 0.463100849861 0.0 0.463100849861 0.593530772225 -1.34427604638 1.34427604638 0.593530772225 
223.891492285 98.9199774265 1.34557449818 347.926849365 2.70112228394 8388608 0.552312032527 0.0 0.552312032527 1.31581221853 -0.281440820978 0.281440820978 1.31581221853 
216.600498676 102.019304136 2.0736656189 28.0596618652 2.63845062256 10420480 0.232553320868 0.0 0.232553320868 1.82992334434 0.975433059118 -0.975433059118 1.82992334434 
