13
173
92.995641828 141.24522247 4.86231851578 136.247571427 111.907470703 21889281 0.0422973530715 0.0 0.0422973530715 -3.51222114582 3.36250560917 -3.36250560917 -3.51222114582 
38.4287154879 93.2065538554 1.46372151375 133.121627037 91.8755569458 8388608 0.466748668537 0.0 0.466748668537 -1.00052586625 1.06837664743 -1.06837664743 -1.00052586625 
105.778853745 63.6780202656 2.35467028618 135.896063989 90.0355529785 19595520 0.180359819971 0.0 0.180359819971 -1.69083808213 1.63876134218 -1.63876134218 -1.69083808213 
57.7114418777 55.1470078317 1.45535087585 125.954302581 88.4573364258 8388608 0.472133239252 0.0 0.472133239252 -0.854494447482 1.17808548547 -1.17808548547 -0.854494447482 
76.27485326 66.1582118603 2.04524183273 134.434537841 81.60987854 9371904 0.239062064602 0.0 0.239062064602 -1.43186132461 1.46040655348 -1.46040655348 -1.43186132461 
201.583785202 89.8820245111 3.01856803894 134.652551286 79.9829330444 20840960 0.109748365586 0.0 0.109748365586 -2.12146719443 2.14735417401 -2.14735417401 -2.12146719443 
166.702742086 91.7569120066 3.55378699303 126.139701126 77.825553894 15925249 0.0791803127851 0.0 0.0791803127851 -2.09586750206 2.86997237019 -2.86997237019 -2.09586750206 
87.1815685994 35.2211973511 1.2970199585 129.269911837 77.697593689 8388608 0.594438160959 0.0 0.594438160959 -0.820980446603 1.00411746277 -1.00411746277 -0.820980446603 
71.6055426755 165.561091852 1.6717877388 136.491105782 77.1613922119 11534336 0.357797851653 0.0 0.357797851653 -1.21249332499 1.1509709729 -1.1509709729 -1.21249332499 
93.6030433207 60.0842522999 1.38264143467 142.943737224 77.1556625366 8388608 0.523095356527 0.0 0.523095356527 -1.10340892285 0.833178303757 -0.833178303757 -1.10340892285 
98.6722351112 138.51538153 1.29014337063 138.131311048 76.9988327026 8388608 0.60079187369 0.0 0.60079187369 -0.960739311427 0.861074847069 -0.861074847069 -0.960739311427 
203.334534782 90.7578717851 1.97585725784 134.338246172 76.0255126953 23592960 0.256146759987 0.0 0.256146759987 -1.38091255 1.41318520819 -1.41318520819 -1.38091255 
90.5513024659 146.685830308 1.34688639641 133.26629082 76.017868042 8388608 0.551236627351 0.0 0.551236627351 -0.923142546988 0.980770514835 -0.980770514835 -0.923142546988 
68.8844766013 37.9001978077 1.41632413864 132.120183382 75.7057266235 8388608 0.498510931472 0.0 0.498510931472 -0.949911533888 1.05054373706 -1.05054373706 -0.949911533888 
74.2129353986 166.015570465 2.47206830978 138.097140435 75.3637619019 23134464 0.163636079344 0.0 0.163636079344 -1.8399065879 1.65101952624 -1.65101952624 -1.8399065879 
131.905712021 149.930859697 3.14600634575 142.895616865 73.1034851074 23855616 0.101037085796 0.0 0.101037085796 -2.50905891998 1.89788810618 -1.89788810618 -2.50905891998 
118.205744725 149.807072092 2.54245448112 134.55523165 73.05519104 8454656 0.154701180402 0.0 0.154701180402 -1.78377714892 1.81168812757 -1.81168812757 -1.78377714892 
196.141503712 85.2600207892 1.26091647148 125.676804141 71.0820999146 8388608 0.628966281794 0.0 0.628966281794 -0.735382116885 1.02426729432 -1.02426729432 -0.735382116885 
137.33842567 151.087597929 1.37867486477 132.78127515 70.7613067627 8388608 0.526109670021 0.0 0.526109670021 -0.936398005164 1.01188100025 -1.01188100025 -0.936398005164 
82.5023284729 112.664106466 1.31687009335 140.632992412 69.0489349365 8388608 0.576652435278 0.0 0.576652435278 -1.01807087308 0.835271536772 -0.835271536772 -1.01807087308 
94.7109387376 26.956551954 1.36586225033 125.927218077 66.7184753418 8388608 0.536026419583 0.0 0.536026419583 -0.801429368682 1.10602470763 -1.10602470763 -0.801429368682 
121.682313656 148.922616607 5.09369754791 146.296268793 65.5292205811 8585729 0.0385419507427 0.0 0.0385419507427 -4.23753861491 2.82648566187 -2.82648566187 -4.23753861491 
90.4475057184 151.625960276 1.24814081192 129.99882661 64.5089950562 8388608 0.641908064479 0.0 0.641908064479 -0.802269867769 0.956147763502 -0.956147763502 -0.802269867769 
59.0309552969 75.3605504092 1.32234168053 128.28685377 64.4021759033 8388608 0.571890161933 0.0 0.571890161933 -0.819321520057 1.0379305212 -1.0379305212 -0.819321520057 
112.735554557 107.624982099 4.81581544876 146.19959162 63.701335907 21233921 0.0431181708331 0.0 0.0431181708331 -4.0018487498 2.67904554277 -2.67904554277 -4.0018487498 
141.992152297 68.8681404284 2.25241351128 128.964718466 63.5853424072 16384256 0.197107773548 0.0 0.197107773548 -1.4164115903 1.75132659223 -1.75132659223 -1.4164115903 
111.992595228 81.0535431328 1.23721683025 141.241368316 62.7563095093 8388608 0.653293536711 0.0 0.653293536711 -0.964769532359 0.774548406812 -0.774548406812 -0.964769532359 
83.7683910408 55.8286925343 1.51252734661 132.811466242 61.3156661987 8388608 0.437112804939 0.0 0.437112804939 -1.02789562708 1.10958080106 -1.10958080106 -1.02789562708 
113.900636066 109.617390272 3.06412410736 153.309687798 60.3184700012 21955072 0.106509242651 0.0 0.106509242651 -2.73763355828 1.37630630526 -1.37630630526 -2.73763355828 
198.800408069 74.6009758033 1.77978181839 136.256363441 59.126739502 16056320 0.315694102057 0.0 0.315694102057 -1.28578692794 1.2305995681 -1.2305995681 -1.28578692794 
119.25094693 150.809928032 1.38650357723 135.072486435 58.7966842651 8388608 0.520185223272 0.0 0.520185223272 -0.981645634834 0.979164959182 -0.979164959182 -0.981645634834 
214.499052123 67.5313435489 2.03609991074 126.891937613 58.5558624268 9109760 0.241213622159 0.0 0.241213622159 -1.22228643726 1.62840987217 -1.62840987217 -1.22228643726 
65.0440079339 65.7296426315 1.51216626167 134.160877761 57.6189537048 8388608 0.437321583164 0.0 0.437321583164 -1.05348907347 1.08480762121 -1.08480762121 -1.05348907347 
141.475916655 49.1915489007 1.39224016666 126.447855354 56.3581237793 8388608 0.515907310161 0.0 0.515907310161 -0.827117288515 1.11991502924 -1.11991502924 -0.827117288515 
180.968140413 47.8793559696 1.57753264904 143.773784462 56.0241661072 8388608 0.401830860537 0.0 0.401830860537 -1.27257980881 0.932282086604 -0.932282086604 -1.27257980881 
39.0932835472 112.950596228 1.64903950691 133.548911536 55.4531936646 10551296 0.367737466085 0.0 0.367737466085 -1.13614460846 1.19520154117 -1.19520154117 -1.13614460846 
38.721978133 121.416873575 1.43421089649 135.155646478 55.3700027466 8388608 0.486154113154 0.0 0.486154113154 -1.01689146131 1.01138155586 -1.01138155586 -1.01689146131 
92.5719725528 98.461093791 1.94429969788 150.109073106 55.3333435059 22478848 0.264529178134 0.0 0.264529178134 -1.68566054564 0.968942640218 -0.968942640218 -1.68566054564 
132.250814363 79.6947572079 1.40087294579 133.863448286 55.0172653198 8388608 0.509568418369 0.0 0.509568418369 -0.970723719349 1.01002003491 -1.01002003491 -0.970723719349 
55.8956227377 65.1856724172 2.42125844955 129.973719361 54.6071853638 21627136 0.17057591178 0.0 0.17057591178 -1.5555040049 1.85550526011 -1.85550526011 -1.5555040049 
75.0723476737 101.19948421 1.30709469318 135.959378617 53.9946174622 8388608 0.585309936762 0.0 0.585309936762 -0.939601259505 0.908650653489 -0.908650653489 -0.939601259505 
89.1108651906 44.7213723336 1.29100906849 133.730355505 53.668838501 8388608 0.599986410936 0.0 0.599986410936 -0.892429828648 0.932884460081 -0.932884460081 -0.892429828648 
89.9374534334 64.8054844121 1.5519785881 130.364339319 53.3100128174 8388608 0.415172471678 0.0 0.415172471678 -1.00513240953 1.182516967 -1.182516967 -1.00513240953 
93.5945342327 84.4528056639 1.75291669369 133.159756618 52.8665466309 14942208 0.325444881892 0.0 0.325444881892 -1.19905623819 1.27866378406 -1.27866378406 -1.19905623819 
55.5282870179 94.3203011104 1.47816538811 137.060329182 52.5962600708 8388608 0.457671577217 0.0 0.457671577217 -1.08212260713 1.00696751573 -1.00696751573 -1.08212260713 
172.635821231 50.183257151 1.48940765858 149.235857117 52.2474899292 8388608 0.450788506615 0.0 0.450788506615 -1.27981847768 0.761839771621 -0.761839771621 -1.27981847768 
167.099140443 56.6254681514 1.42232048512 131.374943346 49.4041061401 8388608 0.494316457533 0.0 0.494316457533 -0.940130745995 1.06730958152 -1.06730958152 -0.940130745995 
79.5141558547 78.766042371 1.71247971058 130.25628938 49.1446647644 13238272 0.34099587911 0.0 0.34099587911 -1.10661767109 1.30689865298 -1.30689865298 -1.10661767109 
82.0948735368 87.862660657 1.30672717094 129.690117753 49.0559043884 8388608 0.585639224581 0.0 0.585639224581 -0.834521842344 1.00553925529 -1.00553925529 -0.834521842344 
104.61576742 38.2010301315 1.32690608501 139.957853748 48.6592445374 8388608 0.567962456092 0.0 0.567962456092 -1.01584135875 0.853666265174 -0.853666265174 -1.01584135875 
116.643102301 65.9242594699 2.0632879734 141.424993207 48.4913978577 10027264 0.234898534079 0.0 0.234898534079 -1.6130631515 1.28653975083 -1.28653975083 -1.6130631515 
95.7637860844 40.3763184747 1.7072507143 132.496405154 48.3455963135 13041664 0.343087893797 0.0 0.343087893797 -1.15332288795 1.25878962405 -1.25878962405 -1.15332288795 
156.912662494 78.5832093357 1.32056486607 128.871805852 46.8739204407 8388608 0.573430148864 0.0 0.573430148864 -0.828760129271 1.02812850054 -1.02812850054 -0.828760129271 
105.998111559 85.2543538386 1.35339474678 138.75976504 46.8512191772 8388608 0.545947682939 0.0 0.545947682939 -1.01768811704 0.892181728713 -0.892181728713 -1.01768811704 
172.545170443 117.882420153 1.53814542294 127.346072715 46.5975837708 8388608 0.422673679981 0.0 0.422673679981 -0.933081867613 1.22280397874 -1.22280397874 -0.933081867613 
71.1999829213 138.009458203 1.69409072399 130.71343747 46.516708374 12517376 0.348438929695 0.0 0.348438929695 -1.10501504245 1.28408922473 -1.28408922473 -1.10501504245 
62.0888076928 151.235858082 2.21540355682 135.826475221 45.7643203735 15204608 0.203748444917 0.0 0.203748444917 -1.58895982369 1.5437679872 -1.5437679872 -1.58895982369 
103.736476839 73.0258173481 1.32739496231 133.777796336 45.6116104126 8388608 0.567544173929 0.0 0.567544173929 -0.91837601871 0.958416858275 -0.958416858275 -0.91837601871 
134.900057577 55.0090825466 1.54338037968 129.618911825 45.5302429199 8388608 0.419811228323 0.0 0.419811228323 -0.984180147608 1.18887023406 -1.18887023406 -0.984180147608 
184.625161369 85.521195655 3.59138631821 132.469050954 45.5208854675 16711681 0.0775310654798 0.0 0.0775310654798 -2.4248748057 2.64915795363 -2.64915795363 -2.4248748057 
60.4529800179 109.596040957 1.28896772861 134.295376712 45.4248924255 8388608 0.601888314292 0.0 0.601888314292 -0.900160322771 0.922577475728 -0.922577475728 -0.900160322771 
99.1499281171 85.7331614159 3.20816254616 144.415665984 44.6996383667 8519681 0.0971599474756 0.0 0.0971599474756 -2.60906994012 1.86683180017 -1.86683180017 -2.60906994012 
111.989358459 46.4863618663 1.57397329807 127.51752967 44.6042480469 8388608 0.403650299585 0.0 0.403650299585 -0.958556234834 1.24842376127 -1.24842376127 -0.958556234834 
135.33774206 55.5045785053 2.2121386528 129.362591596 44.3334159851 15073536 0.204350314982 0.0 0.204350314982 -1.40299554027 1.71031018625 -1.71031018625 -1.40299554027 
123.733383615 72.7925333886 1.69015431404 140.257042576 43.3828773499 12320768 0.350063865006 0.0 0.350063865006 -1.29959417116 1.08059085484 -1.08059085484 -1.29959417116 
50.3925077156 150.154696182 2.64248967171 143.300979238 43.3511428833 11207168 0.143210019196 0.0 0.143210019196 -2.11871084895 1.57918206793 -1.57918206793 -2.11871084895 
187.184780832 53.2827661508 1.26689994335 131.838339097 42.8249702454 8388608 0.623039191902 0.0 0.623039191902 -0.84506172792 0.943878245575 -0.943878245575 -0.84506172792 
119.520729178 24.2680812618 1.32088637352 131.59493509 42.2917366028 8388608 0.573151033818 0.0 0.573151033818 -0.876883766864 0.987833827707 -0.987833827707 -0.876883766864 
116.032600171 83.3702125261 3.05469036102 133.203539713 42.2658424377 21692928 0.107168119711 0.0 0.107168119711 -2.09121701143 2.22664424927 -2.22664424927 -2.09121701143 
77.9639428196 132.411054328 1.73509836197 133.515367666 41.7674942017 14221312 0.332163417713 0.0 0.332163417713 -1.19470042979 1.25827549002 -1.25827549002 -1.19470042979 
90.7749988108 114.777134339 1.42157912254 152.475300887 41.5049591064 8388608 0.494832170337 0.0 0.494832170337 -1.26067299805 0.656955701434 -0.656955701434 -1.26067299805 
104.318498581 73.8640642572 1.9359010458 135.164096195 41.2467498779 22151168 0.266829407051 0.0 0.266829407051 -1.37280366086 1.36496262507 -1.36496262507 -1.37280366086 
120.556350864 112.395672616 1.36436021328 159.17314927 41.0414962769 8388608 0.537207302346 0.0 0.537207302346 -1.27521176908 0.48509147136 -0.48509147136 -1.27521176908 
186.935141809 71.031384791 2.62423729897 131.696039716 40.5132598877 10748416 0.1452090861 0.0 0.1452090861 -1.74558687425 1.95947642644 -1.95947642644 -1.74558687425 
178.804377761 72.6701592301 1.41709971428 130.757630649 40.1739082336 8388608 0.497965412864 0.0 0.497965412864 -0.925168625187 1.07342191853 -1.07342191853 -0.925168625187 
111.068330173 85.6182294493 1.26620674133 141.843132311 39.4147338867 8388608 0.623721561114 0.0 0.623721561114 -0.995646481666 0.782283577318 -0.782283577318 -0.995646481666 
185.393044654 124.56870763 1.69580972195 132.203565447 39.2507629395 12582912 0.347732880871 0.0 0.347732880871 -1.13918847936 1.25619274856 -1.25619274856 -1.13918847936 
65.3664234858 104.996238049 2.10493326187 129.122719938 39.2177009583 11469056 0.225695727775 0.0 0.225695727775 -1.32817813476 1.63299935066 -1.63299935066 -1.32817813476 
166.754450957 140.355427087 5.05843830109 133.40776011 38.1335220337 24772865 0.039081127583 0.0 0.039081127583 -3.47608753413 3.67486237851 -3.67486237851 -3.47608753413 
198.995126868 66.8154485087 1.45337319374 129.889174219 38.1151885986 8388608 0.473419027037 0.0 0.473419027037 -0.932055013047 1.11515339435 -1.11515339435 -0.932055013047 
59.4081473962 37.4184954389 1.35019934177 129.678769379 37.9750785828 8388608 0.548534839095 0.0 0.548534839095 -0.862078890346 1.03916228249 -1.03916228249 -0.862078890346 
114.953191087 75.3806247771 1.62520301342 135.339118595 37.1891822815 9502720 0.378603620031 0.0 0.378603620031 -1.15597366755 1.1423702179 -1.1423702179 -1.15597366755 
203.397426179 60.19782011 1.33229517937 135.112003923 36.8177680969 8388608 0.563376966506 0.0 0.563376966506 -0.943914757887 0.940231553824 -0.940231553824 -0.943914757887 
82.3262003181 150.807429968 1.54669249058 131.752868731 36.7170066833 8388608 0.418015173093 0.0 0.418015173093 -1.02997194658 1.15386977154 -1.15386977154 -1.02997194658 
118.042672508 82.0712178518 1.28806483746 135.208573244 36.699634552 8388608 0.602732417925 0.0 0.602732417925 -0.914108912768 0.907477779943 -0.907477779943 -0.914108912768 
120.229344013 82.7827961622 1.93943357468 130.222911117 36.0001373291 22282240 0.265858273853 0.0 0.265858273853 -1.25241455717 1.48083097198 -1.48083097198 -1.25241455717 
59.5873917504 114.162495712 2.63419055939 126.781968398 35.9746437073 11010560 0.144113817338 0.0 0.144113817338 -1.57727841699 2.10977550902 -2.10977550902 -1.57727841699 
56.8742896177 119.741314318 1.38943040371 142.035556169 35.8962402344 8388608 0.517995997643 0.0 0.517995997643 -1.09541673778 0.854739151644 -0.854739151644 -1.09541673778 
194.629140825 57.5262265662 1.76126229763 132.577329129 35.1282043457 15269888 0.322367998641 0.0 0.322367998641 -1.19164304721 1.29693165937 -1.29693165937 -1.19164304721 
82.2955214324 123.654823097 1.29161012173 139.015359475 35.0782585144 8388608 0.599428131219 0.0 0.599428131219 -0.975017655779 0.847111136432 -0.847111136432 -0.975017655779 
90.620689294 51.7891145183 1.50482881069 140.617239947 34.9275970459 8388608 0.441596685652 0.0 0.441596685652 -1.16311909373 0.954810831153 -0.954810831153 -1.16311909373 
131.852520076 93.1448032504 2.88664340973 127.098196227 34.6085281372 17629696 0.120008974152 0.0 0.120008974152 -1.7411738799 2.30239520823 -2.30239520823 -1.7411738799 
179.990696119 60.341226383 1.6693983078 139.554857599 34.2480239868 11403264 0.358822825876 0.0 0.358822825876 -1.27045790088 1.08297157496 -1.08297157496 -1.27045790088 
93.8194217631 125.193740723 2.14594602585 150.632708814 32.9472198486 12910848 0.21715128864 0.0 0.21715128864 -1.87017890249 1.05238548951 -1.05238548951 -1.87017890249 
126.217000848 91.1361901196 1.32232928276 125.783195195 32.3017425537 8388608 0.571900885727 0.0 0.571900885727 -0.7731920681 1.07272026077 -1.07272026077 -0.7731920681 
58.4163186359 139.457060475 2.14822292328 135.953880987 32.0523262024 12976384 0.216691216101 0.0 0.216691216101 -1.54410056852 1.49352440971 -1.49352440971 -1.54410056852 
117.072921763 88.1581752896 1.74407088757 135.412796097 31.4112148285 14614528 0.328754521359 0.0 0.328754521359 -1.24209736292 1.22432732628 -1.22432732628 -1.24209736292 
184.401650484 129.60310829 1.78252625465 130.095750328 31.1969852448 16187392 0.314722744279 0.0 0.314722744279 -1.14806614686 1.36357763657 -1.36357763657 -1.14806614686 
212.483168196 59.3108975087 1.3141502142 132.090963373 30.7700576782 8388608 0.579041885118 0.0 0.579041885118 -0.880887487343 0.97520665508 -0.97520665508 -0.880887487343 
72.7492896371 121.033873287 2.54039239883 128.429405193 30.7114677429 8389120 0.154952429804 0.0 0.154952429804 -1.57898065062 1.99007880372 -1.99007880372 -1.57898065062 
118.643325973 137.31662888 1.54446315765 133.463635878 30.0267391205 8388608 0.419222799897 0.0 0.419222799897 -1.06242703371 1.12098851172 -1.12098851172 -1.06242703371 
166.554136921 67.1553576001 1.88023984432 127.536130037 29.673915863 20054016 0.282861276393 0.0 0.282861276393 -1.14555791172 1.49097248234 -1.49097248234 -1.14555791172 
153.373113655 46.8397068553 2.41728663445 125.591945159 29.1063556671 21496064 0.171136914821 0.0 0.171136914821 -1.40688174493 1.96569540592 -1.96569540592 -1.40688174493 
75.5321303812 121.267636348 1.64563846588 136.760460241 28.9031944275 10420224 0.369259042831 0.0 0.369259042831 -1.19884111985 1.12734463663 -1.12734463663 -1.19884111985 
135.280678343 118.532423555 3.86745500565 148.015587743 28.3277816772 22085633 0.0668573964636 0.0 0.0668573964636 -3.28034529822 2.04854654454 -2.04854654454 -3.28034529822 
169.794110788 139.633245959 1.51484704018 140.689455383 28.1414394379 8388608 0.435775123461 0.0 0.435775123461 -1.17207295126 0.959690862755 -0.959690862755 -1.17207295126 
155.22859102 131.40826345 2.00865888596 148.389009659 27.2980575562 24838144 0.247849255854 0.0 0.247849255854 -1.71062695343 1.05283709392 -1.05283709392 -1.71062695343 
64.8818693351 127.252558153 2.31339287758 134.590159863 27.2256278992 18284800 0.186853489052 0.0 0.186853489052 -1.62407295378 1.64747493056 -1.64747493056 -1.62407295378 
162.078725768 42.7820529243 2.26051354408 131.227633387 26.1188468933 16646400 0.19569772321 0.0 0.19569772321 -1.48979657893 1.70012577076 -1.70012577076 -1.48979657893 
178.366538012 31.8655466704 1.68361985683 140.355598442 25.364566803 12058624 0.352786470598 0.0 0.352786470598 -1.29641934181 1.07418467337 -1.07418467337 -1.29641934181 
205.968971642 174.373902453 1.44801986217 124.447288013 24.076374054 8388608 0.476925959325 0.0 0.476925959325 -0.819069253901 1.19410513715 -1.19410513715 -0.819069253901 
153.935284609 164.242925597 1.58004295826 134.730825241 23.9245433807 8388608 0.40055504914 0.0 0.40055504914 -1.11199791279 1.12249560886 -1.12249560886 -1.11199791279 
179.553104319 88.018513094 1.7916867733 128.487463308 23.9049243927 16515072 0.311512748578 0.0 0.311512748578 -1.11504440589 1.40243269589 -1.40243269589 -1.11504440589 
200.624302279 177.261019751 1.6998257637 127.391163379 23.6943473816 12713984 0.34609170083 0.0 0.34609170083 -1.03222482383 1.35052565322 -1.35052565322 -1.03222482383 
192.746191399 40.9733833874 2.18116974831 148.84056384 22.9831371307 14024960 0.21019436486 0.0 0.21019436486 -1.86649412203 1.12858369797 -1.12858369797 -1.86649412203 
149.845954082 118.374099554 2.23368406296 135.807688842 22.8401222229 15794432 0.200427130534 0.0 0.200427130534 -1.60156076011 1.55703167109 -1.55703167109 -1.60156076011 
149.752920465 141.425202381 1.36897206306 152.311392691 22.4161186218 8388608 0.533593866742 0.0 0.533593866742 -1.21220564748 0.636114751973 -0.636114751973 -1.21220564748 
139.558139062 136.466738402 2.15080475807 156.039434348 21.9091091156 13041920 0.216171294309 0.0 0.216171294309 -1.96545954839 0.873458568557 -0.873458568557 -1.96545954839 
153.863086655 143.975138859 2.96812391281 151.1172618 21.7713737488 19595776 0.113510475852 0.0 0.113510475852 -2.59891924133 1.43365907344 -1.43365907344 -2.59891924133 
100.428002173 131.805175769 1.27394580841 135.660212354 21.5966777802 8388608 0.616166512577 0.0 0.616166512577 -0.911135678104 0.89037615582 -0.89037615582 -0.911135678104 
182.942823464 161.241922099 2.7010076046 129.457995846 20.6136684418 12780032 0.137071885298 0.0 0.137071885298 -1.71652372554 2.08542282996 -2.08542282996 -1.71652372554 
130.403462909 120.279005842 1.33197331429 141.565665111 20.5072555542 8388608 0.563649274187 0.0 0.563649274187 -1.04336278781 0.827977658498 -0.827977658498 -1.04336278781 
117.438957577 124.152607191 2.57721138 158.028625203 19.5381011963 9437696 0.150556641843 0.0 0.150556641843 -2.39003082102 0.96424642691 -0.96424642691 -2.39003082102 
182.074874844 93.0514231956 1.5109795332 131.930379943 19.4071826935 8388608 0.438008800655 0.0 0.438008800655 -1.00967749869 1.12410430939 -1.12410430939 -1.00967749869 
186.077848513 142.034747272 1.34009456635 128.767522084 19.0191001892 8388608 0.55683831095 0.0 0.55683831095 -0.83911622105 1.04486239013 -1.04486239013 -0.83911622105 
178.566568191 173.905747746 1.32734155655 123.405657801 18.8371009827 8388608 0.567589845276 0.0 0.567589845276 -0.730785383463 1.10805610465 -1.10805610465 -0.730785383463 
109.541528034 131.959798049 1.79971313477 156.472710511 18.7475414276 16842752 0.308740375112 0.0 0.308740375112 -1.65010307115 0.718419948232 -0.718419948232 -1.65010307115 
164.072440499 125.141726094 2.29957318306 131.546142232 18.160900116 17891584 0.189106096125 0.0 0.189106096125 -1.52512980836 1.72105081038 -1.72105081038 -1.52512980836 
109.707867523 96.910516911 1.32198345661 137.83686102 17.8998260498 8388608 0.572200139321 0.0 0.572200139321 -0.979902511814 0.88737327371 -0.88737327371 -0.979902511814 
145.598224444 83.8126803715 2.94646048546 125.649875274 17.4828281403 19071488 0.115185750831 0.0 0.115185750831 -1.71728716691 2.39427529302 -2.39427529302 -1.71728716691 
137.976954706 105.13965676 1.47162926197 138.978179035 17.2175559998 8388608 0.461746030298 0.0 0.461746030298 -1.11028492284 0.965898584116 -0.965898584116 -1.11028492284 
46.3455978307 68.2673590889 1.72256374359 125.999643143 16.4043502808 13697024 0.337015128037 0.0 0.337015128037 -1.0124888849 1.3935896486 -1.3935896486 -1.0124888849 
169.673511919 179.198362785 1.44430196285 128.87259882 15.9566802979 8388608 0.479384510197 0.0 0.479384510197 -0.906430621728 1.12445172768 -1.12445172768 -0.906430621728 
130.751519972 132.707938347 1.69050896168 147.976986404 15.9423513412 12320768 0.349917002371 0.0 0.349917002371 -1.43327296775 0.896409030203 -0.896409030203 -1.43327296775 
128.573142258 133.310893313 2.90176653862 146.357054129 15.8597078323 18022912 0.118761332913 0.0 0.118761332913 -2.41573867464 1.60762424107 -1.60762424107 -2.41573867464 
103.511908107 111.438773631 1.52716422081 153.821096472 15.3990488052 8388608 0.428774075042 0.0 0.428774075042 -1.37050904761 0.673747361953 -0.673747361953 -1.37050904761 
109.413888043 123.201518595 1.77140283585 150.443695831 15.1499462128 15728640 0.318687719757 0.0 0.318687719757 -1.54089261965 0.873795137059 -0.873795137059 -1.54089261965 
178.815813512 150.370456572 2.88733959198 128.058404187 14.9710559845 17629696 0.119951109088 0.0 0.119951109088 -1.77994209929 2.27344145352 -2.27344145352 -1.77994209929 
199.20969829 49.9933482145 1.7010525465 141.347014539 10.8364143372 12779520 0.3455926848 0.0 0.3455926848 -1.32842540666 1.06248091979 -1.06248091979 -1.32842540666 
191.280674074 31.8107815659 1.31892633438 141.980368659 9.0835723877 8388608 0.574855804075 0.0 0.574855804075 -1.03904985275 0.812368191789 -0.812368191789 -1.03904985275 
177.0246853 154.095581597 1.53767168522 130.358734111 8.46770095825 8388608 0.422934161216 0.0 0.422934161216 -0.995751980837 1.17171336264 -1.17171336264 -0.995751980837 
62.8754173181 174.482821766 1.28938829899 127.401179518 8.29510116577 8388608 0.601495732617 0.0 0.601495732617 -0.783164387561 1.02429279389 -1.02429279389 -0.783164387561 
71.9425677708 177.208430443 1.708725214 130.336205607 8.11860656738 13107200 0.342496031836 0.0 0.342496031836 -1.10600927904 1.3024919699 -1.3024919699 -1.10600927904 
130.107913975 160.327890808 2.2538869381 135.135384162 7.44548988342 16449792 0.196850148424 0.0 0.196850148424 -1.59750012959 1.58996844802 -1.58996844802 -1.59750012959 
143.637337677 145.444870725 1.31672203541 151.681438231 7.22842884064 8388608 0.576782125172 0.0 0.576782125172 -1.15914164015 0.624617944496 -0.624617944496 -1.15914164015 
25.4914311902 103.643525665 1.47169423103 124.391449938 7.17027282715 8388608 0.461705262937 0.0 0.461705262937 -0.831277462175 1.21443883771 -1.21443883771 -0.831277462175 
186.551027635 171.469702348 1.23763525486 129.339181222 7.08906364441 8388608 0.652851875274 0.0 0.652851875274 -0.784549251047 0.957195641838 -0.957195641838 -0.784549251047 
38.8971536215 67.990892967 1.29048514366 125.122781662 5.73231887817 8388608 0.600473687507 0.0 0.600473687507 -0.742455482542 1.05551492763 -1.05551492763 -0.742455482542 
222.90445209 82.7686851347 1.5060352087 125.43222107 5.02847671509 8388608 0.440889493701 0.0 0.440889493701 -0.873108067333 1.22712034968 -1.22712034968 -0.873108067333 
221.048876454 76.8189199975 1.26935243607 128.543934701 4.78689575195 8388608 0.620633992328 0.0 0.620633992328 -0.790951986661 0.992799356237 -0.992799356237 -0.790951986661 
52.3214521543 175.961550529 1.407122612 125.498048939 4.73905944824 8388608 0.505052023982 0.0 0.505052023982 -0.817081250237 1.14558817893 -1.14558817893 -0.817081250237 
116.428165184 157.643641277 1.47340238094 135.535853556 4.38694000244 8388608 0.46063535202 0.0 0.46063535202 -1.05155094261 1.0320635597 -1.0320635597 -1.05155094261 
60.1845168509 180.920844181 1.4889588356 125.757287005 4.23769378662 8388608 0.451060313635 0.0 0.451060313635 -0.870077381855 1.20828960258 -1.20828960258 -0.870077381855 
218.998368443 91.2260233252 2.17527604103 125.410431444 4.13735198975 13828352 0.211334911873 0.0 0.211334911873 -1.2604192554 1.77289851806 -1.77289851806 -1.2604192554 
223.384953274 73.1173325528 1.51522147655 125.371699975 4.12184906006 8388608 0.435559775539 0.0 0.435559775539 -0.877129115447 1.23553253209 -1.23553253209 -0.877129115447 
223.888110741 65.6818252821 1.63048636913 126.485114565 4.06728363037 9699328 0.376153974577 0.0 0.376153974577 -0.969509899268 1.31092957673 -1.31092957673 -0.969509899268 
207.514228795 126.461377845 1.35447621346 124.961999284 3.77047729492 8388608 0.545076219106 0.0 0.545076219106 -0.776159592122 1.11003698153 -1.11003698153 -0.776159592122 
216.398325349 35.6656987058 1.89735066891 124.797597101 3.75960922241 20709376 0.277782441374 0.0 0.277782441374 -1.08277842793 1.5580534127 -1.5580534127 -1.08277842793 
218.6587011 142.22469898 1.90319001675 124.949261865 3.57748794556 20905984 0.276080477957 0.0 0.276080477957 -1.09024394933 1.55996806724 -1.55996806724 -1.09024394933 
219.738258849 38.6520568158 1.83079648018 124.95772975 3.57690429688 18087936 0.298345754671 0.0 0.298345754671 -1.04899502338 1.50047498905 -1.50047498905 -1.04899502338 
216.667880832 149.944033845 1.44199967384 124.950678951 3.56872177124 8388608 0.480916497721 0.0 0.480916497721 -0.82607991889 1.18192852025 -1.18192852025 -0.82607991889 
224.975337637 179.628149427 1.72916984558 124.982156826 3.55794525146 13959168 0.334444988915 0.0 0.334444988915 -0.991369914962 1.41676181717 -1.41676181717 -0.991369914962 
222.860240759 169.706548429 1.2482612133 124.950662319 3.55272293091 8388608 0.641784239609 0.0 0.641784239609 -0.715092459644 1.02313187361 -1.02313187361 -0.715092459644 
232.081039731 88.9458982786 1.48624682426 124.951272543 3.55192565918 8388608 0.452707949476 0.0 0.452707949476 -0.851440452611 1.21818667629 -1.21818667629 -0.851440452611 
219.554802496 122.910406792 1.93690109253 124.951272543 3.54711151123 22151168 0.266553943333 0.0 0.266553943333 -1.10961107937 1.58756073735 -1.58756073735 -1.10961107937 
213.401498255 137.449367601 1.24487030506 124.951272543 3.54692459106 8388608 0.645285319813 0.0 0.645285319813 -0.713160774294 1.02034493503 -1.02034493503 -0.713160774294 
230.65968586 50.7671999778 1.28993737698 124.951272543 3.54666900635 8388608 0.600983773229 0.0 0.600983773229 -0.738978779407 1.05728368951 -1.05728368951 -0.738978779407 
231.035605827 55.2935422833 1.27392733097 124.951272543 3.54612350464 8388608 0.616184386849 0.0 0.616184386849 -0.729806951018 1.04416122263 -1.04416122263 -0.729806951018 
232.273655315 72.517399246 1.38987755775 124.951272543 3.54258346558 8388608 0.517662749948 0.0 0.517662749948 -0.796232467937 1.13919861418 -1.13919861418 -0.796232467937 
37.8710326764 175.649017206 1.41153228283 124.956859892 3.54170227051 8388608 0.501901356556 0.0 0.501901356556 -0.808750836665 1.15686882129 -1.15686882129 -0.808750836665 
219.077339355 127.452083877 1.84754633904 124.951272543 3.54145431519 18743296 0.292960669989 0.0 0.292960669989 -1.05842156595 1.51432204752 -1.51432204752 -1.05842156595 
170.587869562 132.106647365 1.62589943409 137.738084032 2.91779136658 9502720 0.378279355304 0.0 0.378279355304 -1.20329285243 1.09345108764 -1.09345108764 -1.20329285243 
143.523621677 100.3387494 1.39839732647 127.170177412 2.51270294189 8388608 0.511374219948 0.0 0.511374219948 -0.8448899018 1.11430522592 -1.11430522592 -0.8448899018 
