13
64
84.3325286013 61.0846547066 2.10575771332 128.731237313 127.164161682 11534592 0.225519032477 0.0 0.225519032477 -1.31750532087 1.64267929819 -1.64267929819 -1.31750532087 
92.8691408109 62.1875697435 1.3505333662 132.320581478 121.459480286 8388608 0.548263536834 0.0 0.548263536834 -0.909284614871 0.998569908613 -0.998569908613 -0.909284614871 
69.5848154007 36.3108777797 1.90790235996 129.034399517 106.828224182 21102592 0.274718375434 0.0 0.274718375434 -1.20157184456 1.48199747554 -1.48199747554 -1.20157184456 
100.885073131 65.043411887 1.27422964573 130.933527283 102.877365112 8388608 0.615892038391 0.0 0.615892038391 -0.834853599332 0.96264253892 -0.96264253892 -0.834853599332 
92.7958375218 52.5377747663 1.48961305618 132.606553675 95.3410644531 8388608 0.450664199841 0.0 0.450664199841 -1.00840869643 1.09638449374 -1.09638449374 -1.00840869643 
50.1465491068 45.3207446306 1.62578845024 120.138607799 87.6150741577 9502720 0.378331003268 0.0 0.378331003268 -0.816297961229 1.40600345783 -1.40600345783 -0.816297961229 
116.404286179 73.3320420803 2.10641980171 135.684404159 84.9545974731 11534592 0.22537728479 0.0 0.22537728479 -1.50714884356 1.47156608564 -1.47156608564 -1.50714884356 
61.730562908 56.9047885807 3.2086827755 127.983494209 84.1907119751 8519681 0.0971284446059 0.0 0.0971284446059 -1.97473388494 2.52904551905 -2.52904551905 -1.97473388494 
59.829757956 42.3300916142 2.33963942528 122.087912485 83.2080917358 19136768 0.182684683828 0.0 0.182684683828 -1.24286291151 1.98222209238 -1.98222209238 -1.24286291151 
70.2517680626 47.1595706594 1.29053640366 126.532002303 82.145980835 8388608 0.600425986929 0.0 0.600425986929 -0.768219779064 1.03697761799 -1.03697761799 -0.768219779064 
65.1863786071 56.7234935779 1.50223898888 130.234076825 78.2041549683 8388608 0.443120601029 0.0 0.443120601029 -0.970313954473 1.1468272797 -1.1468272797 -0.970313954473 
69.485701003 55.1521431846 1.38179731369 130.677150707 77.4604263306 8388608 0.523734655259 0.0 0.523734655259 -0.900649977764 1.04794724756 -1.04794724756 -0.900649977764 
43.2618055992 48.6384630303 1.47435975075 118.937658105 75.7429275513 8388608 0.460037322677 0.0 0.460037322677 -0.713380295589 1.2902810657 -1.2902810657 -0.713380295589 
117.351908258 86.7623999242 1.53825294971 138.454012136 75.1054458618 8388608 0.422614590673 0.0 0.422614590673 -1.15126486338 1.02020162304 -1.02020162304 -1.15126486338 
144.202119493 52.7029179314 1.59670305252 145.274914827 72.1986083984 8388608 0.392239827171 0.0 0.392239827171 -1.31232180976 0.909544999191 -0.909544999191 -1.31232180976 
49.3347441493 60.2864041612 1.56391561031 130.885096587 72.1067886353 8388608 0.408858819905 0.0 0.408858819905 -1.02365186666 1.18235734533 -1.18235734533 -1.02365186666 
42.3821308288 62.3757980832 1.25740337372 131.073201239 67.3732528687 8388608 0.632485767818 0.0 0.632485767818 -0.826142574981 0.947919664339 -0.947919664339 -0.826142574981 
99.7027000571 48.7357220447 2.38784074783 130.250651452 66.7486419678 20578560 0.175383721786 0.0 0.175383721786 -1.54286188819 1.82246004921 -1.82246004921 -1.54286188819 
58.6802560928 82.037798755 1.2713445425 131.854621074 64.095954895 8388608 0.618690537538 0.0 0.618690537538 -0.848295546513 0.946948579132 -0.946948579132 -0.848295546513 
57.6292977029 93.4573242309 2.24467897415 132.356544602 60.7389411926 16122112 0.198468470534 0.0 0.198468470534 -1.5123347703 1.65874266827 -1.65874266827 -1.5123347703 
100.044520504 49.1944062088 1.23490405083 133.596383935 60.5742530823 8388608 0.65574285852 0.0 0.65574285852 -0.851557526196 0.894336510675 -0.894336510675 -0.851557526196 
99.7344994417 71.9817919141 2.5488679409 131.66218081 58.5653457642 8585728 0.153923641845 0.0 0.153923641845 -1.69432778876 1.90420091492 -1.90420091492 -1.69432778876 
57.5684480363 109.632382515 1.68985438347 144.085719913 55.0904388428 12320768 0.350188141007 0.0 0.350188141007 -1.3686054119 0.991225031888 -0.991225031888 -1.3686054119 
45.8087967151 86.1760738904 2.6666738987 138.077667872 54.8613967896 11862528 0.14062423725 0.0 0.14062423725 -1.98414188544 1.781665137 -1.781665137 -1.98414188544 
65.8813841231 116.325433291 1.69398128986 139.270387884 53.22290802 12451840 0.348483950667 0.0 0.348483950667 -1.28369429803 1.10530609318 -1.10530609318 -1.28369429803 
114.947652223 61.2458314072 1.70946705341 137.007849044 52.6483650208 13172736 0.342198837546 0.0 0.342198837546 -1.25038475782 1.16568244566 -1.16568244566 -1.25038475782 
125.662034443 52.2425350382 1.92536306381 137.630538722 50.5291824341 21757952 0.269758245244 0.0 0.269758245244 -1.42248641834 1.29751890819 -1.29751890819 -1.42248641834 
80.9316583684 45.1165256078 1.82847619057 131.445554815 50.2711448669 18022400 0.29910342139 0.0 0.29910342139 -1.21028312015 1.37059839069 -1.37059839069 -1.21028312015 
124.947369742 42.6668338555 2.28076672554 138.045131071 50.1031532288 17301760 0.192237567875 0.0 0.192237567875 -1.69614157582 1.52479526859 -1.52479526859 -1.69614157582 
62.9281117285 71.4674807468 2.19883704185 132.128344835 47.927154541 14614784 0.206830180491 0.0 0.206830180491 -1.47496581575 1.63075448153 -1.63075448153 -1.47496581575 
106.256102603 63.7545756161 1.3788651228 139.121814109 47.3295936584 8388608 0.525964493121 0.0 0.525964493121 -1.04256363202 0.902402404729 -0.902402404729 -1.04256363202 
58.3940922589 104.88856547 1.37353515625 136.468875553 47.2598342896 8388608 0.530054395512 0.0 0.530054395512 -0.99581344598 0.946020299074 -0.946020299074 -0.99581344598 
86.8328535673 109.034730409 1.46391367912 143.256542058 45.638217926 8388608 0.466626138026 0.0 0.466626138026 -1.17306641936 0.875761631779 -0.875761631779 -1.17306641936 
59.8036875642 29.9528882286 1.73412716389 119.10164613 44.4934654236 14155776 0.332535578205 0.0 0.332535578205 -0.843410926825 1.51520791611 -1.51520791611 -0.843410926825 
125.50825802 73.1911780704 2.17864203453 142.410575398 44.3632507324 13959424 0.210682393093 0.0 0.210682393093 -1.72636084512 1.32896927995 -1.32896927995 -1.72636084512 
85.6045535621 116.703396453 1.51317512989 141.832626696 43.7533760071 8388608 0.436738633103 0.0 0.436738633103 -1.18967177593 0.935082905031 -0.935082905031 -1.18967177593 
123.743809157 99.7804365361 2.02997612953 133.868466307 42.595993042 8847616 0.242671144196 0.0 0.242671144196 -1.40678392411 1.46347602555 -1.46347602555 -1.40678392411 
129.480143147 23.1829508698 1.20349800587 147.978288719 42.272026062 8388608 0.6904134606 0.0 0.6904134606 -1.02038245203 0.638143480512 -0.638143480512 -1.02038245203 
86.7642747295 107.963964856 2.29326844215 145.994826253 41.1488113403 17694976 0.190147320805 0.0 0.190147320805 -1.90108989726 1.28255111021 -1.28255111021 -1.90108989726 
100.221361327 87.6004958883 1.30714869499 136.666132836 40.9775085449 8388608 0.585261576324 0.0 0.585261576324 -0.950777148684 0.897028719919 -0.897028719919 -0.950777148684 
79.7521829675 115.855774097 1.29003441334 138.498131953 40.2379302979 8388608 0.600893364655 0.0 0.600893364655 -0.966150783748 0.85483416559 -0.85483416559 -0.966150783748 
115.638890427 33.3229737646 1.79557323456 135.09519945 39.2422180176 16711680 0.310165689083 0.0 0.310165689083 -1.27176985581 1.26755065955 -1.26755065955 -1.27176985581 
56.3975351567 71.6929745342 1.71349227428 128.608987266 38.2931213379 13303808 0.34059298493 0.0 0.34059298493 -1.06922290821 1.33896159265 -1.33896159265 -1.06922290821 
71.3089017017 103.957259193 1.73159694672 130.404832528 37.5693778992 14090240 0.333508093144 0.0 0.333508093144 -1.12239365969 1.31858274619 -1.31858274619 -1.12239365969 
145.098666716 71.9063386824 1.48355305195 133.996500282 37.3360137939 8388608 0.45435345759 0.0 0.45435345759 -1.03049735864 1.06724170261 -1.06724170261 -1.03049735864 
129.789639954 34.648014601 1.45837974548 143.252838367 31.0174770355 8388608 0.470174154125 0.0 0.470174154125 -1.16857555682 0.872526589883 -0.872526589883 -1.16857555682 
63.9648867217 49.698679723 1.2620511055 130.119437438 30.6807479858 8388608 0.627835858884 0.0 0.627835858884 -0.813244391354 0.965094064236 -0.965094064236 -0.813244391354 
49.4445841794 100.433006166 1.47881448269 142.338056726 30.5810756683 8388608 0.457269894724 0.0 0.457269894724 -1.17067323449 0.903557664042 -0.903557664042 -1.17067323449 
123.827670929 60.0519865827 1.93261229992 143.256694641 30.0723705292 22020096 0.267738312337 0.0 0.267738312337 -1.54864807281 1.15614854079 -1.15614854079 -1.54864807281 
127.682474666 89.1836215547 2.21822977066 137.994695189 27.633430481 15270144 0.203229589883 0.0 0.203229589883 -1.64832854406 1.48443805068 -1.48443805068 -1.64832854406 
142.709966228 34.9670032399 1.76085519791 152.7053995 27.4508285522 15269888 0.322517075174 0.0 0.322517075174 -1.56480237503 0.807467990134 -0.807467990134 -1.56480237503 
80.1681855225 99.6885115476 1.69131481647 127.504275536 27.4415054321 12386304 0.349583634373 0.0 0.349583634373 -1.02970735052 1.34173342386 -1.34173342386 -1.02970735052 
134.267703972 101.492237305 1.85349345207 137.718444926 27.1075134277 19005440 0.291083700748 0.0 0.291083700748 -1.37130289713 1.24698289532 -1.24698289532 -1.37130289713 
131.323785873 108.009441152 1.28430008888 138.602428508 26.0411682129 8388608 0.606271251037 0.0 0.606271251037 -0.963403711479 0.849282053863 -0.849282053863 -0.963403711479 
106.341721068 91.9390462745 1.41373038292 136.004326833 24.3149490356 8388608 0.500341834645 0.0 0.500341834645 -1.01702669115 0.981982843577 -0.981982843577 -1.01702669115 
70.1862021853 80.7239560855 1.62213420868 131.297500554 23.5609397888 9371648 0.380037483641 0.0 0.380037483641 -1.07055812045 1.21869795343 -1.21869795343 -1.07055812045 
138.880768989 109.294363764 1.32454907894 137.335415458 23.1308822632 8388608 0.569985608069 0.0 0.569985608069 -0.973985490684 0.897653901268 -0.897653901268 -0.973985490684 
90.0899719402 87.5143806163 1.61780118942 136.216489436 22.5439472198 9175040 0.382075947908 0.0 0.382075947908 -1.16798676554 1.11941395561 -1.11941395561 -1.16798676554 
108.29391249 56.9331717503 1.35722112656 144.238914078 20.6369380951 8388608 0.542873668846 0.0 0.542873668846 -1.10133190771 0.793169096368 -0.793169096368 -1.10133190771 
133.569160136 62.3899467993 2.27020287514 147.498422585 15.3430566788 16974080 0.194030794183 0.0 0.194030794183 -1.91463610257 1.21983182817 -1.21983182817 -1.91463610257 
65.0931640025 109.844313988 1.43552923203 138.481120231 15.3298511505 8388608 0.485261592218 0.0 0.485261592218 -1.07483433504 0.951564673687 -0.951564673687 -1.07483433504 
140.421304842 91.7334993057 1.56871330738 130.843850852 14.7824726105 8388608 0.406361765616 0.0 0.406361765616 -1.02593814612 1.18672337176 -1.18672337176 -1.02593814612 
89.9005924736 98.2405335142 2.00506401062 133.382544446 6.22700881958 24707072 0.248738789452 0.0 0.248738789452 -1.37721054323 1.45724836809 -1.45724836809 -1.37721054323 
49.7344920794 29.1814913613 1.33004593849 125.187895669 5.31010437012 8388608 0.565284031398 0.0 0.565284031398 -0.766451837493 1.08700219839 -1.08700219839 -0.766451837493 
