13
248
73.6948152223 50.4133273235 1.69086444378 68.4572143555 116.910766602 12320768 0.349769886905 0.0 0.349769886905 0.620878515112 1.57274678086 -1.57274678086 0.620878515112 
131.820618929 19.9178831442 2.3528418541 271.742095947 106.950004578 19529984 0.180640250054 0.0 0.180640250054 0.0715278641075 -2.35175435687 2.35175435687 0.0715278641075 
64.7003761467 57.8914485794 2.67458724976 26.400604248 106.246856689 12124672 0.139793333182 0.0 0.139793333182 2.39564671165 1.18924084588 -1.18924084588 2.39564671165 
127.440003535 24.5081731079 1.32905995846 23.2766418457 104.379776001 8388608 0.566123068805 0.0 0.566123068805 1.22088452513 0.525206006689 -0.525206006689 1.22088452513 
119.444980727 20.5684523532 2.03503584862 346.53918457 100.7215271 9044224 0.241465935532 0.0 0.241465935532 1.97913208339 -0.473716267056 0.473716267056 1.97913208339 
84.0477161407 39.3494640918 3.81846380234 72.0186157227 96.5085754395 21168129 0.0685839736708 0.0 0.0685839736708 1.17879022586 3.63195806875 -3.63195806875 1.17879022586 
96.9493764258 23.7166728669 2.02985525131 256.494445801 95.0503997803 8847616 0.242700047271 0.0 0.242700047271 -0.474051630925 -1.97372424429 1.97372424429 -0.474051630925 
87.250642761 64.2279636692 1.56105554104 76.1446533203 92.5853271484 8388608 0.410358363946 0.0 0.410358363946 0.373828224847 1.51563414468 -1.51563414468 0.373828224847 
45.0696588803 31.7132762238 2.77832126617 60.0219421387 91.0364379883 14877184 0.129549300891 0.0 0.129549300891 1.38823908624 2.40662861645 -2.40662861645 1.38823908624 
109.978406909 39.3556348755 1.5282998085 36.2381591797 88.7241744995 8388608 0.428137119305 0.0 0.428137119305 1.23267586744 0.903443695256 -0.903443695256 1.23267586744 
97.7017338572 47.34525547 1.40976345539 66.6248474121 87.5466766357 8388608 0.503161615975 0.0 0.503161615975 0.55932344148 1.29405961531 -1.29405961531 0.55932344148 
88.4112792123 180.522712931 1.29447495937 41.6575317383 84.6832885742 8388608 0.596777845863 0.0 0.596777845863 0.96714243973 0.860407416122 -0.860407416122 0.96714243973 
74.1488698696 69.9107730845 1.81155645847 58.916809082 84.48853302 17367040 0.304716697365 0.0 0.304716697365 0.935274173177 1.55145061901 -1.55145061901 0.935274173177 
44.5915316714 71.4074379861 3.07364344597 161.78225708 83.5296554565 22151680 0.105850527677 0.0 0.105850527677 -2.91957794263 0.960910333917 -0.960910333917 -2.91957794263 
58.848491344 80.8705420443 1.97596979141 60.2749938965 81.2414474487 23592960 0.25611758516 0.0 0.25611758516 0.979760367551 1.71596219036 -1.71596219036 0.979760367551 
61.6334321079 78.6524817128 3.03963756561 73.2717590332 80.3028335571 21365248 0.108232176931 0.0 0.108232176931 0.874906764043 2.91100235048 -2.91100235048 0.874906764043 
108.056065064 26.9876241977 2.71324801445 250.04196167 79.8217086792 13107712 0.135837916682 0.0 0.135837916682 -0.926117963295 -2.55029808179 2.55029808179 -0.926117963295 
181.575980805 73.6428079295 2.13040304184 71.1331481934 73.8265991211 12321024 0.220331429907 0.0 0.220331429907 0.68890845498 2.01594202827 -2.01594202827 0.68890845498 
85.2019623531 41.1192943596 1.61228370667 30.5782775879 72.3470001221 8912896 0.38469546774 0.0 0.38469546774 1.38807140334 0.820192983393 -0.820192983393 1.38807140334 
56.4222313469 177.880734949 1.81138706207 115.784210205 72.1303863525 17301504 0.304773692722 0.0 0.304773692722 -0.787922523141 1.63104297496 -1.63104297496 -0.787922523141 
23.3212104891 36.7217093992 3.06236100197 79.9465026855 71.1812973022 21889536 0.106631919943 0.0 0.106631919943 0.534589074916 3.01533902362 -3.01533902362 0.534589074916 
94.4567646238 39.4223645869 1.27535355091 124.690170288 70.6327285767 8388608 0.614807007107 0.0 0.614807007107 -0.725852765274 1.04864886543 -1.04864886543 -0.725852765274 
164.202682687 25.331286437 1.69725334644 41.9288330078 70.1830215454 12648448 0.347141593523 0.0 0.347141593523 1.2627147 1.13411662029 -1.13411662029 1.2627147 
133.723532017 31.8191052247 1.78837370872 38.5238342285 69.3171310425 16384000 0.312668008045 0.0 0.312668008045 1.39913261857 1.11387092507 -1.11387092507 1.39913261857 
95.1923329504 36.3447117294 2.61984300613 349.179504395 64.803855896 10617344 0.145696616371 0.0 0.145696616371 2.57326261306 -0.491830154634 0.491830154634 2.57326261306 
124.302061505 47.1253866983 1.40740740299 41.5979309082 64.546836853 8388608 0.504847648597 0.0 0.504847648597 1.05249031184 0.934376659318 -0.934376659318 1.05249031184 
78.5646359764 173.80279653 2.77710580826 105.668243408 63.5339736938 14811648 0.12966272558 0.0 0.12966272558 -0.750004150316 2.67391294637 -2.67391294637 -0.750004150316 
145.322078369 15.3403360139 1.44447278976 331.502441406 62.3306121826 8388608 0.479271130514 0.0 0.479271130514 1.2694567743 -0.689188753932 0.689188753932 1.2694567743 
32.3889679024 23.2825924295 1.48507654667 112.863983154 61.4398422241 8388608 0.453421721055 0.0 0.453421721055 -0.577018776635 1.36839383252 -1.36839383252 -0.577018776635 
97.011114545 33.280749863 1.72893333435 358.451171875 60.1976394653 13959168 0.334536496673 0.0 0.334536496673 1.72830167491 -0.0467310939595 0.0467310939595 1.72830167491 
177.721025826 27.3521827787 1.45638370514 288.094360352 59.950958252 8388608 0.471463827577 0.0 0.471463827577 0.452327828706 -1.38436015255 1.38436015255 0.452327828706 
76.2252816086 87.6414469424 1.74858558178 18.9621582031 59.9027328491 14811136 0.327059082394 0.0 0.327059082394 1.65369577939 0.568191698329 -0.568191698329 1.65369577939 
184.985816292 33.7814501318 3.46703910828 280.201477051 59.5638275146 14155777 0.0831921826938 0.0 0.0831921826938 0.614047685581 -3.41222883438 3.41222883438 0.614047685581 
141.802162394 20.5808728762 1.43777668476 46.4512939453 59.3326835632 8388608 0.483745709926 0.0 0.483745709926 0.990586373979 1.04208465632 -1.04208465632 0.990586373979 
43.6202095925 61.0878550195 2.09862518311 355.624786377 58.2851066589 11272448 0.227054566064 0.0 0.227054566064 2.09250947008 -0.160099271728 0.160099271728 2.09250947008 
46.1429290264 172.621721995 2.10051441193 119.408660889 58.2497024536 11337984 0.22664631833 0.0 0.22664631833 -1.0314270218 1.82984127547 -1.82984127547 -1.0314270218 
164.397479288 179.090878899 1.28892064095 353.683410645 57.7809028625 8388608 0.60193229223 0.0 0.60193229223 1.28109578604 -0.141809751555 0.141809751555 1.28109578604 
84.1279685945 55.4806804612 1.77640426159 337.999786377 57.4637413025 15925248 0.316895729932 0.0 0.316895729932 1.64705086943 -0.665458889875 0.665458889875 1.64705086943 
182.50213869 46.6045935859 1.54289543629 111.533279419 57.1751594543 8388608 0.420075169313 0.0 0.420075169313 -0.56630678544 1.43520833055 -1.43520833055 -0.56630678544 
143.087142227 20.3453557868 2.6008477211 257.998046875 56.5734405518 10093056 0.147832577755 0.0 0.147832577755 -0.540833368428 -2.54399452357 2.54399452357 -0.540833368428 
194.055255716 130.888600515 4.52639532089 236.195617676 56.3363723755 16711937 0.0488084524268 0.0 0.0488084524268 -2.51830155532 -3.76117160968 3.76117160968 -2.51830155532 
29.6482624252 159.916629292 3.1270532608 124.002655029 55.6690368652 23396864 0.102265570004 0.0 0.102265570004 -1.74874612164 2.59236361222 -2.59236361222 -1.74874612164 
156.513202707 75.9821365536 5.05284547806 176.744094849 55.2213439941 24707329 0.0391676906086 0.0 0.0391676906086 -5.04468928731 0.286979824344 -0.286979824344 -5.04468928731 
191.4207716 23.7398681361 1.54474198818 276.022460938 54.992401123 8388608 0.419071471629 0.0 0.419071471629 0.162071741998 -1.53621631306 1.53621631306 0.162071741998 
111.705582596 46.93534386 1.34065127373 18.1920166016 54.5237617493 8388608 0.556375951138 0.0 0.556375951138 1.27363957324 0.418554745804 -0.418554745804 1.27363957324 
110.680959577 29.0179227036 1.38723123074 61.1087646484 54.1804885864 8388608 0.519639654055 0.0 0.519639654055 0.670238627335 1.21457427519 -1.21457427519 0.670238627335 
162.02628855 115.248511349 4.73564910889 79.3452148438 53.4373970032 19988737 0.0445903589972 0.0 0.0445903589972 0.875579518977 4.65400182514 -4.65400182514 0.875579518977 
36.3418098511 34.7250559378 1.6650134325 80.1186218262 53.0570487976 11206656 0.360715261228 0.0 0.360715261228 0.285731154732 1.64031321327 -1.64031321327 0.285731154732 
106.899260423 54.4689650094 1.23955631256 27.8616333008 52.7100830078 8388608 0.650829870691 0.0 0.650829870691 1.09586541958 0.579291665906 -0.579291665906 1.09586541958 
106.906160902 50.9030182162 5.25916099548 347.519378662 52.4742240906 10879489 0.0361548919844 0.0 0.0361548919844 5.13488258137 -1.13655411307 1.13655411307 5.13488258137 
208.67980525 26.327348306 3.07395982742 354.890777588 52.2776184082 22151680 0.105828739871 0.0 0.105828739871 3.06174619795 -0.273750324125 0.273750324125 3.06174619795 
31.3196240845 162.08224456 1.80110931396 125.271881104 52.1511650085 16908288 0.308261903523 0.0 0.308261903523 -1.0400632192 1.47046362108 -1.47046362108 -1.0400632192 
179.616179755 111.174423177 3.65435409546 65.307800293 51.6669044495 17956865 0.0748822260492 0.0 0.0748822260492 1.52658224947 3.32021844019 -3.32021844019 1.52658224947 
23.0501049826 24.4379014754 2.20710015297 29.0175170898 51.0401344299 14942464 0.205284386111 0.0 0.205284386111 1.93004606 1.07061351174 -1.07061351174 1.93004606 
60.2329520053 40.5836608893 3.36786222458 257.551544189 50.9044685364 12058625 0.0881640163855 0.0 0.0881640163855 -0.725980540925 -3.28868487666 3.28868487666 -0.725980540925 
137.695540176 56.1325308056 1.46296596527 120.749786377 50.5221481323 8388608 0.46723089754 0.0 0.46723089754 -0.74799969552 1.25728511923 -1.25728511923 -0.74799969552 
60.7105754495 37.412058188 2.27246856689 247.514129639 48.9887924194 17039616 0.193644082722 0.0 0.193644082722 -0.869118292838 -2.09970159322 2.09970159322 -0.869118292838 
130.782718785 61.2174463035 1.68588483334 356.811706543 48.6409606934 12124160 0.351839174212 0.0 0.351839174212 1.68327533424 -0.093764707625 0.093764707625 1.68327533424 
195.478878447 104.320484146 4.06260919571 56.4757080078 47.999912262 8913153 0.060588458825 0.0 0.060588458825 2.24374039348 3.38680122294 -3.38680122294 2.24374039348 
153.605586029 176.414055856 2.64058375359 44.6192016602 47.0966758728 11141632 0.143416825797 0.0 0.143416825797 1.87954293703 1.85472394376 -1.85472394376 1.87954293703 
127.445468515 157.327644843 2.64630198479 37.3039245605 46.5538787842 11338240 0.142797694245 0.0 0.142797694245 2.10495320336 1.60377249208 -1.60377249208 2.10495320336 
55.172920201 168.705003968 1.66362309456 86.2548522949 46.4925880432 11206656 0.361318433523 0.0 0.361318433523 0.108665567727 1.66007035849 -1.66007035849 0.108665567727 
86.4240447113 76.9121276179 2.83640027046 244.630310059 46.3197174072 16318976 0.124298235557 0.0 0.124298235557 -1.21527611715 -2.56286372118 2.56286372118 -1.21527611715 
159.479774775 153.673623199 1.52677750587 247.006896973 46.1958808899 8388608 0.428991309495 0.0 0.428991309495 -0.596390317908 -1.4054779049 1.4054779049 -0.596390317908 
164.380992793 144.086053074 4.49608325958 256.776550293 45.6256141663 16253185 0.0494687925372 0.0 0.0494687925372 -1.02847595272 -4.3768712446 4.3768712446 -1.02847595272 
13.4428352326 132.292972141 1.40903830528 87.960357666 45.3365440369 8388608 0.50367964531 0.0 0.50367964531 0.0501490204171 1.4081455967 -1.4081455967 0.0501490204171 
104.411884416 94.140199896 1.29318213463 54.6895141602 45.2021636963 8388608 0.597971668146 0.0 0.597971668146 0.747468297678 1.05527777257 -1.05527777257 0.747468297678 
187.757700935 162.099722416 3.93327474594 64.2144775391 45.1792984009 23265281 0.0646385242587 0.0 0.0646385242587 1.71098864391 3.54163353376 -3.54163353376 1.71098864391 
217.77179334 165.21643702 1.4510768652 53.6771850586 45.0041236877 8388608 0.474918583455 0.0 0.474918583455 0.85952223519 1.16912171989 -1.16912171989 0.85952223519 
139.700270278 118.694016835 2.590487957 80.222869873 44.5014228821 9765376 0.149017353004 0.0 0.149017353004 0.439906705823 2.5528630879 -2.5528630879 0.439906705823 
31.594031129 14.9862365353 1.72142195702 20.1923217773 44.4710044861 13631488 0.337462347805 0.0 0.337462347805 1.6156221376 0.594187396858 -0.594187396858 1.6156221376 
61.809680538 41.4569232331 1.33514606953 6.30926513672 44.467716217 8388608 0.560973617337 0.0 0.560973617337 1.32705935366 0.146725931037 -0.146725931037 1.32705935366 
128.299286219 60.5076382108 2.96287798882 357.238677979 44.4557418823 19530240 0.113912783664 0.0 0.113912783664 2.95943775027 -0.142738148016 0.142738148016 2.95943775027 
56.4719529676 18.9172163087 1.51026940346 7.39199829102 44.412071228 8388608 0.438420801587 0.0 0.438420801587 1.4977177656 0.194306885183 -0.194306885183 1.4977177656 
17.3721192745 146.744855925 1.29904639721 147.435119629 44.363483429 8388608 0.592585027836 0.0 0.592585027836 -1.09481354425 0.699217309161 -0.699217309161 -1.09481354425 
18.9564972381 105.696958067 1.27818930149 26.0963439941 44.1728744507 8388608 0.61208205024 0.0 0.61208205024 1.14788511907 0.56225229557 -0.56225229557 1.14788511907 
64.6416834353 166.488117024 1.23319351673 116.814025879 43.8276977539 8388608 0.657563251546 0.0 0.657563251546 -0.556288699857 1.10059489919 -1.10059489919 -0.556288699857 
139.770021864 63.8824576444 1.43885195255 91.3896484375 43.6906204224 8388608 0.483022964516 0.0 0.483022964516 -0.034894408542 1.43842876835 -1.43842876835 -0.034894408542 
139.295909284 117.115921125 6.09888362885 87.4444274902 43.4245796204 21561857 0.0268843354967 0.0 0.0268843354967 0.271939260392 6.09281794877 -6.09281794877 0.271939260392 
56.5964791927 94.0441841065 3.91641592979 138.884857178 43.1185493469 22937601 0.0651962149991 0.0 0.0651962149991 -2.95058713612 2.57533479131 -2.57533479131 -2.95058713612 
130.021402604 78.6332466596 5.50674057007 354.992706299 42.0364990234 14221825 0.0329769713137 0.0 0.0329769713137 5.48572461877 -0.480642396203 0.480642396203 5.48572461877 
76.4411036901 114.346192353 1.51577782631 93.7271118164 41.9158554077 8388608 0.435240099266 0.0 0.435240099266 -0.0985323875372 1.51257191146 -1.51257191146 -0.0985323875372 
222.160207342 131.621111289 1.66204452515 28.3700256348 41.8692970276 11075584 0.362005102356 0.0 0.362005102356 1.46242845016 0.789743649379 -0.789743649379 1.46242845016 
224.424446564 159.71147315 1.55484509468 52.9480285645 41.5329589844 8388608 0.413643061967 0.0 0.413643061967 0.93685511312 1.24090522018 -1.24090522018 0.93685511312 
117.555516119 75.5308343389 9.37144947052 346.477874756 41.3602790833 19202306 0.0113864007316 0.0 0.0113864007316 9.11167008934 -2.19124014235 2.19124014235 9.11167008934 
105.342474491 158.20217635 1.96871089935 283.138031006 41.3241615295 23330816 0.258009744473 0.0 0.258009744473 0.447483557537 -1.91718050036 1.91718050036 0.447483557537 
147.948527252 32.9512188962 1.23270022869 217.944396973 40.8556671143 8388608 0.6580896293 0.0 0.6580896293 -0.972117082906 -0.757983001747 0.757983001747 -0.972117082906 
237.315234387 146.357225083 1.90830564499 15.7135314941 40.3582611084 21102592 0.27460227443 0.0 0.27460227443 1.83698808787 0.516822212872 -0.516822212872 1.83698808787 
190.463482631 123.659333496 1.40456855297 341.255859375 40.0983123779 8388608 0.506890461105 0.0 0.506890461105 1.33007444596 -0.451347746433 0.451347746433 1.33007444596 
169.371547968 74.4968281655 2.01902985573 119.851303101 40.0419006348 8454400 0.245309585164 0.0 0.245309585164 -1.00497365695 1.75114519876 -1.75114519876 -1.00497365695 
121.173727433 64.2078623273 1.27720308304 58.6397094727 40.0408668518 8388608 0.613027678511 0.0 0.613027678511 0.664679402486 1.0906186351 -1.0906186351 0.664679402486 
47.564748966 152.961048904 3.5036149025 140.739196777 39.9212341309 14942209 0.0814642887541 0.0 0.0814642887541 -2.71275558665 2.21726735241 -2.21726735241 -2.71275558665 
195.972996046 33.1352199279 1.76225161552 302.184539795 39.4795341492 15335424 0.322006149169 0.0 0.322006149169 0.93865967007 -1.49145860828 1.49145860828 0.93865967007 
52.8773737531 160.982056673 1.50225400925 132.852722168 39.2010650635 8388608 0.443111739941 0.0 0.443111739941 -1.02170725321 1.10130894714 -1.10130894714 -1.02170725321 
120.499186277 62.5094751957 1.95616579056 58.3608703613 39.1661224365 22872064 0.261329646275 0.0 0.261329646275 1.02614092596 1.66541868616 -1.66541868616 1.02614092596 
75.9474758489 34.0169900491 1.42679667473 241.789794922 38.9548110962 8388608 0.491219753666 0.0 0.491219753666 -0.67445781483 -1.2573207256 1.2573207256 -0.67445781483 
161.580749635 90.9029307416 1.3389788866 346.931610107 38.5422439575 8388608 0.557766648286 0.0 0.557766648286 1.30430048855 -0.302761778224 0.302761778224 1.30430048855 
49.4829302193 158.439128968 2.37431025505 138.640518188 38.3435554504 20185344 0.177388337459 0.0 0.177388337459 -1.78210633845 1.56889967356 -1.56889967356 -1.78210633845 
87.4618768896 75.1702710125 1.28905498981 2.70553588867 38.120059967 8388608 0.601806828678 0.0 0.601806828678 1.28761810458 0.0608472146209 -0.0608472146209 1.28761810458 
101.603283975 148.98708624 5.42140722275 282.377502441 38.0695762634 13042177 0.0340232612497 0.0 0.0340232612497 1.16208847226 -5.29539485378 5.29539485378 1.16208847226 
52.9503855989 97.1104887093 2.44076108932 123.725296021 37.4240455627 22216960 0.167860865368 0.0 0.167860865368 -1.35513906524 2.03000315493 -2.03000315493 -1.35513906524 
203.47189217 23.3454865153 1.44454157352 112.233901978 37.4027023315 8388608 0.479225489342 0.0 0.479225489342 -0.546598004878 1.3371353629 -1.3371353629 -0.546598004878 
186.116431054 164.967026597 1.54344630241 61.9513549805 36.3941040039 8388608 0.419775367646 0.0 0.419775367646 0.725760909931 1.36216650599 -1.36216650599 0.725760909931 
89.5795394099 116.487553148 1.32843363285 100.191223145 36.319896698 8388608 0.566657022408 0.0 0.566657022408 -0.235045042138 1.30747456765 -1.30747456765 -0.235045042138 
31.8304457205 52.3043183692 1.32781910896 69.1456298828 35.2941703796 8388608 0.567181649376 0.0 0.567181649376 0.472695494579 1.2408313969 -1.2408313969 0.472695494579 
116.070114356 158.205938147 2.3505821228 272.547485352 35.0233688354 19464448 0.180987733882 0.0 0.180987733882 0.104477167966 -2.34825910781 2.34825910781 0.104477167966 
121.279496107 38.9168343135 1.55641293526 139.666732788 34.9614486694 8388608 0.412810121405 0.0 0.412810121405 -1.18644215731 1.00736102386 -1.00736102386 -1.18644215731 
110.821247665 118.75477962 1.45881593227 88.0724182129 34.9355316162 8388608 0.469893031483 0.0 0.469893031483 0.0490691745218 1.45799044591 -1.45799044591 0.0490691745218 
48.7360676589 15.1294683283 1.77541172504 332.289306641 34.9014205933 15859712 0.317250147453 0.0 0.317250147453 1.57178417037 -0.825579381534 0.825579381534 1.57178417037 
207.97030474 172.451911732 2.50978803635 61.5625610352 34.8908157349 24183040 0.158754450999 0.0 0.158754450999 1.19515829982 2.20695097946 -2.20695097946 1.19515829982 
63.5192291765 103.431989295 1.80805873871 108.336547852 34.7724151611 17170432 0.305896796783 0.0 0.305896796783 -0.56881168459 1.716254547 -1.716254547 -0.56881168459 
96.5081645418 117.503648979 1.19839382172 83.819519043 34.6555519104 8388608 0.696307186122 0.0 0.696307186122 0.129019882344 1.19142839562 -1.19142839562 0.129019882344 
172.272523722 58.0569545049 3.47349429131 12.7915649414 34.572353363 14286849 0.0828832593342 0.0 0.0828832593342 3.38728897107 0.769048774923 -0.769048774923 3.38728897107 
37.9693049471 143.298040776 1.91373884678 155.059051514 33.9691886902 21299200 0.273045268172 0.0 0.273045268172 -1.7352690626 0.806992970267 -0.806992970267 -1.7352690626 
74.7755506691 93.8072098621 4.59692192078 147.212280273 33.570930481 17826049 0.047322289215 0.0 0.047322289215 -3.86455268222 2.48936210947 -2.48936210947 -3.86455268222 
208.815999609 161.183318599 1.7159832716 58.0032653809 33.5641899109 13434880 0.33960486293 0.0 0.33960486293 0.909249654929 1.45528816851 -1.45528816851 0.909249654929 
150.674299964 157.432888721 1.28052842617 271.205749512 33.2836532593 8388608 0.60984792793 0.0 0.60984792793 0.0269458340075 -1.28024488761 1.28024488761 0.0269458340075 
175.964629861 149.922485686 1.3414901495 224.90965271 33.276348114 8388608 0.555680330116 0.0 0.555680330116 -0.950071372261 -0.947079832332 0.947079832332 -0.950071372261 
44.7606380053 137.320498422 1.60083591938 328.902435303 33.0170288086 8388608 0.390217155885 0.0 0.390217155885 1.37077825034 -0.826826843525 0.826826843525 1.37077825034 
62.7865095415 110.431116696 1.38663733006 118.051742554 32.52135849 8388608 0.52008487564 0.0 0.52008487564 -0.652092192426 1.22373970177 -1.22373970177 -0.652092192426 
156.756105511 37.8222514583 2.5518424511 322.735046387 32.5029983521 8716800 0.153565014219 0.0 0.153565014219 2.03086850334 -1.54514498264 1.54514498264 2.03086850334 
44.5325219189 129.697974443 2.97585511208 167.663345337 32.4480056763 19792384 0.112921447073 0.0 0.112921447073 -2.90713990795 0.635807520939 -0.635807520939 -2.90713990795 
14.4100292217 138.957370324 1.35204982758 160.220123291 32.2064399719 8388608 0.547034359924 0.0 0.547034359924 -1.27227845735 0.457543728196 -0.457543728196 -1.27227845735 
73.4911233478 136.587317952 3.65136504173 19.551574707 32.1219177246 17891329 0.0750048753095 0.0 0.0750048753095 3.4408296466 1.2219484486 -1.2219484486 3.4408296466 
61.564067301 92.379279471 2.24513196945 131.345962524 32.0509796143 16122112 0.198388389527 0.0 0.198388389527 -1.4831434237 1.68549789231 -1.68549789231 -1.4831434237 
30.8251620831 51.9822644036 2.53598093987 77.1491699219 31.7814998627 24969472 0.155491992877 0.0 0.155491992877 0.564036437951 2.47246076289 -2.47246076289 0.564036437951 
150.089233734 85.300564323 1.79057657719 189.038024902 31.5888690948 16515072 0.311899157583 0.0 0.311899157583 -1.76834532244 -0.281281530427 0.281281530427 -1.76834532244 
173.865793751 150.081939469 2.01034641266 231.146942139 31.2635307312 24838144 0.247433330827 0.0 0.247433330827 -1.26114103844 -1.56557209353 1.56557209353 -1.26114103844 
231.136681384 137.943183349 1.99329006672 9.91204833984 31.2612018585 24248320 0.251685963093 0.0 0.251685963093 1.96353652603 0.343117474093 -0.343117474093 1.96353652603 
221.39789524 150.169758907 1.98423743248 16.1122131348 30.8228378296 23920640 0.253987722267 0.0 0.253987722267 1.90629662602 0.550664473236 -0.550664473236 1.90629662602 
38.9752741394 27.5832595337 1.27833247185 147.595046997 30.752243042 8388608 0.611944954296 0.0 0.611944954296 -1.07927258741 0.685058092891 -0.685058092891 -1.07927258741 
31.0255805409 129.639708517 1.27973079681 178.728164673 30.6973495483 8388608 0.610608375679 0.0 0.610608375679 -1.27941552344 0.0284047654061 -0.0284047654061 -1.27941552344 
103.087690881 65.4304174899 1.70630967617 324.451873779 29.9052448273 12976128 0.343466427453 0.0 0.343466427453 1.38830041356 -0.992025540342 0.992025540342 1.38830041356 
231.29165129 49.0312950212 1.7471113205 66.3290405273 29.6928157806 14745600 0.327611278435 0.0 0.327611278435 0.701436575538 1.6001202132 -1.6001202132 0.701436575538 
96.998755618 63.4659383754 2.00364518166 128.530609131 29.4696769714 24641536 0.249091189923 0.0 0.249091189923 -1.24813598389 1.56740249447 -1.56740249447 -1.24813598389 
71.6234370901 150.829747423 2.06605291367 287.860900879 29.4347648621 10158336 0.234270238628 0.0 0.234270238628 0.633673242784 -1.96647727255 1.96647727255 0.633673242784 
145.075920094 157.796099168 1.69445896149 255.701583862 29.4331970215 12517376 0.348287501611 0.0 0.348287501611 -0.418484300793 -1.64196895895 1.64196895895 -0.418484300793 
91.4856113186 156.208031091 2.2579023838 276.416809082 29.4037780762 16580864 0.196150615769 0.0 0.196150615769 0.252344238179 -2.24375701899 2.24375701899 0.252344238179 
60.0799618606 28.047624305 1.25453734398 258.096862793 29.1182861328 8388608 0.635378935789 0.0 0.635378935789 -0.258758066104 -1.22756189688 1.22756189688 -0.258758066104 
199.877303229 146.381579051 1.32619440556 254.798583984 28.9380130768 8388608 0.568572194253 0.0 0.568572194253 -0.347745450941 -1.2797908824 1.2797908824 -0.347745450941 
195.035096351 56.9047858259 3.97367095947 151.818634033 28.5588874817 23986177 0.0633309780566 0.0 0.0633309780566 -3.50262044408 1.87662220996 -1.87662220996 -3.50262044408 
21.4489822857 135.348160554 1.36822283268 339.950134277 28.531867981 8388608 0.534178412166 0.0 0.534178412166 1.28530113734 -0.469078571475 0.469078571475 1.28530113734 
126.301585695 144.980952908 2.05006337166 329.481536865 28.1499519348 9568512 0.237938888009 0.0 0.237938888009 1.76605900133 -1.04105496091 1.04105496091 1.76605900133 
143.418122619 167.231265746 1.46754300594 265.843933105 27.989233017 8388608 0.464320999932 0.0 0.464320999932 -0.106357915714 -1.46368386889 1.46368386889 -0.106357915714 
25.7290019132 147.723517628 1.58477580547 305.148376465 27.6174354553 8388608 0.398166149662 0.0 0.398166149662 0.912348829355 -1.29581401721 1.29581401721 0.912348829355 
21.6106975444 122.471241898 1.44678843021 354.907897949 27.5551929474 8388608 0.477738174571 0.0 0.477738174571 1.44107840421 -0.128412595672 0.128412595672 1.44107840421 
221.638501211 54.9421991541 2.08436965942 349.815002441 27.0901298523 10748160 0.230170952169 0.0 0.230170952169 2.05152404238 -0.368572897355 0.368572897355 2.05152404238 
140.156597561 9.90391471664 1.32018876076 249.902999878 26.8616905212 8388608 0.573756921596 0.0 0.573756921596 -0.45363075352 -1.23980542969 1.23980542969 -0.45363075352 
149.044355622 75.2091982127 1.37183785439 168.396438599 26.2475376129 8388608 0.531366823017 0.0 0.531366823017 -1.34380125992 0.275929832683 -0.275929832683 -1.34380125992 
149.234632441 56.2982087237 2.05747318268 61.4434204102 25.5955524445 9830656 0.236228141628 0.0 0.236228141628 0.983526415246 1.80717229061 -1.80717229061 0.983526415246 
183.350737168 21.1356865933 1.68762433529 291.135498047 25.1113872528 12189696 0.351114238575 0.0 0.351114238575 0.608514735661 -1.57409838115 1.57409838115 0.608514735661 
104.069067747 117.592752018 1.42016136646 93.1480102539 25.0259094238 8388608 0.49582065167 0.0 0.49582065167 -0.0779888782356 1.41801835026 -1.41801835026 -0.0779888782356 
153.498174485 128.718795743 1.37716913223 347.664916992 24.8998603821 8388608 0.527260746524 0.0 0.527260746524 1.34537711367 -0.294202720546 0.294202720546 1.34537711367 
229.18979394 111.725469886 2.74683094025 323.915924072 24.8859195709 14025216 0.132536695648 0.0 0.132536695648 2.21986133096 -1.61780588626 1.61780588626 2.21986133096 
135.173559702 82.5351324441 1.49707102776 0.819458007812 24.6118125916 8388608 0.446185228748 0.0 0.446185228748 1.49691791437 0.0214107396525 -0.0214107396525 1.49691791437 
232.708297476 127.581849933 2.02518057823 191.721618652 24.5625572205 8716544 0.243821777164 0.0 0.243821777164 -1.98294791993 -0.41142912063 0.41142912063 -1.98294791993 
186.912474425 129.956527292 1.48926782608 118.94317627 24.3770694733 8388608 0.450873162766 0.0 0.450873162766 -0.720719202752 1.30325841205 -1.30325841205 -0.720719202752 
84.3842163036 32.2873183903 1.31202423573 253.331939697 24.2596931458 8388608 0.580919941813 0.0 0.580919941813 -0.376323364478 -1.25689630458 1.25689630458 -0.376323364478 
129.639831611 167.386242325 1.31319594383 274.487548828 24.1719207764 8388608 0.579883744674 0.0 0.579883744674 0.102747667763 -1.30917015841 1.30917015841 0.102747667763 
82.7174899685 155.546089371 1.73244035244 294.593994141 24.0249271393 14090240 0.333183448009 0.0 0.333183448009 0.721016523129 -1.57527291227 1.57527291227 0.721016523129 
157.778328696 61.9952143781 1.5669311285 309.840881348 23.8575706482 8388608 0.407286657832 0.0 0.407286657832 1.00386652048 -1.20313140202 1.20313140202 1.00386652048 
19.503594114 164.055827447 2.31073331833 69.9753112793 23.7137947083 18219264 0.187283857978 0.0 0.187283857978 0.791252913391 2.17103829894 -2.17103829894 0.791252913391 
121.603127272 70.1295073044 1.43617475033 301.995178223 23.4898147583 8388608 0.484825468631 0.0 0.484825468631 0.760954167041 -1.21800930585 1.21800930585 0.760954167041 
22.9532938963 114.762409356 1.37041091919 36.8657836914 23.4297142029 8388608 0.532473966518 0.0 0.532473966518 1.09638777151 0.822167830743 -0.822167830743 1.09638777151 
149.624677015 120.842215652 1.31273651123 56.8043823242 23.3008575439 8388608 0.580289712081 0.0 0.580289712081 0.71872221747 1.09850604096 -1.09850604096 0.71872221747 
199.630253143 164.789339425 1.55577337742 71.9693603516 23.2832984924 8388608 0.413149592718 0.0 0.413149592718 0.481551594391 1.47937110416 -1.47937110416 0.481551594391 
55.6457592475 124.454543509 1.57409977913 329.34387207 23.1179695129 8388608 0.403585434491 0.0 0.403585434491 1.35410823502 -0.802608872684 0.802608872684 1.35410823502 
108.19466266 139.762344737 1.43294024467 28.024017334 23.0758514404 8388608 0.487016684353 0.0 0.487016684353 1.26492903481 0.673254990101 -0.673254990101 1.26492903481 
165.90435662 83.6160235233 1.70471453667 24.8535461426 22.9577770233 12910592 0.344109506614 0.0 0.344109506614 1.54683253708 0.716491977447 -0.716491977447 1.54683253708 
134.786359653 147.541604224 1.29883444309 18.4485168457 22.9384765625 8388608 0.592778449076 0.0 0.592778449076 1.23208524553 0.411019291891 -0.411019291891 1.23208524553 
203.782579003 154.128659905 1.45682513714 47.1017150879 22.7949771881 8388608 0.471178154735 0.0 0.471178154735 0.991659327731 1.06721659373 -1.06721659373 0.991659327731 
34.9618870147 135.971638076 2.07248520851 163.009567261 22.7532405853 10354944 0.232818303729 0.0 0.232818303729 -1.98202861325 0.605605082335 -0.605605082335 -1.98202861325 
106.458641485 143.627928922 2.3248603344 27.0361328125 22.7488174438 18678016 0.185014712134 0.0 0.185014712134 2.07079969941 1.05677063706 -1.05677063706 2.07079969941 
228.20339736 41.1804248297 1.21649646759 205.176437378 22.6336250305 8388608 0.675737927731 0.0 0.675737927731 -1.10093182825 -0.517506294857 0.517506294857 -1.10093182825 
74.3720434169 129.758068256 1.91461479664 17.0585632324 22.5795135498 21364736 0.272795485027 0.0 0.272795485027 1.83038211734 0.561650357456 -0.561650357456 1.83038211734 
91.6965561422 92.1104612078 3.5065369606 64.4823913574 22.4006881714 14942209 0.0813285741131 0.0 0.0813285741131 1.51057568144 3.16448456572 -3.16448456572 1.51057568144 
233.211318082 70.9934977228 1.30562567711 191.507125854 22.3886909485 8388608 0.586627792924 0.0 0.586627792924 -1.27938247269 -0.260459012697 0.260459012697 -1.27938247269 
179.717428776 132.002213397 2.01626110077 36.9664306641 22.1864624023 8388864 0.245983772128 0.0 0.245983772128 1.61096837121 1.21247257018 -1.21247257018 1.61096837121 
170.872631098 161.289994927 1.70729362965 258.160949707 21.8570861816 13041664 0.343070645973 0.0 0.343070645973 -0.350273751698 -1.67097571398 1.67097571398 -0.350273751698 
140.041060672 145.497199226 2.88677716255 359.373321533 21.8005371094 17629696 0.119997853677 0.0 0.119997853677 2.88660449004 -0.0315737918463 0.0315737918463 2.88660449004 
111.5626958 62.4859995301 1.8504370451 135.610824585 21.7174282074 18874368 0.292046073394 0.0 0.292046073394 -1.32233128803 1.29443316651 -1.29443316651 -1.32233128803 
135.44662235 169.176128188 1.33606493473 289.040313721 21.5810890198 8388608 0.560202274758 0.0 0.560202274758 0.435868936073 -1.26296784614 1.26296784614 0.435868936073 
183.356156267 141.026766529 1.42541658878 71.9961547852 21.2955379486 8388608 0.492171410419 0.0 0.492171410419 0.440568929044 1.35562217094 -1.35562217094 0.440568929044 
93.2766196758 143.897467638 1.62374651432 322.66519165 21.1146736145 9437184 0.379283138842 0.0 0.379283138842 1.29104927075 -0.98475607298 0.98475607298 1.29104927075 
231.811985689 86.952339964 1.37755382061 175.371704102 21.1119117737 8388608 0.526966307559 0.0 0.526966307559 -1.37306182442 0.11115644378 -0.11115644378 -1.37306182442 
174.443617409 137.66292679 1.61349880695 41.7183227539 21.1059341431 8978432 0.384116269838 0.0 0.384116269838 1.20435650611 1.07373358252 -1.07373358252 1.20435650611 
21.456650133 80.7046547118 1.94252288342 77.4959106445 21.1037788391 22413312 0.265013326079 0.0 0.265013326079 0.420574258622 1.89644732212 -1.89644732212 0.420574258622 
230.722515742 41.5743679373 1.37684059143 295.406860352 21.065196991 8388608 0.527512405775 0.0 0.527512405775 0.590724219676 -1.24367797701 1.24367797701 0.590724219676 
41.7183787432 20.1961117288 1.39856803417 14.8857421875 20.831281662 8388608 0.511249391997 0.0 0.511249391997 1.35163214103 0.359281368227 -0.359281368227 1.35163214103 
92.8647316274 146.38960373 2.21993279457 170.1875 20.66381073 15335680 0.202917893877 0.0 0.202917893877 -2.18745682294 0.378330887194 -0.378330887194 -2.18745682294 
137.00010798 153.756991452 1.31771159172 99.8771972656 20.5150756836 8388608 0.575916163171 0.0 0.575916163171 -0.226036332989 1.29818003956 -1.29818003956 -0.226036332989 
154.026419743 134.627120264 1.72757863998 148.314834595 20.137802124 13893632 0.335061361226 0.0 0.335061361226 -1.47007808916 0.907413009104 -0.907413009104 -1.47007808916 
32.3291300479 29.7764505628 1.28071665764 85.8950195312 20.110162735 8388608 0.609668678079 0.0 0.609668678079 0.091679009715 1.27743106128 -1.27743106128 0.091679009715 
42.8874605187 117.700655851 1.30683362484 193.16973877 19.9873771667 8388608 0.585543816816 0.0 0.585543816816 -1.27246308039 -0.297744575189 0.297744575189 -1.27246308039 
216.396891231 47.8493373597 2.06830239296 316.48236084 19.9764251709 10223872 0.233760932563 0.0 0.233760932563 1.49985516613 -1.42418723114 1.42418723114 1.49985516613 
26.9739613669 69.0599155488 1.43001329899 345.644775391 19.7293891907 8388608 0.489012372378 0.0 0.489012372378 1.38536429552 -0.354547322637 0.354547322637 1.38536429552 
174.683821772 169.620511005 1.26886367798 57.8792724609 19.6290607452 8388608 0.621112212819 0.0 0.621112212819 0.674661165435 1.0746382392 -1.0746382392 0.674661165435 
174.717681387 58.437177738 1.60582017899 24.2086181641 19.5132789612 8650752 0.387798547369 0.0 0.387798547369 1.46460185884 0.658482985606 -0.658482985606 1.46460185884 
231.156292652 31.3586909122 2.63432788849 280.74810791 19.4625854492 11010560 0.144098792249 0.0 0.144098792249 0.491280002442 -2.58811270683 2.58811270683 0.491280002442 
57.3501403352 185.580773383 1.58149659634 113.599914551 19.2221946716 8388608 0.399819044424 0.0 0.399819044424 -0.633148471004 1.44922548207 -1.44922548207 -0.633148471004 
152.012899612 65.9993031349 1.2769882679 300.998138428 19.071062088 8388608 0.613233943057 0.0 0.613233943057 0.657662014902 -1.09461395501 1.09461395501 0.657662014902 
72.8879808944 160.551600782 1.30068826675 278.687316895 18.694234848 8388608 0.591089922121 0.0 0.591089922121 0.19645855928 -1.28576592028 1.28576592028 0.19645855928 
215.620794389 91.0787541612 2.41392254829 36.6585998535 18.3686008453 21364992 0.171614246202 0.0 0.171614246202 1.93646619386 1.44122196389 -1.44122196389 1.93646619386 
24.0154623435 185.942733202 1.30528354645 77.6068115234 18.3430099487 8388608 0.586935357757 0.0 0.586935357757 0.28013893064 1.27486756809 -1.27486756809 0.28013893064 
152.450968102 149.381572136 1.26250767708 309.67767334 17.935174942 8388608 0.627381841562 0.0 0.627381841562 0.806070693785 -0.971687023327 0.971687023327 0.806070693785 
223.798070108 98.1746965224 1.53499770164 355.363342285 16.6713867188 8388608 0.424408956957 0.0 0.424408956957 1.52997421191 -0.124084064015 0.124084064015 1.52997421191 
143.95614932 50.0063632647 1.68602085114 159.458892822 16.325056076 12124160 0.351782408058 0.0 0.351782408058 -1.57882480869 0.591589835883 -0.591589835883 -1.57882480869 
123.294579183 150.754470005 1.30265033245 167.288085938 16.3034477234 8388608 0.589310651335 0.0 0.589310651335 -1.2707208202 0.286646970585 -0.286646970585 -1.2707208202 
17.1824241051 92.426699325 2.29053711891 29.1097717285 16.0565795898 17563904 0.190601068916 0.0 0.190601068916 2.00121769507 1.11431056265 -1.11431056265 2.00121769507 
173.189389903 125.142166085 1.69192755222 230.104309082 15.6424674988 12386304 0.349330475066 0.0 0.349330475066 -1.0851886833 -1.29806947564 1.29806947564 -1.0851886833 
145.59131759 129.946956304 1.38835251331 35.1503295898 15.3429908752 8388608 0.518800634288 0.0 0.518800634288 1.13517852921 0.799307455273 -0.799307455273 1.13517852921 
138.451874698 90.1266544972 1.43468618393 214.962280273 15.3300018311 8388608 0.485832057123 0.0 0.485832057123 -1.17576760978 -0.822128319759 0.822128319759 -1.17576760978 
219.435564158 38.5893906583 1.95059597492 309.856567383 15.2986660004 22675456 0.262824200863 0.0 0.262824200863 1.25007435359 -1.49737729644 1.49737729644 1.25007435359 
57.3517741288 153.704526296 1.49389493465 289.217041016 15.0117149353 8388608 0.448084468425 0.0 0.448084468425 0.491711798447 -1.41065289248 1.41065289248 0.491711798447 
141.29973553 147.457994974 1.36842143536 359.374633789 14.2881145477 8388608 0.534023369924 0.0 0.534023369924 1.36833992569 -0.0149356120829 0.0149356120829 1.36833992569 
230.527083936 103.009169764 1.51833868027 134.776123047 14.0622596741 8388608 0.433773171754 0.0 0.433773171754 -1.06942431012 1.07781445199 -1.07781445199 -1.06942431012 
128.526193298 98.1600442966 1.44546973705 334.571472168 13.9382019043 8388608 0.478610247386 0.0 0.478610247386 1.3054349592 -0.620662813468 0.620662813468 1.3054349592 
105.243915927 127.76211724 1.26757860184 12.7048950195 13.2610769272 8388608 0.622372223175 0.0 0.622372223175 1.23654290059 0.278777988413 -0.278777988413 1.23654290059 
147.980751262 45.4848056092 2.30390429497 216.856918335 13.2187900543 18022656 0.188395762966 0.0 0.188395762966 -1.84343653311 -1.38192501561 1.38192501561 -1.84343653311 
31.1706308876 153.145082694 1.37735891342 319.692657471 13.2075500488 8388608 0.527115457919 0.0 0.527115457919 1.05035384817 -0.890996279458 0.890996279458 1.05035384817 
101.099367067 151.399749616 1.28487694263 6.8571472168 13.1315069199 8388608 0.605726994498 0.0 0.605726994498 1.27568611155 0.153406983263 -0.153406983263 1.27568611155 
53.7438050571 114.987089176 1.71857082844 163.374816895 12.9301815033 13500416 0.338582984366 0.0 0.338582984366 -1.64672926402 0.491699525512 -0.491699525512 -1.64672926402 
142.8946127 80.0068308215 1.32928526402 184.874908447 12.7560214996 8388608 0.565931176413 0.0 0.565931176413 -1.3244767172 -0.112963439708 0.112963439708 -1.3244767172 
141.84788205 83.8989490357 1.21672070026 193.200195312 12.7417430878 8388608 0.675488883624 0.0 0.675488883624 -1.18457265735 -0.277843268615 0.277843268615 -1.18457265735 
211.583535572 43.8285196763 1.34195685387 312.466186523 12.2917165756 8388608 0.555293889463 0.0 0.555293889463 0.90602885415 -0.989929246506 0.989929246506 0.90602885415 
207.714131781 111.439312935 1.96425998211 200.98387146 12.1410865784 23199744 0.259180344208 0.0 0.259180344208 -1.83399275215 -0.703411588181 0.703411588181 -1.83399275215 
43.2419819416 160.022825226 1.51890480518 133.276046753 11.9261283875 8388608 0.433449880873 0.0 0.433449880873 -1.04123056652 1.10585293532 -1.10585293532 -1.04123056652 
58.8024712582 117.045126974 1.79938328266 120.394500732 11.485458374 16842752 0.308853578338 0.0 0.308853578338 -0.910399730665 1.55208006505 -1.55208006505 -0.910399730665 
97.2457828014 135.177204247 2.299066782 237.7784729 10.9247598648 17891584 0.189189411734 0.0 0.189189411734 -1.22584900254 -1.94499416222 1.94499416222 -1.22584900254 
147.754177378 41.0935506796 1.29046237469 216.977401733 10.7766971588 8388608 0.600494877262 0.0 0.600494877262 -1.03091530642 -0.776213096693 0.776213096693 -1.03091530642 
84.4221278353 130.453363469 1.83653259277 139.928955078 10.4895153046 18350080 0.296484995659 0.0 0.296484995659 -1.40540072365 1.18224395548 -1.18224395548 -1.40540072365 
28.6939028138 43.4048603524 1.5408796072 265.81262207 10.3251838684 8388608 0.421175000404 0.0 0.421175000404 -0.112512702619 -1.53676636339 1.53676636339 -0.112512702619 
177.166106869 98.4576971397 2.32765483856 69.747253418 10.1821174622 18743552 0.184570733917 0.0 0.184570733917 0.805745725601 2.18374698011 -2.18374698011 0.805745725601 
237.517999815 13.0497780236 1.61146461964 86.0421142578 9.11891937256 8847360 0.385086638782 0.0 0.385086638782 0.111228465695 1.60762136362 -1.60762136362 0.111228465695 
123.349995888 126.215482884 1.81597733498 16.0085754395 9.11501216888 17498112 0.303234878038 0.0 0.303234878038 1.74555451593 0.500812452984 -0.500812452984 1.74555451593 
220.799000213 20.4995545835 1.78192996979 37.4423217773 8.92222595215 16121856 0.314933410031 0.0 0.314933410031 1.41479138815 1.083346549 -1.083346549 1.41479138815 
22.0902187391 175.10377386 1.28989386559 203.515945435 8.49833679199 8388608 0.601024319326 0.0 0.601024319326 -1.18276697641 -0.514673162286 0.514673162286 -1.18276697641 
13.9661016709 88.1165783624 1.35554897785 274.887939453 8.26643753052 8388608 0.544213827568 0.0 0.544213827568 0.115502525133 -1.35061919061 1.35061919061 0.115502525133 
240.484492111 31.183626474 1.29833960533 240.472305298 7.52000808716 8388608 0.593230387934 0.0 0.593230387934 -0.639879145344 -1.12970810837 1.12970810837 -0.639879145344 
214.901977135 184.410973316 1.37621033192 248.613601685 7.26154327393 8388608 0.527995683418 0.0 0.527995683418 -0.501843006376 -1.2814478041 1.2814478041 -0.501843006376 
230.77645596 177.60345526 1.75856304169 249.92729187 7.0491104126 15204352 0.323358377177 0.0 0.323358377177 -0.603560526094 -1.65174412756 1.65174412756 -0.603560526094 
97.6294502456 125.442275999 1.76548409462 69.6764526367 5.98532152176 15466496 0.32082808672 0.0 0.32082808672 0.613189833529 1.65557612824 -1.65557612824 0.613189833529 
220.891216491 181.103848244 2.01374316216 251.927215576 5.66375350952 24969216 0.246599301729 0.0 0.246599301729 -0.624713267651 -1.91439151073 1.91439151073 -0.624713267651 
81.763396377 11.3070238136 1.50396621227 294.934661865 4.77837371826 8388608 0.442103385654 0.0 0.442103385654 0.63404879093 -1.36378022364 1.36378022364 0.63404879093 
239.044826363 20.9055102774 1.69602739811 178.158599854 4.61154174805 12582912 0.34764362724 0.0 0.34764362724 -1.69515157466 0.0544983858649 -0.0544983858649 -1.69515157466 
223.000898745 27.8056983195 1.26222801208 45.5021362305 4.43175888062 8388608 0.627659883524 0.0 0.627659883524 0.88467374027 0.900317681582 -0.900317681582 0.88467374027 
125.347829034 133.273050357 1.34119677544 17.033203125 3.19967556 8388608 0.555923456297 0.0 0.555923456297 1.2823654 0.39287118922 -0.39287118922 1.2823654 
213.747587144 67.719390179 1.35212123394 87.395690918 0.289442062378 8388608 0.546976583 0.0 0.546976583 0.0614378445148 1.35072470272 -1.35072470272 0.0614378445148 
