13
170
73.6948152223 50.4133273235 1.69086444378 136.631647051 116.910766602 12320768 0.349769886905 0.0 0.349769886905 -1.2291807886 1.16109308678 -1.16109308678 -1.2291807886 
64.7003761467 57.8914485794 2.67458724976 129.838871035 106.246856689 12124672 0.139793333182 0.0 0.139793333182 -1.71342290755 2.0536793558 -2.0536793558 -1.71342290755 
127.440003535 24.5081731079 1.32905995846 132.195867879 104.379776001 8388608 0.566123068805 0.0 0.566123068805 -0.892685929636 0.984638108243 -0.984638108243 -0.892685929636 
87.250642761 64.2279636692 1.56105554104 133.442257748 92.5853271484 8388608 0.410358363946 0.0 0.410358363946 -1.07341800568 1.13343203911 -1.13343203911 -1.07341800568 
109.978406909 39.3556348755 1.5282998085 135.521717129 88.7241744995 8388608 0.428137119305 0.0 0.428137119305 -1.09046646907 1.07078624594 -1.07078624594 -1.09046646907 
97.7017338572 47.34525547 1.40976345539 135.568374921 87.5466766357 8388608 0.503161615975 0.0 0.503161615975 -1.00669288733 0.986915614809 -0.986915614809 -1.00669288733 
88.4112792123 180.522712931 1.29447495937 141.404630406 84.6832885742 8388608 0.596777845863 0.0 0.596777845863 -1.01172394507 0.807514754926 -0.807514754926 -1.01172394507 
74.1488698696 69.9107730845 1.81155645847 127.937736858 84.48853302 17367040 0.304716697365 0.0 0.304716697365 -1.11375357567 1.4287371259 -1.4287371259 -1.11375357567 
58.848491344 80.8705420443 1.97596979141 128.253780127 81.2414474487 23592960 0.25611758516 0.0 0.25611758516 -1.22341331778 1.55168181998 -1.55168181998 -1.22341331778 
61.6334321079 78.6524817128 3.03963756561 130.410089554 80.3028335571 21365248 0.108232176931 0.0 0.108232176931 -1.97045719472 2.3144534936 -2.3144534936 -1.97045719472 
181.575980805 73.6428079295 2.13040304184 134.103542594 73.8265991211 12321024 0.220331429907 0.0 0.220331429907 -1.4826693294 1.52980677876 -1.52980677876 -1.4826693294 
85.2019623531 41.1192943596 1.61228370667 138.595528128 72.3470001221 8912896 0.38469546774 0.0 0.38469546774 -1.2093086346 1.06631673393 -1.06631673393 -1.2093086346 
56.4222313469 177.880734949 1.81138706207 154.665201316 72.1303863525 17301504 0.304773692722 0.0 0.304773692722 -1.63717297422 0.775104987154 -0.775104987154 -1.63717297422 
94.4567646238 39.4223645869 1.27535355091 139.242502619 70.6327285767 8388608 0.614807007107 0.0 0.614807007107 -0.966054248743 0.832625887362 -0.832625887362 -0.966054248743 
133.723532017 31.8191052247 1.78837370872 128.934553793 69.3171310425 16384000 0.312668008045 0.0 0.312668008045 -1.123871775 1.3911120571 -1.3911120571 -1.123871775 
124.302061505 47.1253866983 1.40740740299 131.123697621 64.546836853 8388608 0.504847648597 0.0 0.504847648597 -0.925633361962 1.06018794429 -1.06018794429 -0.925633361962 
78.5646359764 173.80279653 2.77710580826 148.576287416 63.5339736938 14811648 0.12966272558 0.0 0.12966272558 -2.36980185635 1.44787977121 -1.44787977121 -2.36980185635 
97.011114545 33.280749863 1.72893333435 135.727123599 60.1976394653 13959168 0.334536496673 0.0 0.334536496673 -1.23795651795 1.20692755967 -1.20692755967 -1.23795651795 
177.721025826 27.3521827787 1.45638370514 146.070852753 59.950958252 8388608 0.471463827577 0.0 0.471463827577 -1.20840298577 0.812905726745 -0.812905726745 -1.20840298577 
76.2252816086 87.6414469424 1.74858558178 134.572203309 59.9027328491 14811136 0.327059082394 0.0 0.327059082394 -1.22717053754 1.24563397858 -1.24563397858 -1.22717053754 
43.6202095925 61.0878550195 2.09862518311 123.063481716 58.2851066589 11272448 0.227054566064 0.0 0.227054566064 -1.1449425721 1.75878769775 -1.75878769775 -1.1449425721 
46.1429290264 172.621721995 2.10051441193 151.389062304 58.2497024536 11337984 0.22664631833 0.0 0.22664631833 -1.84402391112 1.00585118677 -1.00585118677 -1.84402391112 
164.397479288 179.090878899 1.28892064095 133.473981759 57.7809028625 8388608 0.60193229223 0.0 0.60193229223 -0.886809764934 0.935352799468 -0.935352799468 -0.886809764934 
84.1279685945 55.4806804612 1.77640426159 135.733468146 57.4637413025 15925248 0.316895729932 0.0 0.316895729932 -1.27208411571 1.23992503932 -1.23992503932 -1.27208411571 
182.50213869 46.6045935859 1.54289543629 141.043505084 57.1751594543 8388608 0.420075169313 0.0 0.420075169313 -1.19979188004 0.970064828717 -0.970064828717 -1.19979188004 
111.705582596 46.93534386 1.34065127373 130.752371932 54.5237617493 8388608 0.556375951138 0.0 0.556375951138 -0.875165237916 1.01559423201 -1.01559423201 -0.875165237916 
110.680959577 29.0179227036 1.38723123074 132.832027888 54.1804885864 8388608 0.519639654055 0.0 0.519639654055 -0.943111021218 1.01732595032 -1.01732595032 -0.943111021218 
162.02628855 115.248511349 4.73564910889 129.989308653 53.4373970032 19988737 0.0445903589972 0.0 0.0445903589972 -3.04333958881 3.62828563232 -3.62828563232 -3.04333958881 
36.3418098511 34.7250559378 1.6650134325 134.651886901 53.0570487976 11206656 0.360715261228 0.0 0.360715261228 -1.17016740075 1.18447371632 -1.18447371632 -1.17016740075 
106.899260423 54.4689650094 1.23955631256 139.003389978 52.7100830078 8388608 0.650829870691 0.0 0.650829870691 -0.935553138003 0.813166759024 -0.813166759024 -0.935553138003 
31.3196240845 162.08224456 1.80110931396 158.420449155 52.1511650085 16908288 0.308261903523 0.0 0.308261903523 -1.67486562167 0.66243483469 -0.66243483469 -1.67486562167 
179.616179755 111.174423177 3.65435409546 131.134758628 51.6669044495 17956865 0.0748822260492 0.0 0.0748822260492 -2.40395207164 2.75232961185 -2.75232961185 -2.40395207164 
137.695540176 56.1325308056 1.46296596527 143.546241558 50.5221481323 8388608 0.46723089754 0.0 0.46723089754 -1.17671715947 0.869256085482 -0.869256085482 -1.17671715947 
130.782718785 61.2174463035 1.68588483334 132.175694532 48.6409606934 12124160 0.351839174212 0.0 0.351839174212 -1.13191365071 1.24939151534 -1.24939151534 -1.13191365071 
153.605586029 176.414055856 2.64058375359 133.578143536 47.0966758728 11141632 0.143416825797 0.0 0.143416825797 -1.82026857526 1.91293096415 -1.91293096415 -1.82026857526 
127.445468515 157.327644843 2.64630198479 131.748382001 46.5538787842 11338240 0.142797694245 0.0 0.142797694245 -1.7620682208 1.97434287294 -1.97434287294 -1.7620682208 
55.172920201 168.705003968 1.66362309456 145.938408804 46.4925880432 11206656 0.361318433523 0.0 0.361318433523 -1.37820522628 0.931768294704 -0.931768294704 -1.37820522628 
86.4240447113 76.9121276179 2.83640027046 123.530627079 46.3197174072 16318976 0.124298235557 0.0 0.124298235557 -1.56677831084 2.36439679812 -2.36439679812 -1.56677831084 
159.479774775 153.673623199 1.52677750587 123.162301694 46.1958808899 8388608 0.428991309495 0.0 0.428991309495 -0.835166453605 1.27810271388 -1.27810271388 -0.835166453605 
164.380992793 144.086053074 4.49608325958 123.985486412 45.6256141663 16253185 0.0494687925372 0.0 0.0494687925372 -2.51323357867 3.72805869805 -3.72805869805 -2.51323357867 
104.411884416 94.140199896 1.29318213463 126.786736353 45.2021636963 8388608 0.597971668146 0.0 0.597971668146 -0.774406884668 1.03567080209 -1.03567080209 -0.774406884668 
217.77179334 165.21643702 1.4510768652 123.670242457 45.0041236877 8388608 0.474918583455 0.0 0.474918583455 -0.804494808676 1.20764737052 -1.20764737052 -0.804494808676 
139.700270278 118.694016835 2.590487957 134.758272192 44.5014228821 9765376 0.149017353004 0.0 0.149017353004 -1.82400726044 1.83946333729 -1.83946333729 -1.82400726044 
61.809680538 41.4569232331 1.33514606953 126.130531421 44.467716217 8388608 0.560973617337 0.0 0.560973617337 -0.787237945016 1.07836517233 -1.07836517233 -0.787237945016 
128.299286219 60.5076382108 2.96287798882 133.916487767 44.4557418823 19530240 0.113912783664 0.0 0.113912783664 -2.05507928203 2.13431373542 -2.13431373542 -2.05507928203 
64.6416834353 166.488117024 1.23319351673 139.179731878 43.8276977539 8388608 0.657563251546 0.0 0.657563251546 -0.933236290429 0.80612423108 -0.80612423108 -0.933236290429 
139.770021864 63.8824576444 1.43885195255 134.264266798 43.6906204224 8388608 0.483022964516 0.0 0.483022964516 -1.00427376962 1.03040241509 -1.03040241509 -1.00427376962 
139.295909284 117.115921125 6.09888362885 136.010720804 43.4245796204 21561857 0.0268843354967 0.0 0.0268843354967 -4.38796238697 4.23581959115 -4.23581959115 -4.38796238697 
76.4411036901 114.346192353 1.51577782631 140.630684837 41.9158554077 8388608 0.435240099266 0.0 0.435240099266 -1.17180750798 0.961483012319 -0.961483012319 -1.17180750798 
222.160207342 131.621111289 1.66204452515 129.952063798 41.8692970276 11075584 0.362005102356 0.0 0.362005102356 -1.06727603791 1.2740933492 -1.2740933492 -1.06727603791 
224.424446564 159.71147315 1.55484509468 123.44685148 41.5329589844 8388608 0.413643061967 0.0 0.413643061967 -0.856973431436 1.29735878086 -1.29735878086 -0.856973431436 
105.342474491 158.20217635 1.96871089935 136.040555882 41.3241615295 23330816 0.258009744473 0.0 0.258009744473 -1.41713977065 1.36657874844 -1.36657874844 -1.41713977065 
147.948527252 32.9512188962 1.23270022869 138.587032042 40.8556671143 8388608 0.6580896293 0.0 0.6580896293 -0.924477556429 0.815408548811 -0.815408548811 -0.924477556429 
190.463482631 123.659333496 1.40456855297 143.184354322 40.0983123779 8388608 0.506890461105 0.0 0.506890461105 -1.12445230944 0.84167679295 -0.84167679295 -1.12445230944 
169.371547968 74.4968281655 2.01902985573 135.143590795 40.0419006348 8454400 0.245309585164 0.0 0.245309585164 -1.43124314423 1.42408729382 -1.42408729382 -1.43124314423 
121.173727433 64.2078623273 1.27720308304 135.753154849 40.0408668518 8388608 0.613027678511 0.0 0.613027678511 -0.91491212195 0.891169750626 -0.891169750626 -0.91491212195 
195.972996046 33.1352199279 1.76225161552 155.995221543 39.4795341492 15335424 0.322006149169 0.0 0.322006149169 -1.60983717431 0.716906568957 -0.716906568957 -1.60983717431 
52.8773737531 160.982056673 1.50225400925 144.394349596 39.2010650635 8388608 0.443111739941 0.0 0.443111739941 -1.22139763102 0.874617022035 -0.874617022035 -1.22139763102 
120.499186277 62.5094751957 1.95616579056 133.408343636 39.1661224365 22872064 0.261329646275 0.0 0.261329646275 -1.34426404485 1.42110477372 -1.42110477372 -1.34426404485 
75.9474758489 34.0169900491 1.42679667473 127.570811756 38.9548110962 8388608 0.491219753666 0.0 0.491219753666 -0.869977098808 1.13087956855 -1.13087956855 -0.869977098808 
161.580749635 90.9029307416 1.3389788866 130.576494098 38.5422439575 8388608 0.557766648286 0.0 0.557766648286 -0.870955778125 1.0170056496 -1.0170056496 -0.870955778125 
49.4829302193 158.439128968 2.37431025505 147.465353696 38.3435554504 20185344 0.177388337459 0.0 0.177388337459 -2.00170117742 1.27692661636 -1.27692661636 -2.00170117742 
87.4618768896 75.1702710125 1.28905498981 129.440252045 38.120059967 8388608 0.601806828678 0.0 0.601806828678 -0.818902121349 0.995521010535 -0.995521010535 -0.818902121349 
101.603283975 148.98708624 5.42140722275 139.301063843 38.0695762634 13042177 0.0340232612497 0.0 0.0340232612497 -4.1102206071 3.5352146803 -3.5352146803 -4.1102206071 
52.9503855989 97.1104887093 2.44076108932 154.056941278 37.4240455627 22216960 0.167860865368 0.0 0.167860865368 -2.19480379118 1.06777854135 -1.06777854135 -2.19480379118 
186.116431054 164.967026597 1.54344630241 129.473610633 36.3941040039 8388608 0.419775367646 0.0 0.419775367646 -0.981203938561 1.19141316066 -1.19141316066 -0.981203938561 
89.5795394099 116.487553148 1.32843363285 139.281812874 36.319896698 8388608 0.566657022408 0.0 0.566657022408 -1.00685612391 0.86658909676 -0.86658909676 -1.00685612391 
31.8304457205 52.3043183692 1.32781910896 127.770363649 35.2941703796 8388608 0.567181649376 0.0 0.567181649376 -0.813286897148 1.04960373906 -1.04960373906 -0.813286897148 
116.070114356 158.205938147 2.3505821228 132.915452175 35.0233688354 19464448 0.180987733882 0.0 0.180987733882 -1.60055462912 1.72147064896 -1.72147064896 -1.60055462912 
121.279496107 38.9168343135 1.55641293526 137.084140712 34.9614486694 8388608 0.412810121405 0.0 0.412810121405 -1.1398459382 1.05979831203 -1.05979831203 -1.1398459382 
110.821247665 118.75477962 1.45881593227 141.616628291 34.9355316162 8388608 0.469893031483 0.0 0.469893031483 -1.14352743202 0.905808443586 -0.905808443586 -1.14352743202 
207.97030474 172.451911732 2.50978803635 123.144798618 34.8908157349 24183040 0.158754450999 0.0 0.158754450999 -1.37224365627 2.10142412073 -2.10142412073 -1.37224365627 
63.5192291765 103.431989295 1.80805873871 150.901539228 34.7724151611 17170432 0.305896796783 0.0 0.305896796783 -1.57985512559 0.879280492662 -0.879280492662 -1.57985512559 
96.5081645418 117.503648979 1.19839382172 140.059963052 34.6555519104 8388608 0.696307186122 0.0 0.696307186122 -0.918828597724 0.769351519093 -0.769351519093 -0.918828597724 
37.9693049471 143.298040776 1.91373884678 140.981003183 33.9691886902 21299200 0.273045268172 0.0 0.273045268172 -1.48685502203 1.20484792282 -1.20484792282 -1.48685502203 
208.815999609 161.183318599 1.7159832716 123.586911098 33.5641899109 13434880 0.33960486293 0.0 0.33960486293 -0.949284105549 1.42949581159 -1.42949581159 -0.949284105549 
150.674299964 157.432888721 1.28052842617 131.755588389 33.2836532593 8388608 0.60984792793 0.0 0.60984792793 -0.852773578311 0.955264504923 -0.955264504923 -0.852773578311 
175.964629861 149.922485686 1.3414901495 129.954381629 33.276348114 8388608 0.555680330116 0.0 0.555680330116 -0.861474775053 1.02832729865 -1.02832729865 -0.861474775053 
44.7606380053 137.320498422 1.60083591938 148.676400032 33.0170288086 8388608 0.390217155885 0.0 0.390217155885 -1.3675057105 0.83222819739 -0.83222819739 -1.3675057105 
62.7865095415 110.431116696 1.38663733006 151.001340877 32.52135849 8388608 0.52008487564 0.0 0.52008487564 -1.21279606778 0.672226734866 -0.672226734866 -1.21279606778 
73.4911233478 136.587317952 3.65136504173 130.915404111 32.1219177246 17891329 0.0750048753095 0.0 0.0750048753095 -2.39143963725 2.75925408931 -2.75925408931 -2.39143963725 
61.564067301 92.379279471 2.24513196945 139.39723588 32.0509796143 16122112 0.198388389527 0.0 0.198388389527 -1.704593797 1.4611562365 -1.4611562365 -1.704593797 
150.089233734 85.300564323 1.79057657719 132.047317067 31.5888690948 16515072 0.311899157583 0.0 0.311899157583 -1.19922809066 1.32966780263 -1.32966780263 -1.19922809066 
173.865793751 150.081939469 2.01034641266 130.8018306 31.2635307312 24838144 0.247433330827 0.0 0.247433330827 -1.31365038873 1.52178032419 -1.52178032419 -1.31365038873 
38.9752741394 27.5832595337 1.27833247185 137.769319565 30.752243042 8388608 0.611944954296 0.0 0.611944954296 -0.946534632452 0.859189209749 -0.859189209749 -0.946534632452 
31.0255805409 129.639708517 1.27973079681 135.173590076 30.6973495483 8388608 0.610608375679 0.0 0.610608375679 -0.907643778486 0.902160564252 -0.902160564252 -0.907643778486 
103.087690881 65.4304174899 1.70630967617 151.706263168 29.9052448273 12976128 0.343466427453 0.0 0.343466427453 -1.50245544669 0.808777065512 -0.808777065512 -1.50245544669 
96.998755618 63.4659383754 2.00364518166 144.783811834 29.4696769714 24641536 0.249091189923 0.0 0.249091189923 -1.63694205258 1.15542837532 -1.15542837532 -1.63694205258 
71.6234370901 150.829747423 2.06605291367 147.577300222 29.4347648621 10158336 0.234270238628 0.0 0.234270238628 -1.7439874375 1.10773754107 -1.10773754107 -1.7439874375 
145.075920094 157.796099168 1.69445896149 132.517301677 29.4331970215 12517376 0.348287501611 0.0 0.348287501611 -1.14513707786 1.24894044897 -1.24894044897 -1.14513707786 
91.4856113186 156.208031091 2.2579023838 138.397861307 29.4037780762 16580864 0.196150615769 0.0 0.196150615769 -1.68839913344 1.49914360252 -1.49914360252 -1.68839913344 
60.0799618606 28.047624305 1.25453734398 127.449823391 29.1182861328 8388608 0.635378935789 0.0 0.635378935789 -0.762842030041 0.995959830837 -0.995959830837 -0.762842030041 
199.877303229 146.381579051 1.32619440556 121.348669583 28.9380130768 8388608 0.568572194253 0.0 0.568572194253 -0.689945663299 1.13259285845 -1.13259285845 -0.689945663299 
126.301585695 144.980952908 2.05006337166 133.46935772 28.1499519348 9568512 0.237938888009 0.0 0.237938888009 -1.41037500615 1.48781792228 -1.48781792228 -1.41037500615 
143.418122619 167.231265746 1.46754300594 129.360962663 27.989233017 8388608 0.464320999932 0.0 0.464320999932 -0.930721467417 1.13465414307 -1.13465414307 -0.930721467417 
149.044355622 75.2091982127 1.37183785439 131.868799904 26.2475376129 8388608 0.531366823017 0.0 0.531366823017 -0.91560182364 1.02157349186 -1.02157349186 -0.91560182364 
149.234632441 56.2982087237 2.05747318268 144.465797909 25.5955524445 9830656 0.236228141628 0.0 0.236228141628 -1.67430733687 1.19578043099 -1.19578043099 -1.67430733687 
104.069067747 117.592752018 1.42016136646 138.564063939 25.0259094238 8388608 0.49582065167 0.0 0.49582065167 -1.06468950258 0.939837523133 -0.939837523133 -1.06468950258 
153.498174485 128.718795743 1.37716913223 127.820777948 24.8998603821 8388608 0.527260746524 0.0 0.527260746524 -0.844471240178 1.08787092216 -1.08787092216 -0.844471240178 
135.173559702 82.5351324441 1.49707102776 137.288189021 24.6118125916 8388608 0.446185228748 0.0 0.446185228748 -1.10001004013 1.01547997211 -1.01547997211 -1.10001004013 
186.912474425 129.956527292 1.48926782608 135.162793837 24.3770694733 8388608 0.450873162766 0.0 0.450873162766 -1.05605920367 1.05007505262 -1.05007505262 -1.05605920367 
84.3842163036 32.2873183903 1.31202423573 126.102979532 24.2596931458 8388608 0.580919941813 0.0 0.580919941813 -0.773095027524 1.06006210835 -1.06006210835 -0.773095027524 
129.639831611 167.386242325 1.31319594383 135.313738995 24.1719207764 8388608 0.579883744674 0.0 0.579883744674 -0.933640452619 0.923471218898 -0.923471218898 -0.933640452619 
82.7174899685 155.546089371 1.73244035244 146.624731029 24.0249271393 14090240 0.333183448009 0.0 0.333183448009 -1.44673563401 0.953050670247 -0.953050670247 -1.44673563401 
157.778328696 61.9952143781 1.5669311285 152.69631408 23.8575706482 8388608 0.407286657832 0.0 0.407286657832 -1.39235576707 0.718761837733 -0.718761837733 -1.39235576707 
121.603127272 70.1295073044 1.43617475033 141.39683624 23.4898147583 8388608 0.484825468631 0.0 0.484825468631 -1.12235049227 0.896062099394 -0.896062099394 -1.12235049227 
149.624677015 120.842215652 1.31273651123 133.873275241 23.3008575439 8388608 0.580289712081 0.0 0.580289712081 -0.909812599944 0.946318223908 -0.946318223908 -0.909812599944 
199.630253143 164.789339425 1.55577337742 125.063294915 23.2832984924 8388608 0.413149592718 0.0 0.413149592718 -0.893762256933 1.27342837646 -1.27342837646 -0.893762256933 
55.6457592475 124.454543509 1.57409977913 135.904098137 23.1179695129 8388608 0.403585434491 0.0 0.403585434491 -1.13048079596 1.09535532345 -1.09535532345 -1.13048079596 
108.19466266 139.762344737 1.43294024467 127.391896664 23.0758514404 8388608 0.487016684353 0.0 0.487016684353 -0.870172279151 1.13847176048 -1.13847176048 -0.870172279151 
165.90435662 83.6160235233 1.70471453667 130.525807485 22.9577770233 12910592 0.344109506614 0.0 0.344109506614 -1.10770729194 1.29577629509 -1.29577629509 -1.10770729194 
134.786359653 147.541604224 1.29883444309 130.467474267 22.9384765625 8388608 0.592778449076 0.0 0.592778449076 -0.842964692857 0.9881201532 -0.9881201532 -0.842964692857 
203.782579003 154.128659905 1.45682513714 129.348574439 22.7949771881 8388608 0.471178154735 0.0 0.471178154735 -0.923680593983 1.12656719307 -1.12656719307 -0.923680593983 
106.458641485 143.627928922 2.3248603344 121.140810369 22.7488174438 18678016 0.185014712134 0.0 0.185014712134 -1.20228547036 1.98984552723 -1.98984552723 -1.20228547036 
228.20339736 41.1804248297 1.21649646759 137.58081476 22.6336250305 8388608 0.675737927731 0.0 0.675737927731 -0.898053593664 0.820587227884 -0.820587227884 -0.898053593664 
74.3720434169 129.758068256 1.91461479664 129.904464574 22.5795135498 21364736 0.272795485027 0.0 0.272795485027 -1.2282434053 1.46873004901 -1.46873004901 -1.2282434053 
91.6965561422 92.1104612078 3.5065369606 131.229357894 22.4006881714 14942209 0.0813285741131 0.0 0.0813285741131 -2.31107051399 2.63718686017 -2.63718686017 -2.31107051399 
179.717428776 132.002213397 2.01626110077 125.994277768 22.1864624023 8388864 0.245983772128 0.0 0.245983772128 -1.18496562407 1.6313078484 -1.6313078484 -1.18496562407 
170.872631098 161.289994927 1.70729362965 129.861494247 21.8570861816 13041664 0.343070645973 0.0 0.343070645973 -1.09426238455 1.31051187389 -1.31051187389 -1.09426238455 
140.041060672 145.497199226 2.88677716255 129.756733432 21.8005371094 17629696 0.119997853677 0.0 0.119997853677 -1.84617872894 2.21925809383 -2.21925809383 -1.84617872894 
111.5626958 62.4859995301 1.8504370451 138.853644992 21.7174282074 18874368 0.292046073394 0.0 0.292046073394 -1.3934370098 1.21755926245 -1.21755926245 -1.3934370098 
135.44662235 169.176128188 1.33606493473 137.086063399 21.5810890198 8388608 0.560202274758 0.0 0.560202274758 -0.978503628005 0.909725321071 -0.909725321071 -0.978503628005 
183.356156267 141.026766529 1.42541658878 126.706550568 21.2955379486 8388608 0.492171410419 0.0 0.492171410419 -0.851995455305 1.14276690349 -1.14276690349 -0.851995455305 
93.2766196758 143.897467638 1.62374651432 136.874742012 21.1146736145 9437184 0.379283138842 0.0 0.379283138842 -1.18510924601 1.10998595388 -1.10998595388 -1.18510924601 
174.443617409 137.66292679 1.61349880695 127.073449721 21.1059341431 8978432 0.384116269838 0.0 0.384116269838 -0.972678927442 1.28735158529 -1.28735158529 -0.972678927442 
92.8647316274 146.38960373 2.21993279457 128.620235734 20.66381073 15335680 0.202917893877 0.0 0.202917893877 -1.38558343061 1.73443367392 -1.73443367392 -1.38558343061 
137.00010798 153.756991452 1.31771159172 138.209799322 20.5150756836 8388608 0.575916163171 0.0 0.575916163171 -0.982472567374 0.878129542444 -0.878129542444 -0.982472567374 
154.026419743 134.627120264 1.72757863998 130.795478207 20.137802124 13893632 0.335061361226 0.0 0.335061361226 -1.12873226554 1.30785757255 -1.30785757255 -1.12873226554 
32.3291300479 29.7764505628 1.28071665764 136.55080565 20.110162735 8388608 0.609668678079 0.0 0.609668678079 -0.929780400794 0.880763057497 -0.880763057497 -0.929780400794 
42.8874605187 117.700655851 1.30683362484 129.45542445 19.9873771667 8388608 0.585543816816 0.0 0.585543816816 -0.83046364128 1.00903134913 -1.00903134913 -0.83046364128 
216.396891231 47.8493373597 2.06830239296 146.204315958 19.9764251709 10223872 0.233760932563 0.0 0.233760932563 -1.71881383252 1.15045808174 -1.15045808174 -1.71881383252 
26.9739613669 69.0599155488 1.43001329899 124.614830348 19.7293891907 8388608 0.489012372378 0.0 0.489012372378 -0.812328757605 1.17688573143 -1.17688573143 -0.812328757605 
174.683821772 169.620511005 1.26886367798 142.82626465 19.6290607452 8388608 0.621112212819 0.0 0.621112212819 -1.01103944207 0.76669047201 -0.76669047201 -1.01103944207 
174.717681387 58.437177738 1.60582017899 127.160378257 19.5132789612 8650752 0.387798547369 0.0 0.387798547369 -0.969992702105 1.2797549004 -1.2797549004 -0.969992702105 
57.3501403352 185.580773383 1.58149659634 144.753025586 19.2221946716 8388608 0.399819044424 0.0 0.399819044424 -1.29156403736 0.912684952001 -0.912684952001 -1.29156403736 
152.012899612 65.9993031349 1.2769882679 150.146932598 19.071062088 8388608 0.613233943057 0.0 0.613233943057 -1.10753803322 0.635655992906 -0.635655992906 -1.10753803322 
72.8879808944 160.551600782 1.30068826675 145.83933414 18.694234848 8388608 0.591089922121 0.0 0.591089922121 -1.07627564946 0.730356552406 -0.730356552406 -1.07627564946 
24.0154623435 185.942733202 1.30528354645 128.905045834 18.3430099487 8388608 0.586935357757 0.0 0.586935357757 -0.819759304079 1.01575578758 -1.01575578758 -0.819759304079 
152.450968102 149.381572136 1.26250767708 124.292914106 17.935174942 8388608 0.627381841562 0.0 0.627381841562 -0.711326973005 1.04304341816 -1.04304341816 -0.711326973005 
223.798070108 98.1746965224 1.53499770164 133.102861815 16.6713867188 8388608 0.424408956957 0.0 0.424408956957 -1.04887965258 1.1207450283 -1.1207450283 -1.04887965258 
143.95614932 50.0063632647 1.68602085114 142.637854239 16.325056076 12124160 0.351782408058 0.0 0.351782408058 -1.34007589167 1.0231631908 -1.0231631908 -1.34007589167 
123.294579183 150.754470005 1.30265033245 131.866858022 16.3034477234 8388608 0.589310651335 0.0 0.589310651335 -0.869391315653 0.970080733188 -0.970080733188 -0.869391315653 
173.189389903 125.142166085 1.69192755222 129.412674952 15.6424674988 12386304 0.349330475066 0.0 0.349330475066 -1.07420724185 1.30717161977 -1.30717161977 -1.07420724185 
145.59131759 129.946956304 1.38835251331 128.749742567 15.3429908752 8388608 0.518800634288 0.0 0.518800634288 -0.86899756087 1.08275848666 -1.08275848666 -0.86899756087 
138.451874698 90.1266544972 1.43468618393 129.904610769 15.3300018311 8388608 0.485832057123 0.0 0.485832057123 -0.920367493123 1.10056718285 -1.10056718285 -0.920367493123 
57.3517741288 153.704526296 1.49389493465 153.476139472 15.0117149353 8388608 0.448084468425 0.0 0.448084468425 -1.33666020303 0.667129355841 -0.667129355841 -1.33666020303 
141.29973553 147.457994974 1.36842143536 132.740295783 14.2881145477 8388608 0.534023369924 0.0 0.534023369924 -0.928715283063 1.00501997381 -1.00501997381 -0.928715283063 
128.526193298 98.1600442966 1.44546973705 134.752283878 13.9382019043 8388608 0.478610247386 0.0 0.478610247386 -1.0176728974 1.02651090332 -1.02651090332 -1.0176728974 
105.243915927 127.76211724 1.26757860184 130.425669496 13.2610769272 8388608 0.622372223175 0.0 0.622372223175 -0.821975310897 0.964941500876 -0.964941500876 -0.821975310897 
147.980751262 45.4848056092 2.30390429497 129.11657201 13.2187900543 18022656 0.188395762966 0.0 0.188395762966 -1.45353377659 1.7875163106 -1.7875163106 -1.45353377659 
31.1706308876 153.145082694 1.37735891342 143.17552856 13.2075500488 8388608 0.527115457919 0.0 0.527115457919 -1.10254199689 0.82554147168 -0.82554147168 -1.10254199689 
101.099367067 151.399749616 1.28487694263 135.070452329 13.1315069199 8388608 0.605726994498 0.0 0.605726994498 -0.909661681984 0.90742734257 -0.90742734257 -0.909661681984 
53.7438050571 114.987089176 1.71857082844 149.192317306 12.9301815033 13500416 0.338582984366 0.0 0.338582984366 -1.47606541311 0.880179861496 -0.880179861496 -1.47606541311 
142.8946127 80.0068308215 1.32928526402 133.065599342 12.7560214996 8388608 0.565931176413 0.0 0.565931176413 -0.907682845754 0.971139106747 -0.971139106747 -0.907682845754 
141.84788205 83.8989490357 1.21672070026 133.750993859 12.7417430878 8388608 0.675488883624 0.0 0.675488883624 -0.841393495108 0.878900590989 -0.878900590989 -0.841393495108 
211.583535572 43.8285196763 1.34195685387 163.531385474 12.2917165756 8388608 0.555293889463 0.0 0.555293889463 -1.28690330058 0.380431455831 -0.380431455831 -1.28690330058 
207.714131781 111.439312935 1.96425998211 124.981633523 12.1410865784 23199744 0.259180344208 0.0 0.259180344208 -1.1261374001 1.60938865207 -1.60938865207 -1.1261374001 
43.2419819416 160.022825226 1.51890480518 148.637168482 11.9261283875 8388608 0.433449880873 0.0 0.433449880873 -1.29697550227 0.790522835679 -0.790522835679 -1.29697550227 
58.8024712582 117.045126974 1.79938328266 149.092727784 11.485458374 16842752 0.308853578338 0.0 0.308853578338 -1.54387034918 0.924253505725 -0.924253505725 -1.54387034918 
97.2457828014 135.177204247 2.299066782 127.785278427 10.9247598648 17891584 0.189189411734 0.0 0.189189411734 -1.40864743902 1.81698113932 -1.81698113932 -1.40864743902 
147.754177378 41.0935506796 1.29046237469 131.496435019 10.7766971588 8388608 0.600494877262 0.0 0.600494877262 -0.855026103071 0.966552380138 -0.966552380138 -0.855026103071 
84.4221278353 130.453363469 1.83653259277 134.429065236 10.4895153046 18350080 0.296484995659 0.0 0.296484995659 -1.28561999745 1.31150035703 -1.31150035703 -1.28561999745 
28.6939028138 43.4048603524 1.5408796072 127.718605548 10.3251838684 8388608 0.421175000404 0.0 0.421175000404 -0.942685397821 1.21887415455 -1.21887415455 -0.942685397821 
177.166106869 98.4576971397 2.32765483856 124.608137932 10.1821174622 18743552 0.184570733917 0.0 0.184570733917 -1.32201636076 1.91578959945 -1.91578959945 -1.32201636076 
123.349995888 126.215482884 1.81597733498 134.977550812 9.11501216888 17498112 0.303234878038 0.0 0.303234878038 -1.28358666735 1.2845929116 -1.2845929116 -1.28358666735 
214.901977135 184.410973316 1.37621033192 124.490110307 7.26154327393 8388608 0.527995683418 0.0 0.527995683418 -0.779298337067 1.13430550537 -1.13430550537 -0.779298337067 
97.6294502456 125.442275999 1.76548409462 137.218499534 5.98532152176 15466496 0.32082808672 0.0 0.32082808672 -1.29577564371 1.19912450126 -1.19912450126 -1.29577564371 
223.000898745 27.8056983195 1.26222801208 125.8829695 4.43175888062 8388608 0.627659883524 0.0 0.627659883524 -0.73983166804 1.02267720101 -1.02267720101 -0.73983166804 
125.347829034 133.273050357 1.34119677544 132.324941854 3.19967556 8388608 0.555923456297 0.0 0.555923456297 -0.903073958352 0.991597809694 -0.991597809694 -0.903073958352 
213.747587144 67.719390179 1.35212123394 132.344852971 0.289442062378 8388608 0.546976583 0.0 0.546976583 -0.910777118835 0.999358229604 -0.999358229604 -0.910777118835 
