13
112
34.9274096289 35.9935213475 2.18081688881 11.4919433594 92.6791152954 14024960 0.2102623899 0.0 0.2102623899 2.13709746172 0.434484455003 -0.434484455003 2.13709746172 
25.830168389 28.5604878646 2.20104837418 135.875335693 73.8086700439 14680320 0.206414796155 0.0 0.206414796155 -1.57997120143 1.53241800698 -1.53241800698 -1.57997120143 
32.458221 9.79404281117 1.29443490505 347.965148926 58.6165771484 8388608 0.596814779202 0.0 0.596814779202 1.26598446096 -0.26989825494 0.26989825494 1.26598446096 
26.0699293798 13.4887237777 1.51583635807 192.588943481 51.9823455811 8388608 0.43520648762 0.0 0.43520648762 -1.47939389281 -0.330383980166 0.330383980166 -1.47939389281 
48.2029419924 40.0297027122 3.20082521439 348.652587891 46.2714576721 8388609 0.0976059023873 0.0 0.0976059023873 3.13825605252 -0.629786473248 0.629786473248 3.13825605252 
51.3715374095 59.7046998853 5.34282588959 339.741363525 43.9528503418 11993601 0.035031437316 0.0 0.035031437316 5.01231415649 -1.84999872516 1.84999872516 5.01231415649 
24.8803415513 20.0851544644 1.53883624077 194.108947754 35.833240509 8388608 0.422294269921 0.0 0.422294269921 -1.49241564309 -0.375116680722 0.375116680722 -1.49241564309 
203.459080523 126.881875641 3.46110963821 90.2958374023 31.7519340515 14024705 0.0834774716037 0.0 0.0834774716037 -0.0178707950857 3.46106350165 -3.46106350165 -0.0178707950857 
105.056587989 132.137617942 1.30684673786 110.014068604 30.5835113525 8388608 0.585532066072 0.0 0.585532066072 -0.447269430877 1.227924449 -1.227924449 -0.447269430877 
101.320006553 129.248827975 3.99685168266 111.617279053 27.6608448029 24444929 0.0625985011939 0.0 0.0625985011939 -1.47245988256 3.71573482201 -3.71573482201 -1.47245988256 
219.040384866 130.899660184 1.57803273201 353.260925293 27.4034309387 8388608 0.401576218254 0.0 0.401576218254 1.56712986906 -0.185179039811 0.185179039811 1.56712986906 
94.631156369 127.166214217 1.51275455952 119.09588623 27.2613964081 8388608 0.436981507748 0.0 0.436981507748 -0.7356111584 1.3218557338 -1.3218557338 -0.7356111584 
77.08202279 114.259378838 1.29091751575 129.886322021 26.2975978851 8388608 0.60007151683 0.0 0.60007151683 -0.82782211995 0.990544582643 -0.990544582643 -0.82782211995 
37.2116908282 60.060394424 2.76527786255 134.759429932 26.1846561432 14483968 0.130774312688 0.0 0.130774312688 -1.94711952473 1.96353946065 -1.96353946065 -1.94711952473 
58.8628100059 86.4077821847 1.74540269375 153.508087158 22.1187877655 14614528 0.328253009286 0.0 0.328253009286 -1.56213075489 0.778574381793 -0.778574381793 -1.56213075489 
60.0235634298 89.3038400123 1.61820042133 150.318283081 21.5525245667 9175040 0.381887444566 0.0 0.381887444566 -1.40587564993 0.801302851948 -0.801302851948 -1.40587564993 
63.3670701118 96.2873385868 1.47503352165 143.32649231 21.4138946533 8388608 0.459617143792 0.0 0.459617143792 -1.18305341982 0.880970201456 -0.880970201456 -1.18305341982 
70.4117847594 104.684446283 2.18653321266 139.71307373 21.3097991943 14221568 0.209164435578 0.0 0.209164435578 -1.6679222876 1.41384678541 -1.41384678541 -1.6679222876 
201.965090915 166.421323293 3.24801707268 38.724609375 20.2370834351 9437185 0.0947901898848 0.0 0.0947901898848 2.53397879549 2.03188739068 -2.03188739068 2.53397879549 
39.5870106763 87.0625629577 5.96782779694 148.394866943 19.7868270874 19988993 0.0280780817426 0.0 0.0280780817426 -5.08267950343 3.12751301825 -3.12751301825 -5.08267950343 
232.089866493 120.692297311 1.82368969917 45.9135742188 19.4536361694 17825792 0.300675547097 0.0 0.300675547097 1.26881869005 1.30994017064 -1.30994017064 1.26881869005 
244.884121112 65.9912907172 1.86848080158 295.035369873 18.9350814819 19595264 0.286432781406 0.0 0.286432781406 0.790699340418 -1.69293090791 1.69293090791 0.790699340418 
36.5203362366 144.779003134 1.34674310684 140.281997681 18.0895423889 8388608 0.551353933553 0.0 0.551353933553 -1.03591320376 0.86058168125 -0.86058168125 -1.03591320376 
40.3988913455 146.962515059 2.56707119942 140.189239502 17.3319282532 9110016 0.151748417737 0.0 0.151748417737 -1.97192986726 1.6435775435 -1.6435775435 -1.97192986726 
237.58163983 75.5234063192 1.51708042622 174.597869873 16.0526580811 8388608 0.434493005958 0.0 0.434493005958 -1.51034226068 0.142826031273 -0.142826031273 -1.51034226068 
18.6809335188 116.877689684 1.47770547867 152.828201294 15.6253623962 8388608 0.457956505758 0.0 0.457956505758 -1.31462775158 0.674809125949 -0.674809125949 -1.31462775158 
14.545083108 105.490664028 1.49698340893 160.805480957 15.40102005 8388608 0.446237460952 0.0 0.446237460952 -1.4137628461 0.492172674561 -0.492172674561 -1.4137628461 
231.507108952 78.423019394 2.00668311119 233.587524414 15.1563072205 24707072 0.248337559541 0.0 0.248337559541 -1.19115531588 -1.61490746552 1.61490746552 -1.19115531588 
27.4584149802 56.7939712725 2.38104462624 132.889404297 15.1447601318 20381952 0.176386332257 0.0 0.176386332257 -1.62050418134 1.74451704216 -1.74451704216 -1.62050418134 
28.3641465778 41.624887611 1.63054835796 148.77684021 14.8139152527 9699328 0.376125374503 0.0 0.376125374503 -1.39437124877 0.845231783753 -0.845231783753 -1.39437124877 
236.059248862 75.765223738 2.42047214508 229.113983154 14.5076389313 21561600 0.170686754938 0.0 0.170686754938 -1.58433535594 -1.82990898272 1.82990898272 -1.58433535594 
22.8755769065 60.2935435624 1.57152879238 113.437194824 13.8384246826 8388608 0.404907028552 0.0 0.404907028552 -0.625065499977 1.44187234734 -1.44187234734 -0.625065499977 
200.696335045 133.845153592 1.29385638237 241.767654419 13.2215919495 8388608 0.59734860673 0.0 0.59734860673 -0.612056455833 -1.13993474948 1.13993474948 -0.612056455833 
191.554013388 136.521830602 1.57897412777 247.472854614 12.1220741272 8388608 0.401097515726 0.0 0.401097515726 -0.604938307354 -1.45849543724 1.45849543724 -0.604938307354 
180.080656013 154.75037414 4.57600688934 244.19039917 11.8435077667 17498369 0.0477558589419 0.0 0.0477558589419 -1.9923108309 -4.11953111463 4.11953111463 -1.9923108309 
203.684279472 81.5765767246 1.3029936552 240.643203735 10.6628379822 8388608 0.589000140075 0.0 0.589000140075 -0.638788310372 -1.13566806772 1.13566806772 -0.638788310372 
209.782293198 139.101703558 1.98130917549 239.913970947 9.91449737549 23789568 0.254739034515 0.0 0.254739034515 -0.993229823213 -1.71437468692 1.71437468692 -0.993229823213 
44.6700951183 23.9465553202 1.7806302309 331.326324463 9.52016830444 16121856 0.315393337739 0.0 0.315393337739 1.56226568583 -0.854382786634 0.854382786634 1.56226568583 
16.0412379619 24.5909721272 1.63377690315 184.87159729 9.51900482178 9895936 0.374640302796 0.0 0.374640302796 -1.6278749114 -0.138745241779 0.138745241779 -1.6278749114 
161.376229297 155.068645607 2.70213842392 251.432495117 9.38982009888 12845568 0.136957182734 0.0 0.136957182734 -0.860419603052 -2.56148983381 2.56148983381 -0.860419603052 
170.922288549 141.549809384 1.70491087437 257.722717285 9.35388183594 12976128 0.34403025581 0.0 0.34403025581 -0.362537327852 -1.66591949849 1.66591949849 -0.362537327852 
176.807197882 100.9184119 1.54732120037 251.941345215 8.90677642822 8388608 0.417675545044 0.0 0.417675545044 -0.479654790591 -1.47109964958 1.47109964958 -0.479654790591 
27.4309390283 143.380653927 1.39534258842 138.922409058 8.83989334106 8388608 0.513615711347 0.0 0.513615711347 -1.05183776661 0.916852360966 -0.916852360966 -1.05183776661 
20.4881756255 135.979603435 1.79316210747 147.881744385 8.61531066895 16580608 0.311000361731 0.0 0.311000361731 -1.51872324433 0.953367741639 -0.953367741639 -1.51872324433 
135.07924449 155.827437008 2.32112145424 272.320251465 8.13812255859 18546944 0.185611238414 0.0 0.185611238414 0.0939705092611 -2.319218478 2.319218478 0.0939705092611 
228.386854602 96.3550363316 2.65527701378 231.305053711 7.86785888672 11600384 0.141833992556 0.0 0.141833992556 -1.66000966564 -2.07240534884 2.07240534884 -1.66000966564 
197.226251618 92.8797949857 1.3587025404 242.737457275 7.65158081055 8388608 0.541690507534 0.0 0.541690507534 -0.622378862512 -1.20777363143 1.20777363143 -0.622378862512 
93.6579177938 135.549274282 1.95358383656 295.657806396 7.37730026245 22806528 0.262020875389 0.0 0.262020875389 0.845892811514 -1.76095291189 1.76095291189 0.845892811514 
208.903593711 104.679781016 1.51489412785 234.148071289 7.11708068848 8388608 0.435748033362 0.0 0.435748033362 -0.887262164815 -1.22787217147 1.22787217147 -0.887262164815 
193.177449432 113.907568715 2.43402004242 241.24281311 7.01344871521 22020352 0.168791938144 0.0 0.168791938144 -1.17100396887 -2.13382362715 2.13382362715 -1.17100396887 
166.82373856 120.686061098 2.38351392746 260.959106445 6.98954963684 20447488 0.176021051931 0.0 0.176021051931 -0.374543865369 -2.35390219323 2.35390219323 -0.374543865369 
80.9088868906 127.071472808 1.79696404934 121.240325928 6.82781219482 16777216 0.309685750617 0.0 0.309685750617 -0.931957494849 1.53640327467 -1.53640327467 -0.931957494849 
197.842986734 112.901685697 2.59223341942 238.528198242 6.79297065735 9830912 0.148816740962 0.0 0.148816740962 -1.35335030151 -2.21090865079 2.21090865079 -1.35335030151 
174.930865874 119.69790288 2.39317941666 256.717315674 6.62669563293 20775168 0.174602107803 0.0 0.174602107803 -0.549846413292 -2.32915792554 2.32915792554 -0.549846413292 
216.3457153 102.101945438 2.07838273048 235.624771118 6.45336532593 10551552 0.231498909578 0.0 0.231498909578 -1.17347613708 -1.71540914364 1.71540914364 -1.17347613708 
159.259190737 112.452174605 1.40127658844 262.626098633 6.24184799194 8388608 0.509274894696 0.0 0.509274894696 -0.179845260305 -1.38968764823 1.38968764823 -0.179845260305 
85.6060908703 131.531011698 2.089615345 310.936096191 6.22927856445 10944768 0.229016779046 0.0 0.229016779046 1.36915122474 -1.57858075937 1.57858075937 1.36915122474 
199.124137558 108.650196817 1.21225082874 240.200042725 6.06295394897 8388608 0.680479459828 0.0 0.680479459828 -0.602456311696 -1.05194983924 1.05194983924 -0.602456311696 
151.673002734 112.951199374 1.61113333702 269.746826172 6.02350997925 8847360 0.385245018752 0.0 0.385245018752 -0.00711911890636 -1.61111760831 1.61111760831 -0.00711911890636 
32.4020423078 95.1497691743 1.81863963604 170.72845459 5.93822097778 17629184 0.302347718627 0.0 0.302347718627 -1.7948806576 0.29300776566 -0.29300776566 -1.7948806576 
110.401921258 117.706368601 3.35094857216 296.043426514 5.81742858887 11665409 0.0890562645315 0.0 0.0890562645315 1.47124150641 -3.01069838461 3.01069838461 1.47124150641 
237.86607181 86.4680937918 1.24554765224 221.455764771 5.78224372864 8388608 0.644583679298 0.0 0.644583679298 -0.933496953956 -0.824604384518 0.824604384518 -0.933496953956 
36.996179243 67.3967356871 1.2933973074 102.903747559 5.5184135437 8388608 0.597772724612 0.0 0.597772724612 -0.288833560709 1.26073461481 -1.26073461481 -0.288833560709 
60.736469047 104.009376195 1.39722847939 139.631027222 5.41606903076 8388608 0.512230154799 0.0 0.512230154799 -1.06453324702 0.904995242863 -0.904995242863 -1.06453324702 
30.5171356051 74.9958340466 1.4600315094 191.385162354 5.37571334839 8388608 0.469110920359 0.0 0.469110920359 -1.4313014886 -0.288215296573 0.288215296573 -1.4313014886 
31.4873632725 87.5592398035 1.90729689598 178.467727661 5.28709793091 21037056 0.274892819677 0.0 0.274892819677 -1.90661488859 0.0510011374641 -0.0510011374641 -1.90661488859 
106.638543332 151.404185437 1.86373877525 291.024597168 5.03834915161 19398656 0.287892213142 0.0 0.287892213142 0.668651145086 -1.73966314801 1.73966314801 0.668651145086 
88.7287840361 143.652646856 1.89163720608 297.92565918 4.9122428894 20447232 0.279462992455 0.0 0.279462992455 0.885902035734 -1.67136737509 1.67136737509 0.885902035734 
96.4642624468 92.2128743207 1.29293525219 299.755981445 4.60466766357 8388608 0.598200052047 0.0 0.598200052047 0.641692993832 -1.12245786915 1.12245786915 0.641692993832 
108.096180529 104.900977179 1.53170669079 293.674102783 4.57057189941 8388608 0.426234678551 0.0 0.426234678551 0.615032105637 -1.40280465341 1.40280465341 0.615032105637 
124.514129866 110.563692084 1.58009421825 283.416259766 4.47997283936 8388608 0.400529060669 0.0 0.400529060669 0.366619709425 -1.536973561 1.536973561 0.366619709425 
234.467785722 146.859266222 2.51026129723 13.6957397461 4.34242248535 24248576 0.158694596522 0.0 0.158694596522 2.43888635377 0.594344288907 -0.594344288907 2.43888635377 
44.4234492339 172.036161684 1.30553603172 209.576904297 4.31052017212 8388608 0.586708357962 0.0 0.586708357962 -1.13541680772 -0.644401274723 0.644401274723 -1.13541680772 
50.5009351296 119.743884433 1.31445479393 136.337265015 4.30618286133 8388608 0.578773570085 0.0 0.578773570085 -0.95089807737 0.907515427824 -0.907515427824 -0.95089807737 
42.8183961278 111.471081626 1.48692512512 140.319030762 4.25011444092 8388608 0.452295013887 0.0 0.452295013887 -1.14435494207 0.949419872496 -0.949419872496 -1.14435494207 
54.9242948959 127.000097334 1.3041536808 119.295257568 4.16188049316 8388608 0.587952792088 0.0 0.587952792088 -0.638135787048 1.13736517462 -1.13736517462 -0.638135787048 
106.464870202 97.146330931 1.28574621677 294.118469238 4.0767326355 8388608 0.604908225115 0.0 0.604908225115 0.525387649714 -1.1735037927 1.1735037927 0.525387649714 
22.7277980787 82.2500433761 1.52298140526 197.759674072 4.04475784302 8388608 0.431132535536 0.0 0.431132535536 -1.45040267772 -0.464547557556 0.464547557556 -1.45040267772 
114.78209483 100.848039433 1.55204343796 290.33303833 4.04098129272 8388608 0.41513777766 0.0 0.41513777766 0.539298476627 -1.45533363406 1.45533363406 0.539298476627 
238.943770883 183.32401869 1.2453609705 68.6614379883 3.97573852539 8388608 0.644776942183 0.0 0.644776942183 0.453159718374 1.15998716221 -1.15998716221 0.453159718374 
36.2625654161 172.159987299 1.38387525082 188.370574951 3.97456359863 8388608 0.522163024243 0.0 0.522163024243 -1.36913313981 -0.201457576919 0.201457576919 -1.36913313981 
239.325912134 178.846510206 1.32297074795 358.586700439 3.88224411011 8388608 0.571346428161 0.0 0.571346428161 1.32256828917 -0.0326300539143 0.0326300539143 1.32256828917 
59.6774687167 132.208201378 1.47980308533 119.961471558 3.86528015137 8388608 0.456659128025 0.0 0.456659128025 -0.739039601457 1.28204432015 -1.28204432015 -0.739039601457 
231.525336878 139.028634653 1.49038004875 4.57916259766 3.81847381592 8388608 0.450200469599 0.0 0.450200469599 1.48562272491 0.11898659146 -0.11898659146 1.48562272491 
139.213374218 53.5463312009 6.72692728043 274.111694336 3.79447174072 11927554 0.0220986902314 0.0 0.0220986902314 0.482327582182 -6.70961330776 6.70961330776 0.482327582182 
70.8151460765 35.4511716429 2.85666775703 357.812591553 3.789478302 16843264 0.122540749998 0.0 0.122540749998 2.85458618477 -0.109033883691 0.109033883691 2.85458618477 
95.0378574586 83.2529918896 1.45832979679 299.999298096 3.71961212158 8388608 0.470206362185 0.0 0.470206362185 0.729149426512 -1.26295958369 1.26295958369 0.729149426512 
120.034647574 87.9724685516 1.42918908596 278.286499023 3.60343551636 8388608 0.489576561668 0.0 0.489576561668 0.205979059523 -1.41426803346 1.41426803346 0.205979059523 
90.1638851532 151.41292777 1.74671196938 94.1289978027 3.60083389282 14680064 0.327761099229 0.0 0.327761099229 -0.125767186744 1.74217832575 -1.74217832575 -0.125767186744 
246.654019827 128.0743569 1.29763197899 7.13995361328 3.59136199951 8388608 0.593877566665 0.0 0.593877566665 1.28756950035 0.161287118677 -0.161287118677 1.28756950035 
80.0857248062 58.1421207062 1.66070199013 296.850646973 3.58430480957 11075584 0.362590639046 0.0 0.362590639046 0.750083241868 -1.48165658311 1.48165658311 0.750083241868 
104.701412479 77.8301241775 1.62967264652 275.806762695 3.57294464111 9699328 0.376529708209 0.0 0.376529708209 0.164880049803 -1.62131042802 1.62131042802 0.164880049803 
80.3754967067 47.8438444067 1.47579276562 330.646850586 3.56083297729 8388608 0.459144351423 0.0 0.459144351423 1.28632300859 -0.723420627726 0.723420627726 1.28632300859 
103.038348234 73.2319675941 1.26717448235 335.863983154 3.55976104736 8388608 0.622769252717 0.0 0.622769252717 1.15639468705 -0.518152966293 0.518152966293 1.15639468705 
232.788810395 158.658163336 1.53240823746 280.274108887 3.55372238159 8388608 0.425844501751 0.0 0.425844501751 0.273316645974 -1.50783719853 1.50783719853 0.273316645974 
82.6274312927 62.2612308588 1.49875628948 305.552581787 3.5524559021 8388608 0.445182375731 0.0 0.445182375731 0.871451612938 -1.2193615139 1.2193615139 0.871451612938 
88.3786313992 63.7206178687 1.25531506538 288.844909668 3.54942321777 8388608 0.634591890785 0.0 0.634591890785 0.405476306852 -1.18802562176 1.18802562176 0.405476306852 
94.1039425415 61.9014908444 1.65530240536 292.33190918 3.5484085083 10813440 0.364960033442 0.0 0.364960033442 0.628967520545 -1.53115182503 1.53115182503 0.628967520545 
114.392672804 72.2917125222 2.8057050705 284.024902344 3.54327392578 15532544 0.12703282786 0.0 0.12703282786 0.679944640165 -2.7220683733 2.7220683733 0.679944640165 
123.334320701 119.164808956 1.82116401196 288.080749512 3.51927757263 17694720 0.30151011112 0.0 0.30151011112 0.565211096947 -1.73123504306 1.73123504306 0.565211096947 
76.5823152826 30.2645352039 3.74546265602 355.869659424 3.51181793213 19726337 0.0712835069072 0.0 0.0712835069072 3.73573487343 -0.26976927755 0.26976927755 3.73573487343 
115.206245427 159.36268493 1.45520567894 272.191345215 3.50131607056 8388608 0.472227460585 0.0 0.472227460585 0.0556425038101 -1.45414149236 1.45414149236 0.0556425038101 
83.7586695663 149.663959736 1.6455796957 176.373046875 3.33939743042 10420224 0.369285418713 0.0 0.369285418713 -1.64228373128 0.104099379895 -0.104099379895 -1.64228373128 
177.942418077 167.403216271 1.38389921188 238.26574707 3.20877456665 8388608 0.52214494276 0.0 0.52214494276 -0.727903576614 -1.17700187417 1.17700187417 -0.727903576614 
50.400702253 105.957101393 1.4223151207 334.260467529 3.09267807007 8388608 0.494320186278 0.0 0.494320186278 1.28118959281 -0.617684004852 0.617684004852 1.28118959281 
115.704954896 108.438527403 1.38469588757 290.829040527 2.95491409302 8388608 0.521544290275 0.0 0.521544290275 0.492371182565 -1.29419987623 1.29419987623 0.492371182565 
82.4419605721 83.1941908713 1.36567735672 312.546661377 2.84931182861 8388608 0.536171570364 0.0 0.536171570364 0.923457943018 -1.00613123902 1.00613123902 0.923457943018 
53.9029749818 134.158314981 1.51405918598 125.290924072 2.70800018311 8388608 0.436228760397 0.0 0.436228760397 -0.874714895644 1.23581918985 -1.23581918985 -0.874714895644 
135.306959197 175.265851397 1.30830049515 268.408843994 2.49261474609 8388608 0.584231526051 0.0 0.584231526051 -0.0363280269685 -1.30779603152 1.30779603152 -0.0363280269685 
113.989289426 173.552472414 1.97767114639 271.569000244 2.33008575439 23658496 0.255677107989 0.0 0.255677107989 0.0541502137792 -1.97692966937 1.97692966937 0.0541502137792 
108.010545059 119.160956429 1.2600505352 305.340270996 1.44882202148 8388608 0.629831059599 0.0 0.629831059599 0.728852433855 -1.02786257881 1.02786257881 0.728852433855 
65.3341049564 80.7757304678 1.23285114765 324.780731201 1.28984451294 8388608 0.657928519625 0.0 0.657928519625 1.00717897256 -0.710994001033 0.710994001033 1.00717897256 
