13
76
105.056587989 132.137617942 1.30684673786 143.012922992 30.5835113525 8388608 0.585532066072 0.0 0.585532066072 -1.04387157409 0.786244575857 -0.786244575857 -1.04387157409 
101.320006553 129.248827975 3.99685168266 149.841503073 27.6608448029 24444929 0.0625985011939 0.0 0.0625985011939 -3.45583362364 2.00799336128 -2.00799336128 -3.45583362364 
219.040384866 130.899660184 1.57803273201 134.498927091 27.4034309387 8388608 0.401576218254 0.0 0.401576218254 -1.10603668454 1.1255532665 -1.1255532665 -1.10603668454 
94.631156369 127.166214217 1.51275455952 145.726768868 27.2613964081 8388608 0.436981507748 0.0 0.436981507748 -1.25008210644 0.851892648465 -0.851892648465 -1.25008210644 
77.08202279 114.259378838 1.29091751575 152.967309126 26.2975978851 8388608 0.60007151683 0.0 0.60007151683 -1.14988135469 0.586720463774 -0.586720463774 -1.14988135469 
58.8628100059 86.4077821847 1.74540269375 124.853963374 22.1187877655 14614528 0.328253009286 0.0 0.328253009286 -0.997474433331 1.43229721713 -1.43229721713 -0.997474433331 
60.0235634298 89.3038400123 1.61820042133 124.972601432 21.5525245667 9175040 0.381887444566 0.0 0.381887444566 -0.927527652157 1.32599587408 -1.32599587408 -0.927527652157 
63.3670701118 96.2873385868 1.47503352165 128.820997134 21.4138946533 8388608 0.459617143792 0.0 0.459617143792 -0.924682838926 1.14921083244 -1.14921083244 -0.924682838926 
70.4117847594 104.684446283 2.18653321266 139.462787529 21.3097991943 14221568 0.209164435578 0.0 0.209164435578 -1.66173026067 1.42111928804 -1.42111928804 -1.66173026067 
201.965090915 166.421323293 3.24801707268 125.780468144 20.2370834351 9437185 0.0947901898848 0.0 0.0947901898848 -1.89905436781 2.63499666271 -2.63499666271 -1.89905436781 
36.5203362366 144.779003134 1.34674310684 138.466933647 18.0895423889 8388608 0.551353933553 0.0 0.551353933553 -1.00813577951 0.892960943096 -0.892960943096 -1.00813577951 
28.3641465778 41.624887611 1.63054835796 130.962591865 14.8139152527 9699328 0.376125374503 0.0 0.376125374503 -1.06893229799 1.23128862984 -1.23128862984 -1.06893229799 
200.696335045 133.845153592 1.29385638237 126.738027374 13.2215919495 8388608 0.59734860673 0.0 0.59734860673 -0.773929454099 1.03686910373 -1.03686910373 -0.773929454099 
191.554013388 136.521830602 1.57897412777 126.101987509 12.1220741272 8388608 0.401097515726 0.0 0.401097515726 -0.930370059383 1.27576284974 -1.27576284974 -0.930370059383 
203.684279472 81.5765767246 1.3029936552 122.937751564 10.6628379822 8388608 0.589000140075 0.0 0.589000140075 -0.708473545697 1.09355278819 -1.09355278819 -0.708473545697 
209.782293198 139.101703558 1.98130917549 127.566782002 9.91449737549 23789568 0.254739034515 0.0 0.254739034515 -1.20797591281 1.5704713442 -1.5704713442 -1.20797591281 
161.376229297 155.068645607 2.70213842392 124.424030962 9.38982009888 12845568 0.136957182734 0.0 0.136957182734 -1.52755403919 2.22893039805 -2.22893039805 -1.52755403919 
170.922288549 141.549809384 1.70491087437 127.251522565 9.35388183594 12976128 0.34403025581 0.0 0.34403025581 -1.03200836564 1.35708504626 -1.35708504626 -1.03200836564 
176.807197882 100.9184119 1.54732120037 122.94615952 8.90677642822 8388608 0.417675545044 0.0 0.417675545044 -0.841511719908 1.2984840863 -1.2984840863 -0.841511719908 
27.4309390283 143.380653927 1.39534258842 131.195501401 8.83989334106 8388608 0.513615711347 0.0 0.513615711347 -0.919015021983 1.04994872658 -1.04994872658 -0.919015021983 
135.07924449 155.827437008 2.32112145424 131.735171101 8.13812255859 18546944 0.185611238414 0.0 0.185611238414 -1.54514398516 1.73208974087 -1.73208974087 -1.54514398516 
197.226251618 92.8797949857 1.3587025404 122.532673178 7.65158081055 8388608 0.541690507534 0.0 0.541690507534 -0.730683689077 1.14550161056 -1.14550161056 -0.730683689077 
93.6579177938 135.549274282 1.95358383656 141.954199515 7.37730026245 22806528 0.262020875389 0.0 0.262020875389 -1.53848314111 1.20397650765 -1.20397650765 -1.53848314111 
208.903593711 104.679781016 1.51489412785 120.799693682 7.11708068848 8388608 0.435748033362 0.0 0.435748033362 -0.775683772455 1.30123745094 -1.30123745094 -0.775683772455 
193.177449432 113.907568715 2.43402004242 119.322950363 7.01344871521 22020352 0.168791938144 0.0 0.168791938144 -1.19201684141 2.12215678419 -2.12215678419 -1.19201684141 
166.82373856 120.686061098 2.38351392746 124.671370882 6.98954963684 20447488 0.176021051931 0.0 0.176021051931 -1.3559063495 1.9602695258 -1.9602695258 -1.3559063495 
80.9088868906 127.071472808 1.79696404934 140.155825435 6.82781219482 16777216 0.309685750617 0.0 0.309685750617 -1.3796906251 1.15131818957 -1.15131818957 -1.3796906251 
197.842986734 112.901685697 2.59223341942 120.398536995 6.79297065735 9830912 0.148816740962 0.0 0.148816740962 -1.31170054386 2.23587025205 -2.23587025205 -1.31170054386 
174.930865874 119.69790288 2.39317941666 123.460573706 6.62669563293 20775168 0.174602107803 0.0 0.174602107803 -1.31951068396 1.99654683772 -1.99654683772 -1.31951068396 
216.3457153 102.101945438 2.07838273048 117.959922627 6.45336532593 10551552 0.231498909578 0.0 0.231498909578 -0.974457728217 1.83578509371 -1.83578509371 -0.974457728217 
159.259190737 112.452174605 1.40127658844 125.112999106 6.24184799194 8388608 0.509274894696 0.0 0.509274894696 -0.806001481453 1.14627121102 -1.14627121102 -0.806001481453 
85.6060908703 131.531011698 2.089615345 142.379772171 6.22927856445 10944768 0.229016779046 0.0 0.229016779046 -1.6551303755 1.27555310754 -1.27555310754 -1.6551303755 
199.124137558 108.650196817 1.21225082874 120.419355029 6.06295394897 8388608 0.680479459828 0.0 0.680479459828 -0.61379302222 1.04537562515 -1.04537562515 -0.61379302222 
151.673002734 112.951199374 1.61113333702 126.67061422 6.02350997925 8847360 0.385245018752 0.0 0.385245018752 -0.962191150822 1.29226112645 -1.29226112645 -0.962191150822 
32.4020423078 95.1497691743 1.81863963604 124.307175794 5.93822097778 17629184 0.302347718627 0.0 0.302347718627 -1.02503895981 1.50224673628 -1.50224673628 -1.02503895981 
110.401921258 117.706368601 3.35094857216 153.015450391 5.81742858887 11665409 0.0890562645315 0.0 0.0890562645315 -2.98612716518 1.52049363255 -1.52049363255 -2.98612716518 
36.996179243 67.3967356871 1.2933973074 126.208190525 5.5184135437 8388608 0.597772724612 0.0 0.597772724612 -0.764036973947 1.04361108523 -1.04361108523 -0.764036973947 
60.736469047 104.009376195 1.39722847939 129.710622564 5.41606903076 8388608 0.512230154799 0.0 0.512230154799 -0.892703879635 1.07486148265 -1.07486148265 -0.892703879635 
30.5171356051 74.9958340466 1.4600315094 123.73853248 5.37571334839 8388608 0.469110920359 0.0 0.469110920359 -0.810907058066 1.21413415717 -1.21413415717 -0.810907058066 
106.638543332 151.404185437 1.86373877525 131.456935117 5.03834915161 19398656 0.287892213142 0.0 0.287892213142 -1.23390116816 1.39678564197 -1.39678564197 -1.23390116816 
88.7287840361 143.652646856 1.89163720608 128.445781946 4.9122428894 20447232 0.279462992455 0.0 0.279462992455 -1.17617043266 1.48152436118 -1.48152436118 -1.17617043266 
96.4642624468 92.2128743207 1.29293525219 131.407758917 4.60466766357 8388608 0.598200052047 0.0 0.598200052047 -0.85516475063 0.969729248624 -0.969729248624 -0.85516475063 
108.096180529 104.900977179 1.53170669079 127.885902208 4.57057189941 8388608 0.426234678551 0.0 0.426234678551 -0.940607331889 1.20887684807 -1.20887684807 -0.940607331889 
124.514129866 110.563692084 1.58009421825 127.842998112 4.47997283936 8388608 0.400529060669 0.0 0.400529060669 -0.969387581135 1.24779223275 -1.24779223275 -0.969387581135 
44.4234492339 172.036161684 1.30553603172 124.770794329 4.31052017212 8388608 0.586708357962 0.0 0.586708357962 -0.74454057326 1.07241953773 -1.07241953773 -0.74454057326 
50.5009351296 119.743884433 1.31445479393 125.041824739 4.30618286133 8388608 0.578773570085 0.0 0.578773570085 -0.754726092305 1.07618768385 -1.07618768385 -0.754726092305 
42.8183961278 111.471081626 1.48692512512 124.841956691 4.25011444092 8388608 0.452295013887 0.0 0.452295013887 -0.849502223009 1.22036564227 -1.22036564227 -0.849502223009 
54.9242948959 127.000097334 1.3041536808 125.190996527 4.16188049316 8388608 0.587952792088 0.0 0.587952792088 -0.751588855974 1.06580064493 -1.06580064493 -0.751588855974 
106.464870202 97.146330931 1.28574621677 130.225399936 4.0767326355 8388608 0.604908225115 0.0 0.604908225115 -0.830330052624 0.981679854972 -0.981679854972 -0.830330052624 
114.78209483 100.848039433 1.55204343796 132.086709222 4.04098129272 8388608 0.41513777766 0.0 0.41513777766 -1.04026407738 1.1518200739 -1.1518200739 -1.04026407738 
36.2625654161 172.159987299 1.38387525082 124.844745769 3.97456359863 8388608 0.522163024243 0.0 0.522163024243 -0.790683599827 1.1357509211 -1.1357509211 -0.790683599827 
59.6774687167 132.208201378 1.47980308533 124.789188669 3.86528015137 8388608 0.456659128025 0.0 0.456659128025 -0.844314394619 1.21529847132 -1.21529847132 -0.844314394619 
231.525336878 139.028634653 1.49038004875 125.308451819 3.81847381592 8388608 0.450200469599 0.0 0.450200469599 -0.8614068921 1.21622812661 -1.21622812661 -0.8614068921 
95.0378574586 83.2529918896 1.45832979679 129.461841914 3.71961212158 8388608 0.470206362185 0.0 0.470206362185 -0.926862195241 1.12590064714 -1.12590064714 -0.926862195241 
120.034647574 87.9724685516 1.42918908596 125.113403021 3.60343551636 8388608 0.489576561668 0.0 0.489576561668 -0.822064736581 1.1690983758 -1.1690983758 -0.822064736581 
90.1638851532 151.41292777 1.74671196938 125.206545562 3.60083389282 14680064 0.327761099229 0.0 0.327761099229 -1.00702427857 1.42720173988 -1.42720173988 -1.00702427857 
80.0857248062 58.1421207062 1.66070199013 124.808732981 3.58430480957 11075584 0.362590639046 0.0 0.362590639046 -0.947992998368 1.36353964924 -1.36353964924 -0.947992998368 
104.701412479 77.8301241775 1.62967264652 124.935754677 3.57294464111 9699328 0.376529708209 0.0 0.376529708209 -0.933244372747 1.33599695941 -1.33599695941 -0.933244372747 
80.3754967067 47.8438444067 1.47579276562 124.950107062 3.56083297729 8388608 0.459144351423 0.0 0.459144351423 -0.845426930315 1.20963531386 -1.20963531386 -0.845426930315 
103.038348234 73.2319675941 1.26717448235 124.95024606 3.55976104736 8388608 0.622769252717 0.0 0.622769252717 -0.725919774316 1.03863932622 -1.03863932622 -0.725919774316 
82.6274312927 62.2612308588 1.49875628948 125.017584971 3.5524559021 8388608 0.445182375731 0.0 0.445182375731 -0.860028054165 1.22744538017 -1.22744538017 -0.860028054165 
88.3786313992 63.7206178687 1.25531506538 124.950729202 3.54942321777 8388608 0.634591890785 0.0 0.634591890785 -0.719134606949 1.02891269332 -1.02891269332 -0.719134606949 
94.1039425415 61.9014908444 1.65530240536 124.951141902 3.5484085083 10813440 0.364960033442 0.0 0.364960033442 -0.948285848927 1.35675347868 -1.35675347868 -0.948285848927 
114.392672804 72.2917125222 2.8057050705 124.94924123 3.54327392578 15532544 0.12703282786 0.0 0.12703282786 -1.60724960383 2.29972382116 -2.29972382116 -1.60724960383 
123.334320701 119.164808956 1.82116401196 130.647242884 3.51927757263 17694720 0.30151011112 0.0 0.30151011112 -1.18630632568 1.38177988844 -1.38177988844 -1.18630632568 
115.206245427 159.36268493 1.45520567894 124.820125382 3.50131607056 8388608 0.472227460585 0.0 0.472227460585 -0.830925301512 1.19464920011 -1.19464920011 -0.830925301512 
83.7586695663 149.663959736 1.6455796957 124.541130102 3.33939743042 10420224 0.369285418713 0.0 0.369285418713 -0.933039893783 1.35549588399 -1.35549588399 -0.933039893783 
177.942418077 167.403216271 1.38389921188 122.855920091 3.20877456665 8388608 0.52214494276 0.0 0.52214494276 -0.750804537299 1.16252723642 -1.16252723642 -0.750804537299 
50.400702253 105.957101393 1.4223151207 124.983836186 3.09267807007 8388608 0.494320186278 0.0 0.494320186278 -0.815477719563 1.16532244098 -1.16532244098 -0.815477719563 
115.704954896 108.438527403 1.38469588757 128.349068498 2.95491409302 8388608 0.521544290275 0.0 0.521544290275 -0.85913579899 1.08594124147 -1.08594124147 -0.85913579899 
82.4419605721 83.1941908713 1.36567735672 126.894612229 2.84931182861 8388608 0.536171570364 0.0 0.536171570364 -0.819877606661 1.09218833209 -1.09218833209 -0.819877606661 
53.9029749818 134.158314981 1.51405918598 124.878871509 2.70800018311 8388608 0.436228760397 0.0 0.436228760397 -0.865804743511 1.24207784167 -1.24207784167 -0.865804743511 
135.306959197 175.265851397 1.30830049515 123.442419739 2.49261474609 8388608 0.584231526051 0.0 0.584231526051 -0.721002676653 1.09169836762 -1.09169836762 -0.721002676653 
113.989289426 173.552472414 1.97767114639 123.810928939 2.33008575439 23658496 0.255677107989 0.0 0.255677107989 -1.10048324223 1.64320412513 -1.64320412513 -1.10048324223 
108.010545059 119.160956429 1.2600505352 122.727628956 1.44882202148 8388608 0.629831059599 0.0 0.629831059599 -0.681241341923 1.06001772877 -1.06001772877 -0.681241341923 
65.3341049564 80.7757304678 1.23285114765 125.298112515 1.28984451294 8388608 0.657928519625 0.0 0.657928519625 -0.712379288724 1.00619963291 -1.00619963291 -0.712379288724 
