13
123
40.9606204759 146.834073965 2.12463831902 99.9032897949 112.614303589 12124416 0.221528690394 0.0 0.221528690394 -0.365407329421 2.09298004535 -2.09298004535 -0.365407329421 
25.5419932683 123.231158114 2.10771131516 104.463623047 107.540634155 11600128 0.225101166698 0.0 0.225101166698 -0.526433104713 2.0409103788 -2.0409103788 -0.526433104713 
38.7357042745 139.716099752 1.44318151474 330.610321045 96.2760696411 8388608 0.480129162161 0.0 0.480129162161 1.25744726708 -0.708236722433 0.708236722433 1.25744726708 
149.80684462 176.168259617 2.62670993805 107.846099854 85.7378540039 10813952 0.144935831211 0.0 0.144935831211 -0.804984899641 2.50032086141 -2.50032086141 -0.804984899641 
147.408696797 165.736778466 1.25824570656 26.5547485352 76.8720169067 8388608 0.631639215827 0.0 0.631639215827 1.12551033745 0.56250221188 -0.56250221188 1.12551033745 
162.75884718 24.6855204362 2.96935629845 177.678100586 72.8613128662 19661312 0.113416273852 0.0 0.113416273852 -2.96691840668 0.12029960598 -0.12029960598 -2.96691840668 
159.461181593 22.4991917948 1.46392810345 170.240447998 64.1737670898 8388608 0.466616942583 0.0 0.466616942583 -1.44274186137 0.248156026537 -0.248156026537 -1.44274186137 
167.323581296 55.4174831453 7.12018013 57.4929199219 62.9704055786 16056322 0.0197250466246 0.0 0.0197250466246 3.82641202014 6.00462622782 -6.00462622782 3.82641202014 
158.629325118 54.2391188907 3.34384465218 76.281829834 56.6146469116 11534337 0.0894350623924 0.0 0.0894350623924 0.792980188976 3.24845801539 -3.24845801539 0.792980188976 
80.3837583666 154.626001278 3.4404964447 48.1527709961 46.9825515747 13565953 0.0844807524192 0.0 0.0844807524192 2.29531598985 2.56291636476 -2.56291636476 2.29531598985 
72.4388620609 171.958748634 2.62070536613 139.001434326 43.850479126 10617344 0.145600747325 0.0 0.145600747325 -1.97791448754 1.71928790377 -1.71928790377 -1.97791448754 
37.3506855835 130.666413199 1.43457365036 119.171768188 42.9425201416 8388608 0.485908281247 0.0 0.485908281247 -0.699253485543 1.25261571173 -1.25261571173 -0.699253485543 
174.477373367 58.0422852699 3.86650133133 36.3908081055 42.1941375732 22020097 0.0668903813456 0.0 0.0668903813456 3.11249099571 2.29395561134 -2.29395561134 3.11249099571 
190.831653204 60.3065666214 1.95011079311 15.5338134766 40.8788261414 22675456 0.262954996902 0.0 0.262954996902 1.87887826337 0.522253364622 -0.522253364622 1.87887826337 
184.921591487 23.7336393997 1.74242472649 359.304443359 38.4261894226 14548992 0.329375998467 0.0 0.329375998467 1.74229633435 -0.0211520871423 0.0211520871423 1.74229633435 
193.569563247 58.5368223461 3.68780207634 344.314575195 38.2395935059 18612225 0.0735300380987 0.0 0.0735300380987 3.55047036273 -0.997017731871 0.997017731871 3.55047036273 
124.509273424 156.801096312 4.79755306244 239.702545166 32.4386672974 20906241 0.0434470632583 0.0 0.0434470632583 -2.4203140421 -4.14229348604 4.14229348604 -2.4203140421 
88.253390909 149.306753974 1.17044758797 51.8564453125 29.7298240662 8388608 0.729954950093 0.0 0.729954950093 0.722908112392 0.920516929348 -0.920516929348 0.722908112392 
168.852084373 25.4572690687 1.55218362808 71.1568908691 29.0489616394 8388608 0.415062792217 0.0 0.415062792217 0.501320945469 1.46899670691 -1.46899670691 0.501320945469 
135.85854134 164.467348687 1.35910463333 234.141540527 27.6183815002 8388608 0.541370035217 0.0 0.541370035217 -0.796142981393 -1.10150885494 1.10150885494 -0.796142981393 
30.3161130256 144.231417615 2.14055728912 172.277206421 24.059387207 12714240 0.218245997996 0.0 0.218245997996 -2.12114204602 0.287648967679 -0.287648967679 -2.12114204602 
171.893384996 20.6714658187 1.51588439941 346.044128418 23.7579784393 8388608 0.435178902966 0.0 0.435178902966 1.47113816502 -0.365592685666 0.365592685666 1.47113816502 
142.529208708 158.421636228 1.61434912682 240.756774902 23.3310604095 8978432 0.383711728257 0.0 0.383711728257 -0.788638720313 -1.40860642909 1.40860642909 -0.788638720313 
17.9597630633 114.957805567 1.45175969601 199.813766479 22.9282913208 8388608 0.474471935463 0.0 0.474471935463 -1.36581458286 -0.49209423913 0.49209423913 -1.36581458286 
24.3633891927 106.760098457 2.08821773529 249.587493896 20.5434646606 10879232 0.229323435943 0.0 0.229323435943 -0.728321527864 -1.95708994735 1.95708994735 -0.728321527864 
131.867140033 123.035989845 1.20545756817 49.3739624023 19.3866691589 8388608 0.688170646587 0.0 0.688170646587 0.784896561009 0.914912748392 -0.914912748392 0.784896561009 
115.136296704 59.7135034414 5.77417039871 223.035614014 19.3484535217 17629697 0.0299930621908 0.0 0.0299930621908 -4.22051230581 -3.94059889736 3.94059889736 -4.22051230581 
163.001076177 175.842228114 2.30638647079 287.317474365 18.5141639709 18088192 0.187990471158 0.0 0.187990471158 0.6865329463 -2.20183811083 2.20183811083 0.6865329463 
154.870075646 97.3143613451 11.0687389374 213.577133179 17.8081378937 14549506 0.00816213382357 0.0 0.00816213382357 -9.22183166843 -6.12166663116 6.12166663116 -9.22183166843 
192.762680437 120.79015204 2.84185695648 25.1571960449 17.4738407135 16515584 0.123821360549 0.0 0.123821360549 2.57229229332 1.20808249669 -1.20808249669 2.57229229332 
166.526380467 85.8011355059 5.42552137375 23.3491516113 17.3632259369 13107713 0.0339716814096 0.0 0.0339716814096 4.98120764238 2.15031453524 -2.15031453524 4.98120764238 
157.60102373 88.9086746441 1.67123866081 31.0118408203 16.2636871338 11534336 0.358032996042 0.0 0.358032996042 1.43235321709 0.861047572944 -0.861047572944 1.43235321709 
131.343097701 59.2655475385 1.80657529831 222.018890381 15.4457359314 17170432 0.306399367557 0.0 0.306399367557 -1.34214845977 -1.20927739597 1.20927739597 -1.34214845977 
134.507457794 69.4761741626 1.65558254719 218.872467041 15.1769638062 10813440 0.364836533805 0.0 0.364836533805 -1.28894521706 -1.03902540776 1.03902540776 -1.28894521706 
76.0347658086 161.161858163 1.46031785011 35.3916015625 14.9304246902 8388608 0.468926970835 0.0 0.468926970835 1.19046965486 0.845760145791 -0.845760145791 1.19046965486 
177.763474601 39.7315384973 1.51172530651 7.31594848633 14.5560789108 8388608 0.437576745042 0.0 0.437576745042 1.49941840411 0.192504160343 -0.192504160343 1.49941840411 
153.323315661 149.559195476 1.36786544323 234.968490601 14.2798347473 8388608 0.534457583879 0.0 0.534457583879 -0.785191472907 -1.12005813316 1.12005813316 -0.785191472907 
63.0378430985 165.497632557 1.4830057621 185.108520508 13.8416976929 8388608 0.454688869528 0.0 0.454688869528 -1.47711501829 -0.132050419056 0.132050419056 -1.47711501829 
218.409703395 80.4364150021 1.54632842541 347.848144531 13.7653579712 8388608 0.418212029955 0.0 0.418212029955 1.51168003199 -0.325507419433 0.325507419433 1.51168003199 
105.246482144 130.380937728 1.80199372768 249.869232178 13.5332317352 16973824 0.307959389537 0.0 0.307959389537 -0.620181258361 -1.69190915873 1.69190915873 -0.620181258361 
158.468307698 178.594762517 1.35438644886 290.854553223 13.417889595 8388608 0.545148473473 0.0 0.545148473473 0.482157350131 -1.26565672383 1.26565672383 0.482157350131 
140.107537354 63.2876532521 1.57508111 221.9559021 13.1089191437 8388608 0.403082695341 0.0 0.403082695341 -1.17132419464 -1.05303377635 1.05303377635 -1.17132419464 
119.759342029 81.8786022662 1.67727172375 228.553924561 12.9503250122 11796480 0.355461974547 0.0 0.355461974547 -1.11021108968 -1.25724769701 1.25724769701 -1.11021108968 
181.477205004 171.759203607 1.12683081627 249.182739258 12.5882740021 8388608 0.787558039335 0.0 0.787558039335 -0.400462791147 -1.05326978567 1.05326978567 -0.400462791147 
216.810628037 75.328106119 1.46635961533 340.235290527 12.5306358337 8388608 0.465070740758 0.0 0.465070740758 1.37997524321 -0.495861724251 0.495861724251 1.37997524321 
80.7573331395 145.319281767 1.41147184372 251.871109009 12.4818944931 8388608 0.501944340227 0.0 0.501944340227 -0.439187482664 -1.34140490557 1.34140490557 -0.439187482664 
128.232763474 75.9097691565 1.75734424591 214.965362549 11.8902664185 15138816 0.323807059318 0.0 0.323807059318 -1.44014122496 -1.00710081462 1.00710081462 -1.44014122496 
34.770044758 100.194486167 2.01694917679 249.532989502 11.8769760132 8388864 0.245815967538 0.0 0.245815967538 -0.705262605744 -1.8896265871 1.8896265871 -0.705262605744 
40.4920674737 108.22551725 1.82300519943 251.710525513 11.4479255676 17825792 0.300901384053 0.0 0.300901384053 -0.572091912403 -1.73091270748 1.73091270748 -0.572091912403 
42.014348085 99.315950127 1.49550533295 251.019805908 11.3150177002 8388608 0.44711997043 0.0 0.44711997043 -0.486400083314 -1.41419629466 1.41419629466 -0.486400083314 
98.1465748954 133.788168368 1.94322311878 251.736297607 11.2513751984 22413312 0.264822366774 0.0 0.264822366774 -0.608988480658 -1.84533170996 1.84533170996 -0.608988480658 
109.956488051 87.8261505319 1.50735223293 235.888046265 11.1437034607 8388608 0.440119390388 0.0 0.440119390388 -0.845340831976 -1.24800225638 1.24800225638 -0.845340831976 
119.913756701 123.87255931 1.34808623791 237.02281189 11.0168056488 8388608 0.550255826227 0.0 0.550255826227 -0.733770189445 -1.13089248557 1.13089248557 -0.733770189445 
97.98547562 94.6802893324 2.08889436722 242.01651001 10.7030944824 10944768 0.22917489571 0.0 0.22917489571 -0.98014499561 -1.84466676258 1.84466676258 -0.98014499561 
201.093679174 99.4373952294 3.35144400597 6.48156738281 10.6507797241 11730945 0.0890299366424 0.0 0.0890299366424 3.33002232275 0.378322950821 -0.378322950821 3.33002232275 
116.316821286 124.611311825 1.69573974609 238.640258789 10.6398715973 12582912 0.347761580331 0.0 0.347761580331 -0.882479509461 -1.44802044249 1.44802044249 -0.882479509461 
133.372697168 84.9073794936 2.12473368645 55.8491821289 10.6149253845 12189952 0.221508804468 0.0 0.221508804468 1.19276857653 1.75835046596 -1.75835046596 1.19276857653 
154.302577803 47.8004694692 1.29447031021 186.078872681 10.2332410812 8388608 0.596782132592 0.0 0.596782132592 -1.28719158195 -0.13708105404 0.13708105404 -1.28719158195 
102.108009824 119.412702215 2.34233808517 245.7527771 10.2066669464 19202304 0.182263976132 0.0 0.182263976132 -0.96193889545 -2.13570158652 2.13570158652 -0.96193889545 
102.902597511 149.033175628 1.28676843643 250.039245605 9.96004867554 8388608 0.60394751851 0.0 0.60394751851 -0.439272384898 -1.2094679743 1.2094679743 -0.439272384898 
121.323436597 139.456473351 1.25855612755 235.062713623 9.92768096924 8388608 0.631327668514 0.0 0.631327668514 -0.720749271857 -1.03173834537 1.03173834537 -0.720749271857 
74.5511933682 90.6294898784 2.13387584686 256.109863281 9.8727722168 12452096 0.219614850771 0.0 0.219614850771 -0.512260227233 -2.07147666881 2.07147666881 -0.512260227233 
63.4412379986 171.229309926 1.63679790497 167.031494141 9.83561706543 10027008 0.37325864832 0.0 0.37325864832 -1.5950490303 0.36732270912 -0.36732270912 -1.5950490303 
116.175730205 142.268499693 1.31701147556 242.743545532 9.74495315552 8388608 0.576528633739 0.0 0.576528633739 -0.603157094527 -1.17077783806 1.17077783806 -0.603157094527 
127.118548863 108.497535011 1.485648036 233.249725342 9.71096420288 8388608 0.453072949567 0.0 0.453072949567 -0.888905474038 -1.19037689204 1.19037689204 -0.888905474038 
114.263413092 116.663106044 1.57927143574 237.308807373 9.64883232117 8388608 0.400946511585 0.0 0.400946511585 -0.852981809723 -1.32910507486 1.32910507486 -0.852981809723 
108.244602303 146.594694635 1.31080186367 246.971435547 9.07843399048 8388608 0.582003906401 0.0 0.582003906401 -0.512772570379 -1.20634398779 1.20634398779 -0.512772570379 
189.311221251 165.535911774 1.21981167793 235.043792725 9.04870605469 8388608 0.672069871136 0.0 0.672069871136 -0.6988913066 -0.999745703256 0.999745703256 -0.6988913066 
191.859259726 95.4288141639 1.55120611191 195.494598389 8.92163848877 8388608 0.415586073331 0.0 0.415586073331 -1.4948285233 -0.414400877842 0.414400877842 -1.4948285233 
87.544268685 141.547575415 1.370844841 256.650146484 8.88357925415 8388608 0.532136925455 0.0 0.532136925455 -0.316523167139 -1.33380233272 1.33380233272 -0.316523167139 
45.6155253167 158.165869596 1.97662317753 130.321121216 8.5990447998 23658496 0.255948290357 0.0 0.255948290357 -1.2790153021 1.50703651015 -1.50703651015 -1.2790153021 
159.931967423 165.58014006 1.41594266891 255.772415161 8.13299560547 8388608 0.498779575746 0.0 0.498779575746 -0.348002025576 -1.3725116509 1.3725116509 -0.348002025576 
53.2938422128 164.65754746 1.27558815479 138.070098877 8.08152008057 8388608 0.614580879503 0.0 0.614580879503 -0.948990289733 0.852374665648 -0.852374665648 -0.948990289733 
127.537205553 143.929052549 1.53076255322 240.470611572 7.96432495117 8388608 0.426760623319 0.0 0.426760623319 -0.754466820742 -1.33192109779 1.33192109779 -0.754466820742 
54.3120993297 173.930840322 1.40487277508 159.519744873 7.88447952271 8388608 0.506670952847 0.0 0.506670952847 -1.31607472823 0.491543308239 -0.491543308239 -1.31607472823 
102.27082283 157.47045089 1.45946550369 254.957122803 7.74098205566 8388608 0.469474849405 0.0 0.469474849405 -0.378792335216 -1.4094523487 1.4094523487 -0.378792335216 
138.394749444 136.665966098 1.19564950466 234.244171143 7.73481178284 8388608 0.699507255479 0.0 0.699507255479 -0.698656536897 -0.9702869583 0.9702869583 -0.698656536897 
119.534080471 148.640490796 1.28435981274 245.106750488 7.54663276672 8388608 0.606214868062 0.0 0.606214868062 -0.540624219833 -1.16503458382 1.16503458382 -0.540624219833 
48.0555972413 137.561728983 1.46777498722 262.663909912 7.47669792175 8388608 0.464174240016 0.0 0.464174240016 -0.187419261361 -1.45576008792 1.45576008792 -0.187419261361 
14.3081190615 108.343309405 1.33992266655 250.321670532 7.45348739624 8388608 0.556981194616 0.0 0.556981194616 -0.451204418886 -1.26166846862 1.26166846862 -0.451204418886 
144.0065158 142.550197955 1.74891579151 243.800872803 7.35173034668 14811136 0.326935591146 0.0 0.326935591146 -0.772132653391 -1.56924109409 1.56924109409 -0.772132653391 
67.9339026653 111.203081946 1.54687285423 259.800720215 7.14312362671 8388608 0.417917698567 0.0 0.417917698567 -0.273908440606 -1.52242891241 1.52242891241 -0.273908440606 
106.302559244 154.953808119 1.18095445633 256.092285156 7.1307926178 8388608 0.717024014696 0.0 0.717024014696 -0.283852733051 -1.14633374454 1.14633374454 -0.283852733051 
60.8023548276 112.746585497 1.44562911987 267.316345215 6.96886062622 8388608 0.478504718181 0.0 0.478504718181 -0.0676865060184 -1.44404365901 1.44404365901 -0.0676865060184 
127.376790505 90.0303471904 1.29561591148 70.0360412598 6.91458511353 8388608 0.595727233363 0.0 0.595727233363 0.442360809698 1.21775921435 -1.21775921435 0.442360809698 
142.398107611 133.403326455 1.30043268204 233.646987915 6.7223777771 8388608 0.591322288469 0.0 0.591322288469 -0.770842654296 -1.04734271508 1.04734271508 -0.770842654296 
213.490572415 135.077910678 1.50174975395 15.6516113281 6.71168518066 8388608 0.4434093647 0.0 0.4434093647 1.4460647776 0.405153035871 -0.405153035871 1.4460647776 
54.5305419475 135.123220789 1.96648705006 265.949523926 6.67653846741 23265280 0.258593627517 0.0 0.258593627517 -0.138903352074 -1.96157517746 1.96157517746 -0.138903352074 
151.825051811 125.947036594 1.74757456779 243.179321289 6.50674247742 14745600 0.327437614973 0.0 0.327437614973 -0.788505043623 -1.55957579687 1.55957579687 -0.788505043623 
169.729653815 158.342037743 1.53654491901 239.567001343 6.13824081421 8388608 0.423554673695 0.0 0.423554673695 -0.778306761869 -1.32484296148 1.32484296148 -0.778306761869 
65.8523883112 130.910505139 2.29669284821 265.593261719 6.03694534302 17760512 0.189580718088 0.0 0.189580718088 -0.176469348948 -2.28990318745 2.28990318745 -0.176469348948 
201.323265283 72.9084910204 3.00845551491 321.51071167 5.9536819458 20578816 0.110487414747 0.0 0.110487414747 2.35479191305 -1.87236738688 1.87236738688 2.35479191305 
201.060418459 73.0017046421 2.05119156837 324.536834717 5.54644775391 9634048 0.23767721762 0.0 0.23767721762 1.67067230582 -1.19005919883 1.19005919883 1.67067230582 
191.873275851 72.6295289218 1.18040943146 274.26864624 5.54644393921 8388608 0.717686303782 0.0 0.717686303782 0.0878614502172 -1.17713499287 1.17713499287 0.0878614502172 
141.087537785 43.5422040301 1.26935482025 196.98034668 5.48514938354 8388608 0.620631660899 0.0 0.620631660899 -1.21401728116 -0.370707028194 0.370707028194 -1.21401728116 
181.46622568 149.402460322 1.69757187366 226.854492188 5.34237670898 12648448 0.34701133256 0.0 0.34701133256 -1.1608904633 -1.23858128457 1.23858128457 -1.1608904633 
138.582287504 36.9805546213 2.01538538933 194.846511841 5.30829620361 25034752 0.246197584934 0.0 0.246197584934 -1.9481031651 -0.516403258756 0.516403258756 -1.9481031651 
163.209707673 173.087158932 1.3848785162 262.104919434 5.17294120789 8388608 0.521406743713 0.0 0.521406743713 -0.190226220653 -1.37175161367 1.37175161367 -0.190226220653 
167.549715611 171.389685654 1.29254317284 351.529174805 5.11612319946 8388608 0.598563022457 0.0 0.598563022457 1.27844281828 -0.190399091467 0.190399091467 1.27844281828 
144.851956318 28.1502822739 1.49044966698 183.039779663 4.91582870483 8388608 0.450158413264 0.0 0.450158413264 -1.48835254161 -0.0790374699954 0.0790374699954 -1.48835254161 
150.619902001 112.810261888 1.27547264099 41.2033081055 4.72909927368 8388608 0.614692204177 0.0 0.614692204177 0.959636121906 0.840195793521 -0.840195793521 0.959636121906 
155.28944214 119.414594734 1.41594564915 252.047805786 4.68388938904 8388608 0.498777476121 0.0 0.498777476121 -0.436427519084 -1.34700894649 1.34700894649 -0.436427519084 
209.984159597 91.690060817 1.52942121029 358.796081543 4.39569091797 8388608 0.427509512321 0.0 0.427509512321 1.52908358885 -0.0321343552306 0.0321343552306 1.52908358885 
204.273289932 58.1059121509 1.31444644928 306.744293213 4.34537506104 8388608 0.578780918697 0.0 0.578780918697 0.786360741252 -1.05328355757 1.05328355757 0.786360741252 
125.671220216 100.896100864 1.26458406448 206.734146118 4.33591842651 8388608 0.625323270187 0.0 0.625323270187 -1.12940439404 -0.568874828818 0.568874828818 -1.12940439404 
119.873008063 160.425279789 1.74494194984 255.789932251 4.31226730347 14614528 0.32842637957 0.0 0.32842637957 -0.428344386278 -1.69155061854 1.69155061854 -0.428344386278 
131.318878861 151.261319983 1.36028087139 248.856567383 4.23880004883 8388608 0.540434192126 0.0 0.540434192126 -0.490658646346 -1.26870727193 1.26870727193 -0.490658646346 
159.321271777 115.041519154 1.46229112148 194.044403076 4.09505081177 8388608 0.467662248891 0.0 0.467662248891 -1.41858024263 -0.354859717623 0.354859717623 -1.41858024263 
192.097506935 151.128990799 1.28896915913 230.179260254 4.03609085083 8388608 0.601886978329 0.0 0.601886978329 -0.825440070456 -0.989995042041 0.989995042041 -0.825440070456 
208.258442649 50.9572887756 1.67090201378 307.038848877 3.99935531616 11468800 0.35817728085 0.0 0.35817728085 1.00647850881 -1.33375955515 1.33375955515 1.00647850881 
210.122717178 83.068804014 1.34668266773 348.866607666 3.91965484619 8388608 0.551403424185 0.0 0.551403424185 1.32133849633 -0.260036123829 0.260036123829 1.32133849633 
204.065630735 26.4190014566 2.15991210938 0.992797851562 3.67390060425 13369600 0.214352148743 0.0 0.214352148743 2.15958786563 0.0374242015043 -0.0374242015043 2.15958786563 
221.581109162 45.6635586896 2.18194723129 292.144012451 3.59976196289 14090496 0.21004459641 0.0 0.21004459641 0.822454191726 -2.02100539897 2.02100539897 0.822454191726 
225.840551885 46.5209802555 1.70701873302 337.752685547 3.56873703003 13041664 0.343181150391 0.0 0.343181150391 1.57994527276 -0.646286229146 0.646286229146 1.57994527276 
199.453526292 13.9210169523 1.27339446545 347.381866455 3.56672668457 8388608 0.616700192634 0.0 0.616700192634 1.24263902578 -0.278175693099 0.278175693099 1.24263902578 
207.827599638 185.557899119 1.43329644203 11.4920043945 3.55045318604 8388608 0.486774651379 0.0 0.486774651379 1.40456245569 0.28555734765 -0.28555734765 1.40456245569 
233.149620581 75.9451627535 1.67484915257 1.10729980469 3.55033111572 11665408 0.356491028086 0.0 0.356491028086 1.67453638813 0.0323661657544 -0.0323661657544 1.67453638813 
225.090149059 174.02584565 1.72225880623 20.4961853027 3.54943084717 13697024 0.337134480136 0.0 0.337134480136 1.6132320799 0.603040340294 -0.603040340294 1.6132320799 
224.570386486 58.9850475851 1.60904037952 0.727508544922 3.54541015625 8781824 0.386247884632 0.0 0.386247884632 1.60891067293 0.0204301116206 -0.0204301116206 1.60891067293 
236.671369932 108.330358679 1.25886702538 309.575836182 3.54336166382 8388608 0.631015873607 0.0 0.631015873607 0.80202289557 -0.970312043911 0.970312043911 0.80202289557 
16.6758287151 137.049262463 1.60125553608 93.7012329102 3.53987503052 8388608 0.390012666125 0.0 0.390012666125 -0.103367100366 1.59791568438 -1.59791568438 -0.103367100366 
166.874758101 99.9117352025 1.45519125462 224.00819397 3.40461349487 8388608 0.472236822372 0.0 0.472236822372 -1.04663241088 -1.01101047671 1.01101047671 -1.04663241088 
107.473238573 161.952386014 1.34776818752 272.687072754 3.01695823669 8388608 0.550515558914 0.0 0.550515558914 0.0631848241434 -1.34628628653 1.34628628653 0.0631848241434 
