13
95
40.9606204759 146.834073965 2.12463831902 132.062306892 112.614303589 12124416 0.221528690394 0.0 0.221528690394 -1.42337669218 1.57736703997 -1.57736703997 -1.42337669218 
38.7357042745 139.716099752 1.44318151474 132.746686117 96.2760696411 8388608 0.480129162161 0.0 0.480129162161 -0.979571391884 1.05981732987 -1.05981732987 -0.979571391884 
149.80684462 176.168259617 2.62670993805 141.949643659 85.7378540039 10813952 0.144935831211 0.0 0.144935831211 -2.06845357896 1.61898267142 -1.61898267142 -2.06845357896 
147.408696797 165.736778466 1.25824570656 130.407172612 76.8720169067 8388608 0.631639215827 0.0 0.631639215827 -0.815614029686 0.95810021013 -0.95810021013 -0.815614029686 
80.3837583666 154.626001278 3.4404964447 127.322993906 46.9825515747 13565953 0.0844807524192 0.0 0.0844807524192 -2.08599910909 2.73598675123 -2.73598675123 -2.08599910909 
72.4388620609 171.958748634 2.62070536613 128.920580992 43.850479126 10617344 0.145600747325 0.0 0.145600747325 -1.64643866602 2.03895471629 -2.03895471629 -1.64643866602 
37.3506855835 130.666413199 1.43457365036 135.795994715 42.9425201416 8388608 0.485908281247 0.0 0.485908281247 -1.02839115007 1.00020657905 -1.00020657905 -1.02839115007 
190.831653204 60.3065666214 1.95011079311 129.099499006 40.8788261414 22675456 0.262954996902 0.0 0.262954996902 -1.22987446604 1.51338722844 -1.51338722844 -1.22987446604 
124.509273424 156.801096312 4.79755306244 119.164132674 32.4386672974 20906241 0.0434470632583 0.0 0.0434470632583 -2.33791051191 4.18935434467 -4.18935434467 -2.33791051191 
88.253390909 149.306753974 1.17044758797 125.672480235 29.7298240662 8388608 0.729954950093 0.0 0.729954950093 -0.682547788834 0.950829149814 -0.950829149814 -0.682547788834 
135.85854134 164.467348687 1.35910463333 121.91384954 27.6183815002 8388608 0.541370035217 0.0 0.541370035217 -0.718481874776 1.15366771644 -1.15366771644 -0.718481874776 
142.529208708 158.421636228 1.61434912682 121.438320718 23.3310604095 8978432 0.383711728257 0.0 0.383711728257 -0.842012846209 1.37736613508 -1.37736613508 -0.842012846209 
131.867140033 123.035989845 1.20545756817 123.881260316 19.3866691589 8388608 0.688170646587 0.0 0.688170646587 -0.672010779463 1.00076443829 -1.00076443829 -0.672010779463 
163.001076177 175.842228114 2.30638647079 136.109990685 18.5141639709 18088192 0.187990471158 0.0 0.187990471158 -1.66214817245 1.59896279052 -1.59896279052 -1.66214817245 
192.762680437 120.79015204 2.84185695648 126.629029917 17.4738407135 16515584 0.123821360549 0.0 0.123821360549 -1.69554154939 2.28063364339 -2.28063364339 -1.69554154939 
157.60102373 88.9086746441 1.67123866081 125.727628851 16.2636871338 11534336 0.358032996042 0.0 0.358032996042 -0.97589097355 1.35671495501 -1.35671495501 -0.97589097355 
131.343097701 59.2655475385 1.80657529831 124.321131594 15.4457359314 17170432 0.306399367557 0.0 0.306399367557 -1.01860259478 1.49203319748 -1.49203319748 -1.01860259478 
134.507457794 69.4761741626 1.65558254719 110.900476417 15.1769638062 10813440 0.364836533805 0.0 0.364836533805 -0.590622066068 1.54664771219 -1.54664771219 -0.590622066068 
76.0347658086 161.161858163 1.46031785011 125.157047402 14.9304246902 8388608 0.468926970835 0.0 0.468926970835 -0.840879596408 1.19392199398 -1.19392199398 -0.840879596408 
177.763474601 39.7315384973 1.51172530651 125.738450931 14.5560789108 8388608 0.437576745042 0.0 0.437576745042 -0.882977686219 1.22705493275 -1.22705493275 -0.882977686219 
153.323315661 149.559195476 1.36786544323 120.439482394 14.2798347473 8388608 0.534457583879 0.0 0.534457583879 -0.692998934004 1.17932537845 -1.17932537845 -0.692998934004 
63.0378430985 165.497632557 1.4830057621 122.810099066 13.8416976929 8388608 0.454688869528 0.0 0.454688869528 -0.803576106742 1.24642349589 -1.24642349589 -0.803576106742 
218.409703395 80.4364150021 1.54632842541 129.177670432 13.7653579712 8388608 0.418212029955 0.0 0.418212029955 -0.976857788053 1.19869948742 -1.19869948742 -0.976857788053 
105.246482144 130.380937728 1.80199372768 112.867282646 13.5332317352 16973824 0.307959389537 0.0 0.307959389537 -0.700250917711 1.6603704547 -1.6603704547 -0.700250917711 
158.468307698 178.594762517 1.35438644886 144.916810157 13.417889595 8388608 0.545148473473 0.0 0.545148473473 -1.10831933081 0.778454182217 -0.778454182217 -1.10831933081 
140.107537354 63.2876532521 1.57508111 111.676493735 13.1089191437 8388608 0.403082695341 0.0 0.403082695341 -0.581780682602 1.46369796763 -1.46369796763 -0.581780682602 
119.759342029 81.8786022662 1.67727172375 117.717976429 12.9503250122 11796480 0.355461974547 0.0 0.355461974547 -0.780132310838 1.4848010011 -1.4848010011 -0.780132310838 
181.477205004 171.759203607 1.12683081627 122.098004714 12.5882740021 8388608 0.787558039335 0.0 0.787558039335 -0.598763052756 0.954583938241 -0.954583938241 -0.598763052756 
216.810628037 75.328106119 1.46635961533 128.384699365 12.5306358337 8388608 0.465070740758 0.0 0.465070740758 -0.910519104172 1.14941962851 -1.14941962851 -0.910519104172 
80.7573331395 145.319281767 1.41147184372 118.102492373 12.4818944931 8388608 0.501944340227 0.0 0.501944340227 -0.664874169649 1.24506831304 -1.24506831304 -0.664874169649 
128.232763474 75.9097691565 1.75734424591 111.423880343 11.8902664185 15138816 0.323807059318 0.0 0.323807059318 -0.641896008497 1.6359181865 -1.6359181865 -0.641896008497 
34.770044758 100.194486167 2.01694917679 120.935012097 11.8769760132 8388864 0.245815967538 0.0 0.245815967538 -1.0368439857 1.73004003742 -1.73004003742 -1.0368439857 
40.4920674737 108.22551725 1.82300519943 121.40890844 11.4479255676 17825792 0.300901384053 0.0 0.300901384053 -0.950045189982 1.55587984567 -1.55587984567 -0.950045189982 
42.014348085 99.315950127 1.49550533295 123.367635593 11.3150177002 8388608 0.44711997043 0.0 0.44711997043 -0.822541505672 1.24898425623 -1.24898425623 -0.822541505672 
98.1465748954 133.788168368 1.94322311878 114.262352659 11.2513751984 22413312 0.264822366774 0.0 0.264822366774 -0.79850033238 1.77158497074 -1.77158497074 -0.79850033238 
109.956488051 87.8261505319 1.50735223293 120.263347466 11.1437034607 8388608 0.440119390388 0.0 0.440119390388 -0.759668143202 1.30192744281 -1.30192744281 -0.759668143202 
119.913756701 123.87255931 1.34808623791 117.035370574 11.0168056488 8388608 0.550255826227 0.0 0.550255826227 -0.612759739916 1.20077558518 -1.20077558518 -0.612759739916 
97.98547562 94.6802893324 2.08889436722 121.176217621 10.7030944824 10944768 0.22917489571 0.0 0.22917489571 -1.08136195664 1.78721459152 -1.78721459152 -1.08136195664 
116.316821286 124.611311825 1.69573974609 113.871356969 10.6398715973 12582912 0.347761580331 0.0 0.347761580331 -0.686239568766 1.55068002526 -1.55068002526 -0.686239568766 
133.372697168 84.9073794936 2.12473368645 124.788097061 10.6149253845 12189952 0.221508804468 0.0 0.221508804468 -1.21225185802 1.74497526374 -1.74497526374 -1.21225185802 
154.302577803 47.8004694692 1.29447031021 131.724381989 10.2332410812 8388608 0.596782132592 0.0 0.596782132592 -0.861532156172 0.966134425378 -0.966134425378 -0.861532156172 
102.108009824 119.412702215 2.34233808517 121.449011191 10.2066669464 19202304 0.182263976132 0.0 0.182263976132 -1.2220904751 1.99825988699 -1.99825988699 -1.2220904751 
102.902597511 149.033175628 1.28676843643 125.446702259 9.96004867554 8388608 0.60394751851 0.0 0.60394751851 -0.746255431944 1.04827278859 -1.04827278859 -0.746255431944 
121.323436597 139.456473351 1.25855612755 124.322381734 9.92768096924 8388608 0.631327668514 0.0 0.631327668514 -0.709635247463 1.03941394148 -1.03941394148 -0.709635247463 
74.5511933682 90.6294898784 2.13387584686 124.634299428 9.8727722168 12452096 0.219614850771 0.0 0.219614850771 -1.21275932528 1.75574512637 -1.75574512637 -1.21275932528 
63.4412379986 171.229309926 1.63679790497 128.63664916 9.83561706543 10027008 0.37325864832 0.0 0.37325864832 -1.02198284055 1.27853762374 -1.27853762374 -1.02198284055 
116.175730205 142.268499693 1.31701147556 124.372931106 9.74495315552 8388608 0.576528633739 0.0 0.576528633739 -0.743554549407 1.08703535307 -1.08703535307 -0.743554549407 
127.118548863 108.497535011 1.485648036 123.120274298 9.71096420288 8388608 0.453072949567 0.0 0.453072949567 -0.81175564493 1.2442680016 -1.2442680016 -0.81175564493 
114.263413092 116.663106044 1.57927143574 122.752373769 9.64883232117 8388608 0.400946511585 0.0 0.400946511585 -0.854400557986 1.32819349278 -1.32819349278 -0.854400557986 
108.244602303 146.594694635 1.31080186367 124.925965615 9.07843399048 8388608 0.582003906401 0.0 0.582003906401 -0.750457000211 1.07471662155 -1.07471662155 -0.750457000211 
189.311221251 165.535911774 1.21981167793 122.837740041 9.04870605469 8388608 0.672069871136 0.0 0.672069871136 -0.661457232036 1.02489748746 -1.02489748746 -0.661457232036 
191.859259726 95.4288141639 1.55120611191 125.537703446 8.92163848877 8388608 0.415586073331 0.0 0.415586073331 -0.901620803739 1.26226793031 -1.26226793031 -0.901620803739 
87.544268685 141.547575415 1.370844841 117.133163338 8.88357925415 8388608 0.532136925455 0.0 0.532136925455 -0.625187627688 1.21998197048 -1.21998197048 -0.625187627688 
45.6155253167 158.165869596 1.97662317753 136.035911381 8.5990447998 23658496 0.255948290357 0.0 0.255948290357 -1.42272404904 1.37218638174 -1.37218638174 -1.42272404904 
159.931967423 165.58014006 1.41594266891 123.368844145 8.13299560547 8388608 0.498779575746 0.0 0.498779575746 -0.778806261697 1.1825203797 -1.1825203797 -0.778806261697 
53.2938422128 164.65754746 1.27558815479 126.512218709 8.08152008057 8388608 0.614580879503 0.0 0.614580879503 -0.758967555073 1.02522845795 -1.02522845795 -0.758967555073 
127.537205553 143.929052549 1.53076255322 118.999968642 7.96432495117 8388608 0.426760623319 0.0 0.426760623319 -0.742127679371 1.33883550216 -1.33883550216 -0.742127679371 
54.3120993297 173.930840322 1.40487277508 124.8172579 7.88447952271 8388608 0.506670952847 0.0 0.506670952847 -0.802127392897 1.15336861398 -1.15336861398 -0.802127392897 
102.27082283 157.47045089 1.45946550369 122.242259341 7.74098205566 8388608 0.469474849405 0.0 0.469474849405 -0.778625215804 1.23441578481 -1.23441578481 -0.778625215804 
138.394749444 136.665966098 1.19564950466 120.025875105 7.73481178284 8388608 0.699507255479 0.0 0.699507255479 -0.598292312349 1.03519275837 -1.03519275837 -0.598292312349 
119.534080471 148.640490796 1.28435981274 120.965905154 7.54663276672 8388608 0.606214868062 0.0 0.606214868062 -0.660838972071 1.10130467245 -1.10130467245 -0.660838972071 
48.0555972413 137.561728983 1.46777498722 126.848772522 7.47669792175 8388608 0.464174240016 0.0 0.464174240016 -0.880231994093 1.17454461375 -1.17454461375 -0.880231994093 
144.0065158 142.550197955 1.74891579151 121.937056888 7.35173034668 14811136 0.326935591146 0.0 0.326935591146 -0.925154258356 1.48418194439 -1.48418194439 -0.925154258356 
67.9339026653 111.203081946 1.54687285423 122.735016487 7.14312362671 8388608 0.417917698567 0.0 0.417917698567 -0.83647847446 1.30119921185 -1.30119921185 -0.83647847446 
106.302559244 154.953808119 1.18095445633 121.010207157 7.1307926178 8388608 0.717024014696 0.0 0.717024014696 -0.608416835454 1.0121671711 -1.0121671711 -0.608416835454 
60.8023548276 112.746585497 1.44562911987 121.463974701 6.96886062622 8388608 0.478504718181 0.0 0.478504718181 -0.754563980406 1.23307613378 -1.23307613378 -0.754563980406 
127.376790505 90.0303471904 1.29561591148 125.340878357 6.91458511353 8388608 0.595727233363 0.0 0.595727233363 -0.749435757346 1.05686642283 -1.05686642283 -0.749435757346 
142.398107611 133.403326455 1.30043268204 120.325586843 6.7223777771 8388608 0.591322288469 0.0 0.591322288469 -0.65660555414 1.12249468007 -1.12249468007 -0.65660555414 
213.490572415 135.077910678 1.50174975395 126.513107521 6.71168518066 8388608 0.4434093647 0.0 0.4434093647 -0.893551118819 1.20698745708 -1.20698745708 -0.893551118819 
54.5305419475 135.123220789 1.96648705006 124.588479091 6.67653846741 23265280 0.258593627517 0.0 0.258593627517 -1.11633186651 1.61891151143 -1.61891151143 -1.11633186651 
151.825051811 125.947036594 1.74757456779 121.024460134 6.50674247742 14745600 0.327437614973 0.0 0.327437614973 -0.900706854643 1.49757939088 -1.49757939088 -0.900706854643 
169.729653815 158.342037743 1.53654491901 124.876565305 6.13824081421 8388608 0.423554673695 0.0 0.423554673695 -0.878612323522 1.26055966662 -1.26055966662 -0.878612323522 
65.8523883112 130.910505139 2.29669284821 124.822573315 6.03694534302 17760512 0.189580718088 0.0 0.189580718088 -1.31149668274 1.88541096054 -1.88541096054 -1.31149668274 
201.060418459 73.0017046421 2.05119156837 123.377498994 5.54644775391 9634048 0.23767721762 0.0 0.23767721762 -1.12846886467 1.71287619858 -1.71287619858 -1.12846886467 
191.873275851 72.6295289218 1.18040943146 124.618716762 5.54644393921 8388608 0.717686303782 0.0 0.717686303782 -0.670605480602 0.971418918521 -0.971418918521 -0.670605480602 
141.087537785 43.5422040301 1.26935482025 125.191314153 5.48514938354 8388608 0.620631660899 0.0 0.620631660899 -0.731539887558 1.03735772644 -1.03735772644 -0.731539887558 
181.46622568 149.402460322 1.69757187366 126.317392831 5.34237670898 12648448 0.34701133256 0.0 0.34701133256 -1.00540018469 1.3678160457 -1.3678160457 -1.00540018469 
138.582287504 36.9805546213 2.01538538933 124.945519842 5.30829620361 25034752 0.246197584934 0.0 0.246197584934 -1.15440726873 1.65200548589 -1.65200548589 -1.15440726873 
163.209707673 173.087158932 1.3848785162 125.127613209 5.17294120789 8388608 0.521406743713 0.0 0.521406743713 -0.796858385674 1.13265405919 -1.13265405919 -0.796858385674 
167.549715611 171.389685654 1.29254317284 125.655298482 5.11612319946 8388608 0.598563022457 0.0 0.598563022457 -0.753433051951 1.05024115796 -1.05024115796 -0.753433051951 
144.851956318 28.1502822739 1.49044966698 125.02975382 4.91582870483 8388608 0.450158413264 0.0 0.450158413264 -0.855520711748 1.22046078248 -1.22046078248 -0.855520711748 
150.619902001 112.810261888 1.27547264099 125.615443345 4.72909927368 8388608 0.614692204177 0.0 0.614692204177 -0.742761428914 1.0368876109 -1.0368876109 -0.742761428914 
155.28944214 119.414594734 1.41594564915 123.507673975 4.68388938904 8388608 0.498777476121 0.0 0.498777476121 -0.78167090929 1.18063231825 -1.18063231825 -0.78167090929 
209.984159597 91.690060817 1.52942121029 125.073020907 4.39569091797 8388608 0.427509512321 0.0 0.427509512321 -0.878835928495 1.25170949076 -1.25170949076 -0.878835928495 
204.273289932 58.1059121509 1.31444644928 136.003033928 4.34537506104 8388608 0.578780918697 0.0 0.578780918697 -0.945581995094 0.913041159302 -0.913041159302 -0.945581995094 
125.671220216 100.896100864 1.26458406448 124.93681363 4.33591842651 8388608 0.625323270187 0.0 0.625323270187 -0.724192793992 1.03668589904 -1.03668589904 -0.724192793992 
119.873008063 160.425279789 1.74494194984 123.425703083 4.31226730347 14614528 0.32842637957 0.0 0.32842637957 -0.961210347283 1.45633000264 -1.45633000264 -0.961210347283 
131.318878861 151.261319983 1.36028087139 122.195820958 4.23880004883 8388608 0.540434192126 0.0 0.540434192126 -0.72477744714 1.15111324429 -1.15111324429 -0.72477744714 
159.321271777 115.041519154 1.46229112148 123.706658525 4.09505081177 8388608 0.467662248891 0.0 0.467662248891 -0.811485454797 1.21646482918 -1.21646482918 -0.811485454797 
192.097506935 151.128990799 1.28896915913 122.91213311 4.03609085083 8388608 0.601886978329 0.0 0.601886978329 -0.700364277268 1.08209582399 -1.08209582399 -0.700364277268 
208.258442649 50.9572887756 1.67090201378 129.71652533 3.99935531616 11468800 0.35817728085 0.0 0.35817728085 -1.06768918028 1.28528337496 -1.28528337496 -1.06768918028 
210.122717178 83.068804014 1.34668266773 124.183513862 3.91965484619 8388608 0.551403424185 0.0 0.551403424185 -0.756627425208 1.1140328303 -1.1140328303 -0.756627425208 
207.827599638 185.557899119 1.43329644203 124.952338339 3.55045318604 8388608 0.486774651379 0.0 0.486774651379 -0.821128112841 1.17477117476 -1.17477117476 -0.821128112841 
166.874758101 99.9117352025 1.45519125462 124.184651529 3.40461349487 8388608 0.472236822372 0.0 0.472236822372 -0.817616375087 1.20377948591 -1.20377948591 -0.817616375087 
107.473238573 161.952386014 1.34776818752 123.149110776 3.01695823669 8388608 0.550515558914 0.0 0.550515558914 -0.736986339515 1.12841934699 -1.12841934699 -0.736986339515 
