13
82
34.3796660331 56.7573140149 1.82952177525 125.639707287 43.1270446777 18022400 0.298761639627 0.0 0.298761639627 -1.06603732477 1.48684711665 -1.48684711665 -1.06603732477 
265.565568418 52.5022873574 1.88393557072 149.153118176 42.0989570618 20185088 0.281752583995 0.0 0.281752583995 -1.61743523997 0.965979543831 -0.965979543831 -1.61743523997 
31.9355167208 50.4264399601 1.70171999931 128.144768827 38.2550506592 12845056 0.345321639536 0.0 0.345321639536 -1.0510683258 1.3383222073 -1.3383222073 -1.0510683258 
87.4391761049 129.441750589 3.3237092495 146.117003353 37.9789962769 11075585 0.0905219599617 0.0 0.0905219599617 -2.75926952454 1.85296380595 -1.85296380595 -2.75926952454 
254.158763885 53.4558277358 1.49929559231 123.705849246 22.6481494904 8388608 0.444862165448 0.0 0.444862165448 -0.832003139883 1.24726021677 -1.24726021677 -0.832003139883 
246.957845151 58.7296078718 1.4660936594 115.881482207 21.6852741241 8388608 0.465239487873 0.0 0.465239487873 -0.639966055799 1.31904285964 -1.31904285964 -0.639966055799 
253.068366427 42.4913936938 2.4181189537 126.786546893 19.9291801453 21496064 0.17101912406 0.0 0.17101912406 -1.44805564069 1.93660376322 -1.93660376322 -1.44805564069 
262.46230844 43.1237667922 1.92650330067 140.438440086 18.3628997803 21757952 0.269439016861 0.0 0.269439016861 -1.48521984355 1.22700325338 -1.22700325338 -1.48521984355 
45.9338954861 103.59245047 1.30107998848 140.244877333 17.2362785339 8388608 0.590734051751 0.0 0.590734051751 -1.00025033452 0.832050722447 -0.832050722447 -1.00025033452 
216.226925627 75.1729599161 1.90909123421 117.716495737 17.2146720886 21102592 0.274376323782 0.0 0.274376323782 -0.887912482896 1.69004164542 -1.69004164542 -0.887912482896 
186.420457181 87.977180836 2.01484036446 123.518037888 16.8702697754 25034752 0.246330798422 0.0 0.246330798422 -1.11259380625 1.67979662952 -1.67979662952 -1.11259380625 
225.738090859 59.6598694381 1.75585234165 120.277272725 16.7915840149 15073280 0.324357554771 0.0 0.324357554771 -0.885274596657 1.51634637672 -1.51634637672 -0.885274596657 
208.617843313 79.7810865108 2.00568389893 118.998536037 16.6923847198 24707072 0.248585059904 0.0 0.248585059904 -0.972330027265 1.75423550884 -1.75423550884 -0.972330027265 
194.171424805 85.4696199843 2.002368927 121.512643714 16.0490684509 24576000 0.249408818806 0.0 0.249408818806 -1.04661162242 1.70706925215 -1.70706925215 -1.04661162242 
210.261237468 67.6648997226 1.73798143864 120.759829576 15.9287109375 14352384 0.331062303202 0.0 0.331062303202 -0.888874125514 1.49347991953 -1.49347991953 -0.888874125514 
47.9741403367 62.3068524152 1.51565289497 150.473886546 15.8492889404 8388608 0.435311853647 0.0 0.435311853647 -1.31881683554 0.746944343533 -0.746944343533 -1.31881683554 
197.612184206 75.3329713974 1.29236721992 121.421144372 15.1371307373 8388608 0.59872601959 0.0 0.59872601959 -0.673742810811 1.10285250873 -1.10285250873 -0.673742810811 
201.936372449 68.5073408179 3.02692008018 121.462762031 15.1245536804 21037568 0.109143553927 0.0 0.109143553927 -1.57988368879 2.58190098603 -2.58190098603 -1.57988368879 
169.896533395 83.1896123047 1.57034659386 127.55505396 11.5984802246 8388608 0.405516907512 0.0 0.405516907512 -0.957163088595 1.24492057846 -1.24492057846 -0.957163088595 
119.216867543 89.8461350504 1.86933028698 146.495780888 9.35723114014 19595264 0.286172511532 0.0 0.286172511532 -1.55873204328 1.03186730691 -1.03186730691 -1.55873204328 
98.6583493923 83.4954330363 2.01436805725 150.817247051 9.16764831543 25034752 0.246446325919 0.0 0.246446325919 -1.75868208817 0.982199563642 -0.982199563642 -1.75868208817 
199.524995719 93.9566276924 1.40847921371 123.975544319 8.51118087769 8388608 0.5040795929 0.0 0.5040795929 -0.787113104954 1.16801825991 -1.16801825991 -0.787113104954 
191.424242611 96.0367846774 1.11576890945 125.267670724 8.30399131775 8388608 0.803251395017 0.0 0.803251395017 -0.644241648792 0.910984608688 -0.910984608688 -0.644241648792 
85.1280752827 76.3115736965 1.65619266033 152.725562808 7.0147819519 10878976 0.364567784195 0.0 0.364567784195 -1.47206009691 0.758955334137 -0.758955334137 -1.47206009691 
43.1969097356 111.729307158 1.37262785435 131.477590632 6.80363082886 8388608 0.530755355066 0.0 0.530755355066 -0.909128582277 1.02839313855 -1.02839313855 -0.909128582277 
103.322437154 93.0851085615 1.44050598145 135.077803353 6.3106880188 8388608 0.481914360636 0.0 0.481914360636 -1.01997377887 1.01720743853 -1.01720743853 -1.01997377887 
67.8926734388 66.5550888387 1.49252653122 149.450029002 5.95142364502 8388608 0.448906485852 0.0 0.448906485852 -1.28534322037 0.758635783656 -0.758635783656 -1.28534322037 
223.697402287 102.669420574 3.1207883358 120.085976734 5.81021118164 23265792 0.102676574622 0.0 0.102676574622 -1.56444799225 2.70033744492 -2.70033744492 -1.56444799225 
203.896395695 111.952372728 3.50197148323 117.705472026 5.70969390869 14876673 0.0815407664731 0.0 0.0815407664731 -1.62815970555 3.10046774577 -3.10046774577 -1.62815970555 
78.8769245472 71.6075699382 1.29030251503 147.831044007 5.54333496094 8388608 0.600643680897 0.0 0.600643680897 -1.09221755031 0.686979914611 -0.686979914611 -1.09221755031 
231.033895748 126.976728781 1.38142859936 125.443245636 5.3017539978 8388608 0.524014270499 0.0 0.524014270499 -0.801085262214 1.12543652766 -1.12543652766 -0.801085262214 
72.2812671761 96.1686942449 1.85759329796 126.557835463 5.16753005981 19136512 0.289800232128 0.0 0.289800232128 -1.10644556328 1.49212300971 -1.49212300971 -1.10644556328 
239.599749794 72.0327274593 1.46068680286 119.487340602 5.16652297974 8388608 0.468690109593 0.0 0.468690109593 -0.718995682918 1.27147597068 -1.27147597068 -0.718995682918 
115.555813533 117.414404037 1.64370012283 125.038554946 4.90111160278 10289152 0.37013045814 0.0 0.37013045814 -0.943693479525 1.34580559908 -1.34580559908 -0.943693479525 
132.27195782 125.461049676 1.54972410202 126.608988679 4.75120925903 8388608 0.416381307998 0.0 0.416381307998 -0.924179231701 1.244000619 -1.244000619 -0.924179231701 
72.0442453994 59.6227702952 1.69715332985 137.262325408 4.66156387329 12648448 0.347182510207 0.0 0.347182510207 -1.24650568649 1.15176082524 -1.15176082524 -1.24650568649 
203.732437417 156.284341104 1.61238920689 126.09834166 4.57730102539 8912896 0.384645127376 0.0 0.384645127376 -0.949976139531 1.30282166424 -1.30282166424 -0.949976139531 
90.9912268673 155.303693363 1.20194959641 125.664711967 4.46319198608 8388608 0.692193454261 0.0 0.692193454261 -0.700785828128 0.976515261219 -0.976515261219 -0.700785828128 
246.40209425 143.930889951 1.55605995655 125.062580288 4.16987991333 8388608 0.412997427439 0.0 0.412997427439 -0.893911005254 1.2736740961 -1.2736740961 -0.893911005254 
271.560962107 40.504719034 1.42929911613 124.956449393 4.15810394287 8388608 0.489501187493 0.0 0.489501187493 -0.818922119842 1.17143609515 -1.17143609515 -0.818922119842 
87.242815285 69.4873291035 1.23066103458 134.835343131 4.12074661255 8388608 0.660272333187 0.0 0.660272333187 -0.867704363059 0.872705975901 -0.872705975901 -0.867704363059 
211.796797725 99.161836411 1.56149661541 121.933352357 4.10879325867 8388608 0.410126569664 0.0 0.410126569664 -0.825926212894 1.32518586273 -1.32518586273 -0.825926212894 
121.973604052 76.0877639289 1.27888166904 124.994216406 3.93843841553 8388608 0.611419485366 0.0 0.611419485366 -0.733430639028 1.04767257345 -1.04767257345 -0.733430639028 
49.4992286549 136.112323521 1.62122178078 124.780935243 3.87339401245 9306112 0.380465376217 0.0 0.380465376217 -0.92481024648 1.33157278076 -1.33157278076 -0.92481024648 
83.116091534 101.665363855 1.48169875145 125.103617926 3.86916160583 8388608 0.455491387994 0.0 0.455491387994 -0.852061109605 1.21219761407 -1.21219761407 -0.852061109605 
229.31049699 109.837421145 1.46147549152 124.878888183 3.8024520874 8388608 0.468184386664 0.0 0.468184386664 -0.835735454124 1.19893989134 -1.19893989134 -0.835735454124 
49.6219066297 71.8050439431 1.21064424515 124.034635225 3.79575538635 8388608 0.682286716646 0.0 0.682286716646 -0.677590263751 1.00326014711 -1.00326014711 -0.677590263751 
66.8105547686 89.2861430983 1.51000130177 125.985234363 3.76755332947 8388608 0.438576499193 0.0 0.438576499193 -0.88724164505 1.22184540537 -1.22184540537 -0.88724164505 
215.066940755 157.057890119 1.30642282963 125.119437528 3.75032806396 8388608 0.585912114749 0.0 0.585912114749 -0.751562551151 1.06859456366 -1.06859456366 -0.751562551151 
79.0276194622 157.099790731 1.34087049961 125.160232155 3.71199798584 8388608 0.556194036421 0.0 0.556194036421 -0.772160408458 1.09622169306 -1.09622169306 -0.772160408458 
243.675102931 127.513951638 1.43392837048 124.870203159 3.69150161743 8388608 0.486345705312 0.0 0.486345705312 -0.819804486466 1.17646554375 -1.17646554375 -0.819804486466 
65.3574173268 45.0539377471 1.93293368816 124.943163198 3.68352508545 22020096 0.267649286218 0.0 0.267649286218 -1.10711398855 1.58446560682 -1.58446560682 -1.10711398855 
252.202593278 138.629447217 1.28782570362 124.809147823 3.67987442017 8388608 0.602956279114 0.0 0.602956279114 -0.735148432086 1.05737969798 -1.05737969798 -0.735148432086 
83.775655094 52.3804200456 1.95071923733 124.930940812 3.62111282349 22675456 0.262790987145 0.0 0.262790987145 -1.11695976805 1.59928309546 -1.59928309546 -1.11695976805 
97.0397136706 61.3299278034 1.90953028202 124.91576917 3.61497497559 21168128 0.274250166603 0.0 0.274250166603 -1.09296085924 1.56580409315 -1.56580409315 -1.09296085924 
199.395780984 123.363193197 1.94701480865 121.126995294 3.60152626038 22544384 0.26379192104 0.0 0.26379192104 -1.00648342473 1.66669066742 -1.66669066742 -1.00648342473 
262.565601055 108.708145554 1.28872597218 124.965924419 3.59024047852 8388608 0.60211415598 0.0 0.60211415598 -0.738554884552 1.05610194293 -1.05610194293 -0.738554884552 
270.884778235 93.6473997625 1.28064227104 124.974058077 3.57692718506 8388608 0.609739505813 0.0 0.609739505813 -0.734071178554 1.04937320873 -1.04937320873 -0.734071178554 
100.893365074 63.1943859344 1.86056756973 124.917546188 3.5704574585 19267584 0.288874433227 0.0 0.288874433227 -1.06498331177 1.52562191489 -1.52562191489 -1.06498331177 
257.834675584 150.246887262 1.74503684044 124.945351596 3.56042480469 14614528 0.328390662585 0.0 0.328390662585 -0.999548155038 1.43040450931 -1.43040450931 -0.999548155038 
49.4819277265 32.4943737216 1.60090482235 124.89606631 3.55191421509 8388608 0.390183566702 0.0 0.390183566702 -0.915860941631 1.31304797544 -1.31304797544 -0.915860941631 
55.222744402 33.402156023 1.26179242134 124.950976722 3.55157470703 8388608 0.628093314606 0.0 0.628093314606 -0.722849769419 1.03421870289 -1.03421870289 -0.722849769419 
261.43038278 139.704973384 1.72301113605 124.956697048 3.55113220215 13697024 0.336840133865 0.0 0.336840133865 -0.987211592328 1.41215461156 -1.41215461156 -0.987211592328 
95.1286147111 57.0082336298 1.2897734642 124.951272543 3.54843902588 8388608 0.601136536763 0.0 0.601136536763 -0.738884877127 1.05714934012 -1.05714934012 -0.738884877127 
261.244113196 134.137366834 1.33023869991 124.951272543 3.54145431519 8388608 0.565120215598 0.0 0.565120215598 -0.76206658426 1.09031624766 -1.09031624766 -0.76206658426 
93.6954063394 104.061882828 2.22679972649 125.541287654 3.41571426392 15532288 0.201668320465 0.0 0.201668320465 -1.2944152128 1.8119399214 -1.8119399214 -1.2944152128 
181.001328511 111.911239122 1.74539399147 122.348106788 3.306848526 14614528 0.328256282537 0.0 0.328256282537 -0.933893757694 1.47453132717 -1.47453132717 -0.933893757694 
242.628349773 79.8733798509 1.81940329075 123.392272744 3.28988265991 17629184 0.302093964217 0.0 0.302093964217 -1.00134160948 1.5190600105 -1.5190600105 -1.00134160948 
87.0603330333 107.022617368 1.29727447033 125.823405812 3.1715927124 8388608 0.594204938602 0.0 0.594204938602 -0.759280415995 1.05186230147 -1.05186230147 -0.759280415995 
123.624870339 123.410035937 1.44417572021 125.688812472 3.0858631134 8388608 0.479468324665 0.0 0.479468324665 -0.842507034824 1.17295584194 -1.17295584194 -0.842507034824 
163.360677513 127.106269043 1.74152934551 125.920360529 3.02997016907 14483456 0.329714772909 0.0 0.329714772909 -1.02168591008 1.41034831244 -1.41034831244 -1.02168591008 
172.044050371 115.086993279 1.72013998032 123.535204963 2.84920310974 13565952 0.337965539501 0.0 0.337965539501 -0.950290052341 1.43381671364 -1.43381671364 -0.950290052341 
235.677427356 90.85141228 1.58500695229 124.744505596 2.82660865784 8388608 0.398050026354 0.0 0.398050026354 -0.903323941165 1.3024027396 -1.3024027396 -0.903323941165 
116.803780411 124.416661357 1.56684601307 125.125926439 2.76651573181 8388608 0.407330908922 0.0 0.407330908922 -0.901524662982 1.28150681259 -1.28150681259 -0.901524662982 
242.947663293 98.370450963 1.30910360813 125.76748648 2.52584266663 8388608 0.583514913558 0.0 0.583514913558 -0.765167561143 1.06220095095 -1.06220095095 -0.765167561143 
155.723972473 127.090341339 1.51228666306 125.627693196 2.49154281616 8388608 0.437251950827 0.0 0.437251950827 -0.880931032921 1.2292157933 -1.2292157933 -0.880931032921 
210.251813168 106.381095259 1.31042361259 124.291189231 2.39424324036 8388608 0.582339943349 0.0 0.582339943349 -0.73829136263 1.08265225641 -1.08265225641 -0.73829136263 
148.957893088 122.512111906 1.26714062691 124.845154252 2.34492683411 8388608 0.622802531434 0.0 0.622802531434 -0.723994140385 1.03994127385 -1.03994127385 -0.723994140385 
253.931935083 78.5137259319 1.26222217083 124.312316758 2.20613861084 8388608 0.62766569285 0.0 0.62766569285 -0.711519207702 1.04256665284 -1.04256665284 -0.711519207702 
74.2692677112 86.9036101813 1.91767203808 125.418632347 2.06802558899 21430272 0.271926372016 0.0 0.271926372016 -1.11137957674 1.56278644799 -1.56278644799 -1.11137957674 
104.629051403 100.377967396 1.35967814922 122.782212333 1.6352481842 8388608 0.540913428869 0.0 0.540913428869 -0.736193964136 1.14312865271 -1.14312865271 -0.736193964136 
87.2943637729 94.3142035653 1.63681447506 124.541065812 1.58829307556 10027008 0.373251091081 0.0 0.373251091081 -0.928068521015 1.34827684326 -1.34827684326 -0.928068521015 
