13
73
123.071951309 94.8996731729 2.2386534214 135.923191778 124.049316406 15925504 0.199538302642 0.0 0.199538302642 -1.60826636051 1.55725670807 -1.55725670807 -1.60826636051 
53.1100382577 90.9867122807 2.10058808327 141.698507231 98.8851928711 11337984 0.226630420834 0.0 0.226630420834 -1.64845797205 1.30194339736 -1.30194339736 -1.64845797205 
186.659233553 89.4495711878 1.84220182896 126.577854689 96.3018951416 18546688 0.294662983429 0.0 0.294662983429 -1.09779484552 1.47937623874 -1.47937623874 -1.09779484552 
120.720792943 137.71990981 1.9546700716 128.931545693 67.9058303833 22806528 0.261729739632 0.0 0.261729739632 -1.22829795004 1.52053254972 -1.52053254972 -1.22829795004 
134.730446886 95.2552298382 2.2750518322 137.572451295 67.231048584 17105152 0.193204576218 0.0 0.193204576218 -1.67928637534 1.53488048681 -1.53488048681 -1.67928637534 
88.1949395408 115.964748731 2.24769473076 132.556059656 66.3946914673 16253184 0.197936253179 0.0 0.197936253179 -1.52014124451 1.65568783272 -1.65568783272 -1.52014124451 
143.860818603 156.247325325 1.53683853149 127.678821187 65.6436767578 8388608 0.423392849201 0.0 0.423392849201 -0.939368778298 1.21633012388 -1.21633012388 -0.939368778298 
154.807009738 115.31939311 1.84609746933 130.379601231 62.588809967 18677760 0.293420698142 0.0 0.293420698142 -1.19599190614 1.40629983528 -1.40629983528 -1.19599190614 
92.7171608844 156.484926406 1.87484645844 133.772421988 58.1898956299 19791872 0.284491035815 0.0 0.284491035815 -1.29701070113 1.3538140507 -1.3538140507 -1.29701070113 
67.270130083 95.8098811039 2.90569400787 146.070347139 57.9500350952 18088448 0.118440503357 0.0 0.118440503357 -2.41092265593 1.6218845873 -1.6218845873 -2.41092265593 
63.9523186988 93.5988044333 1.991314888 144.690577874 57.463722229 24182784 0.252185503682 0.0 0.252185503682 -1.62499768308 1.15096373235 -1.15096373235 -1.62499768308 
174.711089492 131.374517474 1.37510251999 127.960692753 57.2671394348 8388608 0.528846755275 0.0 0.528846755275 -0.845854056158 1.08417611861 -1.08417611861 -0.845854056158 
78.8602423472 97.5756615365 3.46005129814 144.5154663 57.1865844727 14024705 0.0835285466065 0.0 0.0835285466065 -2.81742372939 2.00850155959 -2.00850155959 -2.81742372939 
61.6493086308 133.978844541 2.01512932777 135.346239304 53.9376373291 25034752 0.246260157336 0.0 0.246260157336 -1.43349630629 1.41627488416 -1.41627488416 -1.43349630629 
48.431904768 149.402854577 2.35696959496 147.184769651 42.5431365967 19661056 0.180008096606 0.0 0.180008096606 -1.98085046107 1.27731637523 -1.27731637523 -1.98085046107 
129.774718981 179.441803174 3.00686955452 136.383588336 32.3217811584 20578816 0.110603997706 0.0 0.110603997706 -2.17689627727 2.07421964023 -2.07421964023 -2.17689627727 
51.7749087828 156.224983104 1.35364532471 162.913597067 31.6895885468 8388608 0.545745577153 0.0 0.545745577153 -1.29389916649 0.397719262879 -0.397719262879 -1.29389916649 
54.7024437322 150.422401671 1.24149274826 150.611786586 27.5759487152 8388608 0.648801172062 0.0 0.648801172062 -1.08173097935 0.609230935106 -0.609230935106 -1.08173097935 
142.385755379 78.9916397184 4.00418949127 134.958684678 27.3983058929 24576001 0.0623692837965 0.0 0.0623692837965 -2.82934712435 2.83343048829 -2.83343048829 -2.82934712435 
183.970929591 81.1315367116 1.46397387981 128.189043712 27.2081394196 8388608 0.466587762152 0.0 0.466587762152 -0.905113723885 1.15064706475 -1.15064706475 -0.905113723885 
92.8111220142 83.7421721867 2.13994836807 135.390330262 23.9739494324 12648704 0.218370219208 0.0 0.218370219208 -1.52344536635 1.50282841129 -1.50282841129 -1.52344536635 
117.937098605 84.2990433713 2.13289260864 134.81323517 23.837053299 12452096 0.21981737713 0.0 0.21981737713 -1.50325865824 1.51309097097 -1.51309097097 -1.50325865824 
77.656126503 79.0236930644 3.76236128807 134.382264769 23.2652206421 20054017 0.0706446057235 0.0 0.0706446057235 -2.63155407002 2.68891904649 -2.68891904649 -2.63155407002 
27.4694192257 117.293003111 1.31581544876 148.56531457 23.0414543152 8388608 0.577577195805 0.0 0.577577195805 -1.12270010326 0.686232302755 -0.686232302755 -1.12270010326 
40.1171843877 115.135517444 1.27883374691 139.812807226 19.0480709076 8388608 0.611465310049 0.0 0.611465310049 -0.976952620386 0.825214717366 -0.825214717366 -0.976952620386 
89.5921673651 127.034191365 2.38812947273 137.432837388 16.9580039978 20644096 0.175341316559 0.0 0.175341316559 -1.75882129047 1.61545970136 -1.61545970136 -1.75882129047 
158.647034595 167.051677522 1.70100641251 133.573686965 16.1130523682 12779520 0.345611431099 0.0 0.345611431099 -1.17248142972 1.23235957104 -1.23235957104 -1.17248142972 
179.581905318 137.098172685 1.20940768719 124.986755094 15.4926948547 8388608 0.683682636969 0.0 0.683682636969 -0.693458718008 0.990849110736 -0.990849110736 -0.693458718008 
152.13284903 168.999186265 1.76131284237 131.025670649 15.4451217651 15335424 0.322349496792 0.0 0.322349496792 -1.15612064406 1.32876182406 -1.32876182406 -1.15612064406 
69.1668336994 142.80632249 1.27954959869 134.888712707 14.922246933 8388608 0.610781325479 0.0 0.610781325479 -0.903019114957 0.90653386784 -0.90653386784 -0.903019114957 
154.301614765 124.158610993 1.75040960312 131.087758379 13.0369024277 14876672 0.326377811085 0.0 0.326377811085 -1.15039409426 1.31929041784 -1.31929041784 -1.15039409426 
26.2851961749 50.8599404968 1.37396216393 122.890737839 10.3224449158 8388608 0.529724980147 0.0 0.529724980147 -0.746114646497 1.15372655434 -1.15372655434 -0.746114646497 
115.032433104 151.775957517 5.30248737335 140.793659324 10.1368789673 11469313 0.0355664659632 0.0 0.0355664659632 -4.10876246431 3.35178211649 -3.35178211649 -4.10876246431 
32.9075737753 56.9214798246 1.7781393528 123.187383247 9.1552734375 15990784 0.316277584084 0.0 0.316277584084 -0.973316054493 1.48809791883 -1.48809791883 -0.973316054493 
153.203951241 55.1051284647 1.47519671917 127.336201406 8.99116134644 8388608 0.459515456706 0.0 0.459515456706 -0.894693365589 1.17291480587 -1.17291480587 -0.894693365589 
92.1879132149 187.081567008 1.92652952671 134.930139914 8.0990562439 21757952 0.269431681109 0.0 0.269431681109 -1.36060008976 1.36392207 -1.36392207 -1.36060008976 
65.5586968785 174.476710734 1.27230930328 133.105853072 8.02198410034 8388608 0.617752617708 0.0 0.617752617708 -0.869430475964 0.928903445298 -0.928903445298 -0.869430475964 
153.486248288 62.3453585276 1.38833224773 124.323374127 6.74077606201 8388608 0.518815780334 0.0 0.518815780334 -0.782829204742 1.14657963801 -1.14657963801 -0.782829204742 
34.1383722282 66.5911723346 1.29694354534 124.755674688 6.19609069824 8388608 0.594508209087 0.0 0.594508209087 -0.739359160574 1.06555647034 -1.06555647034 -0.739359160574 
59.5992386805 126.489712923 1.53677129745 140.57056501 5.7202372551 8388608 0.423429897049 0.0 0.423429897049 -1.18701350179 0.976045576422 -0.976045576422 -1.18701350179 
30.6521090255 162.598727319 1.47072505951 123.956984229 5.69728851318 8388608 0.462313968184 0.0 0.462313968184 -0.821503384795 1.21990343447 -1.21990343447 -0.821503384795 
123.358278782 49.2000671853 1.99141705036 127.336727935 5.49167251587 24182784 0.252159629438 0.0 0.252159629438 -1.20779084224 1.58334555605 -1.58334555605 -1.20779084224 
39.5694282613 71.8757214318 1.70140612125 125.412267164 5.37353515625 12779520 0.34544906224 0.0 0.34544906224 -0.985889440759 1.38665237174 -1.38665237174 -0.985889440759 
179.093109124 181.360390184 1.60198402405 126.829139089 5.20841217041 8454144 0.389658037202 0.0 0.389658037202 -0.96027848729 1.28227065792 -1.28227065792 -0.96027848729 
75.6747311847 188.265879349 1.32329785824 125.984749484 5.12007522583 8388608 0.571063997118 0.0 0.571063997118 -0.777529982337 1.07077745035 -1.07077745035 -0.777529982337 
143.354635194 188.525687592 1.33876681328 126.039716505 5.01726150513 8388608 0.557943373308 0.0 0.557943373308 -0.787657977016 1.08253937184 -1.08253937184 -0.787657977016 
90.7157247327 149.287094156 1.63032829762 133.5354838 4.98926448822 9699328 0.376226919532 0.0 0.376226919532 -1.12297612227 1.18190312074 -1.18190312074 -1.12297612227 
151.204772105 188.179050652 1.28599381447 125.821819104 4.81727218628 8388608 0.604675316587 0.0 0.604675316587 -0.752649096247 1.04273650975 -1.04273650975 -0.752649096247 
59.31415848 188.116408248 1.39934682846 125.757507108 4.79851913452 8388608 0.510680487559 0.0 0.510680487559 -0.817716709819 1.13556634716 -1.13556634716 -0.817716709819 
152.820682804 107.287733591 1.51807367802 133.343889034 4.63687086105 8388608 0.433924628039 0.0 0.433924628039 -1.04196877946 1.10401483438 -1.10401483438 -1.04196877946 
51.4424977541 188.356763393 1.34621453285 125.414586851 4.58444213867 8388608 0.55178698275 0.0 0.55178698275 -0.78011607697 1.09713831166 -1.09713831166 -0.78011607697 
35.2971855885 187.249840034 1.42640781403 125.202124004 4.55529785156 8388608 0.491487618289 0.0 0.491487618289 -0.8222707686 1.16555138669 -1.16555138669 -0.8222707686 
175.118807195 188.234998323 1.33240640163 125.438400943 4.41803741455 8388608 0.563282914949 0.0 0.563282914949 -0.772565685649 1.08556394582 -1.08556394582 -0.772565685649 
177.91445726 118.659259475 1.29119467735 130.811527031 4.39683198929 8388608 0.599813927586 0.0 0.599813927586 -0.843889832377 0.977258228737 -0.977258228737 -0.843889832377 
142.563080531 150.110198367 1.27046811581 131.592299388 4.39258289337 8388608 0.619544433716 0.0 0.619544433716 -0.843369388608 0.950166989344 -0.950166989344 -0.843369388608 
187.028564811 181.825914604 1.51112484932 126.153085419 4.36725997925 8388608 0.437924563167 0.0 0.437924563167 -0.891480125179 1.22014814537 -1.22014814537 -0.891480125179 
182.384349397 124.170490221 1.340041399 132.693823605 4.29845046997 8388608 0.556882497944 0.0 0.556882497944 -0.908655865857 0.984913939632 -0.984913939632 -0.908655865857 
107.655294854 55.8756860187 1.48531138897 124.475573179 3.80469894409 8388608 0.453278351546 0.0 0.453278351546 -0.840767696201 1.22444256837 -1.22444256837 -0.840767696201 
77.9054192827 199.228722999 2.56431174278 125.291558246 3.77304458618 9044480 0.152075186496 0.0 0.152075186496 -1.48149872558 2.09304950737 -2.09304950737 -1.48149872558 
192.188088762 188.624044575 1.32811498642 124.991530515 3.63960647583 8388608 0.56692896407 0.0 0.56692896407 -0.761614634694 1.08804070024 -1.08804070024 -0.761614634694 
35.9714967048 194.606730184 1.512409091 125.029445216 3.60326004028 8388608 0.437181163513 0.0 0.437181163513 -0.868118789033 1.23844702214 -1.23844702214 -0.868118789033 
168.415930414 126.869929431 1.48296189308 131.558016162 3.35841560364 8388608 0.454715771162 0.0 0.454715771162 -0.983764414484 1.10967722926 -1.10967722926 -0.983764414484 
108.135567204 67.4314384675 1.49589455128 124.389344472 3.34418106079 8388608 0.446887327497 0.0 0.446887327497 -0.84490150289 1.23443993736 -1.23443993736 -0.84490150289 
101.148692907 56.9361642735 1.11680233479 124.505684787 3.21451950073 8388608 0.801765516542 0.0 0.801765516542 -0.632655123823 0.920323285201 -0.920323285201 -0.632655123823 
75.5800508248 106.053198541 1.69340956211 140.030860092 2.52079868317 12451840 0.348719300205 0.0 0.348719300205 -1.29781307545 1.0878038271 -1.0878038271 -1.29781307545 
107.831725035 117.393329582 1.49652779102 134.200768281 1.98087215424 8388608 0.446509216314 0.0 0.446509216314 -1.0433413375 1.07286265793 -1.07286265793 -1.0433413375 
114.533170398 165.763605987 1.60362017155 136.795391102 1.39165782928 8519680 0.388863319351 0.0 0.388863319351 -1.1689004878 1.09784757786 -1.09784757786 -1.1689004878 
162.726375623 145.284037661 2.29306077957 129.792123723 1.0580291748 17694976 0.190181762345 0.0 0.190181762345 -1.46756825424 1.76192257434 -1.76192257434 -1.46756825424 
131.946960168 129.953589852 1.3330476284 132.457557298 0.23997592926 8388608 0.56274114104 0.0 0.56274114104 -0.899865634148 0.983492663962 -0.983492663962 -0.899865634148 
151.43025867 147.675430237 1.29317080975 126.651208763 0.0648522377014 8388608 0.59798214161 0.0 0.59798214161 -0.77194818172 1.03749060136 -1.03749060136 -0.77194818172 
91.6616470549 139.176596225 1.52733516693 131.944607517 -0.0155992507935 8388608 0.428678099823 0.0 0.428678099823 -1.02088890206 1.13601873303 -1.13601873303 -1.02088890206 
151.078647207 139.547762522 1.31078743935 128.647428814 -0.201107025146 8388608 0.582016715585 0.0 0.582016715585 -0.81862125175 1.02372992402 -1.02372992402 -0.81862125175 
130.486070425 164.610783999 1.55853033066 138.460935374 -0.580334186554 8388608 0.411689208352 0.0 0.411689208352 -1.16656582534 1.03350905498 -1.03350905498 -1.16656582534 
