13
104
123.071951309 94.8996731729 2.2386534214 271.836151123 124.049316406 15925504 0.199538302642 0.0 0.199538302642 0.0717295842979 -2.23750396824 2.23750396824 0.0717295842979 
53.1100382577 90.9867122807 2.10058808327 20.4935913086 98.8851928711 11337984 0.226630420834 0.0 0.226630420834 1.96764470989 0.735421369844 -0.735421369844 1.96764470989 
186.659233553 89.4495711878 1.84220182896 22.7883911133 96.3018951416 18546688 0.294662983429 0.0 0.294662983429 1.69840259101 0.713537817813 -0.713537817813 1.69840259101 
120.720792943 137.71990981 1.9546700716 67.5534362793 67.9058303833 22806528 0.261729739632 0.0 0.261729739632 0.74633529323 1.80657651897 -1.80657651897 0.74633529323 
134.730446886 95.2552298382 2.2750518322 269.638122559 67.231048584 17105152 0.193204576218 0.0 0.193204576218 -0.01436902455 -2.27500645501 2.27500645501 -0.01436902455 
88.1949395408 115.964748731 2.24769473076 79.1907043457 66.3946914673 16253184 0.197936253179 0.0 0.197936253179 0.421534194148 2.207813517 -2.207813517 0.421534194148 
143.860818603 156.247325325 1.53683853149 69.8811645508 65.6436767578 8388608 0.423392849201 0.0 0.423392849201 0.528623882165 1.44306252917 -1.44306252917 0.528623882165 
154.807009738 115.31939311 1.84609746933 40.4848327637 62.588809967 18677760 0.293420698142 0.0 0.293420698142 1.40410086199 1.19857274941 -1.19857274941 1.40410086199 
149.362226117 104.281325953 6.7193646431 270.172943115 60.653968811 11862018 0.0221484623268 0.0 0.0221484623268 0.0202818793822 -6.71933403339 6.71933403339 0.0202818793822 
89.6492127043 107.744928096 8.52916431427 268.287384033 58.3462677002 12386562 0.0137463386129 0.0 0.0137463386129 -0.254905475687 -8.5253543679 8.5253543679 -0.254905475687 
92.7171608844 156.484926406 1.87484645844 87.8030700684 58.1898956299 19791872 0.284491035815 0.0 0.284491035815 0.0718708623337 1.87346839361 -1.87346839361 0.0718708623337 
67.270130083 95.8098811039 2.90569400787 271.840759277 57.9500350952 18088448 0.118440503357 0.0 0.118440503357 0.0933360742325 -2.9041945604 2.9041945604 0.0933360742325 
63.9523186988 93.5988044333 1.991314888 277.453582764 57.463722229 24182784 0.252185503682 0.0 0.252185503682 0.258319235032 -1.9744888341 1.9744888341 0.258319235032 
174.711089492 131.374517474 1.37510251999 44.3079528809 57.2671394348 8388608 0.528846755275 0.0 0.528846755275 0.984017565879 0.960529213779 -0.960529213779 0.984017565879 
78.8602423472 97.5756615365 3.46005129814 269.503326416 57.1865844727 14024705 0.0835285466065 0.0 0.0835285466065 -0.0299933881846 -3.45992129714 3.45992129714 -0.0299933881846 
61.6493086308 133.978844541 2.01512932777 118.006881714 53.9376373291 25034752 0.246260157336 0.0 0.246260157336 -0.946259611497 1.77913994821 -1.77913994821 -0.946259611497 
29.4459448666 108.343711438 2.81333017349 151.84538269 44.9794006348 15729152 0.126345154773 0.0 0.126345154773 -2.48044983621 1.32747703375 -1.32747703375 -2.48044983621 
48.431904768 149.402854577 2.35696959496 137.301086426 42.5431365967 19661056 0.180008096606 0.0 0.180008096606 -1.73220166377 1.59836887719 -1.59836887719 -1.73220166377 
196.469751462 88.5460874477 2.41400957108 251.697265625 38.6684112549 21364992 0.171601873359 0.0 0.171601873359 -0.758090172431 -2.29188601368 2.29188601368 -0.758090172431 
178.086926021 147.554471733 4.7233839035 38.2014770508 36.2852172852 19792129 0.0448222351278 0.0 0.0448222351278 3.71182849733 2.9210759501 -2.9210759501 3.71182849733 
129.774718981 179.441803174 3.00686955452 82.1856994629 32.3217811584 20578816 0.110603997706 0.0 0.110603997706 0.408822555419 2.97894757189 -2.97894757189 0.408822555419 
51.7749087828 156.224983104 1.35364532471 140.875106812 31.6895885468 8388608 0.545745577153 0.0 0.545745577153 -1.05012058119 0.854167682632 -0.854167682632 -1.05012058119 
200.267812604 73.9256917688 2.35443902016 249.404541016 29.7905597687 19595520 0.180395253589 0.0 0.180395253589 -0.828215032127 -2.2039607438 2.2039607438 -0.828215032127 
54.7024437322 150.422401671 1.24149274826 146.098022461 27.5759487152 8388608 0.648801172062 0.0 0.648801172062 -1.03043033315 0.692472073446 -0.692472073446 -1.03043033315 
142.385755379 78.9916397184 4.00418949127 268.868103027 27.3983058929 24576001 0.0623692837965 0.0 0.0623692837965 -0.0790989353787 -4.00340815312 4.00340815312 -0.0790989353787 
183.970929591 81.1315367116 1.46397387981 260.677124023 27.2081394196 8388608 0.466587762152 0.0 0.466587762152 -0.237160579002 -1.44463641812 1.44463641812 -0.237160579002 
37.871024639 125.224766021 4.24798488617 152.437286377 25.5091285706 12124417 0.0554158595835 0.0 0.0554158595835 -3.76585937736 1.96562426293 -1.96562426293 -3.76585937736 
166.230478611 77.9944542722 3.87655353546 261.221160889 25.0126113892 22216705 0.0665439272212 0.0 0.0665439272212 -0.591642881144 -3.83113899702 3.83113899702 -0.591642881144 
95.7490796145 76.9739803532 4.51224088669 267.99597168 24.4040527344 16515329 0.0491151468688 0.0 0.0491151468688 -0.157791986463 -4.50948106865 4.50948106865 -0.157791986463 
92.8111220142 83.7421721867 2.13994836807 269.138885498 23.9739494324 12648704 0.218370219208 0.0 0.218370219208 -0.0321606794912 -2.13970668754 2.13970668754 -0.0321606794912 
117.937098605 84.2990433713 2.13289260864 270.06842041 23.837053299 12452096 0.21981737713 0.0 0.21981737713 0.00254701748818 -2.13289108787 2.13289108787 0.00254701748818 
77.656126503 79.0236930644 3.76236128807 269.714691162 23.2652206421 20054017 0.0706446057235 0.0 0.0706446057235 -0.018734896353 -3.76231464203 3.76231464203 -0.018734896353 
27.4694192257 117.293003111 1.31581544876 157.18019104 23.0414543152 8388608 0.577577195805 0.0 0.577577195805 -1.21282541583 0.510318337819 -0.510318337819 -1.21282541583 
40.1171843877 115.135517444 1.27883374691 183.711761475 19.0480709076 8388608 0.611465310049 0.0 0.611465310049 -1.27615120166 -0.0827880590994 0.0827880590994 -1.27615120166 
89.5921673651 127.034191365 2.38812947273 270.759460449 16.9580039978 20644096 0.175341316559 0.0 0.175341316559 0.0316539331163 -2.38791968187 2.38791968187 0.0316539331163 
158.647034595 167.051677522 1.70100641251 57.6428527832 16.1130523682 12779520 0.345611431099 0.0 0.345611431099 0.910370388223 1.43688850355 -1.43688850355 0.910370388223 
55.3362708543 176.818412226 4.36485290527 104.93838501 15.5234184265 14090497 0.0524880906388 0.0 0.0524880906388 -1.12517245426 4.21733658045 -4.21733658045 -1.12517245426 
179.581905318 137.098172685 1.20940768719 229.897140503 15.4926948547 8388608 0.683682636969 0.0 0.683682636969 -0.77905423801 -0.925062942759 0.925062942759 -0.77905423801 
152.13284903 168.999186265 1.76131284237 62.0450134277 15.4451217651 15335424 0.322349496792 0.0 0.322349496792 0.825664263595 1.5557960832 -1.5557960832 0.825664263595 
69.1668336994 142.80632249 1.27954959869 235.47857666 14.922246933 8388608 0.610781325479 0.0 0.610781325479 -0.72513911214 -1.05423927244 1.05423927244 -0.72513911214 
167.428342824 59.0398957729 3.96709990501 271.270507812 14.2332038879 23920641 0.063540953086 0.0 0.063540953086 0.0879614243763 -3.96612461279 3.96612461279 0.0879614243763 
179.064189095 175.552363479 4.59966564178 68.235534668 13.4977111816 17891585 0.0472658501412 0.0 0.0472658501412 1.70551885506 4.27178293588 -4.27178293588 1.70551885506 
154.301614765 124.158610993 1.75040960312 281.837585449 13.0369024277 14876672 0.326377811085 0.0 0.326377811085 0.359075761221 -1.71318369605 1.71318369605 0.359075761221 
23.8054925156 59.6315574278 1.54873013496 248.903869629 11.9858093262 8388608 0.416915942281 0.0 0.416915942281 -0.557440319093 -1.44493090547 1.44493090547 -0.557440319093 
208.93659347 96.9632464815 1.81913077831 19.9618835449 11.7935905457 17629184 0.302184480556 0.0 0.302184480556 1.70983729991 0.62104202471 -0.62104202471 1.70983729991 
20.0532411324 52.3773807374 1.60696697235 249.191802979 10.3691673279 8650752 0.387245248985 0.0 0.387245248985 -0.570860071527 -1.50215233214 1.50215233214 -0.570860071527 
17.3105371851 51.1259867077 2.46030330658 247.447036743 10.3631706238 22741248 0.16520481441 0.0 0.16520481441 -0.943618056576 -2.27215257491 2.27215257491 -0.943618056576 
26.2851961749 50.8599404968 1.37396216393 250.686187744 10.3224449158 8388608 0.529724980147 0.0 0.529724980147 -0.454426862919 -1.29663728704 1.29663728704 -0.454426862919 
115.032433104 151.775957517 5.30248737335 81.8249206543 10.1368789673 11469313 0.0355664659632 0.0 0.0355664659632 0.754005324233 5.24860441599 -5.24860441599 0.754005324233 
10.5745580034 58.48690367 1.31221282482 238.185180664 9.87563323975 8388608 0.580752976071 0.0 0.580752976071 -0.69176658245 -1.11506120596 1.11506120596 -0.69176658245 
211.362576305 88.5643397284 1.58100962639 19.0115966797 9.68520736694 8388608 0.400065380487 0.0 0.400065380487 1.49476975859 0.515028938552 -0.515028938552 1.49476975859 
32.9075737753 56.9214798246 1.7781393528 260.425445557 9.1552734375 15990784 0.316277584084 0.0 0.316277584084 -0.295759413652 -1.75336987747 1.75336987747 -0.295759413652 
153.203951241 55.1051284647 1.47519671917 188.891662598 8.99116134644 8388608 0.459515456706 0.0 0.459515456706 -1.45746834789 -0.228016173021 0.228016173021 -1.45746834789 
92.1879132149 187.081567008 1.92652952671 92.164855957 8.0990562439 21757952 0.269431681109 0.0 0.269431681109 -0.0727744115815 1.92515451388 -1.92515451388 -0.0727744115815 
65.5586968785 174.476710734 1.27230930328 102.309570312 8.02198410034 8388608 0.617752617708 0.0 0.617752617708 -0.271248178554 1.2430588839 -1.2430588839 -0.271248178554 
153.486248288 62.3453585276 1.38833224773 190.211364746 6.74077606201 8388608 0.518815780334 0.0 0.518815780334 -1.36634170836 -0.246123477343 0.246123477343 -1.36634170836 
110.983704276 50.7645820869 3.10274457932 267.705871582 6.50577163696 22807040 0.103874261438 0.0 0.103874261438 -0.124200992819 -3.10025773733 3.10025773733 -0.124200992819 
34.1383722282 66.5911723346 1.29694354534 147.517822266 6.19609069824 8388608 0.594508209087 0.0 0.594508209087 -1.09404779829 0.6965069812 -0.6965069812 -1.09404779829 
59.5992386805 126.489712923 1.53677129745 252.090118408 5.7202372551 8388608 0.423429897049 0.0 0.423429897049 -0.472589033089 -1.46230148276 1.46230148276 -0.472589033089 
30.6521090255 162.598727319 1.47072505951 230.797698975 5.69728851318 8388608 0.462313968184 0.0 0.462313968184 -0.929587105127 -1.13969294753 1.13969294753 -0.929587105127 
123.358278782 49.2000671853 1.99141705036 273.514068604 5.49167251587 24182784 0.252159629438 0.0 0.252159629438 0.122061166232 -1.98767274474 1.98767274474 0.122061166232 
39.5694282613 71.8757214318 1.70140612125 173.490142822 5.37353515625 12779520 0.34544906224 0.0 0.34544906224 -1.69043607639 0.192895466675 -0.192895466675 -1.69043607639 
21.4376522509 172.182644347 2.11949586868 167.568237305 5.27712631226 11993344 0.222604967355 0.0 0.222604967355 -2.06980023305 0.456278130778 -0.456278130778 -2.06980023305 
179.093109124 181.360390184 1.60198402405 72.1019897461 5.20841217041 8454144 0.389658037202 0.0 0.389658037202 0.492327450963 1.52445613067 -1.52445613067 0.492327450963 
75.6747311847 188.265879349 1.32329785824 92.3299560547 5.12007522583 8388608 0.571063997118 0.0 0.571063997118 -0.0537976126297 1.32220385663 -1.32220385663 -0.0537976126297 
143.354635194 188.525687592 1.33876681328 82.6166992188 5.01726150513 8388608 0.557943373308 0.0 0.557943373308 0.172040320834 1.32766664052 -1.32766664052 0.172040320834 
90.7157247327 149.287094156 1.63032829762 91.444519043 4.98926448822 9699328 0.376226919532 0.0 0.376226919532 -0.0410988525312 1.62981018598 -1.62981018598 -0.0410988525312 
22.4458069258 162.949627548 1.55762469769 205.657348633 4.97301864624 8388608 0.412168075579 0.0 0.412168075579 -1.40404226448 -0.674433108899 0.674433108899 -1.40404226448 
151.204772105 188.179050652 1.28599381447 84.6089782715 4.81727218628 8388608 0.604675316587 0.0 0.604675316587 0.120822085923 1.28030547699 -1.28030547699 0.120822085923 
59.31415848 188.116408248 1.39934682846 92.1161499023 4.79851913452 8388608 0.510680487559 0.0 0.510680487559 -0.051671423065 1.39839250941 -1.39839250941 -0.051671423065 
152.820682804 107.287733591 1.51807367802 44.7450866699 4.63687086105 8388608 0.433924628039 0.0 0.433924628039 1.07820537032 1.06865376587 -1.06865376587 1.07820537032 
51.4424977541 188.356763393 1.34621453285 96.9083251953 4.58444213867 8388608 0.55178698275 0.0 0.55178698275 -0.161924147699 1.3364408475 -1.3364408475 -0.161924147699 
35.2971855885 187.249840034 1.42640781403 95.9597473145 4.55529785156 8388608 0.491487618289 0.0 0.491487618289 -0.148103558501 1.41869820183 -1.41869820183 -0.148103558501 
15.8583701061 122.657242521 1.67510557175 151.818969727 4.49896240234 11665408 0.356381895691 0.0 0.356381895691 -1.47653831915 0.791083604044 -0.791083604044 -1.47653831915 
175.118807195 188.234998323 1.33240640163 75.3673095703 4.41803741455 8388608 0.563282914949 0.0 0.563282914949 0.336594435974 1.28919005767 -1.28919005767 0.336594435974 
13.1616121367 116.617280278 1.69517886639 166.365875244 4.41399383545 12517376 0.347991744457 0.0 0.347991744457 -1.64741004827 0.399589191417 -0.399589191417 -1.64741004827 
177.91445726 118.659259475 1.29119467735 58.6627807617 4.39683198929 8388608 0.599813927586 0.0 0.599813927586 0.671516854474 1.10283671003 -1.10283671003 0.671516854474 
142.563080531 150.110198367 1.27046811581 77.8412780762 4.39258289337 8388608 0.619544433716 0.0 0.619544433716 0.267586723535 1.2419688316 -1.2419688316 0.267586723535 
187.028564811 181.825914604 1.51112484932 70.6202392578 4.36725997925 8388608 0.437924563167 0.0 0.437924563167 0.501433424079 1.42550441299 -1.42550441299 0.501433424079 
182.384349397 124.170490221 1.340041399 272.32220459 4.29845046997 8388608 0.556882497944 0.0 0.556882497944 0.0542971649228 -1.33894091316 1.33894091316 0.0542971649228 
20.7238566625 183.035364948 1.78948485851 90.2895812988 4.15261077881 16449536 0.312279836972 0.0 0.312279836972 -0.00904428123288 1.7894620029 -1.7894620029 -0.00904428123288 
11.5430976829 109.844373356 1.49342536926 153.329803467 3.99516296387 8388608 0.448366287712 0.0 0.448366287712 -1.33453236082 0.670330300281 -0.670330300281 -1.33453236082 
19.4633062145 130.650427282 1.71188557148 165.461730957 3.82530593872 13238272 0.341232617062 0.0 0.341232617062 -1.65707132146 0.429728804505 -0.429728804505 -1.65707132146 
107.655294854 55.8756860187 1.48531138897 264.506713867 3.80469894409 8388608 0.453278351546 0.0 0.453278351546 -0.142187540672 -1.47848998153 1.47848998153 -0.142187540672 
77.9054192827 199.228722999 2.56431174278 95.3930053711 3.77304458618 9044480 0.152075186496 0.0 0.152075186496 -0.241011391069 2.55296067803 -2.55296067803 -0.241011391069 
192.188088762 188.624044575 1.32811498642 90.1265258789 3.63960647583 8388608 0.56692896407 0.0 0.56692896407 -0.0029328648776 1.32811174811 -1.32811174811 -0.0029328648776 
199.533116515 46.5216333042 1.45131230354 284.047729492 3.63455963135 8388608 0.474764509137 0.0 0.474764509137 0.352277185797 -1.40790915431 1.40790915431 0.352277185797 
35.9714967048 194.606730184 1.512409091 90.6796875 3.60326004028 8388608 0.437181163513 0.0 0.437181163513 -0.0179409627158 1.51230267486 -1.51230267486 -0.0179409627158 
205.885642779 142.22875428 1.72688388824 61.2573547363 3.59817123413 13893632 0.335331016055 0.0 0.335331016055 0.830417404301 1.5141119173 -1.5141119173 0.830417404301 
199.684546542 147.035182377 1.4620000124 279.439453125 3.58567810059 8388608 0.467848506459 0.0 0.467848506459 0.239775698242 -1.44220374801 1.44220374801 0.239775698242 
208.035277443 132.302658117 1.47120046616 356.597015381 3.57065200806 8388608 0.462015230347 0.0 0.462015230347 1.46860635313 -0.0873280663758 0.0873280663758 1.46860635313 
209.766978656 187.19918568 1.69603049755 27.1034545898 3.54847335815 12582912 0.347642356626 0.0 0.347642356626 1.50978147898 0.772709087791 -0.772709087791 1.50978147898 
168.415930414 126.869929431 1.48296189308 304.131774902 3.35841560364 8388608 0.454715771162 0.0 0.454715771162 0.832087146945 -1.22752065409 1.22752065409 0.832087146945 
108.135567204 67.4314384675 1.49589455128 266.079406738 3.34418106079 8388608 0.446887327497 0.0 0.446887327497 -0.102280105818 -1.49239381146 1.49239381146 -0.102280105818 
101.148692907 56.9361642735 1.11680233479 268.452941895 3.21451950073 8388608 0.801765516542 0.0 0.801765516542 -0.0301514035485 -1.11639524714 1.11639524714 -0.0301514035485 
75.5800508248 106.053198541 1.69340956211 127.990402222 2.52079868317 12451840 0.348719300205 0.0 0.348719300205 -1.04234348141 1.33459956984 -1.33459956984 -1.04234348141 
107.831725035 117.393329582 1.49652779102 79.9771728516 1.98087215424 8388608 0.446509216314 0.0 0.446509216314 0.260456475015 1.47368851998 -1.47368851998 0.260456475015 
114.533170398 165.763605987 1.60362017155 80.1000671387 1.39165782928 8519680 0.388863319351 0.0 0.388863319351 0.275707122157 1.57974150967 -1.57974150967 0.275707122157 
162.726375623 145.284037661 2.29306077957 22.8863220215 1.0580291748 17694976 0.190181762345 0.0 0.190181762345 2.11254707541 0.891780574468 -0.891780574468 2.11254707541 
131.946960168 129.953589852 1.3330476284 9.5749206543 0.23997592926 8388608 0.56274114104 0.0 0.56274114104 1.31447686211 0.221735334487 -0.221735334487 1.31447686211 
151.43025867 147.675430237 1.29317080975 331.614807129 0.0648522377014 8388608 0.59798214161 0.0 0.59798214161 1.13769477204 -0.614769346065 0.614769346065 1.13769477204 
91.6616470549 139.176596225 1.52733516693 181.669036865 -0.0155992507935 8388608 0.428678099823 0.0 0.428678099823 -1.52668718896 -0.0444852694376 0.0444852694376 -1.52668718896 
151.078647207 139.547762522 1.31078743935 344.138092041 -0.201107025146 8388608 0.582016715585 0.0 0.582016715585 1.26087689237 -0.358264111274 0.358264111274 1.26087689237 
130.486070425 164.610783999 1.55853033066 90.0827026367 -0.580334186554 8388608 0.411689208352 0.0 0.411689208352 -0.00224963381401 1.55852870706 -1.55852870706 -0.00224963381401 
