13
112
156.707281548 90.0294375389 1.53816318512 151.218197658 125.053993225 8388608 0.422663918254 0.0 0.422663918254 -1.34813795944 0.74058762235 -0.74058762235 -1.34813795944 
89.6443850025 131.969359392 4.72891235352 147.172444484 92.6075668335 19923201 0.0447174953394 0.0 0.0447174953394 -3.97373333022 2.56360204937 -2.56360204937 -3.97373333022 
271.882814423 86.1853926738 1.37704014778 130.180061848 91.7109222412 8388608 0.527359525958 0.0 0.527359525958 -0.888455091517 1.05208703013 -1.05208703013 -0.888455091517 
38.6437602297 118.178245281 2.08984041214 143.919241804 88.7401885986 10944768 0.228967453389 0.0 0.228967453389 -1.68898333657 1.23075921163 -1.23075921163 -1.68898333657 
174.13304795 89.2055202749 2.31655049324 147.458625024 85.748588562 18415872 0.186344448224 0.0 0.186344448224 -1.95285953904 1.2460922151 -1.2460922151 -1.95285953904 
112.856375674 60.1442650963 1.37707829475 131.887563641 73.7217330933 8388608 0.527330309186 0.0 0.527330309186 -0.91943521857 1.02517486739 -1.02517486739 -0.91943521857 
130.777906503 63.1604290994 3.06462979317 146.62506252 61.5827293396 21955072 0.106474095979 0.0 0.106474095979 -2.55923733175 1.68590036745 -1.68590036745 -2.55923733175 
264.339826141 85.1568014678 1.2324180603 125.576160274 58.4239044189 8388608 0.658391009738 0.0 0.658391009738 -0.717001852467 1.00237848087 -1.00237848087 -0.717001852467 
112.579627459 67.5008268054 1.27552604675 132.544364847 53.0573577881 8388608 0.614640731425 0.0 0.614640731425 -0.862460824691 0.939748914242 -0.939748914242 -0.862460824691 
37.9036550708 107.401299903 1.55570232868 141.448580332 45.6256256104 8388608 0.413187330563 0.0 0.413187330563 -1.21663571597 0.969539720741 -0.969539720741 -1.21663571597 
179.905203268 88.357787874 1.26804721355 147.557480625 45.2410087585 8388608 0.621912308082 0.0 0.621912308082 -1.07014315382 0.680248018098 -0.680248018098 -1.07014315382 
89.2305551672 112.823920006 3.05480289459 143.095767124 42.2765426636 21692928 0.107160224086 0.0 0.107160224086 -2.44274349906 1.83434591138 -1.83434591138 -2.44274349906 
147.998396281 91.6272017888 1.16347944736 162.495983255 41.5911026001 8388608 0.738724611102 0.0 0.738724611102 -1.10960554064 0.349942807657 -0.349942807657 -1.10960554064 
75.8689808227 60.7401987137 1.52180016041 139.604289735 38.1154670715 8388608 0.431802098798 0.0 0.431802098798 -1.15898296028 0.986222199103 -0.986222199103 -1.15898296028 
241.684083987 92.9685609522 1.4244966507 143.743030444 37.7326202393 8388608 0.492807302998 0.0 0.492807302998 -1.14867516818 0.842458346649 -0.842458346649 -1.14867516818 
178.012937927 132.531308388 1.26048517227 135.102793973 35.1655235291 8388608 0.629396781218 0.0 0.629396781218 -0.892895248665 0.889697108251 -0.889697108251 -0.892895248665 
108.923114173 115.493392903 4.64146184921 140.584301379 34.3404769897 18546945 0.0464184281284 0.0 0.0464184281284 -3.5858060629 2.94706005656 -2.94706005656 -3.5858060629 
116.131083483 78.5677220348 2.82006239891 137.87874151 31.1338119507 15925760 0.125742637056 0.0 0.125742637056 -2.09171653882 1.89142112047 -1.89142112047 -2.09171653882 
100.70994262 111.227789754 1.59737586975 130.223869083 30.1787605286 8388608 0.391909472693 0.0 0.391909472693 -1.0315467195 1.21963971514 -1.21963971514 -1.0315467195 
39.1775836226 65.0306411156 1.45735692978 131.466384723 29.9296131134 8388608 0.470834349654 0.0 0.470834349654 -0.965033375308 1.09206218015 -1.09206218015 -0.965033375308 
115.132614947 130.628884518 2.04697537422 133.69647922 29.8981990814 9437440 0.238657322533 0.0 0.238657322533 -1.41412834087 1.4799828439 -1.4799828439 -1.41412834087 
101.860174146 85.7600097477 1.5571615696 125.985339831 29.743019104 8388608 0.412413284559 0.0 0.412413284559 -0.914954240942 1.26000432174 -1.26000432174 -0.914954240942 
178.041129008 105.545479208 3.45267248154 148.287804831 29.6945457458 13828097 0.0838859511573 0.0 0.0838859511573 -2.93718587566 1.81490671843 -1.81490671843 -2.93718587566 
114.436416788 82.032620815 4.48037910461 144.516275255 29.682012558 15991041 0.0498161859429 0.0 0.0498161859429 -3.64828506028 2.60073317355 -2.60073317355 -3.64828506028 
121.236159895 123.394113047 1.25731551647 135.969231891 29.5473327637 8388608 0.632574163131 0.0 0.632574163131 -0.903967939642 0.873890308941 -0.873890308941 -0.903967939642 
104.662886378 80.0956822019 1.28283369541 127.056545519 29.3289966583 8388608 0.607658087583 0.0 0.607658087583 -0.773039314965 1.02375412458 -1.02375412458 -0.773039314965 
116.203347159 131.326114589 1.20308446884 124.624128492 29.1477489471 8388608 0.69088817473 0.0 0.69088817473 -0.683580967643 0.99001479779 -0.99001479779 -0.683580967643 
105.887495399 119.854762904 2.39438843727 128.812151656 28.3348617554 20775168 0.174425825418 0.0 0.174425825418 -1.50072864819 1.86571956978 -1.86571956978 -1.50072864819 
44.5989231697 63.7417933252 1.3448227644 131.577467252 27.9589004517 8388608 0.552929671767 0.0 0.552929671767 -0.892467520687 1.00600695433 -1.00600695433 -0.892467520687 
94.3066391982 73.0311483083 3.12821149826 137.203504112 27.4256744385 23396864 0.102189855248 0.0 0.102189855248 -2.29539218251 2.12529572208 -2.12529572208 -2.29539218251 
102.597367869 120.030564881 1.45824849606 128.773517929 26.738111496 8388608 0.470258793837 0.0 0.470258793837 -0.913218693025 1.13689062577 -1.13689062577 -0.913218693025 
157.734573747 97.8541262816 1.61095404625 148.737249652 26.6704177856 8847360 0.385330775041 0.0 0.385330775041 -1.37703772576 0.836026339874 -0.836026339874 -1.37703772576 
88.2477738531 95.904488613 3.00102090836 140.646577119 26.2326011658 20447744 0.111035526854 0.0 0.111035526854 -2.32053733419 1.90295374959 -1.90295374959 -2.32053733419 
105.110587498 92.6302720281 1.3023724556 131.460554436 26.0232143402 8388608 0.589562151217 0.0 0.589562151217 -0.862306362599 0.97601319157 -0.97601319157 -0.862306362599 
120.596955125 98.5503957031 1.23065757751 123.550453057 25.8377418518 8388608 0.660276042766 0.0 0.660276042766 -0.680148837339 1.02562938343 -1.02562938343 -0.680148837339 
102.606241248 71.3529091643 1.59396195412 130.048713855 25.6297950745 8388608 0.393590038111 0.0 0.393590038111 -1.02561677799 1.22017414162 -1.22017414162 -1.02561677799 
131.660136906 127.421973636 2.64704275131 134.317862399 25.6049060822 11338240 0.142717782464 0.0 0.142717782464 -1.8493256442 1.89389281349 -1.89389281349 -1.8493256442 
126.316634734 86.6035540548 4.63083314896 146.313831537 25.268321991 18350337 0.0466317520519 0.0 0.0466317520519 -3.85326088117 2.56846184225 -2.56846184225 -3.85326088117 
220.941134401 128.20973178 2.63414597511 138.246923725 24.2716236115 11010560 0.14411869578 0.0 0.14411869578 -1.96512985308 1.75413502295 -1.75413502295 -1.96512985308 
189.614327811 116.381933705 1.81725680828 124.688034873 23.7007751465 17563648 0.302808032094 0.0 0.302808032094 -1.03421506412 1.49426286456 -1.49426286456 -1.03421506412 
152.989337028 75.5461589345 1.9791585207 145.62755647 22.1051044464 23724032 0.25529296022 0.0 0.25529296022 -1.63356800173 1.11737372162 -1.11737372162 -1.63356800173 
168.251913984 130.620017425 1.97482085228 143.907714621 21.996181488 23592960 0.256415687255 0.0 0.256415687255 -1.59579192448 1.16334239688 -1.16334239688 -1.59579192448 
179.526780509 77.400645975 2.30241203308 150.313759024 21.3918991089 17957120 0.188640051928 0.0 0.188640051928 -2.0002215335 1.14026969924 -1.14026969924 -2.0002215335 
168.627752849 121.884964425 1.30044901371 147.641386536 21.0307388306 8388608 0.591307436335 0.0 0.591307436335 -1.09850846308 0.696022121628 -0.696022121628 -1.09850846308 
57.3957423913 93.0082102165 1.41089916229 138.107134341 20.7212848663 8388608 0.50235189953 0.0 0.50235189953 -1.05026585506 0.942113623642 -0.942113623642 -1.05026585506 
70.7849556411 46.1189950395 1.59413814545 122.108868405 19.8443756104 8388608 0.393503040231 0.0 0.393503040231 -0.847331759224 1.35029823246 -1.35029823246 -0.847331759224 
187.37882326 61.9425152766 1.56788372993 145.732830776 19.484752655 8388608 0.406791896667 0.0 0.406791896667 -1.29573213746 0.882801007329 -0.882801007329 -1.29573213746 
50.8177455002 64.721228417 1.34239447117 144.15153109 19.4092674255 8388608 0.554931899587 0.0 0.554931899587 -1.088102926 0.786164701994 -0.786164701994 -1.088102926 
209.59289705 91.1907372139 3.0142595768 153.760531213 19.0713768005 20775424 0.110062329663 0.0 0.110062329663 -2.70365224764 1.33267599968 -1.33267599968 -2.70365224764 
130.787414061 119.088117637 5.00049638748 138.893388416 19.0403823853 23920897 0.0399920589829 0.0 0.0399920589829 -3.76781167271 3.28763734621 -3.28763734621 -3.76781167271 
156.256248591 128.956297171 3.06668925285 151.057260437 18.5807685852 22020608 0.106331136937 0.0 0.106331136937 -2.68367135988 1.48407917772 -1.48407917772 -2.68367135988 
77.3655862469 72.7963254994 2.65856671333 144.800697907 18.4453487396 11665920 0.141483200122 0.0 0.141483200122 -2.17245289335 1.53245730623 -1.53245730623 -2.17245289335 
177.724676213 53.9712978522 1.46231007576 154.112583648 17.744550705 8388608 0.467650125413 0.0 0.467650125413 -1.31557265606 0.638450737568 -0.638450737568 -1.31557265606 
172.148557814 120.847228458 2.76213955879 143.573626683 17.6937522888 14418432 0.131071649343 0.0 0.131071649343 -2.22247428042 1.64012896295 -1.64012896295 -2.22247428042 
153.970322668 103.775152749 3.30269551277 157.825857505 17.568195343 10616833 0.0916775349231 0.0 0.0916775349231 -3.05843148684 1.24651293231 -1.24651293231 -3.05843148684 
61.1580525224 59.1861670871 1.53433859348 131.484165444 16.5288181305 8388608 0.424773663276 0.0 0.424773663276 -1.01636588852 1.1494325992 -1.1494325992 -1.01636588852 
65.6350381729 37.6793332633 2.06643509865 122.467429096 16.5016040802 10158336 0.234183590577 0.0 0.234183590577 -1.10930385337 1.74344457263 -1.74344457263 -1.10930385337 
147.289257451 100.733343129 1.51487576962 129.021357585 16.3528499603 8388608 0.435758594771 0.0 0.435758594771 -0.953780988434 1.17692413667 -1.17692413667 -0.953780988434 
133.603286794 82.6176854245 1.98435294628 145.8025967 16.1881408691 23920640 0.253958152695 0.0 0.253958152695 -1.64127032241 1.11529742409 -1.11529742409 -1.64127032241 
81.0084008884 113.229489954 1.77216207981 148.315586883 16.0908622742 15728640 0.318414708728 0.0 0.318414708728 -1.50802846101 0.930810720767 -0.930810720767 -1.50802846101 
81.933290594 121.21871443 1.30716145039 151.982146459 15.0439357758 8388608 0.585250154314 0.0 0.585250154314 -1.15396377701 0.614034737393 -0.614034737393 -1.15396377701 
75.9330105249 119.193160824 1.32440710068 154.301173768 14.9047050476 8388608 0.570107821103 0.0 0.570107821103 -1.19340457106 0.574316722803 -0.574316722803 -1.19340457106 
217.71082206 100.756783952 1.36908626556 135.576704115 13.0285081863 8388608 0.533504850859 0.0 0.533504850859 -0.977785179713 0.958297106793 -0.958297106793 -0.977785179713 
143.87172106 128.944150945 2.01577663422 135.772045262 11.9432373047 25034752 0.246102024546 0.0 0.246102024546 -1.44444581655 1.40603404017 -1.40603404017 -1.44444581655 
136.990155286 94.0694984634 1.42525017262 123.102116351 11.8871326447 8388608 0.49228635173 0.0 0.49228635173 -0.77837601527 1.19392999518 -1.19392999518 -0.77837601527 
142.037495051 119.632651896 1.46467137337 142.014356917 11.0034160614 8388608 0.466143478919 0.0 0.466143478919 -1.15440271084 0.901452501894 -0.901452501894 -1.15440271084 
128.034579804 99.5280351975 1.34300363064 127.979601362 10.8316650391 8388608 0.554428601831 0.0 0.554428601831 -0.826458764197 1.05859560881 -1.05859560881 -0.826458764197 
138.595653108 98.7754343824 2.00801181793 125.981553059 10.3773059845 24772608 0.248009017033 0.0 0.248009017033 -1.179756643 1.62489560411 -1.62489560411 -1.179756643 
178.574194833 115.443064707 1.44659006596 130.905442823 10.2383880615 8388608 0.477869203641 0.0 0.477869203641 -0.947245421325 1.09332014099 -1.09332014099 -0.947245421325 
167.058857284 53.7647407967 1.2735440731 148.296030341 10.1521587372 8388608 0.616555309305 0.0 0.616555309305 -1.08349907776 0.669286377147 -0.669286377147 -1.08349907776 
55.0642384814 49.2498409579 1.40862321854 126.85259186 10.120970726 8388608 0.503976533146 0.0 0.503976533146 -0.844833520821 1.12715380224 -1.12715380224 -0.844833520821 
163.508254332 45.4605208528 1.46239638329 153.599050244 10.0625953674 8388608 0.467594927609 0.0 0.467594927609 -1.30987485996 0.650254590986 -0.650254590986 -1.30987485996 
49.4179208466 53.8871211535 1.52988243103 128.84291104 9.71664142609 8388608 0.427251784631 0.0 0.427251784631 -0.959522849783 1.19157717061 -1.19157717061 -0.959522849783 
126.246489992 92.9760825194 1.19185328484 128.249291338 9.63355064392 8388608 0.70397040944 0.0 0.70397040944 -0.737857580372 0.935991689953 -0.935991689953 -0.737857580372 
220.23100713 107.499103078 1.49677717686 144.199680399 9.05296325684 8388608 0.446360438262 0.0 0.446360438262 -1.21397692931 0.875558069041 -0.875558069041 -1.21397692931 
227.567534199 64.504048997 1.16466665268 136.702460241 8.92354774475 8388608 0.737219337834 0.0 0.737219337834 -0.847646958557 0.798713368808 -0.798713368808 -0.847646958557 
120.352127487 135.911133732 1.3157324791 140.836633319 8.90973091125 8388608 0.577650041765 0.0 0.577650041765 -1.02015111478 0.830929395056 -0.830929395056 -1.02015111478 
245.134301556 70.1332961486 3.01364421844 150.885696996 8.85143089294 20709888 0.110107281677 0.0 0.110107281677 -2.63287265136 1.466299109 -1.466299109 -2.63287265136 
155.252972397 112.943377004 1.31702160835 154.866897282 8.31715202332 8388608 0.576519762478 0.0 0.576519762478 -1.19233069906 0.559368770087 -0.559368770087 -1.19233069906 
200.559715482 85.474056886 1.30556559563 142.740064059 8.02005577087 8388608 0.586681786807 0.0 0.586681786807 -1.03909577165 0.790431212578 -0.790431212578 -1.03909577165 
215.251449192 53.5282996852 3.09742259979 141.007237011 7.41325712204 22741504 0.104231520803 0.0 0.104231520803 -2.40739565696 1.94896713994 -1.94896713994 -2.40739565696 
195.881960493 83.86773662 1.33164060116 145.85600305 7.14833450317 8388608 0.563930967221 0.0 0.563930967221 -1.10210515216 0.747416165358 -0.747416165358 -1.10210515216 
269.065833013 121.181074342 1.14282023907 135.661715663 6.10232162476 8388608 0.765674447708 0.0 0.765674447708 -0.817374635667 0.798709461436 -0.798709461436 -0.817374635667 
142.600597132 109.584356358 2.36277246475 135.552326586 5.95159912109 19857664 0.179124997738 0.0 0.179124997738 -1.68676027724 1.65454933057 -1.65454933057 -1.68676027724 
220.2593831 116.237862643 1.98714947701 153.149775329 5.27708435059 24051712 0.253243861145 0.0 0.253243861145 -1.77291537415 0.897515526365 -0.897515526365 -1.77291537415 
138.795668723 153.108698444 1.26565384865 129.516507361 5.27129745483 8388608 0.624266617587 0.0 0.624266617587 -0.805336182966 0.97637764057 -0.97637764057 -0.805336182966 
39.4201747232 143.353508695 1.30271971226 124.882497169 4.66900634766 8388608 0.589247882391 0.0 0.589247882391 -0.745019287291 1.06865565561 -1.06865565561 -0.745019287291 
91.0265632334 144.783798996 1.45291829109 127.953565797 4.6654624939 8388608 0.473715524486 0.0 0.473715524486 -0.893577651624 1.14563979553 -1.14563979553 -0.893577651624 
70.0461101917 141.861704847 1.66034781933 125.92197972 4.27224349976 11010048 0.362745344839 0.0 0.362745344839 -0.974097940186 1.34457728825 -1.34457728825 -0.974097940186 
138.071425203 112.038439664 1.4797847271 138.626860134 3.89022827148 8388608 0.456670458735 0.0 0.456670458735 -1.11046154761 0.978078723742 -0.978078723742 -1.11046154761 
40.8865436735 132.033560503 1.3738489151 125.301018203 3.68075942993 8388608 0.529812316103 0.0 0.529812316103 -0.793908995938 1.12123563433 -1.12123563433 -0.793908995938 
35.5562956887 131.75267918 1.30612897873 125.228079817 3.65835571289 8388608 0.586175779627 0.0 0.586175779627 -0.753417928343 1.06692752065 -1.06692752065 -0.753417928343 
25.4772871941 151.409832807 1.41644763947 125.203688641 3.23645782471 8388608 0.498424004395 0.0 0.498424004395 -0.816560706796 1.15739039544 -1.15739039544 -0.816560706796 
193.939868197 124.722945195 1.32762515545 134.56811715 3.23318099976 8388608 0.56734738126 0.0 0.56734738126 -0.93166988747 0.945822274089 -0.945822274089 -0.93166988747 
62.5758013626 151.124057537 1.68986654282 124.675751144 2.97853088379 12320768 0.350183101504 0.0 0.350183101504 -0.961418345374 1.38972072652 -1.38972072652 -0.961418345374 
43.9952507817 35.6352454552 1.59057939053 129.266281241 2.36950016022 8388608 0.395265853822 0.0 0.395265853822 -1.00671802605 1.23144695931 -1.23144695931 -1.00671802605 
43.7926473954 44.7966130513 1.72317159176 128.809781078 1.95770978928 13697024 0.336777406039 0.0 0.336777406039 -1.0799751261 1.34274869639 -1.34274869639 -1.0799751261 
73.40195404 83.0386498116 1.5289504528 143.104367466 1.59862327576 8388608 0.42777280965 0.0 0.42777280965 -1.22274819419 0.917919572045 -0.917919572045 -1.22274819419 
215.387124208 51.2039333817 1.31927609444 130.630511657 0.158309698105 8388608 0.574551038535 0.0 0.574551038535 -0.859084173988 1.00123113982 -1.00123113982 -0.859084173988 
178.839205007 42.1829086658 1.49326527119 139.516997047 0.11154460907 8388608 0.448462434632 0.0 0.448462434632 -1.13577546541 0.96946132584 -0.96946132584 -1.13577546541 
235.753763595 51.2817730839 1.3409024477 129.500116424 -0.0957252979279 8388608 0.556167533188 0.0 0.556167533188 -0.85292094493 1.03467155946 -1.03467155946 -0.85292094493 
215.107748687 43.4399627908 1.60038113594 129.979872534 -0.100507259369 8388608 0.390438964942 0.0 0.390438964942 -1.02827443225 1.22632437481 -1.22632437481 -1.02827443225 
243.665283111 44.4773963491 1.73946774006 130.904556922 -0.135171175003 14417920 0.330496787511 0.0 0.330496787511 -1.13900508896 1.31469214116 -1.31469214116 -1.13900508896 
223.801361503 44.5371977287 1.31597065926 130.512212212 -0.271482944489 8388608 0.577440960615 0.0 0.577440960615 -0.854867843428 1.00048975322 -1.00048975322 -0.854867843428 
252.962250888 23.6130749814 1.24318218231 131.780125433 -0.299562931061 8388608 0.647038981409 0.0 0.647038981409 -0.828299768854 0.927049853748 -0.927049853748 -0.828299768854 
209.46690602 43.4617825242 1.53060162067 130.097850821 -0.398577690125 8388608 0.426850370097 0.0 0.426850370097 -0.985852754307 1.17082691634 -1.17082691634 -0.985852754307 
239.68514302 35.4803933665 1.53117692471 130.506149575 -0.432473182678 8388608 0.426529672206 0.0 0.426529672206 -0.994544826108 1.16420932981 -1.16420932981 -0.994544826108 
215.767923105 33.7761176646 1.35199165344 131.015371309 -0.467159748077 8388608 0.547081437041 0.0 0.547081437041 -0.887260041861 1.02012305586 -1.02012305586 -0.887260041861 
261.220699173 35.4502082074 2.04539299011 132.681924866 -0.501386642456 9437440 0.239026731871 0.0 0.239026731871 -1.38662875392 1.50362667668 -1.50362667668 -1.38662875392 
255.698943131 43.8548415456 1.28706371784 130.675569034 -0.517736673355 8388608 0.603670431967 0.0 0.603670431967 -0.838876051845 0.976124983508 -0.976124983508 -0.838876051845 
202.472077874 36.3090610108 1.54635083675 131.531545628 -0.529349803925 8388608 0.418199907703 0.0 0.418199907703 -1.02528055826 1.15758398709 -1.15758398709 -1.02528055826 
224.597217027 33.6021272344 1.296256423 132.195699198 -0.699318408966 8388608 0.595138652472 0.0 0.595138652472 -0.870650044818 0.960338072565 -0.960338072565 -0.870650044818 
