13
127
121.055456192 58.8707091674 2.33489584923 352.906188965 122.71043396 19005696 0.183427722506 0.0 0.183427722506 2.31702288288 -0.288346296936 0.288346296936 2.31702288288 
214.531416071 122.803021011 1.53776073456 269.296264648 114.244781494 8388608 0.422885179711 0.0 0.422885179711 -0.0188870697121 -1.53764474289 1.53764474289 -0.0188870697121 
75.0108272702 47.5920736586 5.40204668045 260.529174805 112.988006592 12780033 0.0342675720488 0.0 0.0342675720488 -0.888881777395 -5.32841416592 5.32841416592 -0.888881777395 
221.746146165 122.045142367 1.51896679401 77.6276855469 112.978355408 8388608 0.433414503532 0.0 0.433414503532 0.325458944531 1.48369019567 -1.48369019567 0.325458944531 
57.876371201 48.2814872823 4.18471813202 251.248046875 111.7917099 11075841 0.0571041377819 0.0 0.0571041377819 -1.34526863817 -3.96258982682 3.96258982682 -1.34526863817 
219.367704948 111.235576953 2.25761938095 81.3313903809 106.011550903 16515328 0.196199795594 0.0 0.196199795594 0.340266667997 2.23182971212 -2.23182971212 0.340266667997 
14.7112686705 107.950437457 1.42138004303 55.5844421387 101.40447998 8388608 0.494970793146 0.0 0.494970793146 0.803351251301 1.17258176421 -1.17258176421 0.803351251301 
147.921334033 95.3380323369 2.13279747963 83.6900024414 100.967597961 12452096 0.219836986565 0.0 0.219836986565 0.234410963617 2.11987655047 -2.11987655047 0.234410963617 
118.855744137 47.2128169351 1.81602406502 80.4532775879 99.643157959 17498112 0.303219272522 0.0 0.303219272522 0.301190909565 1.79087337373 -1.79087337373 0.301190909565 
237.074907033 118.811695665 1.29806411266 174.370056152 97.899810791 8388608 0.593482221358 0.0 0.593482221358 -1.29180259592 0.127343997782 -0.127343997782 -1.29180259592 
16.0692521799 98.6390875235 1.77986192703 185.837127686 94.6120452881 16056320 0.315665684957 0.0 0.315665684957 -1.77063337042 -0.181013664822 0.181013664822 -1.77063337042 
40.5316354057 50.8476415357 2.91557121277 53.8391723633 94.4701538086 18350592 0.11763937079 0.0 0.11763937079 1.7203439362 2.35392698228 -2.35392698228 1.7203439362 
101.162644694 45.717713743 5.18166160583 272.793151855 94.439414978 9765377 0.0372444791334 0.0 0.0372444791334 0.252504388159 -5.1755056305 5.1755056305 0.252504388159 
206.756530992 123.539911802 1.40177774429 352.646575928 94.3664474487 8388608 0.508910813483 0.0 0.508910813483 1.39024886961 -0.179412722367 0.179412722367 1.39024886961 
116.008345348 43.9674315969 3.68160748482 281.574462891 90.989730835 18481153 0.0737776863067 0.0 0.0737776863067 0.738682504461 -3.6067411648 3.6067411648 0.738682504461 
229.030846231 110.385911107 2.09626674652 89.3120117188 90.5649261475 11206912 0.227565755806 0.0 0.227565755806 0.0251706549996 2.09611562436 -2.09611562436 0.0251706549996 
33.2691090969 124.739389125 4.0445971489 16.2297363281 90.4707641602 8585473 0.0611293048681 0.0 0.0611293048681 3.88341494066 1.13042226426 -1.13042226426 3.88341494066 
104.487301735 50.546117184 1.92206263542 75.9298095703 87.4671630859 21626880 0.270685459737 0.0 0.270685459737 0.467273374853 1.86439812477 -1.86439812477 0.467273374853 
212.507882869 111.069487315 5.4876871109 67.2762145996 86.2911605835 13959681 0.0332063634596 0.0 0.0332063634596 2.11983308721 5.06172080517 -5.06172080517 2.11983308721 
148.669990565 140.070135439 1.53011107445 109.619125366 85.6866149902 8388608 0.427124106307 0.0 0.427124106307 -0.51375929095 1.44128112841 -1.44128112841 -0.51375929095 
95.1364481676 92.0213082072 2.23307847977 14.0634460449 84.5886459351 15728896 0.200535851979 0.0 0.200535851979 2.16614695682 0.542629577375 -0.542629577375 2.16614695682 
15.9815516109 126.635301064 1.79728865623 174.655441284 83.8182830811 16777216 0.309573896518 0.0 0.309573896518 -1.7894750531 0.167408327603 -0.167408327603 -1.7894750531 
217.747471698 101.413098974 2.16698217392 356.354797363 83.4372406006 13566208 0.212955726278 0.0 0.212955726278 2.1625981094 -0.137772128206 0.137772128206 2.1625981094 
149.916273141 86.3734834755 1.59347736835 108.089477539 79.5265655518 8388608 0.393829460563 0.0 0.393829460563 -0.494777687807 1.51471619887 -1.51471619887 -0.494777687807 
133.912400498 92.6350480123 1.58537757397 82.4255371094 77.6324005127 8388608 0.397863939798 0.0 0.397863939798 0.208975888229 1.57154418652 -1.57154418652 0.208975888229 
159.34636747 100.923001294 2.51658129692 148.615707397 76.7804946899 24379648 0.157898524146 0.0 0.157898524146 -2.14838934153 1.31057417234 -1.31057417234 -2.14838934153 
170.039638529 103.991175196 1.72290968895 120.813049316 75.6035461426 13697024 0.336879802181 0.0 0.336879802181 -0.88254064497 1.47970936547 -1.47970936547 -0.88254064497 
135.808083348 47.6842046437 5.35742759705 297.285186768 75.3385467529 12190209 0.0348407406743 0.0 0.0348407406743 2.45595086797 -4.76133760531 4.76133760531 2.45595086797 
85.9375007051 75.9853503349 3.90332531929 82.3038635254 75.1572418213 22740993 0.0656342463245 0.0 0.0656342463245 0.522730836004 3.86816507162 -3.86816507162 0.522730836004 
147.159431904 129.520801802 2.69353914261 163.074127197 73.6420135498 12583424 0.137833066299 0.0 0.137833066299 -2.57686099422 0.784181438978 -0.784181438978 -2.57686099422 
64.8745114967 71.6576142697 3.44511079788 109.089630127 71.4741744995 13697025 0.0842545983197 0.0 0.0842545983197 -1.12671269913 3.255657676 -3.255657676 -1.12671269913 
34.4486839146 128.377789152 1.24908590317 5.20086669922 71.0665359497 8388608 0.64093706291 0.0 0.64093706291 1.24394345089 0.113226695134 -0.113226695134 1.24394345089 
160.538388153 140.460782576 3.39017391205 96.5580444336 65.2300415039 12517377 0.0870073707083 0.0 0.0870073707083 -0.387190778824 3.36799086322 -3.36799086322 -0.387190778824 
93.879993005 122.806957651 4.00567436218 38.8413696289 64.1554718018 24576001 0.0623230527942 0.0 0.0623230527942 3.11996100213 2.51222420198 -2.51222420198 3.11996100213 
101.9457013 157.959722038 1.35708367825 307.090209961 63.7567520142 8388608 0.542983641206 0.0 0.542983641206 0.818418756862 -1.08252798956 1.08252798956 0.818418756862 
87.6010816712 67.9747263368 1.58329725266 6.52081298828 60.5049934387 8388608 0.398910147119 0.0 0.398910147119 1.57305437782 0.179805769341 -0.179805769341 1.57305437782 
135.167363587 122.770702475 1.1122661829 99.172668457 58.905254364 8388608 0.808318527785 0.0 0.808318527785 -0.177306664132 1.09804299027 -1.09804299027 -0.177306664132 
129.403206146 56.5786439331 1.29688608646 168.596557617 58.3671302795 8388608 0.594560889937 0.0 0.594560889937 -1.27128464395 0.256415435032 -0.256415435032 -1.27128464395 
114.004661686 80.7501825217 1.53003835678 73.50390625 55.6297492981 8388608 0.427164706866 0.0 0.427164706866 0.434454352643 1.46706059476 -1.46706059476 0.434454352643 
188.225103987 67.4920432365 2.0783367157 330.50869751 54.2402229309 10551552 0.231509160555 0.0 0.231509160555 1.80904753339 -1.02314736268 1.02314736268 1.80904753339 
98.2458602962 149.319455846 1.52114784718 353.536590576 52.7436676025 8388608 0.432172517252 0.0 0.432172517252 1.51147935172 -0.171233589843 0.171233589843 1.51147935172 
135.59857296 70.486704482 2.21580553055 88.9937438965 52.6939468384 15204608 0.203674526795 0.0 0.203674526795 0.038913044555 2.21546381694 -2.21546381694 0.038913044555 
226.868348609 101.401139716 1.87650096416 153.884796143 52.313709259 19857408 0.283989587051 0.0 0.283989587051 -1.68493048764 0.825993414209 -0.825993414209 -1.68493048764 
104.785739723 66.2130573156 3.60133743286 101.884246826 51.2235565186 16908289 0.0771031941046 0.0 0.0771031941046 -0.741641934534 3.5241450802 -3.5241450802 -0.741641934534 
130.487351253 70.1800931701 2.27490162849 86.4739990234 51.105304718 17105152 0.193230090289 0.0 0.193230090289 0.139909838504 2.27059522073 -2.27059522073 0.139909838504 
113.781648614 135.263128573 1.51266252995 176.238708496 51.0157928467 8388608 0.437034680803 0.0 0.437034680803 -1.50940427696 0.0992303290714 -0.0992303290714 -1.50940427696 
135.93320886 129.316703077 1.49596118927 340.50302124 50.6189537048 8388608 0.446847514952 0.0 0.446847514952 1.41018141577 -0.499287747123 0.499287747123 1.41018141577 
140.148254652 69.2318230606 3.23181986809 91.130645752 50.5709838867 9043969 0.0957427080034 0.0 0.0957427080034 -0.0637709493908 3.23119063594 -3.23119063594 -0.0637709493908 
103.709901054 56.8176777943 1.35305404663 316.800872803 49.537322998 8388608 0.546222657728 0.0 0.546222657728 0.986348060596 -0.926214206576 0.926214206576 0.986348060596 
25.4372756822 77.5291414058 1.49726319313 295.345977783 49.1875534058 8388608 0.44607070533 0.0 0.44607070533 0.640953247613 -1.35313561917 1.35313561917 0.640953247613 
141.907406728 124.886707329 1.2801964283 156.860733032 48.0648765564 8388608 0.610164276989 0.0 0.610164276989 -1.17720769535 0.503075478466 -0.503075478466 -1.17720769535 
51.8535111711 60.8087076431 2.00605368614 38.9794311523 47.2219619751 24707072 0.248493422172 0.0 0.248493422172 1.55944963248 1.26189073832 -1.26189073832 1.55944963248 
197.23354776 143.191341213 3.81085681915 96.5126953125 46.4400901794 20971521 0.0688580526342 0.0 0.0688580526342 -0.432240191286 3.78626440085 -3.78626440085 -0.432240191286 
98.2204310174 119.990357881 1.78215539455 64.409942627 46.153717041 16121856 0.31485374324 0.0 0.31485374324 0.769765035605 1.60733930466 -1.60733930466 0.769765035605 
107.085248381 122.148983724 1.80364990234 151.11265564 46.0979614258 17039360 0.307394090949 0.0 0.307394090949 -1.57922400732 0.871323421546 -0.871323421546 -1.57922400732 
79.9761866769 62.5568571463 1.43013715744 333.164611816 45.9656105042 8388608 0.48892767324 0.0 0.48892767324 1.27612163691 -0.645605031664 0.645605031664 1.27612163691 
59.7609538181 69.0984964044 1.60109806061 103.499389648 44.4307670593 8388608 0.390089389032 0.0 0.390089389032 -0.373752334635 1.55686357528 -1.55686357528 -0.373752334635 
112.781702795 144.114422475 2.63738369942 176.308135986 41.9295730591 11076096 0.143765064878 0.0 0.143765064878 -2.63191052634 0.169822728951 -0.169822728951 -2.63191052634 
38.0964492287 36.332169263 2.74442410469 247.151702881 40.8941993713 13959680 0.132769264593 0.0 0.132769264593 -1.06563937205 -2.52908607903 2.52908607903 -1.06563937205 
158.787088008 133.434545069 1.59265840054 170.628753662 40.8887252808 8388608 0.394234590226 0.0 0.394234590226 -1.57140278449 0.259333896158 -0.259333896158 -1.57140278449 
129.170713197 82.3213438985 2.50200462341 98.6772460938 40.8679008484 23986432 0.159743716495 0.0 0.159743716495 -0.377473051964 2.47336637614 -2.47336637614 -0.377473051964 
24.0466416987 121.35276246 1.47380018234 183.704406738 39.8029289246 8388608 0.460386720408 0.0 0.460386720408 -1.47072090089 -0.0952208441734 0.0952208441734 -1.47072090089 
211.979698281 87.7719814131 2.99145674706 282.775634766 39.6656036377 20185600 0.111746658192 0.0 0.111746658192 0.661512173668 -2.91739868952 2.91739868952 0.661512173668 
137.620472191 57.890664793 1.49024224281 328.474334717 39.6201934814 8388608 0.450283735481 0.0 0.450283735481 1.27029147227 -0.779218530163 0.779218530163 1.27029147227 
50.881379883 71.0048843354 2.58151745796 106.787445068 39.2588005066 9503232 0.150054791327 0.0 0.150054791327 -0.745599080351 2.47150043438 -2.47150043438 -0.745599080351 
136.527594669 105.959012851 1.31079828739 308.012420654 38.4503440857 8388608 0.582007082192 0.0 0.582007082192 0.807231906941 -1.03274817775 1.03274817775 0.807231906941 
59.7016930382 41.0124441154 1.75778567791 258.109863281 38.1365776062 15138816 0.323644444671 0.0 0.323644444671 -0.362166664502 -1.72007145101 1.72007145101 -0.362166664502 
114.068685471 154.011993287 1.58352553844 199.402648926 37.2088394165 8388608 0.398795139243 0.0 0.398795139243 -1.49359284808 -0.526054688275 0.526054688275 -1.49359284808 
218.862627083 169.700186501 2.82224726677 77.8414001465 36.8008651733 15991296 0.125548022851 0.0 0.125548022851 0.59441746071 2.75893956389 -2.75893956389 0.59441746071 
101.240751454 68.4406958492 2.00235915184 95.130645752 36.5897636414 24576000 0.249411253951 0.0 0.249411253951 -0.179065043729 1.99433645182 -1.99433645182 -0.179065043729 
120.139498217 146.763730546 4.46351957321 190.754302979 36.5726928711 15728897 0.0501932264031 0.0 0.0501932264031 -4.38512404186 -0.832883015775 0.832883015775 -4.38512404186 
218.82345087 132.392626428 1.96051502228 270.06842041 35.8585662842 23068672 0.26017145828 0.0 0.26017145828 0.00234117087159 -1.96051362441 1.96051362441 0.00234117087159 
149.494495028 43.1478436372 2.33212208748 288.25289917 35.6565818787 18874624 0.183864309741 0.0 0.183864309741 0.730448298903 -2.21477735078 2.21477735078 0.730448298903 
94.2974254277 156.767222495 1.34769439697 329.134429932 35.6048774719 8388608 0.550575845516 0.0 0.550575845516 1.1568249486 -0.69140163865 0.69140163865 1.1568249486 
112.833471552 160.149724778 2.07590317726 210.309539795 34.7591934204 10486016 0.232052265522 0.0 0.232052265522 -1.79215115717 -1.04764890647 1.04764890647 -1.79215115717 
72.5743134842 60.3585888522 1.73936402798 119.819580078 33.596282959 14417920 0.330536201379 0.0 0.330536201379 -0.864934384076 1.5090645225 -1.5090645225 -0.864934384076 
193.249812672 86.1345813943 4.47967290878 286.840759277 32.6781845093 15991041 0.0498318936772 0.0 0.0498318936772 1.2978183357 -4.28755605645 4.28755605645 1.2978183357 
96.1903519366 162.545943423 1.502825737 302.983123779 31.1692295074 8388608 0.4427746535 0.0 0.4427746535 0.818126285553 -1.26061674456 1.26061674456 0.818126285553 
213.220300852 132.799666898 2.03420734406 271.315032959 31.0469055176 8978688 0.24166266707 0.0 0.24166266707 0.0466843260009 -2.03367157927 2.03367157927 0.0466843260009 
128.629236629 98.3607971737 1.24756157398 315.308532715 31.0349216461 8388608 0.642504273641 0.0 0.642504273641 0.886896785559 -0.87739613211 0.87739613211 0.886896785559 
183.959188137 102.316187914 2.02442932129 129.747192383 30.9423809052 8651008 0.24400277315 0.0 0.24400277315 -1.29442279303 1.55652937967 -1.55652937967 -1.29442279303 
128.918583639 114.910096955 2.28631591797 100.579650879 28.5076293945 17432832 0.191305528117 0.0 0.191305528117 -0.419772725081 2.24744996297 -2.24744996297 -0.419772725081 
117.215048178 95.0611403553 3.54085922241 299.413665771 28.0934085846 15663105 0.079759547088 0.0 0.079759547088 1.7389568087 -3.08443078224 3.08443078224 1.7389568087 
188.382386137 134.937301845 1.62939965725 156.873687744 26.7584667206 9699328 0.376655886193 0.0 0.376655886193 -1.49846309714 0.639962178226 -0.639962178226 -1.49846309714 
159.423399294 47.018834771 2.02350616455 130.896118164 26.6052703857 8651008 0.244225460078 0.0 0.244225460078 -1.32476844657 1.52956391201 -1.52956391201 -1.32476844657 
19.7722331559 63.9547660398 1.67784035206 214.059432983 25.9373283386 11796480 0.355221079766 0.0 0.355221079766 -1.39001871063 -0.939678791452 0.939678791452 -1.39001871063 
99.3747735945 127.819102404 1.5812343359 181.077713013 25.3038520813 8388608 0.399951681833 0.0 0.399951681833 -1.58095462176 -0.0297406955514 0.0297406955514 -1.58095462176 
90.1511087459 59.6211802932 1.48165750504 148.301757812 24.7274875641 8388608 0.455516748306 0.0 0.455516748306 -1.26063455125 0.778530340077 -0.778530340077 -1.26063455125 
27.2750775503 43.4134636856 2.80726981163 214.730392456 24.7263679504 15598080 0.126891253941 0.0 0.126891253941 -2.30713210165 -1.59934526005 1.59934526005 -2.30713210165 
98.2725171733 61.1459393166 1.48255360126 157.919891357 22.2116794586 8388608 0.454966260983 0.0 0.454966260983 -1.37382191734 0.55729572048 -0.55729572048 -1.37382191734 
105.11670007 95.9347829599 1.33239078522 159.791229248 20.8820648193 8388608 0.563296119051 0.0 0.563296119051 -1.25036901371 0.460263548502 -0.460263548502 -1.25036901371 
29.1175225873 112.943103579 1.57147920132 329.193634033 19.3510532379 8388608 0.404932584204 0.0 0.404932584204 1.34974820051 -0.804814683876 0.804814683876 1.34974820051 
109.222989553 95.9007328216 1.98060238361 156.017669678 19.2719764709 23789568 0.254920877784 0.0 0.254920877784 -1.80961866208 0.805025527434 -0.805025527434 -1.80961866208 
161.299056553 117.256357935 2.97759366035 273.861328125 19.2157745361 19857920 0.112789621111 0.0 0.112789621111 0.200516774845 -2.97083439949 2.97083439949 0.200516774845 
86.363016518 51.0443842573 1.36830854416 147.086181641 17.9266643524 8388608 0.534111491897 0.0 0.534111491897 -1.14867975188 0.743507296294 -0.743507296294 -1.14867975188 
139.348745326 109.315662952 3.85349154472 290.566314697 17.3204994202 21823489 0.0673428014793 0.0 0.0673428014793 1.35369790026 -3.60789399513 3.60789399513 1.35369790026 
144.020066056 116.179274797 2.02389121056 281.520141602 16.5725078583 8651008 0.244132540961 0.0 0.244132540961 0.404196175332 -1.98311902921 1.98311902921 0.404196175332 
171.475329402 120.261026311 3.86231470108 260.048400879 15.8713846207 21954561 0.0670354741699 0.0 0.0670354741699 -0.667470529883 -3.80420266836 3.80420266836 -0.667470529883 
200.693021267 134.274661615 1.75950920582 270.104003906 15.8088531494 15204352 0.323010703137 0.0 0.323010703137 0.00319387800547 -1.75950630704 1.75950630704 0.00319387800547 
202.126788763 83.0268700681 1.99838018417 285.445556641 15.2265262604 24444928 0.250405446452 0.0 0.250405446452 0.532213803667 -1.92620659008 1.92620659008 0.532213803667 
148.566049072 116.029653995 1.77899122238 278.206512451 12.8988237381 16056320 0.315974757692 0.0 0.315974757692 0.253935758917 -1.760774375 1.760774375 0.253935758917 
107.239305983 90.0718945946 1.44299733639 160.848693848 12.1677627563 8388608 0.480251733477 0.0 0.480251733477 -1.3631354026 0.473395381257 -0.473395381257 -1.3631354026 
179.734414301 133.523453323 1.69964885712 161.389389038 12.1095542908 12713984 0.346163749932 0.0 0.346163749932 -1.6107730689 0.542417143902 -0.542417143902 -1.6107730689 
188.658103386 75.3451229483 1.2177066803 290.203063965 10.8831396103 8388608 0.674395436533 0.0 0.674395436533 0.420533036194 -1.14278673632 1.14278673632 0.420533036194 
82.1452231282 122.357311328 1.30119681358 173.199401855 10.2565536499 8388608 0.590627980989 0.0 0.590627980989 -1.29204194668 0.154080354675 -0.154080354675 -1.29204194668 
226.499556812 157.926335522 1.42274129391 331.672668457 9.40568351746 8388608 0.494024089623 0.0 0.494024089623 1.25236959071 -0.675102360877 0.675102360877 1.25236959071 
220.647217846 155.967801694 2.30704045296 67.3551940918 9.34999465942 18088192 0.187883906065 0.0 0.187883906065 0.888250175376 2.1291893475 -2.1291893475 0.888250175376 
167.293739071 42.3723413972 1.54357457161 304.042419434 8.40350341797 8388608 0.419705604886 0.0 0.419705604886 0.864103133076 -1.27904192016 1.27904192016 0.864103133076 
210.169538305 63.828938657 3.71400427818 280.417572021 7.87141418457 19136513 0.0724961929399 0.0 0.0724961929399 0.671569179948 -3.65278285899 3.65278285899 0.671569179948 
216.057051455 156.748648689 1.35787010193 80.6417541504 7.85458374023 8388608 0.542354874818 0.0 0.542354874818 0.220799125327 1.33979810418 -1.33979810418 0.220799125327 
123.165391019 107.347431847 1.93263268471 295.480529785 7.81054019928 22020096 0.267732664332 0.0 0.267732664332 0.831426999524 -1.74464845699 1.74464845699 0.831426999524 
25.7701949455 36.7037055958 1.74519455433 179.903686523 6.26488494873 14614528 0.328331311691 0.0 0.328331311691 -1.74519208862 0.00293364846544 -0.00293364846544 -1.74519208862 
197.961847615 66.7215715355 1.29741084576 280.461273193 5.94798278809 8388608 0.594080027216 0.0 0.594080027216 0.235572044309 -1.27584509821 1.27584509821 0.235572044309 
178.541308157 80.71649451 1.68812036514 283.207702637 4.80162811279 12255232 0.350907929167 0.0 0.350907929167 0.385704699395 -1.64346653512 1.64346653512 0.385704699395 
228.431426853 66.9932906755 1.4689668417 241.404663086 4.34971237183 8388608 0.463421324841 0.0 0.463421324841 -0.703077498322 -1.28978510356 1.28978510356 -0.703077498322 
36.0562543149 118.083159505 1.23616278172 299.384857178 4.32470321655 8388608 0.654408109461 0.0 0.654408109461 0.606552295854 -1.07712243282 1.07712243282 0.606552295854 
188.913808558 33.8060785819 3.005433321 275.461547852 4.07424545288 20513280 0.110709733624 0.0 0.110709733624 0.286050243255 -2.99178954897 2.99178954897 0.286050243255 
185.310997009 41.9881512561 1.87928020954 276.638183594 4.02154159546 19988480 0.283150230454 0.0 0.283150230454 0.217243171847 -1.86668141638 1.86668141638 0.217243171847 
178.874717474 36.6267955405 1.94865703583 271.707092285 4.0192565918 22609920 0.263347488068 0.0 0.263347488068 0.0580504406839 -1.94779218338 1.94779218338 0.0580504406839 
200.156679559 32.4191235887 3.91207647324 285.727050781 4.01019668579 22872065 0.0653409325457 0.0 0.0653409325457 1.06038760221 -3.76562351617 3.76562351617 1.06038760221 
219.038296679 60.9091210873 1.88577497005 262.373565674 3.78079605103 20250624 0.281203204806 0.0 0.281203204806 -0.250268153543 -1.86909418944 1.86909418944 -0.250268153543 
169.06555467 29.6762670773 1.89436674118 283.433898926 3.76432037354 20578304 0.278658233291 0.0 0.278658233291 0.440105729117 -1.84253420519 1.84253420519 0.440105729117 
58.5951643175 174.005821526 1.33008050919 84.1055603027 3.65246200562 8388608 0.5652546467 0.0 0.5652546467 0.136593954331 1.32304809155 -1.32304809155 0.136593954331 
200.963550247 39.3214925358 1.66065502167 331.143798828 3.55393600464 11075584 0.362611149706 0.0 0.362611149706 1.45445764623 -0.801453714386 0.801453714386 1.45445764623 
232.46772568 76.5263827133 1.31818723679 299.879516602 3.50005722046 8388608 0.575500619382 0.0 0.575500619382 0.656691604346 -1.14296707214 1.14296707214 0.656691604346 
60.1069902237 101.639271524 1.32856738567 272.015014648 2.94663619995 8388608 0.566542932355 0.0 0.566542932355 0.0467142772054 -1.3277458622 1.3277458622 0.0467142772054 
186.986106593 163.025883569 1.30390202999 79.2338256836 1.34566116333 8388608 0.588179761708 0.0 0.588179761708 0.243570684873 1.2809503602 -1.2809503602 0.243570684873 
