13
122
57.8043846185 81.9011375454 2.54153490067 98.2242126465 103.980293274 8389120 0.154813148897 0.0 0.154813148897 -0.363559428096 2.51539742258 -2.51539742258 -0.363559428096 
174.961886272 81.1191950281 2.59108972549 84.8620300293 100.292327881 9830912 0.148948143872 0.0 0.148948143872 0.232043368372 2.58067856208 -2.58067856208 0.232043368372 
18.4926571756 80.9880685517 2.26429533958 197.752090454 99.8538894653 16777472 0.195044565723 0.0 0.195044565723 -2.15648018323 -0.690381491796 0.690381491796 -2.15648018323 
188.246157859 162.839317058 1.891289711 35.5726928711 95.4888687134 20447232 0.279565695849 0.0 0.279565695849 1.53833364699 1.10023014023 -1.10023014023 1.53833364699 
115.067957372 39.7983225043 2.30299544334 307.926849365 84.8321304321 17957120 0.188544488906 0.0 0.188544488906 1.41554744589 -1.81659391183 1.81659391183 1.41554744589 
52.8362389973 62.6943335063 4.66338157654 209.527572632 79.7597427368 18874625 0.0459830839497 0.0 0.0459830839497 -4.05769516335 -2.29831192176 2.29831192176 -4.05769516335 
199.019627124 66.4529839884 1.60091853142 338.238830566 73.590675354 8388608 0.390176884251 0.0 0.390176884251 1.48683275039 -0.59352212816 0.59352212816 1.48683275039 
117.792068314 47.4741331492 5.9255399704 276.500152588 73.4443588257 19464705 0.0284802722192 0.0 0.0284802722192 0.670805847184 -5.88744795783 5.88744795783 0.670805847184 
107.852929666 84.373588893 2.8542945385 84.2550964355 71.3941650391 16777728 0.122744609043 0.0 0.122744609043 0.285713625084 2.83995863296 -2.83995863296 0.285713625084 
116.066891323 39.833665605 1.31572949886 309.464019775 68.8978347778 8388608 0.577652658614 0.0 0.577652658614 0.836269163535 -1.01577458144 1.01577458144 0.836269163535 
31.4763329486 64.585867897 2.05464029312 262.427001953 65.0032119751 9765120 0.236880002279 0.0 0.236880002279 -0.270779487798 -2.0367192254 2.0367192254 -0.270779487798 
26.9401463438 66.910144288 1.26722288132 262.701568604 60.6886062622 8388608 0.622721682844 0.0 0.622721682844 -0.160984767436 -1.2569557413 1.2569557413 -0.160984767436 
53.7155512638 101.028922304 4.38377380371 109.606948853 57.9883422852 14418177 0.0520359785274 0.0 0.0520359785274 -1.47104465265 4.12958840467 -4.12958840467 -1.47104465265 
72.5112426093 83.80914944 3.4314391613 92.8169555664 57.9390296936 13434881 0.0849273148722 0.0 0.0849273148722 -0.168639260785 3.4272927388 -3.4272927388 -0.168639260785 
153.702412506 51.5132805214 6.20490980148 273.02444458 57.3888778687 22807041 0.0259734149953 0.0 0.0259734149953 0.32738348309 -6.19626707781 6.19626707781 0.32738348309 
181.470282981 60.3083918551 3.78982496262 329.610076904 57.071685791 20578305 0.0696244369234 0.0 0.0696244369234 3.26911307336 -1.91720446507 1.91720446507 3.26911307336 
60.1715056643 132.907314838 1.97209012508 38.9673461914 56.5389213562 23461888 0.257126289739 0.0 0.257126289739 1.53330893736 1.24020287214 -1.24020287214 1.53330893736 
53.9411687164 43.8354897012 1.35104835033 356.114196777 52.2827720642 8388608 0.547845649185 0.0 0.547845649185 1.34794242673 -0.0915579552058 0.0915579552058 1.34794242673 
64.4492121819 91.9099998557 1.28964030743 267.293029785 51.3932571411 8388608 0.601260679185 0.0 0.601260679185 -0.0609070918272 -1.28820124542 1.28820124542 -0.0609070918272 
204.221117541 98.1443763134 1.99152946472 80.4708251953 49.4958381653 24182784 0.252131163313 0.0 0.252131163313 0.32969729964 1.96404921004 -1.96404921004 0.32969729964 
186.229987921 99.1723128233 4.48995542526 81.2207336426 48.7638893127 16122113 0.0496039134435 0.0 0.0496039134435 0.685293885335 4.43734966073 -4.43734966073 0.685293885335 
177.722038866 91.0817645039 1.3085180521 266.954467773 48.5678939819 8388608 0.584037271085 0.0 0.584037271085 -0.0695209593263 -1.30666993877 1.30666993877 -0.0695209593263 
161.781745607 91.7411329864 1.27458059788 270.933959961 48.2998046875 8388608 0.615552916838 0.0 0.615552916838 0.0207756057886 -1.27441126591 1.27441126591 0.0207756057886 
196.978669875 98.3344374517 3.61255383492 81.1914978027 47.9897880554 17104897 0.0766251512022 0.0 0.0766251512022 0.553199324727 3.56994617849 -3.56994617849 0.553199324727 
72.7522375436 42.236669919 2.16963148117 269.340454102 44.9726104736 13697280 0.212435969171 0.0 0.212435969171 -0.0249746133864 -2.16948773511 2.16948773511 -0.0249746133864 
105.05394547 32.0596040056 1.86831057072 229.473632812 41.5124053955 19595264 0.286484980352 0.0 0.286484980352 -1.21402431154 -1.42011596697 1.42011596697 -1.21402431154 
18.5389175608 89.7692312294 1.56837904453 283.660858154 40.747127533 8388608 0.406534996846 0.0 0.406534996846 0.370410937631 -1.52401068389 1.52401068389 0.370410937631 
106.232006853 53.602612396 1.38726007938 269.541320801 40.7329101562 8388608 0.519618042036 0.0 0.519618042036 -0.0111055395563 -1.38721562666 1.38721562666 -0.0111055395563 
120.99207989 53.7743678918 1.35386931896 273.096740723 39.6188392639 8388608 0.54556500764 0.0 0.54556500764 0.0731387432661 -1.35189232451 1.35189232451 0.0731387432661 
75.6138653969 68.82815486 2.50647473335 270.081390381 38.4574279785 24117504 0.159174442672 0.0 0.159174442672 0.00356052166993 -2.50647220444 2.50647220444 0.00356052166993 
97.6262362675 47.8476074468 1.6823195219 94.0286560059 38.3400535583 11993088 0.353332048123 0.0 0.353332048123 -0.118192011309 1.67816257325 -1.67816257325 -0.118192011309 
165.970473657 42.6689749358 1.66848218441 278.65713501 37.9347610474 11403264 0.359216976002 0.0 0.359216976002 0.251142025502 -1.64947278932 1.64947278932 0.251142025502 
71.1820735761 101.527957381 3.07493805885 106.834274292 37.1138839722 22217216 0.105761415892 0.0 0.105761415892 -0.890515631534 2.94316597829 -2.94316597829 -0.890515631534 
31.4054159991 54.8924990778 1.8120880127 261.67010498 37.0870056152 17367040 0.30453795363 0.0 0.30453795363 -0.262521689371 -1.79297108966 1.79297108966 -0.262521689371 
31.5887508129 49.8853195024 3.41683197021 213.397720337 36.0503158569 13107201 0.0856550072169 0.0 0.0856550072169 -2.85260970376 -1.88078669463 1.88078669463 -2.85260970376 
160.055263929 56.4259534442 1.54823899269 345.527374268 35.8888511658 8388608 0.417180497719 0.0 0.417180497719 1.49910896348 -0.386931898518 0.386931898518 1.49910896348 
38.2417998422 92.0964125728 1.36037325859 78.6764221191 35.3348922729 8388608 0.540360789469 0.0 0.540360789469 0.267108829515 1.33389215302 -1.33389215302 0.267108829515 
208.615815639 89.2759605822 1.35947275162 359.886322021 35.1238899231 8388608 0.541076890352 0.0 0.541076890352 1.35947007585 -0.00269726695705 0.00269726695705 1.35947007585 
180.012548885 67.0550661418 1.3245074749 281.801177979 34.7483940125 8388608 0.570021416214 0.0 0.570021416214 0.270883205074 -1.29651160437 1.29651160437 0.270883205074 
150.73503758 116.444393971 4.09401702881 78.0901489258 34.5357894897 9437441 0.0596623987695 0.0 0.0596623987695 0.844892205845 4.00588724163 -4.00588724163 0.844892205845 
45.5196452134 91.191674954 1.2852448225 271.583099365 34.5005607605 8388608 0.605380285651 0.0 0.605380285651 0.0355071769803 -1.28475425438 1.28475425438 0.0355071769803 
117.868820174 100.403653817 3.0419986248 261.640350342 32.0658950806 21430784 0.108064232472 0.0 0.108064232472 -0.442264927693 -3.00967728619 3.00967728619 -0.442264927693 
57.4822276947 28.5770714872 3.54818034172 263.135070801 31.9825592041 15794177 0.0794307437689 0.0 0.0794307437689 -0.424110975537 -3.52274234337 3.52274234337 -0.424110975537 
185.115392279 90.5254181294 1.91072583199 96.9584960938 31.9619369507 21168128 0.273907074786 0.0 0.273907074786 -0.231485067176 1.89665175209 -1.89665175209 -0.231485067176 
43.0673410892 90.1322614386 1.75106310844 298.540527344 31.9428806305 14876672 0.32613424495 0.0 0.32613424495 0.83662338628 -1.53827283643 1.53827283643 0.83662338628 
84.9594162189 116.869552786 2.61588788033 97.8104553223 29.2803020477 10486272 0.146137525238 0.0 0.146137525238 -0.355489645393 2.59162044182 -2.59162044182 -0.355489645393 
99.6450321453 66.925124383 3.61664557457 269.476409912 28.9458370209 17235969 0.0764518675309 0.0 0.0764518675309 -0.033049788906 -3.6164945629 3.6164945629 -0.033049788906 
86.1482770291 55.5094390321 1.9663310051 342.283477783 28.7131462097 23265280 0.258634672319 0.0 0.258634672319 1.87307533568 -0.598369792414 0.598369792414 1.87307533568 
133.597543152 134.02676965 1.82207846642 2.57662963867 28.3585205078 17760256 0.301207546677 0.0 0.301207546677 1.82023632648 0.0819124749324 -0.0819124749324 1.82023632648 
52.4269892581 118.023456277 2.87370848656 277.40423584 28.0380020142 17302016 0.121091756509 0.0 0.121091756509 0.370331679837 -2.84974646462 2.84974646462 0.370331679837 
143.413781359 55.7310465346 2.04762554169 199.834121704 27.7104568481 9502976 0.238505788389 0.0 0.238505788389 -1.92615808374 -0.694755637207 0.694755637207 -1.92615808374 
50.0719036346 35.2243240843 1.8890556097 241.45904541 27.5503616333 20381696 0.280227346475 0.0 0.280227346475 -0.902565853927 -1.65948967333 1.65948967333 -0.902565853927 
44.7933021889 56.420832547 1.65629446507 201.70274353 27.008146286 10878976 0.364522968994 0.0 0.364522968994 -1.53888780939 -0.612483195795 0.612483195795 -1.53888780939 
196.352271619 168.999549736 1.67648601532 230.27230835 26.3273029327 11730944 0.355795236993 0.0 0.355795236993 -1.07150860419 -1.28936987351 1.28936987351 -1.07150860419 
79.7980380783 165.746073764 1.73363137245 269.810852051 25.694185257 14155776 0.332725805343 0.0 0.332725805343 -0.00572314795214 -1.73362192566 1.73362192566 -0.00572314795214 
194.048420614 174.800988296 2.68454694748 251.333694458 24.4669723511 12386816 0.138757987817 0.0 0.138757987817 -0.85920509067 -2.54333618017 2.54333618017 -0.85920509067 
163.607332675 134.49225434 1.57990467548 304.308410645 22.7133750916 8388608 0.400625170191 0.0 0.400625170191 0.8905090183 -1.30502585106 1.30502585106 0.8905090183 
130.860087515 66.3115731375 3.43231654167 272.747070312 22.5176258087 13434881 0.0848839016063 0.0 0.0848839016063 0.164500822472 -3.42837225541 3.42837225541 0.164500822472 
114.522595731 70.5941336599 1.33876132965 269.628845215 22.3565979004 8388608 0.55794794404 0.0 0.55794794404 -0.00867226526589 -1.33873324064 1.33873324064 -0.00867226526589 
97.1050341231 133.371941617 2.03520464897 82.5965576172 22.3050861359 9044224 0.24142588271 0.0 0.24142588271 0.26224665498 2.01823800756 -2.01823800756 0.26224665498 
159.097885186 49.1363116573 1.38099229336 354.330535889 22.2646656036 8388608 0.524345433371 0.0 0.524345433371 1.37423697799 -0.136427426317 0.136427426317 1.37423697799 
132.523302988 165.624016811 1.70147538185 272.643157959 22.1089763641 12779520 0.345420938975 0.0 0.345420938975 0.0784642999289 -1.69966521076 1.69966521076 0.0784642999289 
139.737811545 165.567019303 1.68227648735 272.568328857 22.0121479034 11993088 0.353350125628 0.0 0.353350125628 0.0753841292196 -1.68058662763 1.68058662763 0.0753841292196 
150.763392269 165.445852677 1.69572067261 266.77331543 21.8750152588 12582912 0.347769403627 0.0 0.347769403627 -0.0954461923984 -1.69303237532 1.69303237532 -0.0954461923984 
68.2423758476 57.7233615319 1.43130004406 194.143066406 21.7509746552 8388608 0.48813351903 0.0 0.48813351903 -1.38791537592 -0.349729503205 0.349729503205 -1.38791537592 
113.847487771 28.947576853 1.3618710041 308.195373535 21.6152687073 8388608 0.539172897354 0.0 0.539172897354 0.842106041216 -1.07030371725 1.07030371725 0.842106041216 
173.44450766 121.357089805 3.6374912262 257.753387451 21.4820556641 17629185 0.0755781211163 0.0 0.0755781211163 -0.771584259714 -3.55471519968 3.55471519968 -0.771584259714 
123.850404109 97.4509040772 1.49442529678 271.219299316 21.4652366638 8388608 0.447766480147 0.0 0.447766480147 0.0318001470235 -1.49408691793 1.49408691793 0.0318001470235 
71.2039282977 56.416068523 2.29013514519 267.138671875 21.3375320435 17563904 0.190667984919 0.0 0.190667984919 -0.114320893164 -2.28727998212 2.28727998212 -0.114320893164 
135.719265816 117.261320298 3.0170981884 78.6054992676 21.0854682922 20840960 0.109855324643 0.0 0.109855324643 0.596067731883 2.95763160949 -2.95763160949 0.596067731883 
24.7428292342 169.375423074 1.61424601078 127.859069824 19.6346302032 8978432 0.383760751883 0.0 0.383760751883 -0.99069723823 1.274483882 -1.274483882 -0.99069723823 
170.339249472 65.8701839332 1.47361707687 267.34185791 19.554271698 8388608 0.460501138957 0.0 0.460501138957 -0.0683414836271 -1.47203149792 1.47203149792 -0.0683414836271 
161.654485752 65.0945118161 1.72178423405 270.776794434 19.4892024994 13631488 0.337320353247 0.0 0.337320353247 0.0233425820774 -1.72162599669 1.72162599669 0.0233425820774 
110.213395699 28.75787241 1.41434562206 234.717010498 19.1869354248 8388608 0.499906632776 0.0 0.499906632776 -0.81694766582 -1.15454322135 1.15454322135 -0.81694766582 
107.288830011 134.672041507 5.96335887909 79.699432373 18.6022071838 19988993 0.0281201807206 0.0 0.0281201807206 1.06631990376 5.86724901326 -5.86724901326 1.06631990376 
97.1927927729 97.5587985932 1.43489527702 84.0110778809 17.8966407776 8388608 0.48569047644 0.0 0.48569047644 0.149711484711 1.42706374327 -1.42706374327 0.149711484711 
145.085137321 99.737712754 2.96743679047 95.4973144531 17.5760917664 19595776 0.113563049585 0.0 0.113563049585 -0.284277763648 2.95378862793 -2.95378862793 -0.284277763648 
133.969330599 53.4953322002 1.43563878536 198.000152588 17.3925628662 8388608 0.485187534595 0.0 0.485187534595 -1.36537244038 -0.443640418669 0.443640418669 -1.36537244038 
80.9445747061 151.722290876 6.87270927429 261.707794189 17.3520317078 13500418 0.0211711307349 0.0 0.0211711307349 -0.991193060856 -6.80085796683 6.80085796683 -0.991193060856 
121.428529988 135.051684726 1.60555362701 81.1781921387 16.456243515 8585216 0.387927321701 0.0 0.387927321701 0.246230857024 1.58656005694 -1.58656005694 0.246230857024 
171.788889109 132.062967067 1.95605385303 176.015350342 15.764087677 22872064 0.261359556935 0.0 0.261359556935 -1.9513254903 0.135924636697 -0.135924636697 -1.9513254903 
32.1937596734 169.161415861 1.4070854187 313.241027832 15.3305568695 8388608 0.505078724278 0.0 0.505078724278 0.963950493056 -1.02503113243 1.02503113243 0.963950493056 
177.425624492 139.692859487 3.75290584564 102.90838623 14.9987831116 19857409 0.07100103219 0.0 0.07100103219 -0.838372095516 3.65806431268 -3.65806431268 -0.838372095516 
155.893834027 97.0106088471 1.52525126934 97.8071289062 14.667301178 8388608 0.429850275889 0.0 0.429850275889 -0.207188367848 1.511113634 -1.511113634 -0.207188367848 
75.3887737654 90.8653600474 1.28674817085 264.013366699 14.3741168976 8388608 0.603966542345 0.0 0.603966542345 -0.134203260495 -1.27973057323 1.27973057323 -0.134203260495 
28.4290850317 170.283050118 2.87384390831 307.686462402 14.1742038727 17302016 0.121080344566 0.0 0.121080344566 1.75689595407 -2.27426810554 2.27426810554 1.75689595407 
85.5776550045 132.416859719 2.20078492165 168.716918945 13.832529068 14680320 0.206464218299 0.0 0.206464218299 -2.15824920042 0.430598026271 -0.430598026271 -2.15824920042 
182.146724773 175.276041991 2.33326983452 282.516479492 12.3640537262 18940160 0.183683466694 0.0 0.183683466694 0.50566719192 -2.27781667649 2.27781667649 0.50566719192 
165.340021381 157.738742065 3.60166668892 254.546356201 12.109287262 16908289 0.0770890975568 0.0 0.0770890975568 -0.959695228577 -3.47145329888 3.47145329888 -0.959695228577 
48.8418713022 172.616171743 2.60422325134 226.401275635 12.0209445953 10158592 0.147449592209 0.0 0.147449592209 -1.79588126209 -1.88594518354 1.88594518354 -1.79588126209 
95.3744639933 53.9067481442 1.3207205534 270.123657227 11.8476486206 8388608 0.573294964251 0.0 0.573294964251 0.00285041089062 -1.32071747748 1.32071747748 0.00285041089062 
123.840254779 175.471426099 2.50048303604 274.194335938 11.8065757751 23920896 0.159938189301 0.0 0.159938189301 0.182884343345 -2.4937860234 2.4937860234 0.182884343345 
25.5460161644 149.812274023 1.77684533596 226.371414185 11.683637619 15925248 0.316738420533 0.0 0.316738420533 -1.22598909398 -1.28612988822 1.28612988822 -1.22598909398 
108.453311132 117.357641832 2.49092650414 270.011169434 11.5001239777 23658752 0.161167761023 0.0 0.161167761023 0.000485589658349 -2.4909264568 2.4909264568 0.000485589658349 
152.913778131 175.863284466 2.36940836906 272.540252686 11.4269561768 20054272 0.178123066749 0.0 0.178123066749 0.105015140143 -2.36708002394 2.36708002394 0.105015140143 
148.379685358 175.903116199 2.39694142342 272.280212402 11.3547668457 20906240 0.174054460842 0.0 0.174054460842 0.0953664124343 -2.39504351415 2.39504351415 0.0953664124343 
171.878046658 163.728742516 1.55283010006 275.278442383 11.1593761444 8388608 0.414717267475 0.0 0.414717267475 0.142854061775 -1.5462451412 1.5462451412 0.142854061775 
154.954725676 173.705363332 1.44964182377 271.85269165 10.8405570984 8388608 0.475859319522 0.0 0.475859319522 0.0468668254505 -1.448884025 1.448884025 0.0468668254505 
79.5275148221 175.520307848 2.46544265747 268.179992676 10.6728973389 22937856 0.164516775232 0.0 0.164516775232 -0.0783019127849 -2.46419891805 2.46419891805 -0.0783019127849 
197.963101806 147.648764468 1.25257134438 168.645233154 10.6156997681 8388608 0.637375045727 0.0 0.637375045727 -1.22805465669 0.246610488309 -0.246610488309 -1.22805465669 
99.6275364052 53.8925446437 1.32609570026 268.896057129 10.2010831833 8388608 0.56865683848 0.0 0.56865683848 -0.0255488856556 -1.32584956187 1.32584956187 -0.0255488856556 
24.1119044765 161.337242826 1.40875077248 170.939941406 10.1447658539 8388608 0.503885273168 0.0 0.503885273168 -1.3911749446 0.221835552759 -0.221835552759 -1.3911749446 
171.181104668 174.34416755 2.63731908798 278.199035645 9.2962436676 11076096 0.143772109138 0.0 0.143772109138 0.376114073944 -2.61036207742 2.61036207742 0.376114073944 
92.6482352477 176.209033999 2.41563272476 267.69140625 9.07982826233 21430528 0.171371339445 0.0 0.171371339445 -0.0973056972659 -2.41367211158 2.41367211158 -0.0973056972659 
25.1070329706 180.338740978 1.52257704735 261.526428223 8.76270484924 8388608 0.431361561712 0.0 0.431361561712 -0.224356603916 -1.50595649983 1.50595649983 -0.224356603916 
59.7504715263 174.014622284 1.79706788063 274.309753418 7.72910881042 16777216 0.3096499655 0.0 0.3096499655 0.135046912181 -1.79198641153 1.79198641153 0.135046912181 
157.548792455 77.4520205572 1.25402641296 260.956756592 7.64432907104 8388608 0.635896789217 0.0 0.635896789217 -0.197107706268 -1.23843885458 1.23843885458 -0.197107706268 
29.5828781908 176.277413158 1.48751366138 179.190231323 7.26661682129 8388608 0.451937182744 0.0 0.451937182744 -1.48736510189 0.0210225234668 -0.0210225234668 -1.48736510189 
87.5898082205 125.783091158 1.79501473904 173.340484619 6.92707252502 16646144 0.31035872716 0.0 0.31035872716 -1.78290348733 0.20816596318 -0.20816596318 -1.78290348733 
101.085520736 23.5224648583 1.76945030689 257.252502441 6.47763442993 15663104 0.319391430183 0.0 0.319391430183 -0.390437767125 -1.72583682269 1.72583682269 -0.390437767125 
39.1447009547 37.3949181484 1.28329825401 249.420928955 5.83488464355 8388608 0.607218218371 0.0 0.607218218371 -0.451078953714 -1.20140841776 1.20140841776 -0.451078953714 
172.488447652 171.347680416 1.54806435108 277.02746582 5.59261131287 8388608 0.417274629701 0.0 0.417274629701 0.189398126908 -1.53643469911 1.53643469911 0.189398126908 
35.1692289916 43.215398586 1.32996380329 189.520599365 5.42465591431 8388608 0.565353854578 0.0 0.565353854578 -1.31164514622 -0.219978927334 0.219978927334 -1.31164514622 
43.5080323647 33.2997282566 1.27791142464 187.175216675 4.88896942139 8388608 0.612348268889 0.0 0.612348268889 -1.26790387212 -0.159616353396 0.159616353396 -1.26790387212 
10.0224497808 61.4595233179 1.31786298752 201.092208862 4.8295249939 8388608 0.575783848538 0.0 0.575783848538 -1.22956943424 -0.474259275344 0.474259275344 -1.22956943424 
192.178976588 44.165137478 1.40379822254 294.522521973 3.62754440308 8388608 0.507446923245 0.0 0.507446923245 0.582647716429 -1.27717308465 1.27717308465 0.582647716429 
208.301300637 54.4728960328 1.61055672169 351.200378418 3.55641555786 8847360 0.385520920802 0.0 0.385520920802 1.5915994896 -0.246381855015 0.246381855015 1.5915994896 
150.884880181 48.3301408483 1.36081695557 285.466217041 1.33622574806 8388608 0.540008475573 0.0 0.540008475573 0.362889261861 -1.31153885577 1.31153885577 0.362889261861 
26.9135854847 127.778488647 1.34367668629 308.455078125 1.1980266571 8388608 0.553873307768 0.0 0.553873307768 0.835633677996 -1.05222782394 1.05222782394 0.835633677996 
108.750328042 125.769768389 1.60089087486 86.6294555664 1.15874481201 8388608 0.390190365547 0.0 0.390190365547 0.0941214558297 1.59812163016 -1.59812163016 0.0941214558297 
143.787456225 127.543446955 1.28431141376 7.34204101562 0.683752536774 8388608 0.60626055905 0.0 0.60626055905 1.27378126922 0.164125213495 -0.164125213495 1.27378126922 
117.708173977 125.72700914 1.57137620449 351.583892822 0.66482925415 8388608 0.404985669057 0.0 0.404985669057 1.55445441011 -0.229988397375 0.229988397375 1.55445441011 
