13
92
57.8043846185 81.9011375454 2.54153490067 141.192487837 103.980293274 8389120 0.154813148897 0.0 0.154813148897 -1.98050581979 1.5927951372 -1.5927951372 -1.98050581979 
174.961886272 81.1191950281 2.59108972549 135.976161786 100.292327881 9830912 0.148948143872 0.0 0.148948143872 -1.8631249373 1.8006974853 -1.8006974853 -1.8631249373 
188.246157859 162.839317058 1.891289711 132.265005538 95.4888687134 20447232 0.279565695849 0.0 0.279565695849 -1.27200702711 1.3996338428 -1.3996338428 -1.27200702711 
115.067957372 39.7983225043 2.30299544334 144.043585627 84.8321304321 17957120 0.188544488906 0.0 0.188544488906 -1.86419166394 1.35224903481 -1.35224903481 -1.86419166394 
107.852929666 84.373588893 2.8542945385 137.28036665 71.3941650391 16777728 0.122744609043 0.0 0.122744609043 -2.09699930347 1.93638612725 -1.93638612725 -2.09699930347 
116.066891323 39.833665605 1.31572949886 143.907611834 68.8978347778 8388608 0.577652658614 0.0 0.577652658614 -1.06319910524 0.775081787166 -0.775081787166 -1.06319910524 
26.9401463438 66.910144288 1.26722288132 125.490500546 60.6886062622 8388608 0.622721682844 0.0 0.622721682844 -0.735709015778 1.03178780524 -1.03178780524 -0.735709015778 
72.5112426093 83.80914944 3.4314391613 140.015115239 57.9390296936 13434881 0.0849273148722 0.0 0.0849273148722 -2.62921669364 2.20499303753 -2.20499303753 -2.62921669364 
60.1715056643 132.907314838 1.97209012508 136.681726352 56.5389213562 23461888 0.257126289739 0.0 0.257126289739 -1.43480203708 1.35295327925 -1.35295327925 -1.43480203708 
53.9411687164 43.8354897012 1.35104835033 126.540081791 52.2827720642 8388608 0.547845649185 0.0 0.547845649185 -0.804393904009 1.08548702992 -1.08548702992 -0.804393904009 
64.4492121819 91.9099998557 1.28964030743 137.788216744 51.3932571411 8388608 0.601260679185 0.0 0.601260679185 -0.95519329131 0.866474407456 -0.866474407456 -0.95519329131 
177.722038866 91.0817645039 1.3085180521 133.497538961 48.5678939819 8388608 0.584037271085 0.0 0.584037271085 -0.900683617985 0.949204147151 -0.949204147151 -0.900683617985 
161.781745607 91.7411329864 1.27458059788 138.272909165 48.2998046875 8388608 0.615552916838 0.0 0.615552916838 -0.951249531584 0.848339571839 -0.848339571839 -0.951249531584 
72.7522375436 42.236669919 2.16963148117 136.611648279 44.9726104736 13697280 0.212435969171 0.0 0.212435969171 -1.57670231293 1.4904061797 -1.4904061797 -1.57670231293 
106.232006853 53.602612396 1.38726007938 138.767415297 40.7329101562 8388608 0.519618042036 0.0 0.519618042036 -1.04327532498 0.914367062043 -0.914367062043 -1.04327532498 
120.99207989 53.7743678918 1.35386931896 137.194285901 39.6188392639 8388608 0.54556500764 0.0 0.54556500764 -0.993282608052 0.919973800371 -0.919973800371 -0.993282608052 
75.6138653969 68.82815486 2.50647473335 139.564961117 38.4574279785 24117504 0.159174442672 0.0 0.159174442672 -1.90778271879 1.62566315293 -1.62566315293 -1.90778271879 
97.6262362675 47.8476074468 1.6823195219 136.212229869 38.3400535583 11993088 0.353332048123 0.0 0.353332048123 -1.21447983839 1.16414676735 -1.16414676735 -1.21447983839 
165.970473657 42.6689749358 1.66848218441 141.394441418 37.9347610474 11403264 0.359216976002 0.0 0.359216976002 -1.30385199225 1.04105849115 -1.04105849115 -1.30385199225 
71.1820735761 101.527957381 3.07493805885 138.187675589 37.1138839722 22217216 0.105761415892 0.0 0.105761415892 -2.29185160981 2.0500390885 -2.0500390885 -2.29185160981 
31.4054159991 54.8924990778 1.8120880127 125.567657871 37.0870056152 17367040 0.30453795363 0.0 0.30453795363 -1.05402618251 1.47400535017 -1.47400535017 -1.05402618251 
160.055263929 56.4259534442 1.54823899269 129.966666363 35.8888511658 8388608 0.417180497719 0.0 0.417180497719 -0.994498668281 1.18659865889 -1.18659865889 -0.994498668281 
38.2417998422 92.0964125728 1.36037325859 145.271141559 35.3348922729 8388608 0.540360789469 0.0 0.540360789469 -1.11803256407 0.774995863455 -0.774995863455 -1.11803256407 
180.012548885 67.0550661418 1.3245074749 143.138586094 34.7483940125 8388608 0.570021416214 0.0 0.570021416214 -1.05972363955 0.794547581226 -0.794547581226 -1.05972363955 
150.73503758 116.444393971 4.09401702881 140.706372389 34.5357894897 9437441 0.0596623987695 0.0 0.0596623987695 -3.16840337592 2.5927197071 -2.5927197071 -3.16840337592 
45.5196452134 91.191674954 1.2852448225 145.666349579 34.5005607605 8388608 0.605380285651 0.0 0.605380285651 -1.06131300193 0.72489238215 -0.72489238215 -1.06131300193 
117.868820174 100.403653817 3.0419986248 141.796679801 32.0658950806 21430784 0.108064232472 0.0 0.108064232472 -2.39046657192 1.88133601514 -1.88133601514 -2.39046657192 
185.115392279 90.5254181294 1.91072583199 136.080016913 31.9619369507 21168128 0.273907074786 0.0 0.273907074786 -1.37631345211 1.32538088358 -1.32538088358 -1.37631345211 
43.0673410892 90.1322614386 1.75106310844 149.246774283 31.9428806305 14876672 0.32613424495 0.0 0.32613424495 -1.50482445475 0.895391182742 -0.895391182742 -1.50482445475 
84.9594162189 116.869552786 2.61588788033 139.537461698 29.2803020477 10486272 0.146137525238 0.0 0.146137525238 -1.99024710511 1.69758235825 -1.69758235825 -1.99024710511 
99.6450321453 66.925124383 3.61664557457 143.217437927 28.9458370209 17235969 0.0764518675309 0.0 0.0764518675309 -2.89662079429 2.16557456259 -2.16557456259 -2.89662079429 
86.1482770291 55.5094390321 1.9663310051 134.528637383 28.7131462097 23265280 0.258634672319 0.0 0.258634672319 -1.37892043202 1.40179744035 -1.40179744035 -1.37892043202 
133.597543152 134.02676965 1.82207846642 137.559868262 28.3585205078 17760256 0.301207546677 0.0 0.301207546677 -1.34466267278 1.22957400517 -1.22957400517 -1.34466267278 
52.4269892581 118.023456277 2.87370848656 148.432355965 28.0380020142 17302016 0.121091756509 0.0 0.121091756509 -2.44846487136 1.5044002923 -1.5044002923 -2.44846487136 
143.413781359 55.7310465346 2.04762554169 130.04262169 27.7104568481 9502976 0.238505788389 0.0 0.238505788389 -1.3173548065 1.5675926361 -1.5675926361 -1.3173548065 
50.0719036346 35.2243240843 1.8890556097 125.626431048 27.5503616333 20381696 0.280227346475 0.0 0.280227346475 -1.10037111217 1.53548510643 -1.53548510643 -1.10037111217 
44.7933021889 56.420832547 1.65629446507 128.607444298 27.008146286 10878976 0.364522968994 0.0 0.364522968994 -1.03349649598 1.2942937641 -1.2942937641 -1.03349649598 
79.7980380783 165.746073764 1.73363137245 140.781928722 25.694185257 14155776 0.332725805343 0.0 0.332725805343 -1.34312242147 1.09612950717 -1.09612950717 -1.34312242147 
163.607332675 134.49225434 1.57990467548 139.336969237 22.7133750916 8388608 0.400625170191 0.0 0.400625170191 -1.19844448843 1.02948025323 -1.02948025323 -1.19844448843 
130.860087515 66.3115731375 3.43231654167 137.381366799 22.5176258087 13434881 0.0848839016063 0.0 0.0848839016063 -2.52576252819 2.3240741153 -2.3240741153 -2.52576252819 
114.522595731 70.5941336599 1.33876132965 142.003332129 22.3565979004 8388608 0.55794794404 0.0 0.55794794404 -1.05500625656 0.824162421118 -0.824162421118 -1.05500625656 
97.1050341231 133.371941617 2.03520464897 138.897620528 22.3050861359 9044224 0.24142588271 0.0 0.24142588271 -1.53360015579 1.33795684734 -1.33795684734 -1.53360015579 
159.097885186 49.1363116573 1.38099229336 131.372564556 22.2646656036 8388608 0.524345433371 0.0 0.524345433371 -0.912770456831 1.03633479506 -1.03633479506 -0.912770456831 
132.523302988 165.624016811 1.70147538185 140.545046764 22.1089763641 12779520 0.345420938975 0.0 0.345420938975 -1.31375072414 1.08123887734 -1.08123887734 -1.31375072414 
139.737811545 165.567019303 1.68227648735 140.296797961 22.0121479034 11993088 0.353350125628 0.0 0.353350125628 -1.29428272447 1.07465641441 -1.07465641441 -1.29428272447 
150.763392269 165.445852677 1.69572067261 139.065224461 21.8750152588 12582912 0.347769403627 0.0 0.347769403627 -1.28104224888 1.11103526321 -1.11103526321 -1.28104224888 
68.2423758476 57.7233615319 1.43130004406 132.509958995 21.7509746552 8388608 0.48813351903 0.0 0.48813351903 -0.967155702595 1.05509699225 -1.05509699225 -0.967155702595 
113.847487771 28.947576853 1.3618710041 134.146388598 21.6152687073 8388608 0.539172897354 0.0 0.539172897354 -0.948534966444 0.977227736638 -0.977227736638 -0.948534966444 
123.850404109 97.4509040772 1.49442529678 140.67282275 21.4652366638 8388608 0.447766480147 0.0 0.447766480147 -1.15599728014 0.947088832147 -0.947088832147 -1.15599728014 
71.2039282977 56.416068523 2.29013514519 136.415831471 21.3375320435 17563904 0.190667984919 0.0 0.190667984919 -1.65888775221 1.57886364478 -1.57886364478 -1.65888775221 
135.719265816 117.261320298 3.0170981884 130.301026187 21.0854682922 20840960 0.109855324643 0.0 0.109855324643 -1.95146948423 2.30101028476 -2.30101028476 -1.95146948423 
170.339249472 65.8701839332 1.47361707687 140.104292461 19.554271698 8388608 0.460501138957 0.0 0.460501138957 -1.13057848125 0.945166433483 -0.945166433483 -1.13057848125 
161.654485752 65.0945118161 1.72178423405 138.315801291 19.4892024994 13631488 0.337320353247 0.0 0.337320353247 -1.28586568089 1.1450285583 -1.1450285583 -1.28586568089 
110.213395699 28.75787241 1.41434562206 135.695337721 19.1869354248 8388608 0.499906632776 0.0 0.499906632776 -1.01215650187 0.987882965929 -0.987882965929 -1.01215650187 
107.288830011 134.672041507 5.96335887909 141.469496472 18.6022071838 19988993 0.0281201807206 0.0 0.0281201807206 -4.6649962711 3.71476229541 -3.71476229541 -4.6649962711 
97.1927927729 97.5587985932 1.43489527702 140.75961442 17.8966407776 8388608 0.48569047644 0.0 0.48569047644 -1.11132467479 0.907679416555 -0.907679416555 -1.11132467479 
145.085137321 99.737712754 2.96743679047 138.149567165 17.5760917664 19595776 0.113563049585 0.0 0.113563049585 -2.2104110721 1.97983938684 -1.97983938684 -2.2104110721 
133.969330599 53.4953322002 1.43563878536 133.96114185 17.3925628662 8388608 0.485187534595 0.0 0.485187534595 -0.996577881812 1.03338823659 -1.03338823659 -0.996577881812 
121.428529988 135.051684726 1.60555362701 143.526065235 16.456243515 8585216 0.387927321701 0.0 0.387927321701 -1.29106962623 0.9544326427 -0.9544326427 -1.29106962623 
171.788889109 132.062967067 1.95605385303 135.060688353 15.764087677 22872064 0.261359556935 0.0 0.261359556935 -1.38460320447 1.38167313144 -1.38167313144 -1.38460320447 
32.1937596734 169.161415861 1.4070854187 145.297015421 15.3305568695 8388608 0.505078724278 0.0 0.505078724278 -1.15678516467 0.801085175449 -0.801085175449 -1.15678516467 
155.893834027 97.0106088471 1.52525126934 139.678322032 14.667301178 8388608 0.429850275889 0.0 0.429850275889 -1.16288750413 0.986956983548 -0.986956983548 -1.16288750413 
75.3887737654 90.8653600474 1.28674817085 139.852975843 14.3741168976 8388608 0.603966542345 0.0 0.603966542345 -0.983580643604 0.829632432298 -0.829632432298 -0.983580643604 
85.5776550045 132.416859719 2.20078492165 139.542852472 13.832529068 14680320 0.206464218299 0.0 0.206464218299 -1.67455850926 1.42804344136 -1.42804344136 -1.67455850926 
182.146724773 175.276041991 2.33326983452 133.84128429 12.3640537262 18940160 0.183683466694 0.0 0.183683466694 -1.61616981443 1.68289727898 -1.68289727898 -1.61616981443 
48.8418713022 172.616171743 2.60422325134 133.216695287 12.0209445953 10158592 0.147449592209 0.0 0.147449592209 -1.78326658381 1.89787750761 -1.89787750761 -1.78326658381 
95.3744639933 53.9067481442 1.3207205534 136.476352724 11.8476486206 8388608 0.573294964251 0.0 0.573294964251 -0.957641542873 0.909519354128 -0.909519354128 -0.957641542873 
123.840254779 175.471426099 2.50048303604 142.759540361 11.8065757751 23920896 0.159938189301 0.0 0.159938189301 -1.99064149492 1.51319590676 -1.51319590676 -1.99064149492 
108.453311132 117.357641832 2.49092650414 138.11448757 11.5001239777 23658752 0.161167761023 0.0 0.161167761023 -1.8544459297 1.66305295852 -1.66305295852 -1.8544459297 
152.913778131 175.863284466 2.36940836906 139.187843866 11.4269561768 20054272 0.178123066749 0.0 0.178123066749 -1.79330190237 1.54860075757 -1.54860075757 -1.79330190237 
148.379685358 175.903116199 2.39694142342 140.04624625 11.3547668457 20906240 0.174054460842 0.0 0.174054460842 -1.83740665418 1.53924168813 -1.53924168813 -1.83740665418 
171.878046658 163.728742516 1.55283010006 136.401640724 11.1593761444 8388608 0.414717267475 0.0 0.414717267475 -1.12454652883 1.07082978299 -1.07082978299 -1.12454652883 
154.954725676 173.705363332 1.44964182377 140.012146328 10.8405570984 8388608 0.475859319522 0.0 0.475859319522 -1.11068757663 0.93157636528 -0.93157636528 -1.11068757663 
79.5275148221 175.520307848 2.46544265747 142.590840605 10.6728973389 22937856 0.164516775232 0.0 0.164516775232 -1.95834428336 1.49776338756 -1.49776338756 -1.95834428336 
197.963101806 147.648764468 1.25257134438 137.070880167 10.6156997681 8388608 0.637375045727 0.0 0.637375045727 -0.917128776074 0.853117682883 -0.853117682883 -0.917128776074 
99.6275364052 53.8925446437 1.32609570026 136.32069363 10.2010831833 8388608 0.56865683848 0.0 0.56865683848 -0.959054458249 0.915829870867 -0.915829870867 -0.959054458249 
171.181104668 174.34416755 2.63731908798 136.436479469 9.2962436676 11076096 0.143772109138 0.0 0.143772109138 -1.91102985811 1.81753042705 -1.81753042705 -1.91102985811 
92.6482352477 176.209033999 2.41563272476 140.104968449 9.07982826233 21430528 0.171371339445 0.0 0.171371339445 -1.85332360575 1.54934601472 -1.54934601472 -1.85332360575 
59.7504715263 174.014622284 1.79706788063 141.760820461 7.72910881042 16777216 0.3096499655 0.0 0.3096499655 -1.4114779162 1.11228730986 -1.11228730986 -1.4114779162 
157.548792455 77.4520205572 1.25402641296 138.221315552 7.64432907104 8388608 0.635896789217 0.0 0.635896789217 -0.935157487281 0.835501477193 -0.835501477193 -0.935157487281 
29.5828781908 176.277413158 1.48751366138 132.282409077 7.26661682129 8388608 0.451937182744 0.0 0.451937182744 -1.00077747459 1.10051866824 -1.10051866824 -1.00077747459 
87.5898082205 125.783091158 1.79501473904 132.689890898 6.92707252502 16646144 0.31035872716 0.0 0.31035872716 -1.21707383112 1.31939728777 -1.31939728777 -1.21707383112 
39.1447009547 37.3949181484 1.28329825401 124.941509752 5.83488464355 8388608 0.607218218371 0.0 0.607218218371 -0.734996124432 1.05196725511 -1.05196725511 -0.734996124432 
172.488447652 171.347680416 1.54806435108 133.265084965 5.59261131287 8388608 0.417274629701 0.0 0.417274629701 -1.06100419248 1.12728582828 -1.12728582828 -1.06100419248 
35.1692289916 43.215398586 1.32996380329 124.759744995 5.42465591431 8388608 0.565353854578 0.0 0.565353854578 -0.758260910474 1.09263173563 -1.09263173563 -0.758260910474 
43.5080323647 33.2997282566 1.27791142464 124.900800425 4.88896942139 8388608 0.612348268889 0.0 0.612348268889 -0.731166389915 1.04807123779 -1.04807123779 -0.731166389915 
192.178976588 44.165137478 1.40379822254 124.273420763 3.62754440308 8388608 0.507446923245 0.0 0.507446923245 -0.79053881294 1.16004216943 -1.16004216943 -0.79053881294 
150.884880181 48.3301408483 1.36081695557 134.115974449 1.33622574806 8388608 0.540008475573 0.0 0.540008475573 -0.947282357043 0.976974371512 -0.976974371512 -0.947282357043 
26.9135854847 127.778488647 1.34367668629 132.519492183 1.1980266571 8388608 0.553873307768 0.0 0.553873307768 -0.908111785002 0.99035348397 -0.99035348397 -0.908111785002 
108.750328042 125.769768389 1.60089087486 134.988562446 1.15874481201 8388608 0.390190365547 0.0 0.390190365547 -1.13177479763 1.13222674437 -1.13222674437 -1.13177479763 
143.787456225 127.543446955 1.28431141376 130.707632195 0.683752536774 8388608 0.60626055905 0.0 0.60626055905 -0.83762711651 0.973569012045 -0.973569012045 -0.83762711651 
117.708173977 125.72700914 1.57137620449 135.418978762 0.66482925415 8388608 0.404985669057 0.0 0.404985669057 -1.11922619887 1.1029759253 -1.1029759253 -1.11922619887 
