13
180
168.461737869 32.9701849755 2.01973772049 98.0814208984 101.679107666 8519936 0.245137666226 0.0 0.245137666226 -0.283935118626 1.99968030144 -1.99968030144 -0.283935118626 
101.36576324 35.4628352209 2.55101680756 68.7176208496 99.5574874878 8651264 0.153664433775 0.0 0.153664433775 0.925928997347 2.37704485534 -2.37704485534 0.925928997347 
180.437015229 37.1114078887 2.0738465786 102.432220459 99.4383239746 10420480 0.232512738364 0.0 0.232512738364 -0.446467081534 2.02521771093 -2.02521771093 -0.446467081534 
150.284496531 15.0352158141 2.06321144104 40.1015930176 89.4213256836 10027264 0.234915960964 0.0 0.234915960964 1.57815763556 1.32900712103 -1.32900712103 1.57815763556 
201.061597796 73.1130597856 1.58495473862 37.9089050293 75.2615585327 8388608 0.398076252964 0.0 0.398076252964 1.25051122317 0.973808607577 -0.973808607577 1.25051122317 
202.498400057 108.014881964 1.83588731289 2.12536621094 74.8821640015 18284544 0.296693450093 0.0 0.296693450093 1.83462435607 0.0680859586069 -0.0680859586069 1.83462435607 
57.9915437696 122.00812692 2.52424097061 188.686248779 73.1765823364 24641792 0.156941708867 0.0 0.156941708867 -2.49528833448 -0.381219891327 0.381219891327 -2.49528833448 
189.878451499 104.009516924 2.9879283905 74.9846191406 68.4339752197 20120064 0.112010730686 0.0 0.112010730686 0.77410751345 2.88590949692 -2.88590949692 0.77410751345 
78.3219939643 74.7076120978 1.75977182388 90.2623291016 67.9445648193 15269888 0.322914301871 0.0 0.322914301871 -0.00805709866537 1.75975337911 -1.75975337911 -0.00805709866537 
174.056722884 70.4698059813 8.16433525085 90.9705200195 67.7407684326 9240834 0.015002317088 0.0 0.015002317088 -0.138287182204 8.16316401548 -8.16316401548 -0.138287182204 
120.846739866 116.77522957 7.11560297012 273.324798584 67.6477813721 15990786 0.0197504313265 0.0 0.0197504313265 0.412677369454 -7.10362604711 7.10362604711 0.412677369454 
89.6370062195 105.290774093 1.52543377876 99.3213195801 66.7060317993 8388608 0.429747423791 0.0 0.429747423791 -0.247076058725 1.50529121256 -1.50529121256 -0.247076058725 
206.867738464 79.2416025464 1.28805136681 123.107208252 65.193572998 8388608 0.602745024938 0.0 0.602745024938 -0.703543121386 1.07893623532 -1.07893623532 -0.703543121386 
89.7287694089 38.5428544917 1.92150747776 49.3508605957 63.5512733459 21626880 0.270841894013 0.0 0.270841894013 1.25171832119 1.45787250179 -1.45787250179 1.25171832119 
53.9360038176 39.5830903359 4.79590129852 202.84475708 62.6756019592 20906241 0.0434769957548 0.0 0.0434769957548 -4.41971156463 -1.86193956686 1.86193956686 -4.41971156463 
99.2441617371 135.943247744 1.25364398956 46.5713806152 60.6866531372 8388608 0.636284808313 0.0 0.636284808313 0.861818000572 0.910435602587 -0.910435602587 0.861818000572 
49.4649087373 68.896895922 1.68564975262 27.5899047852 60.5849990845 12124160 0.35193731604 0.0 0.35193731604 1.49396642105 0.780691630086 -0.780691630086 1.49396642105 
208.527785311 122.417525068 2.06419181824 83.2083740234 60.4123191833 10092800 0.23469286972 0.0 0.23469286972 0.244108931785 2.04970697708 -2.04970697708 0.244108931785 
15.3001760396 13.1868740523 1.76836705208 45.0795288086 60.3771286011 15597568 0.319782851493 0.0 0.319782851493 1.2486874917 1.25215876747 -1.25215876747 1.2486874917 
221.21014455 83.986183542 4.77258110046 128.778167725 59.9978027344 20578561 0.0439029159076 0.0 0.0439029159076 -2.98910001098 3.72059289426 -3.72059289426 -2.98910001098 
163.772212777 116.015879186 7.41221618652 273.187713623 59.8463516235 19005442 0.0182013602225 0.0 0.0182013602225 0.412174072886 -7.40074734938 7.40074734938 0.412174072886 
203.523896136 58.3853404268 2.01559782028 41.5007324219 59.6992111206 25034752 0.246145692407 0.0 0.246145692407 1.50957644529 1.33559482215 -1.33559482215 1.50957644529 
176.733386324 19.1705496768 2.34780526161 300.592102051 59.6591796875 19398912 0.181416112703 0.0 0.181416112703 1.19485153777 -2.02101938366 2.02101938366 1.19485153777 
55.8732131296 88.502520639 6.3037147522 39.8883056641 59.5590858459 23986689 0.0251655771178 0.0 0.0251655771178 4.83681548451 4.04252837292 -4.04252837292 4.83681548451 
29.3978660506 43.9661852045 3.69029521942 317.955718994 58.8204994202 18677761 0.0734307186841 0.0 0.0734307186841 2.7405145892 -2.4714082206 2.4714082206 2.7405145892 
59.4838731887 88.7327516253 2.73848962784 47.0237731934 58.4800186157 13828608 0.133345326558 0.0 0.133345326558 1.86681426984 2.00357927812 -2.00357927812 1.86681426984 
110.555733317 113.708738932 3.55285072327 267.77532959 57.6253318787 15925249 0.0792220504805 0.0 0.0792220504805 -0.137914801067 -3.55017292106 3.55017292106 -0.137914801067 
86.1232835489 101.988116812 5.21381378174 267.204040527 55.5620346069 10224129 0.0367865422783 0.0 0.0367865422783 -0.254326360538 -5.20760715233 5.20760715233 -0.254326360538 
198.30901421 64.3559891364 1.25208187103 338.449829102 54.8287963867 8388608 0.637873478109 0.0 0.637873478109 1.16455669737 -0.459909458887 0.459909458887 1.16455669737 
131.673645009 113.729175198 3.18267178535 314.792724609 54.5171699524 24707584 0.0987225334451 0.0 0.0987225334451 2.24233263921 -2.25861551142 2.25861551142 2.24233263921 
84.9877018226 75.0103836501 4.41981124878 88.8712463379 54.4682273865 15008001 0.0511908751491 0.0 0.0511908751491 0.0870667172568 4.41895359351 -4.41895359351 0.0870667172568 
101.59956355 130.189027607 3.30811882019 255.140594482 53.9379119873 10747905 0.0913771902663 0.0 0.0913771902663 -0.848360601066 -3.19748876762 3.19748876762 -0.848360601066 
179.314671621 106.625758504 1.34182703495 52.2671203613 53.9059371948 8388608 0.55540134167 0.0 0.55540134167 0.821172636432 1.06121406554 -1.06121406554 0.821172636432 
92.1305233081 103.819705499 2.92904949188 104.933395386 53.8996238708 18678272 0.116559205914 0.0 0.116559205914 -0.754804369676 2.83012390001 -2.83012390001 -0.754804369676 
134.936343306 99.2324087348 1.27925443649 268.101593018 53.2991523743 8388608 0.611063208978 0.0 0.611063208978 -0.0423783609593 -1.27855230155 1.27855230155 -0.0423783609593 
69.0164441555 78.1807876749 4.22559738159 48.2713012695 52.3540229797 11731201 0.0560046091259 0.0 0.0560046091259 2.81257558781 3.15358396022 -3.15358396022 2.81257558781 
179.033982406 130.241024636 3.07851624489 31.5648193359 52.0256309509 22282752 0.105515703956 0.0 0.105515703956 2.6230451812 1.61148882944 -1.61148882944 2.6230451812 
212.381066118 112.258667321 1.44967210293 271.630523682 51.4036865234 8388608 0.475839441276 0.0 0.475839441276 0.0412492103344 -1.44908512816 1.44908512816 0.0412492103344 
211.154871426 77.3654154016 1.26949775219 126.633331299 51.2492675781 8388608 0.620491915725 0.0 0.620491915725 -0.757498906237 1.01873448448 -1.01873448448 -0.757498906237 
207.99819495 105.739458937 1.36431324482 272.530212402 50.3052520752 8388608 0.537244291262 0.0 0.537244291262 0.0602292253051 -1.36298315118 1.36298315118 0.0602292253051 
78.1885879737 68.1527761391 1.29256129265 14.5379943848 49.2474136353 8388608 0.598546240625 0.0 0.598546240625 1.25117528157 0.324461261222 -0.324461261222 1.25117528157 
107.713063109 116.129035826 1.74173569679 103.701538086 49.0761032104 14483456 0.329636651945 0.0 0.329636651945 -0.412554879267 1.6921707092 -1.6921707092 -0.412554879267 
82.091916789 124.326318348 4.39352655411 279.616149902 48.2819671631 14549249 0.0518052160015 0.0 0.0518052160015 0.733923944282 -4.33179307281 4.33179307281 0.733923944282 
132.214974737 100.845223591 2.71513485909 279.026489258 47.8620071411 13173248 0.135649184999 0.0 0.135649184999 0.425980443335 -2.68151038874 2.68151038874 0.425980443335 
211.793609152 104.740410244 1.48029088974 272.503601074 47.8465042114 8388608 0.456358209285 0.0 0.456358209285 0.0646623302277 -1.47887791967 1.47887791967 0.0646623302277 
49.6604827829 22.1306933002 1.55546200275 158.577804565 47.4120140076 8388608 0.413315019056 0.0 0.413315019056 -1.44800197514 0.568112948283 -0.568112948283 -1.44800197514 
221.868061231 123.059593765 3.46663928032 352.353973389 46.8213195801 14155777 0.0832113738908 0.0 0.0832113738908 3.43581730997 -0.461245392779 0.461245392779 3.43581730997 
45.2483129336 115.5822001 1.87364017963 74.6938781738 46.3760490417 19791872 0.284857473278 0.0 0.284857473278 0.494596241631 1.80718069946 -1.80718069946 0.494596241631 
110.084272875 20.8450993004 1.79898130894 343.216918945 46.2425498962 16842752 0.308991617453 0.0 0.308991617453 1.72235334815 -0.519454227084 0.519454227084 1.72235334815 
94.4318682519 18.0796973406 2.48066997528 191.451019287 45.30103302 23331072 0.162503238199 0.0 0.162503238199 -2.43129169649 -0.49248777937 0.49248777937 -2.43129169649 
148.268283464 115.060213091 3.50406837463 93.1054992676 44.8342132568 14942209 0.0814432050361 0.0 0.0814432050361 -0.189831686919 3.49892256341 -3.49892256341 -0.189831686919 
96.0302868682 115.379626446 2.36599898338 116.584320068 44.7524719238 19923200 0.178636784454 0.0 0.178636784454 -1.05881854701 2.11585785767 -2.11585785767 -1.05881854701 
198.503800463 115.363270967 1.58676755428 271.922485352 43.8701934814 8388608 0.397167201547 0.0 0.397167201547 0.0532319313795 -1.58587440638 1.58587440638 0.0532319313795 
77.1218702124 115.727630548 1.69877529144 283.914306641 43.8267707825 12713984 0.346519858856 0.0 0.346519858856 0.408505209406 -1.64892722238 1.64892722238 0.408505209406 
74.3452497225 106.991928141 1.30270302296 266.442260742 42.5051383972 8388608 0.589262980534 0.0 0.589262980534 -0.0808384139328 -1.30019241532 1.30019241532 -0.0808384139328 
63.0238180547 113.25114544 1.76028013229 283.700134277 42.4470176697 15269888 0.32272783569 0.0 0.32272783569 0.416905491078 -1.71019763643 1.71019763643 0.416905491078 
142.867705857 118.133474603 1.26797354221 91.7885131836 41.4511909485 8388608 0.621984578431 0.0 0.621984578431 -0.0395739292449 1.26735583317 -1.26735583317 -0.0395739292449 
76.0277377189 18.5717476794 2.25620412827 272.723388672 41.3762283325 16515328 0.196446013897 0.0 0.196446013897 0.107201740829 -2.25365588659 2.25365588659 0.107201740829 
145.965215533 100.171729917 2.11846089363 267.988464355 41.3159408569 11927808 0.222822528007 0.0 0.222822528007 -0.074359477924 -2.11715545624 2.11715545624 -0.074359477924 
58.7571223298 112.116080588 1.30985414982 272.058837891 40.7567863464 8388608 0.582846401274 0.0 0.582846401274 0.0470575156033 -1.30900858822 1.30900858822 0.0470575156033 
151.217147485 99.8941437691 1.91739320755 269.700256348 40.2399482727 21430272 0.272005465743 0.0 0.272005465743 -0.0100308229735 -1.9173669693 1.9173669693 -0.0100308229735 
64.2595167894 140.174475525 4.78753805161 292.655883789 39.8306274414 20775169 0.04362902648 0.0 0.04362902648 1.84413858492 -4.41810745401 4.41810745401 1.84413858492 
179.020065955 141.642093112 1.49180173874 155.543548584 39.3237800598 8388608 0.449342794613 0.0 0.449342794613 -1.35795162134 0.617608145839 -0.617608145839 -1.35795162134 
54.6997309309 117.321977485 1.335485816 282.743621826 39.2571678162 8388608 0.560688231204 0.0 0.560688231204 0.294593291584 -1.30258863702 1.30258863702 0.294593291584 
225.294100344 97.0182072128 1.43093276024 159.24621582 37.8302116394 8388608 0.488384133955 0.0 0.488384133955 -1.33808212055 0.507055029536 -0.507055029536 -1.33808212055 
115.901865159 98.4249847592 2.59441137314 270.903503418 37.5219917297 9896448 0.148566988796 0.0 0.148566988796 0.0409098613694 -2.59408881041 2.59408881041 0.0409098613694 
140.572756771 51.9487034152 4.69382476807 271.219238281 37.2971801758 19333377 0.0453885444179 0.0 0.0453885444179 0.0998757498068 -4.69276206385 4.69276206385 0.0998757498068 
179.697603489 115.303601014 2.30479025841 308.170715332 35.5249710083 18022656 0.188250951804 0.0 0.188250951804 1.42437571171 -1.81196356673 1.81196356673 1.42437571171 
49.3414577054 80.6678073541 2.44258570671 48.9864501953 34.2052650452 22216960 0.167610174098 0.0 0.167610174098 1.60291631556 1.84306381331 -1.84306381331 1.60291631556 
217.942526182 84.0362494798 2.05889129639 128.685852051 34.1336174011 9896192 0.235902837425 0.0 0.235902837425 -1.28690985435 1.60713919656 -1.60713919656 -1.28690985435 
54.4743554609 135.775111094 1.31706225872 187.245391846 33.5791435242 8388608 0.576484175127 0.0 0.576484175127 -1.30654564346 -0.166106817722 0.166106817722 -1.30654564346 
249.220618641 79.0434664941 1.51830089092 17.3490905762 33.1373558044 8388608 0.433794764586 0.0 0.433794764586 1.44922679492 0.452746388471 -0.452746388471 1.44922679492 
126.99073485 47.2766901588 2.33749842644 269.285949707 32.8056221008 19071232 0.183019492028 0.0 0.183019492028 -0.0291303870026 -2.33731690495 2.33731690495 -0.0291303870026 
166.951971744 99.8077552877 1.88621711731 271.200195312 32.6906242371 20250624 0.28107138684 0.0 0.28107138684 0.0395083792755 -1.88580330406 1.88580330406 0.0395083792755 
38.6273657464 71.5523806519 2.01096057892 90.3659362793 32.4947738647 24903680 0.247282216977 0.0 0.247282216977 -0.0128435014831 2.01091956439 -2.01091956439 -0.0128435014831 
175.797158045 117.968998212 1.65686690807 62.6806945801 32.3093605042 10878976 0.364271129118 0.0 0.364271129118 0.760417314371 1.4720643529 -1.4720643529 0.760417314371 
107.785159745 12.114450082 1.62689387798 347.671691895 32.277545929 9568256 0.377817047799 0.0 0.377817047799 1.58937803597 -0.347363137062 0.347363137062 1.58937803597 
172.467779225 143.090401086 1.55079722404 327.015075684 32.1197509766 8388608 0.415805251571 0.0 0.415805251571 1.30083018155 -0.844282457989 0.844282457989 1.30083018155 
107.900390716 140.188909551 1.97327256203 267.956390381 31.9401569366 23527424 0.256818228362 0.0 0.256818228362 -0.0703672040356 -1.97201751023 1.97201751023 -0.0703672040356 
49.2435309259 81.7847323024 1.49976289272 49.0551147461 31.1703281403 8388608 0.444584985783 0.0 0.444584985783 0.982843733229 1.13283137776 -1.13283137776 0.982843733229 
190.222141347 147.019195501 4.02693796158 258.600921631 30.591003418 24969217 0.0616666167355 0.0 0.0616666167355 -0.795890349912 -3.94750400852 3.94750400852 -0.795890349912 
144.576772319 110.627409997 1.93305301666 259.714996338 30.4166793823 22020096 0.267616242942 0.0 0.267616242942 -0.345136354281 -1.9019923402 1.9019923402 -0.345136354281 
68.1567233015 130.957933549 1.34621846676 328.812225342 30.0869407654 8388608 0.551783757902 0.0 0.551783757902 1.15165593778 -0.697131810501 0.697131810501 1.15165593778 
45.4902071851 124.759312878 2.07759952545 186.651596069 29.5465373993 10551552 0.231673481514 0.0 0.231673481514 -2.0636149111 -0.24065179581 0.24065179581 -2.0636149111 
81.5301880054 117.673664847 1.29114794731 281.124755859 29.4265022278 8388608 0.59985734606 0.0 0.59985734606 0.249121750364 -1.26688648874 1.26688648874 0.249121750364 
54.2070471646 141.841410429 1.45307779312 190.661895752 29.3881168365 8388608 0.4736115322 0.0 0.4736115322 -1.4279919392 -0.268838416952 0.268838416952 -1.4279919392 
40.2710101757 135.402066495 4.24131345749 193.250793457 29.0197963715 11993345 0.0555903308756 0.0 0.0555903308756 -4.12839308554 -0.972167874369 0.972167874369 -4.12839308554 
219.217606647 91.3290582358 1.85487020016 131.889419556 28.9893608093 19070976 0.290651756559 0.0 0.290651756559 -1.23848773792 1.38083003387 -1.38083003387 -1.23848773792 
231.334952205 71.043514389 1.65587675571 176.872375488 28.6176776886 10813440 0.364706900385 0.0 0.364706900385 -1.65341029546 0.0903450329315 -0.0903450329315 -1.65341029546 
197.525861178 26.1517485845 2.36016774178 318.34552002 28.0420207977 19792128 0.179520586955 0.0 0.179520586955 1.76343816473 -1.56865471296 1.56865471296 1.76343816473 
231.749870439 66.6437497148 2.83727312088 176.087371826 27.518497467 16384512 0.124221769828 0.0 0.124221769828 -2.83066018575 0.193601847307 -0.193601847307 -2.83066018575 
133.044438281 140.295565412 2.11885762215 270.009155273 27.4424514771 11927808 0.222739094581 0.0 0.222739094581 0.000338571549043 -2.1188575951 2.1188575951 0.000338571549043 
126.381392438 140.411851873 2.08604311943 269.989562988 27.3173274994 10813696 0.229801806029 0.0 0.229801806029 -0.000379994068463 -2.08604308482 2.08604308482 -0.000379994068463 
181.041799261 46.3435145845 1.96690797806 279.699035645 27.1641139984 23265280 0.258482958739 0.0 0.258482958739 0.331370472751 -1.93879359498 1.93879359498 0.331370472751 
152.418348823 79.3168762556 1.23585009575 57.2009887695 26.9538612366 8388608 0.654739298688 0.0 0.654739298688 0.669452216333 1.0388258705 -1.0388258705 0.669452216333 
140.272279516 140.113394692 2.05666923523 269.940063477 26.9327392578 9830656 0.236412859839 0.0 0.236412859839 -0.0021514600619 -2.05666810992 2.05666810992 -0.0021514600619 
209.724419665 132.429883886 2.01259875298 289.406097412 26.8832550049 24969216 0.246879825345 0.0 0.246879825345 0.668709096018 -1.89825759195 1.89825759195 0.668709096018 
147.776214914 140.302272776 2.07221364975 269.949279785 26.8490562439 10354944 0.232879328318 0.0 0.232879328318 -0.00183439528502 -2.07221283781 2.07221283781 -0.00183439528502 
196.576003927 89.9464783111 1.8962161541 309.74005127 25.8171463013 20643840 0.278114937825 0.0 0.278114937825 1.21226140153 -1.45810081867 1.45810081867 1.21226140153 
11.7663294993 129.389090379 1.25438773632 271.265472412 25.6947650909 8388608 0.63553050491 0.0 0.63553050491 0.027702983196 -1.2540817907 1.2540817907 0.027702983196 
19.4483494387 44.3076169961 1.37014913559 252.498352051 25.5318107605 8388608 0.532677457167 0.0 0.532677457167 -0.412049375566 -1.30672260478 1.30672260478 -0.412049375566 
196.658883857 21.9038608408 1.41251885891 311.060882568 25.4729099274 8388608 0.501200493773 0.0 0.501200493773 0.927828004691 -1.06505620532 1.06505620532 0.927828004691 
53.6469818443 146.680325584 1.33899283409 190.948760986 25.4002876282 8388608 0.557755028504 0.0 0.557755028504 -1.31461972246 -0.254316328735 0.254316328735 -1.31461972246 
44.1462756523 135.758565127 2.60454273224 188.760406494 25.3591308594 10158592 0.147413421223 0.0 0.147413421223 -2.57415778345 -0.39667940451 0.39667940451 -2.57415778345 
55.1081643447 155.310613122 1.87639403343 181.703781128 24.0798988342 19857408 0.284021955604 0.0 0.284021955604 -1.87556447996 -0.055789337891 0.055789337891 -1.87556447996 
221.383585257 54.4405596743 1.75041747093 335.750091553 23.8698310852 14876672 0.326374877072 0.0 0.326374877072 1.59596535918 -0.718926905069 0.718926905069 1.59596535918 
249.590144608 85.8536564607 1.64785718918 24.3565368652 23.3482780457 10485760 0.368265349819 0.0 0.368265349819 1.50119257572 0.679598533344 -0.679598533344 1.50119257572 
46.2659790307 155.55856468 1.64967811108 179.669921875 23.2934799194 10551296 0.367452812707 0.0 0.367452812707 -1.64965073594 0.0095036606606 -0.0095036606606 -1.64965073594 
22.7387988988 11.591331367 1.3111025095 75.440032959 23.2329406738 8388608 0.581737021114 0.0 0.581737021114 0.329602192002 1.26899652696 -1.26899652696 0.329602192002 
202.597165528 16.7653462739 1.54911589622 159.512207031 22.1572093964 8388608 0.416708327093 0.0 0.416708327093 -1.45112932869 0.542202666299 -0.542202666299 -1.45112932869 
226.768583838 104.171198001 1.70725440979 183.380340576 22.0335254669 13041664 0.343086408517 0.0 0.343086408517 -1.70428398936 -0.100666296977 0.100666296977 -1.70428398936 
222.611331905 156.537476732 2.12102937698 357.353607178 19.8939990997 12058880 0.222283196082 0.0 0.222283196082 2.11876732369 -0.0979318441539 0.0979318441539 2.11876732369 
36.5498720874 84.7418782659 1.27507781982 299.54498291 19.3030357361 8388608 0.615072935556 0.0 0.615072935556 0.628749447131 -1.10927795405 1.10927795405 0.628749447131 
20.3849897858 38.0755407653 1.4188991785 238.703857422 18.7556190491 8388608 0.496703162866 0.0 0.496703162866 -0.737063615522 -1.21244055749 1.21244055749 -0.737063615522 
27.3745531208 23.3528829694 2.95249080658 286.189239502 18.268157959 19268096 0.114715708578 0.0 0.114715708578 0.823186182318 -2.83541292798 2.83541292798 0.823186182318 
83.2042496178 92.8238914218 2.61672973633 273.401672363 18.1582279205 10486272 0.146043509444 0.0 0.146043509444 0.155264994536 -2.61211931092 2.61211931092 0.155264994536 
167.330558854 39.1545104564 1.22695529461 271.521118164 17.1954936981 8388608 0.664266761654 0.0 0.664266761654 0.0325700211788 -1.22652292628 1.22652292628 0.0325700211788 
183.992001812 26.8964241735 1.77170193195 325.695098877 16.8959350586 15728640 0.318580128058 0.0 0.318580128058 1.4635145351 -0.99852538337 0.99852538337 1.4635145351 
145.128514584 89.4733983811 1.97088456154 269.337310791 16.6606807709 23461888 0.257440947323 0.0 0.257440947323 -0.0227949566648 -1.9707527356 1.9707527356 -0.0227949566648 
249.732411586 37.8609720354 1.81498920918 84.4259643555 15.5424880981 17498112 0.303565145314 0.0 0.303565145314 0.17629333046 1.80640706682 -1.80640706682 0.17629333046 
189.150914894 95.8450731012 1.76489961147 279.874572754 14.0953207016 15466496 0.32104061967 0.0 0.32104061967 0.302665992126 -1.7387535581 1.7387535581 0.302665992126 
120.707825923 17.8039487389 1.35902786255 173.298553467 14.0776405334 8388608 0.541431200372 0.0 0.541431200372 -1.34974258146 0.158592859149 -0.158592859149 -1.34974258146 
234.094241371 59.7713299638 1.41804850101 279.221801758 13.6643123627 8388608 0.497299279201 0.0 0.497299279201 0.227251906159 -1.39972073014 1.39972073014 0.227251906159 
178.219361446 151.571093848 1.46817040443 288.508056641 13.5845222473 8388608 0.463924244828 0.0 0.463924244828 0.466053079352 -1.39223520415 1.39223520415 0.466053079352 
248.902636614 45.5137957111 1.5163629055 138.81791687 13.5463962555 8388608 0.434904294694 0.0 0.434904294694 -1.14124633857 0.998455435105 -0.998455435105 -1.14124633857 
251.09967016 94.7276125778 1.31801450253 24.7709655762 12.7799873352 8388608 0.575651475367 0.0 0.575651475367 1.19674387975 0.552237553186 -0.552237553186 1.19674387975 
229.070758331 52.6652382439 1.72921156883 254.004150391 12.5874900818 13959168 0.33442884981 0.0 0.33442884981 -0.476514895018 -1.66225936743 1.66225936743 -0.476514895018 
25.5714152455 55.8496474712 2.06428146362 312.753417969 12.4503221512 10092800 0.234672486186 0.0 0.234672486186 1.40132622165 -1.5157647514 1.5157647514 1.40132622165 
237.265980543 116.899691477 3.04256081581 255.392364502 12.4395599365 21430784 0.108024300895 0.0 0.108024300895 -0.767328718218 -2.94421177161 2.94421177161 -0.767328718218 
32.9847122064 161.069633832 1.7488244772 55.2989807129 11.8015613556 14811136 0.326969733714 0.0 0.326969733714 0.99559554287 1.4377679114 -1.4377679114 0.99559554287 
250.051485781 103.946156666 2.24636769295 258.941223145 11.7658567429 16187648 0.19817018325 0.0 0.19817018325 -0.430889033349 -2.20465472418 2.20465472418 -0.430889033349 
122.099614468 87.7583757132 1.92270231247 276.318511963 11.2990550995 21626880 0.270505377286 0.0 0.270505377286 0.211603866058 -1.91102275922 1.91102275922 0.211603866058 
131.042838871 88.8860388482 1.40621364117 271.547485352 11.1279850006 8388608 0.505705162194 0.0 0.505705162194 0.0379754053923 -1.40570077655 1.40570077655 0.0379754053923 
19.7397284253 159.727495628 2.40726184845 59.8735046387 10.4391841888 21168384 0.172565245676 0.0 0.172565245676 1.20823061572 2.08208750686 -2.08208750686 1.20823061572 
255.180434911 46.2908880133 1.35628807545 154.106735229 9.93130493164 8388608 0.54362085983 0.0 0.54362085983 -1.22012912152 0.592285632456 -0.592285632456 -1.22012912152 
249.379243208 52.0404186424 1.5132380724 147.609085083 9.72159004211 8388608 0.436702301937 0.0 0.436702301937 -1.27779771589 0.810630903065 -0.810630903065 -1.27779771589 
235.925117581 155.462995638 1.24521231651 276.23348999 9.57518863678 8388608 0.644930898872 0.0 0.644930898872 0.135205687518 -1.23785020712 1.23785020712 0.135205687518 
231.237092396 115.937109342 1.27649438381 116.618164062 9.27865123749 8388608 0.613708563361 0.0 0.613708563361 -0.571923776471 1.14120160612 -1.14120160612 -0.571923776471 
159.407014611 124.738649255 1.24811327457 271.944580078 9.10536575317 8388608 0.641936389855 0.0 0.641936389855 0.0423519901655 -1.2473945066 1.2473945066 0.0423519901655 
229.250255948 38.577292024 1.37456929684 97.4600524902 9.05497360229 8388608 0.529257135501 0.0 0.529257135501 -0.178467080605 1.36293442724 -1.36293442724 -0.178467080605 
142.186486807 124.780201876 1.26123476028 266.957885742 8.58930969238 8388608 0.628648866399 0.0 0.628648866399 -0.0669336873137 -1.25945742368 1.25945742368 -0.0669336873137 
186.760945893 59.9286386003 2.04458594322 304.885314941 8.38181304932 9371904 0.23921546823 0.0 0.23921546823 1.16937158547 -1.67717076481 1.67717076481 1.16937158547 
237.175595379 39.1249104433 1.24388670921 107.18081665 7.8740272522 8388608 0.646306234177 0.0 0.646306234177 -0.367429448863 1.18838114486 -1.18838114486 -0.367429448863 
239.172668192 115.894036087 1.37123417854 259.78338623 7.87252426147 8388608 0.531834786736 0.0 0.531834786736 -0.243215964119 -1.34949218864 1.34949218864 -0.243215964119 
218.171632089 44.5969664591 1.48168981075 47.1325073242 7.86559581757 8388608 0.455496884992 0.0 0.455496884992 1.00800120007 1.08597342323 -1.08597342323 1.00800120007 
248.341517537 168.115899482 1.48416280746 118.238510132 7.80114173889 8388608 0.453980199865 0.0 0.453980199865 -0.702221254102 1.30752611804 -1.30752611804 -0.702221254102 
258.732373892 105.073265489 1.44635617733 150.381561279 7.63927698135 8388608 0.478023767517 0.0 0.478023767517 -1.2573693866 0.714820549057 -0.714820549057 -1.2573693866 
243.771142889 129.434156586 1.32211124897 117.62802124 7.35150003433 8388608 0.572089529459 0.0 0.572089529459 -0.613101841663 1.17136001571 -1.17136001571 -0.613101841663 
201.198542146 157.085592795 1.47061741352 191.248565674 6.87976074219 8388608 0.46238165141 0.0 0.46238165141 -1.44236709409 -0.286867117051 0.286867117051 -1.44236709409 
95.3588046022 53.23733357 1.29493916035 231.715286255 6.87414932251 8388608 0.596350064833 0.0 0.596350064833 -0.802304982862 -1.01645174183 1.01645174183 -0.802304982862 
90.1843124079 95.103434441 1.27434265614 275.450775146 6.52377128601 8388608 0.61578280698 0.0 0.61578280698 0.121050492943 -1.26858030231 1.26858030231 0.121050492943 
243.873600977 121.319481012 1.59660112858 112.027053833 6.49020338058 8388608 0.39228990844 0.0 0.39228990844 -0.598796229101 1.48006021492 -1.48006021492 -0.598796229101 
244.025048394 130.57517026 2.2455933094 132.440872192 6.33178901672 16187648 0.198306883149 0.0 0.198306883149 -1.51539147905 1.65718978287 -1.65718978287 -1.51539147905 
25.508301824 168.13595529 1.48653209209 262.803039551 6.31949615479 8388608 0.452534215422 0.0 0.452534215422 -0.186233634699 -1.47482022434 1.47482022434 -0.186233634699 
259.835213315 131.817040992 1.73743104935 134.692871094 6.31291007996 14286848 0.331272086499 0.0 0.331272086499 -1.22194612923 1.23511712339 -1.23511712339 -1.22194612923 
94.0697858181 59.0763315546 2.06883502007 316.421386719 6.18152856827 10223872 0.233640583303 0.0 0.233640583303 1.49872454888 -1.42614973507 1.42614973507 1.49872454888 
251.678675218 155.894077765 2.49877810478 239.59753418 5.96474266052 23920896 0.160156517327 0.0 0.160156517327 -1.26455884286 -2.15517585127 2.15517585127 -1.26455884286 
254.836397528 151.642622314 1.4028083086 251.948516846 5.96109771729 8388608 0.508163351881 0.0 0.508163351881 -0.434690233251 -1.33375993035 1.33375993035 -0.434690233251 
240.048488265 73.5868805656 1.51580405235 79.8568115234 5.82120132446 8388608 0.435225038576 0.0 0.435225038576 0.266946396476 1.49211311453 -1.49211311453 0.266946396476 
135.254900362 59.5337038713 1.69626057148 267.911743164 5.54421472549 12582912 0.347548057413 0.0 0.347548057413 -0.0618098501893 -1.69513405628 1.69513405628 -0.0618098501893 
37.8264162637 58.6833979802 1.29802918434 250.209350586 5.48832035065 8388608 0.593514161498 0.0 0.593514161498 -0.439492387643 -1.22136243786 1.22136243786 -0.439492387643 
149.762954902 60.1477851328 2.25016832352 272.914611816 5.26254558563 16318720 0.197501312767 0.0 0.197501312767 0.114415740167 -2.2472575559 2.2472575559 0.114415740167 
37.7953924947 33.1002464884 1.31062698364 201.796630859 4.95623397827 8388608 0.582159233051 0.0 0.582159233051 -1.21692719721 -0.486653148491 0.486653148491 -1.21692719721 
113.329500256 54.6571031294 1.52241015434 319.852722168 4.21846199036 8388608 0.431456142234 0.0 0.431456142234 1.16371454903 -0.98158093218 0.98158093218 1.16371454903 
235.433126571 137.667824202 1.91042482853 263.89666748 4.1821064949 21168128 0.2739933943 0.0 0.2739933943 -0.203120007644 -1.89959608548 1.89959608548 -0.203120007644 
178.254887638 62.6830985613 1.2437723875 328.292663574 4.1044883728 8388608 0.646425050496 0.0 0.646425050496 1.05813167035 -0.653702623621 0.653702623621 1.05813167035 
175.493341564 157.877209232 1.2828168869 291.789672852 4.05335617065 8388608 0.607674011748 0.0 0.607674011748 0.47618223992 -1.19116314571 1.19116314571 0.47618223992 
43.4098847062 109.646486217 1.3349391222 41.4760437012 4.02044677734 8388608 0.561147559335 0.0 0.561147559335 1.00018005294 0.884139311238 -0.884139311238 1.00018005294 
168.298938035 55.7731922046 1.30764520168 301.097991943 3.96215295792 8388608 0.584817218602 0.0 0.584817218602 0.675403086463 -1.11971721621 1.11971721621 0.675403086463 
233.974316506 19.1552845637 1.76189053059 112.490936279 3.95688056946 15335424 0.322138147704 0.0 0.322138147704 -0.673988806718 1.62788123958 -1.62788123958 -0.673988806718 
119.528953012 62.217244853 1.64750230312 311.586975098 3.88312959671 10485760 0.368424021905 0.0 0.368424021905 1.093539869 -1.23224769981 1.23224769981 1.093539869 
21.6155845212 143.181354483 1.70955181122 346.511016846 3.80041122437 13172736 0.34216490666 0.0 0.34216490666 1.66239346439 -0.398767306575 0.398767306575 1.66239346439 
247.175467355 28.308527774 1.96327030659 132.432525635 3.34460449219 23134208 0.259441713306 0.0 0.259441713306 -1.32466065634 1.44903569392 -1.44903569392 -1.32466065634 
104.098455845 65.1848570032 1.89088141918 278.332580566 3.1775188446 20447232 0.279686440289 0.0 0.279686440289 0.274024379194 -1.87092041012 1.87092041012 0.274024379194 
239.406765213 27.0537324409 1.38730823994 137.533493042 2.95409202576 8388608 0.519581965471 0.0 0.519581965471 -1.02337863325 0.936653791751 -0.936653791751 -1.02337863325 
86.8422739851 64.7129599339 1.23686742783 234.400787354 2.37671995163 8388608 0.653662686361 0.0 0.653662686361 -0.719995120498 -1.00570774108 1.00570774108 -0.719995120498 
111.916478942 66.8362239184 1.49221527576 88.4951782227 2.1118927002 8388608 0.449093776744 0.0 0.449093776744 0.039187177672 1.49170063831 -1.49170063831 0.039187177672 
230.029550767 27.9139457513 1.76566886902 145.623596191 2.0330696106 15466496 0.32076094195 0.0 0.32076094195 -1.4572879138 0.996944577855 -0.996944577855 -1.4572879138 
10.0483039239 146.779639324 1.33019292355 317.630645752 1.81756019592 8388608 0.565159111604 0.0 0.565159111604 0.982767680129 -0.896426740311 0.896426740311 0.982767680129 
247.495492045 14.4364906724 1.85223543644 143.780303955 1.28231811523 18939904 0.291479235996 0.0 0.291479235996 -1.49430434366 1.09445449449 -1.09445449449 -1.49430434366 
