13
121
180.437015229 37.1114078887 2.0738465786 144.229571709 99.4383239746 10420480 0.232512738364 0.0 0.232512738364 -1.68264781806 1.21224418001 -1.21224418001 -1.68264781806 
201.061597796 73.1130597856 1.58495473862 130.029268553 75.2615585327 8388608 0.398076252964 0.0 0.398076252964 -1.0194093602 1.21362518093 -1.21362518093 -1.0194093602 
202.498400057 108.014881964 1.83588731289 130.995767433 74.8821640015 18284544 0.296693450093 0.0 0.296693450093 -1.20434809001 1.38565071491 -1.38565071491 -1.20434809001 
57.9915437696 122.00812692 2.52424097061 139.773722369 73.1765823364 24641792 0.156941708867 0.0 0.156941708867 -1.9272577824 1.63017481207 -1.63017481207 -1.9272577824 
189.878451499 104.009516924 2.9879283905 136.449119844 68.4339752197 20120064 0.112010730686 0.0 0.112010730686 -2.16553937088 2.05867804671 -2.05867804671 -2.16553937088 
78.3219939643 74.7076120978 1.75977182388 135.59061121 67.9445648193 15269888 0.322914301871 0.0 0.322914301871 -1.25710711489 1.23145384559 -1.23145384559 -1.25710711489 
89.6370062195 105.290774093 1.52543377876 140.951958427 66.7060317993 8388608 0.429747423791 0.0 0.429747423791 -1.18467935097 0.960980254104 -0.960980254104 -1.18467935097 
206.867738464 79.2416025464 1.28805136681 138.529084741 65.193572998 8388608 0.602745024938 0.0 0.602745024938 -0.965126567282 0.852998846808 -0.852998846808 -0.965126567282 
89.7287694089 38.5428544917 1.92150747776 128.881613999 63.5512733459 21626880 0.270841894013 0.0 0.270841894013 -1.20615578064 1.49578715729 -1.49578715729 -1.20615578064 
99.2441617371 135.943247744 1.25364398956 139.368859265 60.6866531372 8388608 0.636284808313 0.0 0.636284808313 -0.951412354906 0.816356407152 -0.816356407152 -0.951412354906 
49.4649087373 68.896895922 1.68564975262 130.344590869 60.5849990845 12124160 0.35193731604 0.0 0.35193731604 -1.09126122288 1.28474278824 -1.28474278824 -1.09126122288 
208.527785311 122.417525068 2.06419181824 132.802890278 60.4123191833 10092800 0.23469286972 0.0 0.23469286972 -1.40257358117 1.5144884324 -1.5144884324 -1.40257358117 
203.523896136 58.3853404268 2.01559782028 130.796394304 59.6992111206 25034752 0.246145692407 0.0 0.246145692407 -1.31693712216 1.52588046367 -1.52588046367 -1.31693712216 
59.4838731887 88.7327516253 2.73848962784 132.240114741 58.4800186157 13828608 0.133345326558 0.0 0.133345326558 -1.84091976817 2.0273973091 -2.0273973091 -1.84091976817 
110.555733317 113.708738932 3.55285072327 137.874387008 57.6253318787 15925249 0.0792220504805 0.0 0.0792220504805 -2.63506434518 2.38310389168 -2.38310389168 -2.63506434518 
198.30901421 64.3559891364 1.25208187103 123.738781522 54.8287963867 8388608 0.637873478109 0.0 0.637873478109 -0.69541556304 1.04120420977 -1.04120420977 -0.69541556304 
131.673645009 113.729175198 3.18267178535 138.857687597 54.5171699524 24707584 0.0987225334451 0.0 0.0987225334451 -2.39679921586 2.09398023204 -2.09398023204 -2.39679921586 
101.59956355 130.189027607 3.30811882019 142.329814546 53.9379119873 10747905 0.0913771902663 0.0 0.0913771902663 -2.6185138004 2.02164180942 -2.02164180942 -2.6185138004 
179.314671621 106.625758504 1.34182703495 137.539439904 53.9059371948 8388608 0.55540134167 0.0 0.55540134167 -0.98992244058 0.905844000565 -0.905844000565 -0.98992244058 
92.1305233081 103.819705499 2.92904949188 137.387977569 53.8996238708 18678272 0.116559205914 0.0 0.116559205914 -2.15564873992 1.98305558067 -1.98305558067 -2.15564873992 
134.936343306 99.2324087348 1.27925443649 137.696303708 53.2991523743 8388608 0.611063208978 0.0 0.611063208978 -0.946120815369 0.861015282102 -0.861015282102 -0.946120815369 
179.033982406 130.241024636 3.07851624489 133.462860155 52.0256309509 22282752 0.105515703956 0.0 0.105515703956 -2.11766278994 2.2344499498 -2.2344499498 -2.11766278994 
212.381066118 112.258667321 1.44967210293 123.452532152 51.4036865234 8388608 0.475839441276 0.0 0.475839441276 -0.799125870345 1.20952348028 -1.20952348028 -0.799125870345 
211.154871426 77.3654154016 1.26949775219 135.95639761 51.2492675781 8388608 0.620491915725 0.0 0.620491915725 -0.912528889603 0.882561934628 -0.882561934628 -0.912528889603 
207.99819495 105.739458937 1.36431324482 129.05802617 50.3052520752 8388608 0.537244291262 0.0 0.537244291262 -0.859663490802 1.05940044958 -1.05940044958 -0.859663490802 
78.1885879737 68.1527761391 1.29256129265 136.45661292 49.2474136353 8388608 0.598546240625 0.0 0.598546240625 -0.936916812227 0.890450213218 -0.890450213218 -0.936916812227 
107.713063109 116.129035826 1.74173569679 146.294825678 49.0761032104 14483456 0.329636651945 0.0 0.329636651945 -1.44895691282 0.96652320317 -0.96652320317 -1.44895691282 
82.091916789 124.326318348 4.39352655411 145.92475757 48.2819671631 14549249 0.0518052160015 0.0 0.0518052160015 -3.63916907272 2.46161005072 -2.46161005072 -3.63916907272 
132.214974737 100.845223591 2.71513485909 138.601029485 47.8620071411 13173248 0.135649184999 0.0 0.135649184999 -2.03668497528 1.79551430361 -1.79551430361 -2.03668497528 
211.793609152 104.740410244 1.48029088974 130.047433902 47.8465042114 8388608 0.456358209285 0.0 0.456358209285 -0.952451103885 1.13318048561 -1.13318048561 -0.952451103885 
45.2483129336 115.5822001 1.87364017963 133.050880488 46.3760490417 19791872 0.284857473278 0.0 0.284857473278 -1.27903589055 1.36915839603 -1.36915839603 -1.27903589055 
148.268283464 115.060213091 3.50406837463 137.605093988 44.8342132568 14942209 0.0814432050361 0.0 0.0814432050361 -2.58780806421 2.36257160673 -2.36257160673 -2.58780806421 
96.0302868682 115.379626446 2.36599898338 132.887643608 44.7524719238 19923200 0.178636784454 0.0 0.178636784454 -1.61021106596 1.73354305179 -1.73354305179 -1.61021106596 
198.503800463 115.363270967 1.58676755428 137.424300349 43.8701934814 8388608 0.397167201547 0.0 0.397167201547 -1.16847039466 1.07354935058 -1.07354935058 -1.16847039466 
77.1218702124 115.727630548 1.69877529144 143.281921505 43.8267707825 12713984 0.346519858856 0.0 0.346519858856 -1.36171625089 1.0156605451 -1.0156605451 -1.36171625089 
74.3452497225 106.991928141 1.30270302296 146.416608738 42.5051383972 8388608 0.589262980534 0.0 0.589262980534 -1.08525794642 0.720590282866 -0.720590282866 -1.08525794642 
63.0238180547 113.25114544 1.76028013229 151.78609582 42.4470176697 15269888 0.32272783569 0.0 0.32272783569 -1.55113905025 0.832198168076 -0.832198168076 -1.55113905025 
142.867705857 118.133474603 1.26797354221 139.52676234 41.4511909485 8388608 0.621984578431 0.0 0.621984578431 -0.964559181952 0.823032495266 -0.823032495266 -0.964559181952 
145.965215533 100.171729917 2.11846089363 136.462495206 41.3159408569 11927808 0.222822528007 0.0 0.222822528007 -1.53572236319 1.45925781856 -1.45925781856 -1.53572236319 
58.7571223298 112.116080588 1.30985414982 153.370636463 40.7567863464 8388608 0.582846401274 0.0 0.582846401274 -1.17091090875 0.587099256997 -0.587099256997 -1.17091090875 
151.217147485 99.8941437691 1.91739320755 137.132857315 40.2399482727 21430272 0.272005465743 0.0 0.272005465743 -1.40532104374 1.30440387779 -1.30440387779 -1.40532104374 
179.020065955 141.642093112 1.49180173874 131.222401879 39.3237800598 8388608 0.449342794613 0.0 0.449342794613 -0.983072871148 1.12206958684 -1.12206958684 -0.983072871148 
54.6997309309 117.321977485 1.335485816 145.391255727 39.2571678162 8388608 0.560688231204 0.0 0.560688231204 -1.09917119582 0.758515027557 -0.758515027557 -1.09917119582 
225.294100344 97.0182072128 1.43093276024 141.058069092 37.8302116394 8388608 0.488384133955 0.0 0.488384133955 -1.11295571374 0.899387649229 -0.899387649229 -1.11295571374 
115.901865159 98.4249847592 2.59441137314 139.722085135 37.5219917297 9896448 0.148566988796 0.0 0.148566988796 -1.97932205549 1.67727593845 -1.67727593845 -1.97932205549 
179.697603489 115.303601014 2.30479025841 136.993368037 35.5249710083 18022656 0.188250951804 0.0 0.188250951804 -1.68543493312 1.57205827547 -1.57205827547 -1.68543493312 
49.3414577054 80.6678073541 2.44258570671 127.698554015 34.2052650452 22216960 0.167610174098 0.0 0.167610174098 -1.49365843293 1.93266898882 -1.93266898882 -1.49365843293 
217.942526182 84.0362494798 2.05889129639 143.747244781 34.1336174011 9896192 0.235902837425 0.0 0.235902837425 -1.6603232309 1.21752213091 -1.21752213091 -1.6603232309 
54.4743554609 135.775111094 1.31706225872 132.563617272 33.5791435242 8388608 0.576484175127 0.0 0.576484175127 -0.890871991957 0.970051590015 -0.970051590015 -0.890871991957 
126.99073485 47.2766901588 2.33749842644 140.91906449 32.8056221008 19071232 0.183019492028 0.0 0.183019492028 -1.81449767871 1.4736000365 -1.4736000365 -1.81449767871 
166.951971744 99.8077552877 1.88621711731 144.742621255 32.6906242371 20250624 0.28107138684 0.0 0.28107138684 -1.54022307096 1.0888195008 -1.0888195008 -1.54022307096 
38.6273657464 71.5523806519 2.01096057892 131.6851641 32.4947738647 24903680 0.247282216977 0.0 0.247282216977 -1.33736319329 1.50180629217 -1.50180629217 -1.33736319329 
175.797158045 117.968998212 1.65686690807 131.011942652 32.3093605042 10878976 0.364271129118 0.0 0.364271129118 -1.08726311399 1.25022672825 -1.25022672825 -1.08726311399 
172.467779225 143.090401086 1.55079722404 137.540840306 32.1197509766 8388608 0.415805251571 0.0 0.415805251571 -1.14411415746 1.04688816252 -1.04688816252 -1.14411415746 
107.900390716 140.188909551 1.97327256203 132.984321519 31.9401569366 23527424 0.256818228362 0.0 0.256818228362 -1.34537369291 1.44352839614 -1.44352839614 -1.34537369291 
49.2435309259 81.7847323024 1.49976289272 127.900744182 31.1703281403 8388608 0.444584985783 0.0 0.444584985783 -0.92129751958 1.18342706358 -1.18342706358 -0.92129751958 
190.222141347 147.019195501 4.02693796158 133.059546656 30.591003418 24969217 0.0616666167355 0.0 0.0616666167355 -2.74942441757 2.9422601378 -2.9422601378 -2.74942441757 
144.576772319 110.627409997 1.93305301666 133.851300283 30.4166793823 22020096 0.267616242942 0.0 0.267616242942 -1.33919811912 1.39400228227 -1.39400228227 -1.33919811912 
68.1567233015 130.957933549 1.34621846676 146.451600961 30.0869407654 8388608 0.551783757902 0.0 0.551783757902 -1.12196444006 0.743975776135 -0.743975776135 -1.12196444006 
45.4902071851 124.759312878 2.07759952545 130.685886234 29.5465373993 10551552 0.231673481514 0.0 0.231673481514 -1.35441129631 1.57543321934 -1.57543321934 -1.35441129631 
81.5301880054 117.673664847 1.29114794731 139.83503842 29.4265022278 8388608 0.59985734606 0.0 0.59985734606 -0.986683132637 0.832778132287 -0.832778132287 -0.986683132637 
54.2070471646 141.841410429 1.45307779312 131.748402528 29.3881168365 8388608 0.4736115322 0.0 0.4736115322 -0.967547635956 1.08410638086 -1.08410638086 -0.967547635956 
219.217606647 91.3290582358 1.85487020016 145.700609734 28.9893608093 19070976 0.290651756559 0.0 0.290651756559 -1.53231623238 1.04525136853 -1.04525136853 -1.53231623238 
231.334952205 71.043514389 1.65587675571 144.474700885 28.6176776886 10813440 0.364706900385 0.0 0.364706900385 -1.34765024682 0.962167678922 -0.962167678922 -1.34765024682 
133.044438281 140.295565412 2.11885762215 141.438294064 27.4424514771 11927808 0.222739094581 0.0 0.222739094581 -1.65681374977 1.32080498996 -1.32080498996 -1.65681374977 
126.381392438 140.411851873 2.08604311943 141.593380994 27.3173274994 10813696 0.229801806029 0.0 0.229801806029 -1.63466864501 1.29592990441 -1.29592990441 -1.63466864501 
181.041799261 46.3435145845 1.96690797806 147.252465981 27.1641139984 23265280 0.258482958739 0.0 0.258482958739 -1.65429213896 1.06397580476 -1.06397580476 -1.65429213896 
152.418348823 79.3168762556 1.23585009575 137.10667644 26.9538612366 8388608 0.654739298688 0.0 0.654739298688 -0.905411235047 0.84116345297 -0.84116345297 -0.905411235047 
140.272279516 140.113394692 2.05666923523 141.732460934 26.9327392578 9830656 0.236412859839 0.0 0.236412859839 -1.61474732918 1.27376583642 -1.27376583642 -1.61474732918 
209.724419665 132.429883886 2.01259875298 140.576308799 26.8832550049 24969216 0.246879825345 0.0 0.246879825345 -1.55467427811 1.27810079002 -1.27810079002 -1.55467427811 
147.776214914 140.302272776 2.07221364975 142.851303077 26.8490562439 10354944 0.232879328318 0.0 0.232879328318 -1.65170132579 1.25138009437 -1.25138009437 -1.65170132579 
196.576003927 89.9464783111 1.8962161541 141.913336982 25.8171463013 20643840 0.278114937825 0.0 0.278114937825 -1.49247121409 1.16968601692 -1.16968601692 -1.49247121409 
53.6469818443 146.680325584 1.33899283409 129.960448626 25.4002876282 8388608 0.557755028504 0.0 0.557755028504 -0.859979736401 1.02632190989 -1.02632190989 -0.859979736401 
55.1081643447 155.310613122 1.87639403343 132.391940861 24.0798988342 19857408 0.284021955604 0.0 0.284021955604 -1.26506206318 1.38581115055 -1.38581115055 -1.26506206318 
221.383585257 54.4405596743 1.75041747093 132.977028765 23.8698310852 14876672 0.326374877072 0.0 0.326374877072 -1.19326849647 1.28065280926 -1.28065280926 -1.19326849647 
46.2659790307 155.55856468 1.64967811108 125.452815079 23.2934799194 10551296 0.367452812707 0.0 0.367452812707 -0.956866603047 1.34381701661 -1.34381701661 -0.956866603047 
226.768583838 104.171198001 1.70725440979 131.901467562 22.0335254669 13041664 0.343086408517 0.0 0.343086408517 -1.14019262315 1.27069996532 -1.27069996532 -1.14019262315 
222.611331905 156.537476732 2.12102937698 134.074922609 19.8939990997 12058880 0.222283196082 0.0 0.222283196082 -1.47538467969 1.52381287072 -1.52381287072 -1.47538467969 
36.5498720874 84.7418782659 1.27507781982 124.159436251 19.3030357361 8388608 0.615072935556 0.0 0.615072935556 -0.715953247847 1.05509923396 -1.05509923396 -0.715953247847 
83.2042496178 92.8238914218 2.61672973633 158.065524866 18.1582279205 10486272 0.146043509444 0.0 0.146043509444 -2.4273090079 0.97746892182 -0.97746892182 -2.4273090079 
167.330558854 39.1545104564 1.22695529461 138.40887181 17.1954936981 8388608 0.664266761654 0.0 0.664266761654 -0.917640951169 0.814465701982 -0.814465701982 -0.917640951169 
145.128514584 89.4733983811 1.97088456154 136.549367552 16.6606807709 23461888 0.257440947323 0.0 0.257440947323 -1.43079755869 1.35543509655 -1.35543509655 -1.43079755869 
189.150914894 95.8450731012 1.76489961147 133.002497881 14.0953207016 15466496 0.32104061967 0.0 0.32104061967 -1.20371491211 1.29071338761 -1.29071338761 -1.20371491211 
234.094241371 59.7713299638 1.41804850101 132.517143205 13.6643123627 8388608 0.497299279201 0.0 0.497299279201 -0.958332456042 1.04520833087 -1.04520833087 -0.958332456042 
178.219361446 151.571093848 1.46817040443 154.387126745 13.5845222473 8388608 0.463924244828 0.0 0.463924244828 -1.32390125968 0.634672979638 -0.634672979638 -1.32390125968 
251.09967016 94.7276125778 1.31801450253 128.929500306 12.7799873352 8388608 0.575651475367 0.0 0.575651475367 -0.828192435529 1.02530947455 -1.02530947455 -0.828192435529 
229.070758331 52.6652382439 1.72921156883 132.893816365 12.5874900818 13959168 0.33442884981 0.0 0.33442884981 -1.17697368424 1.26684868726 -1.26684868726 -1.17697368424 
32.9847122064 161.069633832 1.7488244772 132.207964847 11.8015613556 14811136 0.326969733714 0.0 0.326969733714 -1.17490149335 1.29537389698 -1.29537389698 -1.17490149335 
122.099614468 87.7583757132 1.92270231247 139.221217413 11.2990550995 21626880 0.270505377286 0.0 0.270505377286 -1.45594128168 1.2557942374 -1.2557942374 -1.45594128168 
131.042838871 88.8860388482 1.40621364117 133.929444895 11.1279850006 8388608 0.505705162194 0.0 0.505705162194 -0.975591700012 1.01274756947 -1.01274756947 -0.975591700012 
235.925117581 155.462995638 1.24521231651 133.54966998 9.57518863678 8388608 0.644930898872 0.0 0.644930898872 -0.857930301016 0.902501696283 -0.902501696283 -0.857930301016 
231.237092396 115.937109342 1.27649438381 134.66522991 9.27865123749 8388608 0.613708563361 0.0 0.613708563361 -0.897328605987 0.907876249706 -0.907876249706 -0.897328605987 
159.407014611 124.738649255 1.24811327457 141.453573754 9.10536575317 8388608 0.641936389855 0.0 0.641936389855 -0.976153738068 0.777760005288 -0.777760005288 -0.976153738068 
229.250255948 38.577292024 1.37456929684 138.607529936 9.05497360229 8388608 0.529257135501 0.0 0.529257135501 -1.03119910187 0.908883471133 -0.908883471133 -1.03119910187 
142.186486807 124.780201876 1.26123476028 144.054333722 8.58930969238 8388608 0.628648866399 0.0 0.628648866399 -1.02106290597 0.740367248463 -0.740367248463 -1.02106290597 
186.760945893 59.9286386003 2.04458594322 125.478898358 8.38181304932 9371904 0.23921546823 0.0 0.23921546823 -1.18668398527 1.66496630546 -1.66496630546 -1.18668398527 
237.175595379 39.1249104433 1.24388670921 139.230642717 7.8740272522 8388608 0.646306234177 0.0 0.646306234177 -0.942050642619 0.812277496979 -0.812277496979 -0.942050642619 
239.172668192 115.894036087 1.37123417854 132.558074526 7.87252426147 8388608 0.531834786736 0.0 0.531834786736 -0.927416628127 1.01004038052 -1.01004038052 -0.927416628127 
218.171632089 44.5969664591 1.48168981075 135.016391181 7.86559581757 8388608 0.455496884992 0.0 0.455496884992 -1.0480125997 1.04741314015 -1.04741314015 -1.0480125997 
243.771142889 129.434156586 1.32211124897 133.04531646 7.35150003433 8388608 0.572089529459 0.0 0.572089529459 -0.902442187932 0.966217497303 -0.966217497303 -0.902442187932 
201.198542146 157.085592795 1.47061741352 136.399701483 6.87976074219 8388608 0.46238165141 0.0 0.46238165141 -1.06497446589 1.01417205836 -1.01417205836 -1.06497446589 
95.3588046022 53.23733357 1.29493916035 122.900842922 6.87414932251 8388608 0.596350064833 0.0 0.596350064833 -0.703393861532 1.08724629434 -1.08724629434 -0.703393861532 
90.1843124079 95.103434441 1.27434265614 134.774503573 6.52377128601 8388608 0.61578280698 0.0 0.61578280698 -0.897542959778 0.904635750233 -0.904635750233 -0.897542959778 
243.873600977 121.319481012 1.59660112858 135.812907085 6.49020338058 8388608 0.39228990844 0.0 0.39228990844 -1.14487100429 1.11283671188 -1.11283671188 -1.14487100429 
94.0697858181 59.0763315546 2.06883502007 124.729771127 6.18152856827 10223872 0.233640583303 0.0 0.233640583303 -1.17862903981 1.7002681926 -1.7002681926 -1.17862903981 
240.048488265 73.5868805656 1.51580405235 137.618156943 5.82120132446 8388608 0.435225038576 0.0 0.435225038576 -1.11967744676 1.02175551888 -1.02175551888 -1.11967744676 
135.254900362 59.5337038713 1.69626057148 132.531375516 5.54421472549 12582912 0.347548057413 0.0 0.347548057413 -1.14666170387 1.24998674522 -1.24998674522 -1.14666170387 
37.8264162637 58.6833979802 1.29802918434 133.830500381 5.48832035065 8388608 0.593514161498 0.0 0.593514161498 -0.898920635844 0.936387448578 -0.936387448578 -0.898920635844 
149.762954902 60.1477851328 2.25016832352 128.220622153 5.26254558563 16318720 0.197501312767 0.0 0.197501312767 -1.39215935023 1.76780933014 -1.76780933014 -1.39215935023 
37.7953924947 33.1002464884 1.31062698364 131.45647878 4.95623397827 8388608 0.582159233051 0.0 0.582159233051 -0.867701851271 0.982260956952 -0.982260956952 -0.867701851271 
113.329500256 54.6571031294 1.52241015434 132.917565012 4.21846199036 8388608 0.431456142234 0.0 0.431456142234 -1.03667820774 1.11491298837 -1.11491298837 -1.03667820774 
235.433126571 137.667824202 1.91042482853 133.866220447 4.1821064949 21168128 0.2739933943 0.0 0.2739933943 -1.32388026867 1.377339486 -1.377339486 -1.32388026867 
178.254887638 62.6830985613 1.2437723875 126.095219042 4.1044883728 8388608 0.646425050496 0.0 0.646425050496 -0.732742300581 1.00501665303 -1.00501665303 -0.732742300581 
175.493341564 157.877209232 1.2828168869 137.907749447 4.05335617065 8388608 0.607674011748 0.0 0.607674011748 -0.951935452344 0.85990584362 -0.85990584362 -0.951935452344 
43.4098847062 109.646486217 1.3349391222 132.119992123 4.02044677734 8388608 0.561147559335 0.0 0.561147559335 -0.895324278691 0.990180234082 -0.990180234082 -0.895324278691 
168.298938035 55.7731922046 1.30764520168 121.88361477 3.96215295792 8388608 0.584817218602 0.0 0.584817218602 -0.690692346967 1.11035132067 -1.11035132067 -0.690692346967 
119.528953012 62.217244853 1.64750230312 125.921216478 3.88312959671 10485760 0.368424021905 0.0 0.368424021905 -0.966543920685 1.33418765104 -1.33418765104 -0.966543920685 
104.098455845 65.1848570032 1.89088141918 134.686344563 3.1775188446 20447232 0.279686440289 0.0 0.279686440289 -1.32971560853 1.34435447031 -1.34435447031 -1.32971560853 
239.406765213 27.0537324409 1.38730823994 135.388862322 2.95409202576 8388608 0.519581965471 0.0 0.519581965471 -0.987610226994 0.974294715236 -0.974294715236 -0.987610226994 
86.8422739851 64.7129599339 1.23686742783 125.587349379 2.37671995163 8388608 0.653662686361 0.0 0.653662686361 -0.719786870186 1.00585679673 -1.00585679673 -0.719786870186 
111.916478942 66.8362239184 1.49221527576 136.120955084 2.1118927002 8388608 0.449093776744 0.0 0.449093776744 -1.07559573187 1.03431148636 -1.03431148636 -1.07559573187 
