13
121
16.3521534524 97.5228491285 1.68837845325 93.2913818359 143.535369873 12255232 0.350800656721 0.0 0.350800656721 -0.0969363247952 1.68559341193 -1.68559341193 -0.0969363247952 
117.867997311 95.2622273828 2.82816791534 78.5659790039 137.109176636 16122368 0.125022914241 0.0 0.125022914241 0.560654223945 2.77203906873 -2.77203906873 0.560654223945 
37.5602127238 97.2879812768 2.10503196716 90.0610961914 131.021377563 11469056 0.225674562452 0.0 0.225674562452 -0.00224465768164 2.10503077039 -2.10503077039 -0.00224465768164 
225.762368779 109.926114922 1.26244902611 92.0245666504 126.81275177 8388608 0.627440136841 0.0 0.627440136841 -0.0445998007376 1.26166096924 -1.26166096924 -0.0445998007376 
23.1294456961 113.835404903 1.38362634182 103.462097168 120.331977844 8388608 0.522350911335 0.0 0.522350911335 -0.322111065016 1.34561001615 -1.34561001615 -0.322111065016 
31.9911660232 87.430225443 1.36571717262 98.3409423828 119.724342346 8388608 0.536140307897 0.0 0.536140307897 -0.198115383678 1.35127113872 -1.35127113872 -0.198115383678 
98.9980138572 94.0104993763 5.26015424728 79.0595703125 119.457763672 10879489 0.0361412393349 0.0 0.0361412393349 0.998315714043 5.16455113638 -5.16455113638 0.998315714043 
250.159314828 106.156407131 2.0226855278 82.9516906738 117.272880554 8585472 0.244423672842 0.0 0.244423672842 0.248195998327 2.00740018202 -2.00740018202 0.248195998327 
36.243255086 77.1391029249 4.7125544548 263.067077637 114.101531982 19661057 0.0450284747905 0.0 0.0450284747905 -0.568839540315 -4.67809694928 4.67809694928 -0.568839540315 
102.368758237 78.3703260625 4.06559848785 1.20855712891 114.088996887 8978689 0.0604993944374 0.0 0.0604993944374 4.0646940734 0.0857505339242 -0.0857505339242 4.0646940734 
72.6738226556 72.0319915172 6.068983078 251.951263428 113.592407227 21234177 0.0271498945343 0.0 0.0271498945343 -1.8803279266 -5.77034855876 5.77034855876 -1.8803279266 
233.893445907 109.950837637 1.82983005047 59.010345459 112.959632874 18087936 0.298660982134 0.0 0.298660982134 0.942148924572 1.56864062727 -1.56864062727 0.942148924572 
247.08609874 105.358152414 3.60130095482 81.2931213379 111.178977966 16908289 0.077104756089 0.0 0.077104756089 0.545163113001 3.55979855433 -3.55979855433 0.545163113001 
11.8626693005 88.9615588041 1.81514537334 133.445449829 109.704307556 17498112 0.30351291373 0.0 0.30351291373 -1.24820949148 1.317848926 -1.317848926 -1.24820949148 
152.460966514 124.323369976 1.81050336361 57.7288208008 108.79032135 17301504 0.305071282639 0.0 0.305071282639 0.966676810474 1.53083584154 -1.53083584154 0.966676810474 
292.650141306 94.0685214822 1.53334677219 51.5101928711 108.190155029 8388608 0.425323357351 0.0 0.425323357351 0.954317312911 1.20017948244 -1.20017948244 0.954317312911 
73.7716929675 80.1676417891 2.30860352516 37.819519043 104.797286987 18153728 0.187629573358 0.0 0.187629573358 1.82367250472 1.41558074016 -1.41558074016 1.82367250472 
260.004283983 68.7838329873 1.59073221684 91.8586425781 103.947677612 8388608 0.395189908771 0.0 0.395189908771 -0.0515934006643 1.58989531312 -1.58989531312 -0.0515934006643 
89.9589562328 69.5541693282 1.71953630447 76.7542724609 101.920532227 13565952 0.338202879583 0.0 0.338202879583 0.393993582232 1.67379035711 -1.67379035711 0.393993582232 
205.244999371 29.1647060819 3.16077256203 50.3132324219 101.822212219 24183296 0.100095258767 0.0 0.100095258767 2.01843809229 2.43236322462 -2.43236322462 2.01843809229 
252.603701463 53.1522214616 1.49805617332 74.651550293 100.693389893 8388608 0.445598584697 0.0 0.445598584697 0.396518379171 1.4446264131 -1.4446264131 0.396518379171 
141.320228211 90.5146459214 9.06310367584 61.4708251953 94.8854064941 16777474 0.0121743589919 0.0 0.0121743589919 4.32859440615 7.96260753184 -7.96260753184 4.32859440615 
254.892002167 52.2733891405 3.0540368557 177.822036743 93.7318496704 21692928 0.107213988463 0.0 0.107213988463 -3.05183064079 0.116064016427 -0.116064016427 -3.05183064079 
193.719361773 58.1603247125 2.17999649048 270.698974609 93.2695770264 14024960 0.210420675817 0.0 0.210420675817 0.0265940076705 -2.17983427289 2.17983427289 0.0265940076705 
254.472732151 41.9811202429 2.99224567413 302.831329346 92.1468887329 20185600 0.111687740341 0.0 0.111687740341 1.62229910846 -2.51429508552 2.51429508552 1.62229910846 
83.3474774336 124.434706064 3.2593023777 98.2423400879 91.3894042969 9699329 0.0941349059582 0.0 0.0941349059582 -0.467254610775 3.22563561457 -3.22563561457 -0.467254610775 
31.2529486291 71.9983654428 2.06736397743 260.264038086 88.9835662842 10158336 0.233973197726 0.0 0.233973197726 -0.349607843046 -2.0375888131 2.0375888131 -0.349607843046 
141.876455875 61.5090988944 2.98497009277 281.519500732 87.3043899536 20054528 0.11223286041 0.0 0.11223286041 0.596102832403 -2.92484322109 2.92484322109 0.596102832403 
251.706655433 37.7397091012 1.74810028076 303.001068115 87.2409133911 14745600 0.327240701422 0.0 0.327240701422 0.952110980713 -1.46606250617 1.46606250617 0.952110980713 
199.084676213 41.1471669589 1.56418204308 28.1322021484 86.6899871826 8388608 0.408719546976 0.0 0.408719546976 1.37939270838 0.737523708057 -0.737523708057 1.37939270838 
190.217074519 27.8615874134 3.09148311615 95.4497680664 86.3910903931 22544896 0.10463241325 0.0 0.10463241325 -0.293607547725 3.07750913327 -3.07750913327 -0.293607547725 
79.7160064465 106.834984254 1.47284197807 329.78036499 86.2311630249 8388608 0.460985953765 0.0 0.460985953765 1.27268624168 -0.741305080662 0.741305080662 1.27268624168 
20.2009493364 105.99955972 1.58479368687 335.015960693 85.1251907349 8388608 0.398157164612 0.0 0.398157164612 1.43649737709 -0.669362618875 0.669362618875 1.43649737709 
252.514516727 45.7074894881 1.75402808189 349.322937012 83.0475997925 15007744 0.325032595431 0.0 0.325032595431 1.72366067273 -0.324974456486 0.324974456486 1.72366067273 
91.5254147625 110.220082641 2.5908331871 271.726776123 80.9303512573 9765376 0.148977642343 0.0 0.148977642343 0.0780705263441 -2.58965665607 2.58965665607 0.0780705263441 
46.7822610125 72.2993190198 3.01041078568 268.80368042 79.9895782471 20644352 0.110343937547 0.0 0.110343937547 -0.0628519538975 -3.00975459637 3.00975459637 -0.0628519538975 
279.636169073 107.020317534 1.95822477341 222.81741333 78.8495407104 22937600 0.260780383099 0.0 0.260780383099 -1.43640356619 -1.33093540723 1.33093540723 -1.43640356619 
150.698009089 89.8318967931 2.3161547184 90.3074645996 77.2412490845 18415872 0.186408137187 0.0 0.186408137187 -0.012429050993 2.3161213695 -2.3161213695 -0.012429050993 
167.093644778 110.917840165 1.32749783993 181.472946167 76.9591140747 8388608 0.567456210954 0.0 0.567456210954 -1.32705919977 -0.0341232373909 0.0341232373909 -1.32705919977 
67.9928933206 124.742362048 1.3483402729 29.4985656738 75.3104171753 8388608 0.550048503088 0.0 0.550048503088 1.17355225747 0.66392513925 -0.66392513925 1.17355225747 
166.556543172 117.894345481 1.40066444874 36.2439575195 74.0147094727 8388608 0.509720134104 0.0 0.509720134104 1.12964562653 0.828107273504 -0.828107273504 1.12964562653 
277.790923361 77.5055267633 2.01524400711 82.6220703125 69.9197616577 25034752 0.246232130807 0.0 0.246232130807 0.258784729119 1.99855919907 -1.99855919907 0.258784729119 
102.341236573 109.388418436 2.39847207069 273.940948486 69.0591659546 20906240 0.173832376975 0.0 0.173832376975 0.164842917925 -2.39280067835 2.39280067835 0.164842917925 
73.3175702636 87.1945317758 1.40374600887 325.20199585 67.9402770996 8388608 0.50748467389 0.0 0.50748467389 1.15271283123 -0.801096739564 0.801096739564 1.15271283123 
136.402407675 65.1992327655 5.92574834824 281.881469727 67.4514770508 19530241 0.0284782692475 0.0 0.0284782692475 1.22003876241 -5.79879288342 5.79879288342 1.22003876241 
271.508877024 81.3510382328 2.00322270393 37.8695068359 67.3278656006 24641536 0.249196267183 0.0 0.249196267183 1.58136583642 1.22970862116 -1.22970862116 1.58136583642 
65.8325791434 67.2448181129 2.82412600517 251.022583008 66.3950500488 16056832 0.125381037784 0.0 0.125381037784 -0.918392941434 -2.67062578775 2.67062578775 -0.918392941434 
67.4829671662 113.471567007 1.92334592342 177.311035156 66.2960968018 21692416 0.270324368668 0.0 0.270324368668 -1.92122818325 0.0902319734321 -0.0902319734321 -1.92122818325 
188.495218785 25.7718624524 1.73500394821 91.6353149414 64.9469985962 14221312 0.332199569389 0.0 0.332199569389 -0.0495131177251 1.7342973077 -1.7342973077 -0.0495131177251 
39.8282220797 115.145310539 4.45370912552 146.043029785 64.7433700562 15532289 0.0504145971067 0.0 0.0504145971067 -3.6941615417 2.4877088814 -2.4877088814 -3.6941615417 
292.04582773 85.9920178375 1.90169942379 162.170806885 64.5885620117 20840448 0.276513443221 0.0 0.276513443221 -1.81036748022 0.582263072004 -0.582263072004 -1.81036748022 
119.513760572 84.0159425079 2.28625893593 116.088775635 64.1780471802 17432832 0.19131506432 0.0 0.19131506432 -1.00541262777 2.05332057167 -2.05332057167 -1.00541262777 
139.899260806 101.012586021 1.26489043236 18.7960510254 63.5728607178 8388608 0.625020388997 0.0 0.625020388997 1.19743568405 0.407548265151 -0.407548265151 1.19743568405 
262.979771779 52.6682361162 1.43000030518 240.591278076 63.0311813354 8388608 0.489021259319 0.0 0.489021259319 -0.702182158339 -1.24572913963 1.24572913963 -0.702182158339 
112.401422198 108.209989675 1.73165595531 265.408996582 62.8431396484 14090240 0.333485364022 0.0 0.333485364022 -0.138605914471 -1.72609986619 1.72609986619 -0.138605914471 
47.0831557411 86.1244535953 2.109416008 81.1988220215 62.7159843445 11665664 0.224737489459 0.0 0.224737489459 0.322753630222 2.08457813213 -2.08457813213 0.322753630222 
81.0340017885 113.739322414 2.27607369423 327.308319092 62.5728645325 17105152 0.19303113359 0.0 0.19303113359 1.91551907033 -1.22934867013 1.22934867013 1.91551907033 
260.286792274 108.70195088 1.5968580246 148.658584595 61.8529052734 8388608 0.392163698586 0.0 0.392163698586 -1.36384942037 0.830584317982 -0.830584317982 -1.36384942037 
43.2684434424 113.496516268 1.95979189873 342.90725708 61.6280059814 23003136 0.260363489708 0.0 0.260363489708 1.87322838102 -0.576020588914 0.576020588914 1.87322838102 
76.4945677873 68.498146203 2.30912852287 89.7495727539 60.3581504822 18153728 0.187544265071 0.0 0.187544265071 0.0100926605868 2.30910646644 -2.30910646644 0.0100926605868 
237.361977543 85.9687347017 4.57815074921 86.8096008301 60.0160713196 17563905 0.0477111431153 0.0 0.0477111431153 0.254793314632 4.57105509147 -4.57105509147 0.254793314632 
54.1229617253 85.9401835837 2.08634734154 266.39654541 59.9700546265 10813696 0.229734793512 0.0 0.229734793512 -0.131128379187 -2.08222250917 2.08222250917 -0.131128379187 
55.4079964536 84.1655221529 1.3084025383 359.142456055 58.1269607544 8388608 0.584140400422 0.0 0.584140400422 1.30825599338 -0.0195820843071 0.0195820843071 1.30825599338 
43.6493727529 115.222884819 1.30058598518 337.369903564 57.7361564636 8388608 0.591182895571 0.0 0.591182895571 1.20045156344 -0.500439755305 0.500439755305 1.20045156344 
285.251901868 91.2349719578 1.56209671497 169.413467407 56.4167556763 8388608 0.409811519387 0.0 0.409811519387 -1.53550757926 0.286988886464 -0.286988886464 -1.53550757926 
173.947782349 91.1564914947 6.94554901123 75.5616149902 54.8736495972 14286850 0.020729405136 0.0 0.020729405136 1.73179435963 6.72618311997 -6.72618311997 1.73179435963 
274.188814092 56.9757031374 4.6970000267 278.730285645 54.1249885559 19398913 0.0453271981744 0.0 0.0453271981744 0.712926170518 -4.64257961981 4.64257961981 0.712926170518 
57.7864699465 113.303766771 1.97531819344 269.094909668 54.069278717 23592960 0.256286583984 0.0 0.256286583984 -0.0312024211841 -1.97507173901 1.97507173901 -0.0312024211841 
111.533960757 71.3101987774 1.32961547375 101.966308594 53.2457771301 8388608 0.565650113534 0.0 0.565650113534 -0.275677790372 1.30072251611 -1.30072251611 -0.275677790372 
271.867467035 51.4315642292 2.72737646103 289.788970947 48.4788742065 13500928 0.134434217648 0.0 0.134434217648 0.923371849065 -2.5663138523 2.5663138523 0.923371849065 
231.133612937 77.0593731454 8.09544277191 260.885925293 48.3339118958 8651010 0.0152587439696 0.0 0.0152587439696 -1.2823231596 -7.99323720327 7.99323720327 -1.2823231596 
104.233854512 125.860516316 2.72524571419 98.1211547852 46.917930603 13435392 0.134644515943 0.0 0.134644515943 -0.384986630904 2.69791576902 -2.69791576902 -0.384986630904 
125.317005523 106.862548524 2.09578919411 253.08706665 46.4540176392 11141376 0.227669475166 0.0 0.227669475166 -0.609703151344 -2.00514199332 2.00514199332 -0.609703151344 
44.5286846872 83.9121647651 1.30456542969 84.5006408691 46.3322982788 8388608 0.587581709584 0.0 0.587581709584 0.125022530566 1.29856086772 -1.29856086772 0.125022530566 
244.272453499 38.754212111 1.37021362782 171.233581543 46.1025161743 8388608 0.532627314991 0.0 0.532627314991 -1.35420662505 0.20882960165 -0.20882960165 -1.35420662505 
99.3702055896 48.8549724521 1.51679372787 259.762756348 43.8604469299 8388608 0.434657273774 0.0 0.434657273774 -0.269571337089 -1.49264681259 1.49264681259 -0.269571337089 
53.46116043 57.2294938441 2.44296836853 255.7552948 42.877456665 22282496 0.167557669946 0.0 0.167557669946 -0.601125893671 -2.36785601539 2.36785601539 -0.601125893671 
244.481953406 50.5658282726 1.72282588482 180.150939941 42.3853302002 13697024 0.336912576945 0.0 0.336912576945 -1.72281990657 -0.00453860545283 0.00453860545283 -1.72281990657 
22.2063162861 84.4606005791 1.72444248199 293.779418945 38.3594589233 13762560 0.336281188387 0.0 0.336281188387 0.695323852168 -1.57804518767 1.57804518767 0.695323852168 
292.113295313 42.6890897515 3.10566782951 270.101867676 36.9773750305 22872576 0.103678807472 0.0 0.103678807472 0.00552164573998 -3.10566292097 3.10566292097 0.00552164573998 
298.726011286 45.8047939767 2.00830674171 269.988830566 35.2500801086 24772608 0.247936181161 0.0 0.247936181161 -0.000391506125512 -2.00830670355 2.00830670355 -0.000391506125512 
261.111553599 80.730128948 2.32745909691 55.8408813477 35.063331604 18743552 0.184601780392 0.0 0.184601780392 1.30685222614 1.92592915416 -1.92592915416 1.30685222614 
122.178998328 40.9293810839 4.03152227402 269.840637207 34.8905487061 25034753 0.0615264521585 0.0 0.0615264521585 -0.0112132835363 -4.03150667966 4.03150667966 -0.0112132835363 
116.412823451 119.066930966 1.75606524944 54.1848144531 32.9020233154 15073280 0.324278908418 0.0 0.324278908418 1.02760129764 1.42400868445 -1.42400868445 1.02760129764 
51.5014497556 114.656417685 1.31952285767 270.258575439 30.237537384 8388608 0.574336165693 0.0 0.574336165693 0.00595497691966 -1.31950942026 1.31950942026 0.00595497691966 
85.6323124673 79.9568629821 2.22754478455 170.290527344 29.8637218475 15597824 0.201533437001 0.0 0.201533437001 -2.19563654076 0.375680646317 -0.375680646317 -2.19563654076 
119.436115887 48.7272270947 1.26912379265 270.401977539 29.670747757 8388608 0.620857637429 0.0 0.620857637429 0.00890388573317 -1.26909255844 1.26909255844 0.00890388573317 
108.837803052 85.0967512206 1.70871508121 201.430435181 27.6448001862 13107200 0.342500093895 0.0 0.342500093895 -1.59057770574 -0.624315457734 0.624315457734 -1.59057770574 
248.788293585 124.006433852 4.18148946762 74.9889831543 27.3642158508 11010305 0.0571923557613 0.0 0.0571923557613 1.08302571262 4.03880049936 -4.03880049936 1.08302571262 
215.467238535 51.6155278996 1.58519971371 265.04498291 25.6794281006 8388608 0.397953225903 0.0 0.397953225903 -0.136919411731 -1.57927553233 1.57927553233 -0.136919411731 
172.38379373 92.1133233795 1.71172511578 65.8562011719 24.8718967438 13238272 0.34129659379 0.0 0.34129659379 0.700143744182 1.56198643063 -1.56198643063 0.700143744182 
188.400920978 44.397097671 1.82334828377 209.894592285 24.4285621643 17825792 0.300788158467 0.0 0.300788158467 -1.58074047811 -0.908767574681 0.908767574681 -1.58074047811 
207.770511412 51.0434401409 1.77254021168 268.263305664 23.7556629181 15794176 0.318278869886 0.0 0.318278869886 -0.05371930036 -1.77172600556 1.77172600556 -0.05371930036 
230.66503068 117.219355527 1.60091412067 281.201049805 23.223367691 8388608 0.390179034238 0.0 0.390179034238 0.310981289723 -1.57041926224 1.57041926224 0.310981289723 
127.76796051 120.88530534 2.33901238441 140.544311523 22.9875431061 19136768 0.182782644931 0.0 0.182782644931 -1.80598955051 1.48639855957 -1.48639855957 -1.80598955051 
133.211030156 86.8261524179 1.43660700321 102.679992676 22.1854438782 8388608 0.484533759515 0.0 0.484533759515 -0.315343196664 1.40156995901 -1.40156995901 -0.315343196664 
162.52671512 82.9696343007 1.54806864262 130.189849854 21.688375473 8388608 0.417272316178 0.0 0.417272316178 -0.999003323015 1.18258567675 -1.18258567675 -0.999003323015 
235.190117704 38.9366874948 2.0382938385 246.676727295 19.4626426697 9175296 0.240694638638 0.0 0.240694638638 -0.806998298961 -1.87173596363 1.87173596363 -0.806998298961 
123.598717312 117.823085627 1.23468351364 160.067733765 19.3737831116 8388608 0.655977134913 0.0 0.655977134913 -1.16072139356 0.420914748364 -0.420914748364 -1.16072139356 
150.443106219 48.6074821375 1.27245092392 278.730224609 18.8018531799 8388608 0.617615116688 0.0 0.617615116688 0.193135462253 -1.25770825194 1.25770825194 0.193135462253 
236.097430906 50.7569330211 1.72766506672 266.82913208 18.7959804535 13893632 0.335027839063 0.0 0.335027839063 -0.0955637888646 -1.72502004192 1.72502004192 -0.0955637888646 
180.859217103 89.4719787275 1.32243978977 79.9313354492 18.245306015 8388608 0.571805310235 0.0 0.571805310235 0.23119985857 1.30207281784 -1.30207281784 0.23119985857 
125.673147507 85.6313163068 1.35562598705 103.144287109 17.8970451355 8388608 0.54415199889 0.0 0.54415199889 -0.308274880546 1.32010924351 -1.32010924351 -0.308274880546 
214.087815773 104.810145447 1.39662516117 263.118255615 17.6917457581 8388608 0.512672799742 0.0 0.512672799742 -0.16734435279 -1.38656327241 1.38656327241 -0.16734435279 
207.427227572 105.663482705 1.38513016701 260.393737793 15.402888298 8388608 0.521217302296 0.0 0.521217302296 -0.231145689928 -1.36570760032 1.36570760032 -0.231145689928 
196.504285364 106.810572967 1.46110606194 265.243652344 13.3324384689 8388608 0.468421170338 0.0 0.468421170338 -0.121152889571 -1.45607448353 1.45607448353 -0.121152889571 
164.678464446 47.369737596 1.80126714706 267.128112793 12.6558151245 16908288 0.308207883996 0.0 0.308207883996 -0.0902487105676 -1.79900486529 1.79900486529 -0.0902487105676 
305.544698809 74.2820056686 1.48700547218 60.2516784668 12.6328372955 8388608 0.452246137681 0.0 0.452246137681 0.737838836005 1.29103800346 -1.29103800346 0.737838836005 
178.696338546 41.734827001 1.96514117718 274.407745361 11.8969764709 23199744 0.258947956594 0.0 0.258947956594 0.151028588751 -1.95932902077 1.95932902077 0.151028588751 
188.05582919 33.097723383 1.28322064877 89.0692749023 10.7962989807 8388608 0.607291665982 0.0 0.607291665982 0.020843998443 1.28305134782 -1.28305134782 0.020843998443 
27.7458792602 135.208221492 1.26793074608 101.015136719 10.617515564 8388608 0.622026566505 0.0 0.622026566505 -0.242261398115 1.24457132854 -1.24457132854 -0.242261398115 
276.802295145 70.6677848158 1.35689663887 78.3109130859 9.64739608765 8388608 0.543133345049 0.0 0.543133345049 0.274908317163 1.32875652613 -1.32875652613 0.274908317163 
194.298768155 120.578216577 1.32904005051 46.6308898926 9.11466407776 8388608 0.566140029068 0.0 0.566140029068 0.912646077877 0.966139012972 -0.966139012972 0.912646077877 
79.3756013188 143.321631722 1.70171833038 89.8348693848 8.30842208862 12845056 0.345322316873 0.0 0.345322316873 0.00490446954764 1.70171126286 -1.70171126286 0.00490446954764 
170.970229942 125.983855053 1.31698322296 62.8866577148 5.65300130844 8388608 0.576553369982 0.0 0.576553369982 0.600217995818 1.17225558948 -1.17225558948 0.600217995818 
255.466293652 128.610997959 1.53367960453 79.9090270996 4.72118377686 8388608 0.425138773809 0.0 0.425138773809 0.268718477136 1.50995480376 -1.50995480376 0.268718477136 
280.315027243 25.526101384 2.54426646233 280.455444336 3.93354797363 8454656 0.154480908023 0.0 0.154480908023 0.461710195341 -2.50202228744 2.50202228744 0.461710195341 
277.712587542 30.673464543 1.92725014687 272.675994873 3.93305587769 21823488 0.269230231804 0.0 0.269230231804 0.0899793453741 -1.9251485257 1.9251485257 0.0899793453741 
300.492068935 119.191231058 1.89084374905 46.0022583008 3.86381149292 20447232 0.279697584447 0.0 0.279697584447 1.3134368261 1.3602109348 -1.3602109348 1.3134368261 
243.56749352 15.1548778706 1.87966740131 275.592834473 3.63866424561 19988480 0.283033590513 0.0 0.283033590513 0.18318944104 -1.87071942532 1.87071942532 0.18318944104 
212.361912409 140.801078882 1.30047118664 67.581817627 3.58433532715 8388608 0.591287273019 0.0 0.591287273019 0.495952574615 1.20218815125 -1.20218815125 0.495952574615 
