13
151
173.309906899 40.0461530077 4.25738525391 79.7864685059 134.358505249 12321025 0.0551714117275 0.0 0.0551714117275 0.754907513316 4.18992169933 -4.18992169933 0.754907513316 
215.561661591 120.049856435 1.78266251087 80.5024108887 106.925460815 16187392 0.314674635013 0.0 0.314674635013 0.294150197169 1.75822674567 -1.75822674567 0.294150197169 
178.123724341 89.3097069068 2.31551742554 41.4578857422 104.092712402 18350336 0.186510760403 0.0 0.186510760403 1.73534732025 1.53303314579 -1.53303314579 1.73534732025 
177.597151591 84.6353437748 4.27811002731 50.7263793945 103.809242249 12648705 0.0546381643668 0.0 0.0546381643668 2.70814856296 3.31182076308 -3.31182076308 2.70814856296 
124.367706954 116.658716624 1.32254803181 97.2128601074 102.612602234 8388608 0.571711716904 0.0 0.571711716904 -0.166053723976 1.31208210764 -1.31208210764 -0.166053723976 
169.845860133 56.3564822374 1.62253034115 95.2492675781 100.683013916 9371648 0.379851937885 0.0 0.379851937885 -0.148443498457 1.61572560657 -1.61572560657 -0.148443498457 
150.009376733 41.3695840081 5.37312650681 86.4459838867 98.9062652588 12386817 0.0346374465209 0.0 0.0346374465209 0.33307749467 5.36279291421 -5.36279291421 0.33307749467 
107.621485908 114.471962078 4.34358930588 92.6562194824 98.2195968628 13762817 0.0530032487238 0.0 0.0530032487238 -0.201295702452 4.3389224582 -4.3389224582 -0.201295702452 
162.220485194 116.212685235 2.42368674278 107.531448364 95.1314315796 21692672 0.170234282784 0.0 0.170234282784 -0.73008528634 2.31111075066 -2.31111075066 -0.73008528634 
75.3066372288 113.943854634 1.30850124359 73.0815124512 94.0169525146 8388608 0.584052275823 0.0 0.584052275823 0.380788140456 1.25186896142 -1.25186896142 0.380788140456 
40.1623753324 113.359888949 2.66528391838 357.099609375 91.8842849731 11862528 0.140770950243 0.0 0.140770950243 2.66186972229 -0.134862697382 0.134862697382 2.66186972229 
116.348134513 114.511082782 1.285607934 99.0389709473 88.5366897583 8388608 0.605038362593 0.0 0.605038362593 -0.201977010764 1.26964288171 -1.26964288171 -0.201977010764 
75.6949721461 52.9182984262 4.82513856888 89.4141540527 85.4589691162 21364993 0.0429517061762 0.0 0.0429517061762 0.0493358960006 4.82488633838 -4.82488633838 0.0493358960006 
191.370714708 103.30013069 1.42015480995 94.2764587402 85.4471359253 8388608 0.495825229848 0.0 0.495825229848 -0.10589953051 1.41620089453 -1.41620089453 -0.10589953051 
114.550304996 114.525159268 1.90928244591 95.4806213379 84.9466094971 21168128 0.2743213698 0.0 0.2743213698 -0.182353815006 1.90055427294 -1.90055427294 -0.182353815006 
140.510844241 59.6324786531 3.9487555027 56.907989502 83.8759918213 23592961 0.0641326981659 0.0 0.0641326981659 2.15596183228 3.30824705817 -3.30824705817 2.15596183228 
40.5161193394 114.344071166 1.33555305004 349.231170654 83.5561523438 8388608 0.560631780604 0.0 0.560631780604 1.31203268741 -0.249543937318 0.249543937318 1.31203268741 
178.557398862 120.999118703 1.84776031971 264.037475586 82.0196914673 18743296 0.292892821046 0.0 0.292892821046 -0.191941557185 -1.83776403211 1.83776403211 -0.191941557185 
191.912870993 57.6701079125 3.86596059799 93.1347351074 80.1968460083 22020097 0.066909094619 0.0 0.066909094619 -0.211406799654 3.86017596882 -3.86017596882 -0.211406799654 
150.936063041 114.494238992 2.8132174015 94.6842651367 79.5204849243 15729152 0.126355284441 0.0 0.126355284441 -0.229740847226 2.80382083794 -2.80382083794 -0.229740847226 
137.7681539 39.4237269208 1.77254164219 118.457641602 78.778503418 15794176 0.318278356158 0.0 0.318278356158 -0.844631914434 1.55836478477 -1.55836478477 -0.844631914434 
138.328609243 59.2141629635 2.13461923599 60.159942627 78.6954727173 12517632 0.219461914021 0.0 0.219461914021 1.06214495591 1.85160670103 -1.85160670103 1.06214495591 
175.375887566 40.3145316141 1.32562112808 68.1824035645 78.4337463379 8388608 0.569064069501 0.0 0.569064069501 0.492671030196 1.23066918025 -1.23066918025 0.492671030196 
53.7013500005 100.569060844 1.64326620102 176.373825073 78.3458023071 10289152 0.37032595767 0.0 0.37032595767 -1.63997628209 0.103930753862 -0.103930753862 -1.63997628209 
155.247134844 40.2332227938 1.67813932896 74.2323608398 78.154586792 11796480 0.355094518838 0.0 0.355094518838 0.456012110239 1.61499367265 -1.61499367265 0.456012110239 
44.5487478129 84.1753052223 3.69200634956 43.4942016602 77.3408584595 18677761 0.0733626687476 0.0 0.0733626687476 2.67834396082 2.54113842849 -2.54113842849 2.67834396082 
175.964205606 60.6267180515 4.48521947861 95.4838562012 74.8734359741 16056577 0.049708722368 0.0 0.049708722368 -0.428631270828 4.46469136727 -4.46469136727 -0.428631270828 
261.098423694 64.734341844 3.54413843155 282.577209473 74.2604064941 15728641 0.0796120205497 0.0 0.0796120205497 0.771753984635 -3.459091356 3.459091356 0.771753984635 
250.657510575 63.9218733488 3.56933784485 102.43258667 74.0328979492 16252929 0.0784918719251 0.0 0.0784918719251 -0.768445491478 3.48563683956 -3.48563683956 -0.768445491478 
178.716946879 78.9496152032 1.56438648701 92.1408691406 73.8428573608 8388608 0.40861272584 0.0 0.40861272584 -0.0584400371748 1.56329454767 -1.56329454767 -0.0584400371748 
205.589938401 121.044800062 1.67128825188 46.5606079102 70.6896514893 11534336 0.35801174899 0.0 0.35801174899 1.14915588172 1.21352592901 -1.21352592901 1.14915588172 
184.798566463 56.4327986088 2.12579011917 92.5345153809 69.1748428345 12189952 0.221288697129 0.0 0.221288697129 -0.0940050178549 2.12371059407 -2.12371059407 -0.0940050178549 
201.655136307 106.393369432 2.6745557785 341.498596191 65.1362915039 12124672 0.139796623072 0.0 0.139796623072 2.53632371834 -0.848711145264 0.848711145264 2.53632371834 
268.950215743 104.869498798 2.59173583984 260.841064453 64.2129135132 9830912 0.148873888205 0.0 0.148873888205 -0.412536069903 -2.55869276283 2.55869276283 -0.412536069903 
69.6439986127 54.2846341336 1.79606866837 86.9935913086 63.7261695862 16711680 0.309994598325 0.0 0.309994598325 0.0941995905766 1.79359669341 -1.79359669341 0.0941995905766 
201.262068873 99.1733777737 4.55917644501 328.816223145 62.526386261 17236225 0.0481090963665 0.0 0.0481090963665 3.90042516111 -2.36067223885 2.36067223885 3.90042516111 
215.356867908 56.9752829418 5.06734895706 300.534088135 62.3836860657 24903937 0.0389438043764 0.0 0.0389438043764 2.5744711959 -4.36464471797 4.36464471797 2.5744711959 
185.996383618 102.173399356 1.40283334255 93.0740356445 60.6201629639 8388608 0.50814521541 0.0 0.50814521541 -0.0752287716154 1.40081476966 -1.40081476966 -0.0752287716154 
60.6755296213 92.8258423702 1.71370148659 336.888763428 58.5976333618 13303808 0.340509829382 0.0 0.340509829382 1.57616757925 -0.672657823293 0.672657823293 1.57616757925 
296.540006283 106.788841263 2.79764413834 22.4234008789 58.4860115051 15335936 0.127765929142 0.0 0.127765929142 2.58611515702 1.06715562099 -1.06715562099 2.58611515702 
25.6328029304 82.0800129899 2.56195998192 187.089263916 58.1341400146 8978944 0.152354510627 0.0 0.152354510627 -2.54237400515 -0.316185652591 0.316185652591 -2.54237400515 
41.7230859994 80.6941214421 1.36290419102 70.0080566406 56.2563972473 8388608 0.538355737593 0.0 0.538355737593 0.465960595085 1.2807765448 -1.2807765448 0.465960595085 
62.618863797 98.6231004541 1.86978530884 343.383361816 55.9581947327 19595264 0.286033245379 0.0 0.286033245379 1.79170227539 -0.534696229185 0.534696229185 1.79170227539 
253.251569048 104.138766004 3.20870447159 268.075500488 54.5685577393 8519681 0.097127131116 0.0 0.097127131116 -0.107756437932 -3.20689459385 3.20689459385 -0.107756437932 
224.558843392 61.1107074446 1.77654123306 99.3003234863 54.478843689 15925248 0.316846866443 0.0 0.316846866443 -0.287105749943 1.75318825034 -1.75318825034 -0.287105749943 
57.1702913407 58.1913825502 3.80092954636 47.167175293 53.5597801208 20774913 0.069218209455 0.0 0.069218209455 2.58410583762 2.78737554634 -2.78737554634 2.58410583762 
43.1325445851 64.2640272934 3.65819144249 240.110778809 53.2556915283 18022401 0.074725209457 0.0 0.074725209457 -1.8229669533 -3.17161727153 3.17161727153 -1.8229669533 
176.055439857 100.869780586 2.30729866028 56.1974487305 52.364025116 18153728 0.187841856645 0.0 0.187841856645 1.28362550203 1.91727219722 -1.91727219722 1.28362550203 
177.573983281 98.2005354416 1.6537501812 292.65222168 51.1672744751 10747904 0.365645464226 0.0 0.365645464226 0.636919744981 -1.52617918354 1.52617918354 0.636919744981 
28.5895481216 74.0694843148 3.24309396744 204.560577393 47.1690483093 9306113 0.0950781965156 0.0 0.0950781965156 -2.94966634142 -1.34800851478 1.34800851478 -2.94966634142 
170.990245105 92.1508195576 1.46632540226 72.4061889648 46.3781433105 8388608 0.465092443555 0.0 0.465092443555 0.443221673931 1.39773557337 -1.39773557337 0.443221673931 
231.198766368 78.2800511728 1.26874947548 137.387786865 45.835609436 8388608 0.621224032781 0.0 0.621224032781 -0.933739713642 0.858985086422 -0.858985086422 -0.933739713642 
126.162496292 50.7040522373 1.71312510967 94.5672607422 44.8801574707 13303808 0.34073899539 0.0 0.34073899539 -0.136415028669 1.70768515287 -1.70768515287 -0.136415028669 
132.321996743 49.5384552339 2.32613015175 313.341705322 44.6384391785 18678016 0.184812770926 0.0 0.184812770926 1.59653457615 -1.69173249364 1.69173249364 1.59653457615 
258.349887247 73.6148682827 1.69585418701 145.563034058 44.6294708252 12582912 0.347714646093 0.0 0.347714646093 -1.39865374409 0.959004237608 -0.959004237608 -1.39865374409 
233.463591252 105.613155364 2.81940484047 262.991912842 44.436958313 15925760 0.125801296794 0.0 0.125801296794 -0.343993999054 -2.7983408983 2.7983408983 -0.343993999054 
168.064455877 33.827058834 1.27602243423 277.805358887 43.8329277039 8388608 0.614162619735 0.0 0.614162619735 0.173294356785 -1.26420026838 1.26420026838 0.173294356785 
44.6747865474 98.2063172929 2.08625245094 58.0102844238 43.8198547363 10813696 0.22975569239 0.0 0.22975569239 1.10522777219 1.76944083276 -1.76944083276 1.10522777219 
24.4730920855 94.1944577085 2.08158135414 154.58026123 42.9732933044 10682624 0.230787999129 0.0 0.230787999129 -1.88005819333 0.893511121141 -0.893511121141 -1.88005819333 
60.6420943627 50.2286528498 1.69187426567 241.092102051 42.7433738708 12386304 0.349352480141 0.0 0.349352480141 -0.817857192528 -1.48106318011 1.48106318011 -0.817857192528 
117.428926318 58.1125115058 1.53258538246 80.9949035645 42.0763092041 8388608 0.425746064342 0.0 0.425746064342 0.239883817952 1.51369538165 -1.51369538165 0.239883817952 
117.783784727 58.6658924792 2.50712275505 81.9471435547 41.9285964966 24117504 0.159092168948 0.0 0.159092168948 0.351214259213 2.48240066327 -2.48240066327 0.351214259213 
35.5467861427 63.3134901992 1.42366862297 237.541870117 41.7683067322 8388608 0.493380718426 0.0 0.493380718426 -0.764058944881 -1.20126861142 1.20126861142 -0.764058944881 
124.462944381 47.8640228775 3.47442770004 291.581390381 41.4747848511 14286849 0.0828387319627 0.0 0.0828387319627 1.27797283099 -3.23085643229 3.23085643229 1.27797283099 
217.027992267 52.4360568541 2.3533809185 301.095336914 40.4937782288 19529984 0.180557504778 0.0 0.180557504778 1.21543567272 -2.01522154441 2.01522154441 1.21543567272 
160.293050033 57.1333617292 1.30018258095 109.805999756 40.4272460938 8388608 0.591549802011 0.0 0.591549802011 -0.440549241216 1.22327066092 -1.22327066092 -0.440549241216 
249.73387823 78.721236683 1.75756418705 322.918182373 39.8929748535 15138816 0.323726022122 0.0 0.323726022122 1.40214131778 -1.05973185126 1.05973185126 1.40214131778 
284.008910461 103.436404573 1.96621084213 259.49319458 39.8080635071 23265280 0.258666285672 0.0 0.258666285672 -0.358543093452 -1.9332438868 1.9332438868 -0.358543093452 
270.046953499 83.7342302944 4.48397159576 257.01751709 39.604511261 16056577 0.0497363939498 0.0 0.0497363939498 -1.00733833814 -4.36935587291 4.36935587291 -1.00733833814 
35.5747762731 47.6693357842 3.50414872169 240.145889282 39.2286148071 14942209 0.0814394702362 0.0 0.0814394702362 -1.74434163606 -3.03913318571 3.03913318571 -1.74434163606 
286.200045955 81.9256360364 1.53806054592 357.01675415 38.4929847717 8388608 0.422720331291 0.0 0.422720331291 1.53597615994 -0.0800467302555 0.0800467302555 1.53597615994 
27.5319455075 59.3814752453 1.56724953651 236.842254639 38.2206192017 8388608 0.40712118302 0.0 0.40712118302 -0.857200826677 -1.31205100985 1.31205100985 -0.857200826677 
154.462063997 54.5591265235 1.27984917164 113.980651855 37.4687995911 8388608 0.610495429063 0.0 0.610495429063 -0.520166700133 1.16937611837 -1.16937611837 -0.520166700133 
274.629706856 64.8887760717 1.75518155098 286.32421875 37.256603241 15073280 0.324605526383 0.0 0.324605526383 0.493333074442 -1.68442416112 1.68442416112 0.493333074442 
80.3688903126 50.9614080227 1.347209692 72.0821838379 36.4875183105 8388608 0.550972093938 0.0 0.550972093938 0.414472432289 1.28186838525 -1.28186838525 0.414472432289 
150.587568466 101.79942896 2.15313410759 173.236984253 35.9064369202 13107456 0.215703821221 0.0 0.215703821221 -2.1381520205 0.253559504873 -0.253559504873 -2.1381520205 
214.45692223 53.6606373189 1.33923149109 77.6792907715 35.360534668 8388608 0.557556257371 0.0 0.557556257371 0.285769929436 1.30838699709 -1.30838699709 0.285769929436 
179.453798028 49.0453267191 1.28015041351 257.62701416 35.3455924988 8388608 0.610208142276 0.0 0.610208142276 -0.274303994272 -1.25041689046 1.25041689046 -0.274303994272 
134.567551265 88.1261879819 6.68821573257 270.531402588 34.6158027649 11534338 0.022355246028 0.0 0.022355246028 0.0620304710805 -6.68792807274 6.68792807274 0.0620304710805 
79.7683397581 42.3012961171 1.74754655361 252.147827148 34.3613891602 14745600 0.327448113086 0.0 0.327448113086 -0.535731673689 -1.66340329771 1.66340329771 -0.535731673689 
87.4765736194 57.5174117088 1.7835688591 90.7412109375 33.3724060059 16187392 0.314354902662 0.0 0.314354902662 -0.0230726221689 1.78341961671 -1.78341961671 -0.0230726221689 
229.559447213 68.9518211963 1.51261508465 92.5740966797 32.758430481 8388608 0.437062097647 0.0 0.437062097647 -0.067933586519 1.51108882007 -1.51108882007 -0.067933586519 
86.035772596 41.2256003816 2.17379260063 259.294189453 31.6812438965 13828352 0.211623448799 0.0 0.211623448799 -0.403817330812 -2.135955485 2.135955485 -0.403817330812 
74.7752446447 46.5344929833 1.27987480164 316.825897217 31.4504528046 8388608 0.610470978484 0.0 0.610470978484 0.933384487667 -0.875712798836 0.875712798836 0.933384487667 
162.918563929 76.0171351596 1.79143917561 239.911804199 31.2661094666 16515072 0.311598863886 0.0 0.311598863886 -0.898106655726 -1.55005121039 1.55005121039 -0.898106655726 
151.891529876 79.1184251726 3.45267534256 275.549560547 30.4977302551 13828097 0.0838858121349 0.0 0.0838858121349 0.333896938727 -3.43649237675 3.43649237675 0.333896938727 
172.508715673 67.5054522484 2.6881082058 271.836303711 29.9306259155 12452352 0.138390572767 0.0 0.138390572767 0.0861378989237 -2.68672774736 2.68672774736 0.0861378989237 
275.522026053 70.7560502177 1.32450163364 153.76121521 28.8324928284 8388608 0.570026443989 0.0 0.570026443989 -1.1880240568 0.585579557348 -0.585579557348 -1.1880240568 
144.592219494 100.978335341 2.22745537758 103.789306641 28.6893768311 15597824 0.20154961587 0.0 0.20154961587 -0.530918903971 2.1632573995 -2.1632573995 -0.530918903971 
139.430820792 101.079531101 2.21709871292 96.075012207 28.614107132 15270144 0.203436998811 0.0 0.203436998811 -0.234636468716 2.20464791529 -2.20464791529 -0.234636468716 
221.815591716 76.9206135064 2.27927303314 128.686157227 28.2688922882 17236224 0.192489611292 0.0 0.192489611292 -1.4246689192 1.77915823644 -1.77915823644 -1.4246689192 
284.408586029 94.6728813261 1.44555842876 250.705963135 27.9081935883 8388608 0.478551519273 0.0 0.478551519273 -0.477635870262 -1.36436913862 1.36436913862 -0.477635870262 
101.267799824 40.944492231 4.00123119354 261.813598633 27.7458133698 24510465 0.0624615429582 0.0 0.0624615429582 -0.569751375764 -3.9604588666 3.9604588666 -0.569751375764 
240.511012999 101.674933887 1.47177517414 268.831268311 27.5811805725 8388608 0.461654479595 0.0 0.461654479595 -0.0300195060942 -1.47146899134 1.47146899134 -0.0300195060942 
64.8063799455 78.6797986873 3.05467677116 306.751464844 26.7874031067 21692928 0.107169073267 0.0 0.107169073267 1.82775083384 -2.44752468132 2.44752468132 1.82775083384 
246.01301823 40.463257481 5.40508127213 280.442199707 26.2574443817 12845569 0.03422910495 0.0 0.03422910495 0.979635955916 -5.31556365329 5.31556365329 0.979635955916 
290.065971278 70.993044284 1.30202174187 331.87298584 25.8108711243 8388608 0.589879803959 0.0 0.589879803959 1.14825908383 -0.613809166358 0.613809166358 1.14825908383 
224.34597905 80.017504123 1.33688569069 20.9193115234 24.9525356293 8388608 0.559514634493 0.0 0.559514634493 1.24876377793 0.477338849137 -0.477338849137 1.24876377793 
95.7010223941 38.6355603287 2.44226408005 259.671234131 22.5051250458 22216960 0.167654322846 0.0 0.167654322846 -0.437888573764 -2.40268754391 2.40268754391 -0.437888573764 
272.145494972 96.1584955701 1.33530962467 266.494812012 20.5323448181 8388608 0.560836204259 0.0 0.560836204259 -0.0816393854768 -1.33281161628 1.33281161628 -0.0816393854768 
75.44389373 106.101145919 1.41105484962 274.796813965 20.3393268585 8388608 0.502241052651 0.0 0.502241052651 0.117995837393 -1.40611264521 1.40611264521 0.117995837393 
76.5465094739 75.5225450574 1.99929285049 275.757507324 19.5504493713 24444928 0.250176881182 0.0 0.250176881182 0.200565917902 -1.98920718243 1.98920718243 0.200565917902 
135.137512244 78.1761506956 3.33648467064 270.874511719 18.9423904419 11403265 0.0898300688032 0.0 0.0898300688032 0.050923151418 -3.33609604029 3.33609604029 0.050923151418 
177.268200577 111.794204343 1.75868523121 283.515869141 17.5224742889 15204352 0.323313446302 0.0 0.323313446302 0.411030540175 -1.70997884125 1.70997884125 0.411030540175 
50.3271141255 109.30150156 2.07719612122 205.820907593 17.0872554779 10551552 0.231763475076 0.0 0.231763475076 -1.86980863796 -0.904742716682 0.904742716682 -1.86980863796 
161.802072148 122.684456615 1.25918900967 147.960891724 16.8433990479 8388608 0.630693203666 0.0 0.630693203666 -1.06739713737 0.667997240415 -0.667997240415 -1.06739713737 
242.233555879 84.083675374 1.73413205147 300.060546875 16.8301181793 14155776 0.332533703732 0.0 0.332533703732 0.868652559474 -1.50088530636 1.50088530636 0.868652559474 
48.2775562068 70.5876878552 1.3681088686 288.23034668 16.4030647278 8388608 0.534267410474 0.0 0.534267410474 0.42799647901 -1.29943868278 1.29943868278 0.42799647901 
154.627425274 64.7788214853 2.28621912003 274.671844482 15.5932655334 17432832 0.191321728116 0.0 0.191321728116 0.186209677394 -2.27862322924 2.27862322924 0.186209677394 
276.524546662 56.7284684428 1.76861798763 286.940673828 15.459564209 15597568 0.31969211489 0.0 0.31969211489 0.51534230538 -1.69187230442 1.69187230442 0.51534230538 
83.6604469035 75.6507605565 1.3483607769 261.703308105 15.3014316559 8388608 0.550031774468 0.0 0.550031774468 -0.194567203679 -1.33424899773 1.33424899773 -0.194567203679 
149.931810952 75.634216969 1.80871009827 278.814453125 14.9402351379 17235968 0.305676515019 0.0 0.305676515019 0.27715790278 -1.78734879542 1.78734879542 0.27715790278 
278.998306432 77.1471158724 1.7783895731 156.909606934 14.3811388016 15990784 0.316188589518 0.0 0.316188589518 -1.63591792688 0.697453948464 -0.697453948464 -1.63591792688 
26.1784552895 117.225839608 3.44961476326 151.539855957 13.5825042725 13762561 0.0840347290954 0.0 0.0840347290954 -3.03272474885 1.64390468477 -1.64390468477 -3.03272474885 
221.315444652 103.272450564 1.95701646805 319.23626709 12.9302062988 22937600 0.261102505692 0.0 0.261102505692 1.48226091973 -1.27781689691 1.27781689691 1.48226091973 
219.62472543 104.034860352 3.01768112183 266.900604248 12.8796567917 20840960 0.109812886656 0.0 0.109812886656 -0.163160834775 -3.01326698038 3.01326698038 -0.163160834775 
154.024560574 67.9365384214 1.24796760082 273.992340088 11.6356773376 8388608 0.642086263522 0.0 0.642086263522 0.0868873831751 -1.24493924163 1.24493924163 0.0868873831751 
211.141949337 126.74037152 1.49424064159 88.1694335938 11.3912849426 8388608 0.447877155109 0.0 0.447877155109 0.0477319868499 1.49347807229 -1.49347807229 0.0477319868499 
68.1292017007 78.9889306052 1.57273650169 310.950317383 11.0209283829 8388608 0.404285408551 0.0 0.404285408551 1.03077835199 -1.1878535654 1.1878535654 1.03077835199 
211.120432824 73.5569007359 1.53844666481 292.805236816 10.7977104187 8388608 0.422508169471 0.0 0.422508169471 0.596301685496 -1.41818279511 1.41818279511 0.596301685496 
76.5002877791 66.8246516456 1.50173425674 272.668365479 10.7381229401 8388608 0.44341851631 0.0 0.44341851631 0.0699131330961 -1.50010597349 1.50010597349 0.0699131330961 
192.094027253 73.6063047394 2.12466311455 301.314605713 8.40601539612 12189952 0.221523519795 0.0 0.221523519795 1.10426584565 -1.81515572127 1.81515572127 1.10426584565 
201.868020568 71.3749087241 1.41627180576 284.28616333 6.29647445679 8388608 0.498547773261 0.0 0.498547773261 0.349486301718 -1.3724740991 1.3724740991 0.349486301718 
11.4659909494 94.2991066864 1.48977208138 173.420806885 6.18429946899 8388608 0.450567992996 0.0 0.450567992996 -1.47996109701 0.170692723315 -0.170692723315 -1.47996109701 
237.058032779 89.7433849808 1.2589969635 265.417053223 6.16830062866 8388608 0.63088562899 0.0 0.63088562899 -0.100596683348 -1.25497157793 1.25497157793 -0.100596683348 
12.3594836589 63.2363794348 1.50661122799 193.163970947 6.07788085938 8388608 0.440552429568 0.0 0.440552429568 -1.46702095502 -0.343113552401 0.343113552401 -1.46702095502 
11.4806045148 72.6861952452 1.32879853249 182.336364746 5.85024261475 8388608 0.566345847245 0.0 0.566345847245 -1.32769393261 -0.0541697447046 0.0541697447046 -1.32769393261 
233.51474205 93.7736886765 1.98307728767 265.954864502 5.79347610474 23855104 0.254284986253 0.0 0.254284986253 -0.139890825251 -1.97813702405 1.97813702405 -0.139890825251 
30.702550136 41.1139198955 2.26372027397 217.28616333 5.13759994507 16711936 0.19514367485 0.0 0.19514367485 -1.80106067412 -1.37135331951 1.37135331951 -1.80106067412 
38.9455155085 29.4206390764 2.99431729317 259.234313965 4.90154266357 20251136 0.111533251429 0.0 0.111533251429 -0.559317502264 -2.94161519982 2.94161519982 -0.559317502264 
249.300439192 89.7312382091 1.33139681816 268.512878418 4.88477706909 8388608 0.564137501239 0.0 0.564137501239 -0.0345527482344 -1.33094838179 1.33094838179 -0.0345527482344 
210.084841867 90.4370688854 1.30743706226 283.024169922 4.82097148895 8388608 0.585003435145 0.0 0.585003435145 0.29464671906 -1.27380335324 1.27380335324 0.29464671906 
61.7468377548 31.7637385145 1.47892785072 193.954345703 4.7483253479 8388608 0.457199792856 0.0 0.457199792856 -1.43528200692 -0.356641484194 0.356641484194 -1.43528200692 
58.0134534364 26.8915306529 2.26475405693 213.497177124 4.73629379272 16777472 0.194965562651 0.0 0.194965562651 -1.88860788193 -1.24990847933 1.24990847933 -1.88860788193 
50.6175851901 23.4880059068 3.02430868149 235.140991211 4.68778610229 20972032 0.10933211959 0.0 0.10933211959 -1.72857073834 -2.48162974746 2.48162974746 -1.72857073834 
217.352052353 86.1028204548 1.48296225071 319.314056396 4.4100151062 8388608 0.454715551846 0.0 0.454715551846 1.12452181136 -0.966761466339 0.966761466339 1.12452181136 
113.646790354 45.3409459958 1.35839116573 255.553100586 4.33811473846 8388608 0.541938871975 0.0 0.541938871975 -0.338895009734 -1.31543784784 1.31543784784 -0.338895009734 
93.2817941727 49.1083927129 1.93471026421 269.905395508 4.00418186188 22085632 0.267157966147 0.0 0.267157966147 -0.0031945145081 -1.93470762688 1.93470762688 -0.0031945145081 
232.953359036 38.0276930383 1.94154036045 279.201904297 3.83373260498 22347776 0.265281615699 0.0 0.265281615699 0.31047947804 -1.91655458179 1.91655458179 0.31047947804 
68.2850639667 133.20968403 1.31298398972 92.9539794922 3.76689529419 8388608 0.580070980267 0.0 0.580070980267 -0.0676630948122 1.31123936139 -1.31123936139 -0.0676630948122 
113.789555246 125.492768672 1.24428677559 100.575134277 3.72367858887 8388608 0.645890696809 0.0 0.645890696809 -0.228357419963 1.22315267594 -1.22315267594 -0.228357419963 
303.864729164 117.293527133 1.26448535919 84.5555114746 3.69662475586 8388608 0.625420899036 0.0 0.625420899036 0.119976027498 1.25878074995 -1.25878074995 0.119976027498 
76.7638551788 133.227592218 1.49392008781 31.4257507324 3.63377761841 8388608 0.448069379739 0.0 0.448069379739 1.27478673692 0.778919767461 -0.778919767461 1.27478673692 
165.140418612 139.465665751 1.3341203928 106.297744751 3.61729431152 8388608 0.561836506119 0.0 0.561836506119 -0.374392777398 1.2805105508 -1.2805105508 -0.374392777398 
231.270643663 35.0775772613 1.31104159355 3.75268554688 3.57735443115 8388608 0.58179108177 0.0 0.58179108177 1.30823053236 0.0858075417676 -0.0858075417676 1.30823053236 
218.391823691 34.9147600452 1.42441630363 283.284423828 3.577003479 8388608 0.492862900136 0.0 0.492862900136 0.327309734899 -1.38630088491 1.38630088491 0.327309734899 
289.684761179 134.852464819 1.93186831474 24.7849731445 3.57582473755 22020096 0.267944570383 0.0 0.267944570383 1.75391901001 0.809866218476 -0.809866218476 1.75391901001 
233.283838577 24.007014885 1.62380552292 336.56741333 3.54337692261 9437184 0.379255573276 0.0 0.379255573276 1.48988801057 -0.645738408505 0.645738408505 1.48988801057 
155.009338987 137.296662272 1.75795340538 106.911010742 3.53740692139 15138816 0.323582689365 0.0 0.323582689365 -0.511364144396 1.68193545872 -1.68193545872 -0.511364144396 
116.810171643 120.278075578 1.36828362942 107.719116211 0.935340881348 8388608 0.534130943085 0.0 0.534130943085 -0.416438341421 1.30337224089 -1.30337224089 -0.416438341421 
116.63568677 89.7945169153 1.1331152916 303.673553467 0.879468023777 8388608 0.77884636812 0.0 0.77884636812 0.628267507669 -0.942990033274 0.942990033274 0.628267507669 
