13
209
217.451862174 126.793051148 2.43387722969 82.9612426758 113.916343689 21954816 0.16881174715 0.0 0.16881174715 0.298249059078 2.41553428209 -2.41553428209 0.298249059078 
90.7075749103 88.9640287034 1.9900431633 91.5633850098 95.2285766602 24117248 0.252507921823 0.0 0.252507921823 -0.0542940094906 1.9893023783 -1.9893023783 -0.0542940094906 
26.8145900255 98.3019993204 3.40876889229 194.853439331 88.8453903198 12910593 0.0860607019653 0.0 0.0860607019653 -3.29486391107 -0.873829027075 0.873829027075 -3.29486391107 
153.609988172 137.133330102 4.27432394028 89.9030761719 88.225982666 12583169 0.0547350014182 0.0 0.0547350014182 0.00723061357869 4.27431782448 -4.27431782448 0.00723061357869 
229.433964248 128.351756212 2.51306986809 114.331680298 85.8763275146 24314112 0.158340085118 0.0 0.158340085118 -1.03543060844 2.28984794626 -2.28984794626 -1.03543060844 
118.18762891 138.256151193 3.409897089 89.3695983887 83.5045776367 12976129 0.0860037633911 0.0 0.0860037633911 0.0375169212667 3.40969069539 -3.40969069539 0.0375169212667 
173.273998568 135.677157455 4.38975048065 83.9142150879 83.2076873779 14483713 0.0518943802665 0.0 0.0518943802665 0.465389812933 4.36501106578 -4.36501106578 0.465389812933 
176.157683555 135.711409662 2.49754190445 85.804107666 81.0002822876 23855360 0.160315100883 0.0 0.160315100883 0.182736892203 2.49084780601 -2.49084780601 0.182736892203 
172.486198669 72.8277274801 8.21582698822 270.170898438 78.1205825806 9699586 0.0148148558354 0.0 0.0148148558354 0.024505642912 -8.21579044121 8.21579044121 0.024505642912 
82.1404711421 70.9502018904 1.57394576073 96.4248962402 75.8861694336 8388608 0.40366442403 0.0 0.40366442403 -0.176125687571 1.56406042079 -1.56406042079 -0.176125687571 
21.1111523514 123.829303011 1.33337056637 110.427322388 73.9432601929 8388608 0.562468585943 0.0 0.562468585943 -0.465371615347 1.24952243953 -1.24952243953 -0.465371615347 
134.094345529 138.495844222 2.0537340641 82.8277282715 71.7474822998 9699584 0.237089099356 0.0 0.237089099356 0.256415034412 2.03766408816 -2.03766408816 0.256415034412 
58.4880478331 128.801038149 2.01094293594 30.8352966309 69.4793243408 24903680 0.247286556049 0.0 0.247286556049 1.72668467717 1.03075288855 -1.03075288855 1.72668467717 
101.023599939 129.011844543 1.7649166584 74.9111938477 66.4854660034 15466496 0.321034417983 0.0 0.321034417983 0.459435832651 1.70406852174 -1.70406852174 0.459435832651 
205.917024501 85.8262493293 1.95779800415 86.3376159668 66.4398651123 22937600 0.260894087556 0.0 0.260894087556 0.125058537916 1.95379973056 -1.95379973056 0.125058537916 
77.3108028554 100.382518028 1.95782005787 328.713867188 65.703414917 22937600 0.260888209945 0.0 0.260888209945 1.67312276005 -1.01672002478 1.01672002478 1.67312276005 
95.0502942718 98.4067361148 1.51328587532 63.4846191406 61.6964950562 8388608 0.436674712546 0.0 0.436674712546 0.675588378852 1.35411021812 -1.35411021812 0.675588378852 
169.788270519 79.6294378804 1.81366336346 43.2113037109 59.4682846069 17432576 0.304009139133 0.0 0.304009139133 1.32185872766 1.24179881626 -1.24179881626 1.32185872766 
74.4009245609 99.0162095212 8.16668605804 270.014648438 59.0152664185 9306370 0.0149936813994 0.0 0.0149936813994 0.00208792322954 -8.16668579114 8.16668579114 0.00208792322954 
204.165268086 103.863438271 3.89854121208 88.7442016602 54.4893379211 22609921 0.0657954317103 0.0 0.0657954317103 0.0854406668638 3.8976048382 -3.8976048382 0.0854406668638 
30.2080395426 138.373582883 1.23196029663 93.0991821289 54.0251808167 8388608 0.658880381808 0.0 0.658880381808 -0.0666053905422 1.23015848346 -1.23015848346 -0.0666053905422 
131.821066146 93.1799856156 1.32053804398 115.097503662 53.359577179 8388608 0.573453443537 0.0 0.573453443537 -0.560119373591 1.19586245568 -1.19586245568 -0.560119373591 
224.754969445 103.211907942 1.25843954086 21.9438171387 53.0318222046 8388608 0.631444651185 0.0 0.631444651185 1.16726652606 0.470275382258 -0.470275382258 1.16726652606 
90.6829648161 99.8036984456 2.27509951591 74.6777038574 51.908367157 17105152 0.19319647757 0.0 0.19319647757 0.601191358939 2.19423033368 -2.19423033368 0.601191358939 
99.8533876335 96.7911064456 1.21927559376 90.3262634277 51.7319488525 8388608 0.672660984791 0.0 0.672660984791 -0.00694297011219 1.21925582578 -1.21925582578 -0.00694297011219 
143.374579606 106.347408016 6.61121463776 295.132507324 51.6610183716 10682370 0.0228790235779 0.0 0.0228790235779 2.80786971354 -5.98531759042 5.98531759042 2.80786971354 
231.484006903 94.2355012935 1.54495036602 220.613616943 49.8456268311 8388608 0.418958433281 0.0 0.418958433281 -1.17279750389 -1.0056926212 1.0056926212 -1.17279750389 
139.937799199 116.057891829 1.53923082352 72.104675293 49.3462600708 8388608 0.422077786892 0.0 0.422077786892 0.472973258012 1.46476203708 -1.46476203708 0.472973258012 
158.141623963 54.1708462351 1.82865524292 269.083343506 49.1250839233 18022400 0.299044850974 0.0 0.299044850974 -0.0292548109309 -1.82842121884 1.82842121884 -0.0292548109309 
240.274066009 92.8476887549 1.26852822304 144.71131897 48.6231460571 8388608 0.621440755307 0.0 0.621440755307 -1.03543835893 0.732824165475 -0.732824165475 -1.03543835893 
258.470262848 116.808139171 1.48479187489 28.2554321289 47.8910751343 8388608 0.453595602319 0.0 0.453595602319 1.30787277522 0.70290519672 -0.70290519672 1.30787277522 
184.472367693 104.411022617 4.09259796143 269.141082764 46.7049255371 9437441 0.0597037806219 0.0 0.0597037806219 -0.0613495671229 -4.09213810916 4.09213810916 -0.0613495671229 
244.806993063 113.232029302 1.51740705967 69.5272521973 45.9898605347 8388608 0.434305970217 0.0 0.434305970217 0.530731058463 1.42156559058 -1.42156559058 0.530731058463 
167.438363713 56.1782683125 2.21168112755 270.430236816 45.9376602173 15073536 0.204434870661 0.0 0.204434870661 0.0166074659084 -2.21161877412 2.21161877412 0.0166074659084 
135.98702869 56.9900777289 3.81998491287 267.81060791 45.6490402222 21168129 0.0685293645368 0.0 0.0685293645368 -0.145934127031 -3.81719634878 3.81719634878 -0.145934127031 
222.280327186 107.597080579 2.82981467247 8.63278198242 45.5467758179 16187904 0.124877447138 0.0 0.124877447138 2.79775474568 0.424758123617 -0.424758123617 2.79775474568 
94.5736504959 69.1008921593 3.37939310074 242.873962402 45.3655929565 12320769 0.087563391402 0.0 0.087563391402 -1.54083229077 -3.00767910207 3.00767910207 -1.54083229077 
30.5084549417 127.678576726 1.90655875206 152.992584229 45.3534011841 21037056 0.275105716073 0.0 0.275105716073 -1.69864424355 0.865779422776 -0.865779422776 -1.69864424355 
259.938587619 109.048220989 1.44717550278 7.52810668945 45.1910552979 8388608 0.477482649779 0.0 0.477482649779 1.43470188019 0.189598129774 -0.189598129774 1.43470188019 
138.945749387 123.896264438 1.7739764452 20.7261962891 44.9220275879 15794176 0.3177637134 0.0 0.3177637134 1.65916880582 0.62781470348 -0.62781470348 1.65916880582 
49.567483942 83.6302735327 1.64784681797 270.987335205 44.599697113 10485760 0.368269985406 0.0 0.368269985406 0.0283947032233 -1.6476021596 1.6476021596 0.0283947032233 
167.919563283 105.9314248 4.00008916855 80.2338562012 44.4692687988 24510465 0.062497213576 0.0 0.062497213576 0.678523884635 3.94212109077 -3.94212109077 0.678523884635 
126.902389845 123.58056973 1.69011473656 35.6663818359 44.1336402893 12320768 0.350080260117 0.0 0.350080260117 1.37309278063 0.985446111415 -0.985446111415 1.37309278063 
75.2271496735 88.3056103848 1.70784521103 257.591033936 43.6965179443 13041664 0.342849079262 0.0 0.342849079262 -0.366995717336 -1.66794766353 1.66794766353 -0.366995717336 
41.9191631476 117.657454512 2.26377034187 90.6666870117 42.7426223755 16777472 0.195135042944 0.0 0.195135042944 -0.0263403734246 2.26361709339 -2.26361709339 -0.0263403734246 
137.825417024 53.6295209337 1.88374495506 270.087554932 42.047088623 20185088 0.281809607819 0.0 0.281809607819 0.00287859067423 -1.88374275564 1.88374275564 0.00287859067423 
251.623117254 119.524115213 1.65414595604 57.5963439941 40.8469161987 10747904 0.365470514775 0.0 0.365470514775 0.886424843027 1.3965850642 -1.3965850642 0.886424843027 
240.88789211 56.1306635344 2.21248412132 117.527084351 40.4129905701 15073536 0.20428650337 0.0 0.20428650337 -1.02253905493 1.96201423752 -1.96201423752 -1.02253905493 
135.923360577 129.57991531 1.43993544579 20.7576904297 40.2707061768 8388608 0.482296327479 0.0 0.482296327479 1.34646584804 0.510336955449 -0.510336955449 1.34646584804 
117.853898721 85.588117553 2.51539444923 104.285705566 40.0964431763 24379648 0.158047562965 0.0 0.158047562965 -0.6206918175 2.43761172112 -2.43761172112 -0.6206918175 
130.01319692 105.099885748 1.39583683014 34.0891723633 40.0848999023 8388608 0.513252050835 0.0 0.513252050835 1.15598497866 0.782342115368 -0.782342115368 1.15598497866 
227.113999113 44.1815296944 1.93628239632 102.523681641 39.4202423096 22151168 0.266724313381 0.0 0.266724313381 -0.419869517265 1.89021139208 -1.89021139208 -0.419869517265 
17.3667683949 137.269919233 1.96381819248 93.9987792969 39.3967590332 23199744 0.259296970144 0.0 0.259296970144 -0.136947294357 1.95903734821 -1.95903734821 -0.136947294357 
246.826025598 95.9832868189 2.04829883575 318.602783203 38.2611579895 9502976 0.238349016206 0.0 0.238349016206 1.53651742819 -1.35448968745 1.35448968745 1.53651742819 
208.71250391 62.3518926083 2.13597679138 300.219848633 37.7390937805 12517632 0.21918303737 0.0 0.21918303737 1.07507839038 -1.84569859616 1.84569859616 1.07507839038 
126.278259241 87.3490505838 1.30648231506 253.941635132 37.3465843201 8388608 0.585858761644 0.0 0.585858761644 -0.361394448542 -1.2555039196 1.2555039196 -0.361394448542 
233.436617929 113.189877863 1.38393032551 353.747436523 36.7488708496 8388608 0.522121465221 0.0 0.522121465221 1.37569796947 -0.150725719951 0.150725719951 1.37569796947 
214.118301832 63.8159552966 1.47458028793 300.306793213 36.2954025269 8388608 0.459899727254 0.0 0.459899727254 0.744117432769 -1.27305784307 1.27305784307 0.744117432769 
140.028790044 109.827060837 1.46585524082 40.8843688965 36.1269607544 8388608 0.465390840824 0.0 0.465390840824 1.10823356272 0.959452946999 -0.959452946999 1.10823356272 
242.171936729 125.566465476 2.63382768631 13.1047363281 36.1083717346 11010560 0.144153530359 0.0 0.144153530359 2.5652355122 0.597172544669 -0.597172544669 2.5652355122 
147.963720797 117.562166038 1.47451424599 17.557434082 36.0867652893 8388608 0.459940925029 0.0 0.459940925029 1.40582405879 0.444804425946 -0.444804425946 1.40582405879 
237.051011857 104.179163271 2.44737243652 179.398971558 36.0288047791 22413568 0.166955169567 0.0 0.166955169567 -2.44723778512 0.0256722830096 -0.0256722830096 -2.44723778512 
67.8229523311 101.357090135 1.76351737976 28.3401489258 35.6753158569 15400960 0.321544075361 0.0 0.321544075361 1.55215087916 0.83715064179 -0.83715064179 1.55215087916 
104.953288205 119.178806693 1.33155250549 323.066864014 35.03698349 8388608 0.564005589163 0.0 0.564005589163 1.06435956125 -0.800106742412 0.800106742412 1.06435956125 
130.711749251 105.130279062 2.58584856987 255.213272095 34.5113677979 9634304 0.149552550144 0.0 0.149552550144 -0.659964912104 -2.50021181924 2.50021181924 -0.659964912104 
145.215349385 72.551658517 2.56079053879 100.91796875 34.316493988 8978944 0.152493694692 0.0 0.152493694692 -0.485022407944 2.51443859486 -2.51443859486 -0.485022407944 
36.8352131391 101.29151582 1.69031238556 89.9380187988 33.6598854065 12320768 0.349998394812 0.0 0.349998394812 0.00182853907337 1.69031139652 -1.69031139652 0.00182853907337 
85.0865476543 120.638620094 1.44630873203 271.874755859 33.343006134 8388608 0.478055130602 0.0 0.478055130602 0.0473157356834 -1.44553456185 1.44553456185 0.0473157356834 
72.1197554932 115.212881275 3.04236650467 40.8815612793 33.0693435669 21430784 0.108038100018 0.0 0.108038100018 2.3002242038 1.99122137418 -1.99122137418 2.3002242038 
236.30517706 109.915608636 1.70938074589 72.4289550781 33.0155105591 13107200 0.342233394014 0.0 0.342233394014 0.516041784771 1.62962677039 -1.62962677039 0.516041784771 
136.935986709 102.513733118 1.47916936874 319.381896973 32.9883995056 8388608 0.457050502347 0.0 0.457050502347 1.12278666203 -0.962960088998 0.962960088998 1.12278666203 
22.3443293783 107.988081597 1.35836088657 197.90032959 32.4089622498 8388608 0.541963032913 0.0 0.541963032913 -1.29260621645 -0.41750864348 0.41750864348 -1.29260621645 
97.3936989732 47.7683872316 3.32421326637 240.492904663 32.3890075684 11141121 0.090494512182 0.0 0.090494512182 -1.63727920974 -2.89304521736 2.89304521736 -1.63727920974 
239.618126912 100.072385454 1.48829865456 226.547134399 32.3494949341 8388608 0.451460565982 0.0 0.451460565982 -1.0235887305 -1.08041612166 1.08041612166 -1.0235887305 
244.222155128 106.317304549 1.29935956001 20.6725769043 32.1452331543 8388608 0.592299420631 0.0 0.592299420631 1.21569783243 0.45870910873 -0.45870910873 1.21569783243 
245.221938948 23.7193084589 2.28410840034 46.7153320312 32.0913619995 17367296 0.191675488141 0.0 0.191675488141 1.56603857956 1.66273099203 -1.66273099203 1.56603857956 
182.739759015 14.7744272529 1.38654124737 99.4222717285 31.7862930298 8388608 0.520156958434 0.0 0.520156958434 -0.226989898469 1.36783486454 -1.36783486454 -0.226989898469 
218.936725137 43.318768411 5.56497526169 306.924407959 31.0373821259 14942721 0.0322904073556 0.0 0.0322904073556 3.34321918996 -4.44880153649 4.44880153649 3.34321918996 
192.364625718 28.4166820201 1.88204133511 93.2007141113 30.9596843719 20119552 0.282320025687 0.0 0.282320025687 -0.105081800201 1.87910547929 -1.87910547929 -0.105081800201 
112.980062714 44.3848725847 2.55424308777 259.006469727 30.8227806091 8782336 0.153276489947 0.0 0.153276489947 -0.487089433409 -2.50736946525 2.50736946525 -0.487089433409 
78.9830156627 114.625511564 3.10750389099 270.167236328 30.6988391876 22938112 0.103556326899 0.0 0.103556326899 0.00907024578187 -3.10749065375 3.10749065375 0.00907024578187 
237.459073811 80.5352897353 3.08280730247 283.11416626 30.3158130646 22348288 0.105222167058 0.0 0.105222167058 0.699464665899 -3.00240737498 3.00240737498 0.699464665899 
148.432162219 109.730404366 1.80979931355 0.392303466797 29.7987537384 17235968 0.30530868712 0.0 0.30530868712 1.8097568909 0.0123915758441 -0.0123915758441 1.8097568909 
106.939474708 107.492123627 2.18092250824 318.197845459 29.3888282776 14024960 0.210242024888 0.0 0.210242024888 1.62577072288 -1.45371680308 1.45371680308 1.62577072288 
72.4591919208 115.366766091 1.75180184841 48.4746704102 29.1631317139 14942208 0.325859239416 0.0 0.325859239416 1.16135893672 1.31150872517 -1.31150872517 1.16135893672 
116.512318893 36.2802680215 4.93980836868 65.2553100586 29.0773239136 23068929 0.0409807400565 0.0 0.0409807400565 2.06768310777 4.48624489804 -4.48624489804 2.06768310777 
221.547576903 68.4844919375 2.40775799751 304.189605713 28.8938217163 21233920 0.172494134489 0.0 0.172494134489 1.35299945533 -1.99165535383 1.99165535383 1.35299945533 
218.171126483 85.6180181174 3.09384536743 82.2532653809 28.7030696869 22610432 0.104472693767 0.0 0.104472693767 0.417033212455 3.06560963876 -3.06560963876 0.417033212455 
197.767443667 33.2810396844 3.83082938194 137.565292358 28.1253223419 21364737 0.0681419222313 0.0 0.0681419222313 -2.82733112911 2.58485056434 -2.58485056434 -2.82733112911 
156.344017318 117.838524498 1.3249399662 259.264251709 27.6624145508 8388608 0.569649340385 0.0 0.569649340385 -0.246809361483 -1.3017492282 1.3017492282 -0.246809361483 
251.786266046 104.920220065 1.87954747677 354.055236816 27.1740264893 19988480 0.283069709587 0.0 0.283069709587 1.8694396564 -0.194664040066 0.194664040066 1.8694396564 
245.759460924 35.7409333421 3.4983215332 57.8853149414 26.8335914612 14811137 0.0817110052461 0.0 0.0817110052461 1.85976258644 2.96302829412 -2.96302829412 1.85976258644 
111.238656793 129.619773817 1.32960438728 173.047058105 26.7807865143 8388608 0.565659546544 0.0 0.565659546544 -1.31982635756 0.16095406977 -0.16095406977 -1.31982635756 
242.0738614 30.5442480332 1.3164203167 49.2456665039 26.7006111145 8388608 0.577046548169 0.0 0.577046548169 0.859381625198 0.997208941237 -0.997208941237 0.859381625198 
191.460661881 38.070295125 1.70038831234 98.1997375488 26.491853714 12779520 0.345862739942 0.0 0.345862739942 -0.242516862642 1.68300504577 -1.68300504577 -0.242516862642 
154.459785739 43.5005994908 2.3878030777 269.592315674 25.769071579 20578560 0.175389255559 0.0 0.175389255559 -0.0169901113606 -2.38774263144 2.38774263144 -0.0169901113606 
220.992254371 71.006440919 1.42264819145 53.3036499023 25.4832553864 8388608 0.494088752638 0.0 0.494088752638 0.850137670511 1.14069882871 -1.14069882871 0.850137670511 
209.134303226 73.3618741013 2.84115839005 78.5827941895 25.4559516907 16450048 0.123882256893 0.0 0.123882256893 0.562412147426 2.7849369066 -2.7849369066 0.562412147426 
68.0070629211 93.1764515201 1.3216483593 318.380126953 25.2498340607 8388608 0.572490333056 0.0 0.572490333056 0.988021706968 -0.877819737872 0.877819737872 0.988021706968 
245.326998276 128.579616017 1.29864311218 12.7788696289 23.9393520355 8388608 0.592953131703 0.0 0.592953131703 1.26647701297 0.287245380175 -0.287245380175 1.26647701297 
220.589770576 79.2775266228 1.77801513672 92.6297912598 23.8459129333 15990784 0.316321777334 0.0 0.316321777334 -0.0815796057754 1.77614261655 -1.77614261655 -0.0815796057754 
227.206178431 9.86126353917 1.25795602798 259.513671875 23.7976837158 8388608 0.631930153523 0.0 0.631930153523 -0.228949125195 -1.2369461049 1.2369461049 -0.228949125195 
177.650444557 36.4720378307 4.95924282074 270.027313232 23.7058315277 23331073 0.0406601759294 0.0 0.0406601759294 0.00236409990091 -4.95924225725 4.95924225725 0.00236409990091 
147.718803149 58.8052952755 1.32787644863 220.605163574 23.0320396423 8388608 0.567132666949 0.0 0.567132666949 -1.00814060486 -0.864238615007 0.864238615007 -1.00814060486 
164.301479261 62.867257167 1.36192703247 23.0409545898 22.7114448547 8388608 0.539128536159 0.0 0.539128536159 1.25327974835 0.533043257299 -0.533043257299 1.25327974835 
115.889743916 112.327512821 1.36779046059 0.784881591797 22.2212333679 8388608 0.534516183704 0.0 0.534516183704 1.36766212538 0.0187364581978 -0.0187364581978 1.36766212538 
252.918678772 22.5414305031 1.47562229633 77.4703369141 21.547700882 8388608 0.45925044162 0.0 0.45925044162 0.320128925455 1.44047861231 -1.44047861231 0.320128925455 
261.84769903 39.8460055164 1.34377169609 188.016204834 21.5054073334 8388608 0.55379498861 0.0 0.55379498861 -1.33064125554 -0.187393223633 0.187393223633 -1.33064125554 
123.35618013 19.1549568823 1.76090729237 53.6327819824 21.493434906 15269888 0.322497992847 0.0 0.322497992847 1.04414453585 1.41794100038 -1.41794100038 1.04414453585 
174.431187233 121.064998171 2.62743067741 260.278320312 21.1063766479 10813952 0.144856326444 0.0 0.144856326444 -0.443674092043 -2.58969984065 2.58969984065 -0.443674092043 
217.097608176 41.3142276528 1.67308664322 91.2197265625 20.6514778137 11599872 0.35724251304 0.0 0.35724251304 -0.0356143873608 1.67270754501 -1.67270754501 -0.0356143873608 
123.059882163 26.9702424597 2.21128439903 57.1059875488 20.6348762512 15073536 0.204508232929 0.0 0.204508232929 1.20091915734 1.85676381668 -1.85676381668 1.20091915734 
160.40401227 121.570622011 2.6399846077 261.770050049 20.4368095398 11141632 0.143481930231 0.0 0.143481930231 -0.377904016062 -2.61279683166 2.61279683166 -0.377904016062 
210.126178307 50.0954013126 2.88528609276 303.311401367 19.6746425629 17564160 0.120121911674 0.0 0.120121911674 1.58456774639 -2.41122808837 2.41122808837 1.58456774639 
113.183811116 28.9198473049 2.61389684677 52.4305725098 19.42370224 10420736 0.146360239101 0.0 0.146360239101 1.59375124566 2.07181410665 -2.07181410665 1.59375124566 
257.683322552 84.2640234697 1.67706871033 336.522583008 18.8516731262 11730944 0.355548038902 0.0 0.355548038902 1.53823621509 -0.668123346196 0.668123346196 1.53823621509 
211.751597243 113.129058764 1.2594897747 255.964202881 18.7587966919 8388608 0.63039202168 0.0 0.63039202168 -0.305461620932 -1.2218869386 1.2218869386 -0.305461620932 
225.51215792 88.2324103777 1.47423064709 217.785354614 18.5405292511 8388608 0.460117900439 0.0 0.460117900439 -1.16510165792 -0.903268579953 0.903268579953 -1.16510165792 
172.361496358 19.554343826 2.39189505577 89.0803833008 17.6603164673 20709632 0.174789668143 0.0 0.174789668143 0.0383890788076 2.39158697029 -2.39158697029 0.0383890788076 
241.435297993 133.829273921 1.75105512142 92.8149719238 16.9632396698 14876672 0.326137220125 0.0 0.326137220125 -0.0859956574869 1.74894219034 -1.74894219034 -0.0859956574869 
255.01779471 35.5198184072 1.46816432476 67.3017272949 16.6247081757 8388608 0.46392808706 0.0 0.46392808706 0.566532651587 1.35445459104 -1.35445459104 0.566532651587 
203.812742427 51.3301721889 1.81067311764 299.894165039 16.5284500122 17301504 0.305014083301 0.0 0.305014083301 0.902438491443 -1.56975855089 1.56975855089 0.902438491443 
215.855431468 97.8326734386 1.23266029358 317.339538574 16.1232032776 8388608 0.658132270908 0.0 0.658132270908 0.906476689268 -0.8353151568 0.8353151568 0.906476689268 
167.017923031 95.1297661597 1.29232907295 270.636688232 15.7659196854 8388608 0.598761366504 0.0 0.598761366504 0.0143604605149 -1.29224928322 1.29224928322 0.0143604605149 
216.243461007 138.143734963 1.35969722271 272.305541992 15.2397098541 8388608 0.540898253383 0.0 0.540898253383 0.05469849873 -1.35859655957 1.35859655957 0.05469849873 
227.751137139 56.3875571441 2.78249454498 131.65663147 14.8960647583 14942720 0.129160987523 0.0 0.129160987523 -1.84942678139 2.07891713955 -2.07891713955 -1.84942678139 
144.652881754 34.9470591241 2.06711411476 105.70930481 14.6788291931 10158336 0.234029764222 0.0 0.234029764222 -0.559685168067 1.98990283082 -1.98990283082 -0.559685168067 
172.800961581 95.5048557456 1.33951985836 267.527709961 14.5561628342 8388608 0.557316225588 0.0 0.557316225588 -0.0577818133086 -1.3382730338 1.3382730338 -0.0577818133086 
133.165276809 60.3829940985 1.34735321999 204.713943481 14.4553661346 8388608 0.550854714618 0.0 0.550854714618 -1.2239443671 -0.563312422775 0.563312422775 -1.2239443671 
223.867033085 37.990836138 1.38724029064 296.03805542 13.9303894043 8388608 0.519632866665 0.0 0.519632866665 0.608954126705 -1.24643912629 1.24643912629 0.608954126705 
245.830170212 40.1710529591 1.32219874859 72.6382141113 13.8436794281 8388608 0.572013813218 0.0 0.572013813218 0.394549770472 1.26195879861 -1.26195879861 0.394549770472 
11.3786212027 111.161475444 1.54163062572 174.096237183 13.7803039551 8388608 0.420764742363 0.0 0.420764742363 -1.53345391589 0.158568830515 -0.158568830515 -1.53345391589 
208.123492962 96.2256351067 1.60180199146 277.493347168 13.6501350403 8454144 0.389746605565 0.0 0.389746605565 0.208892713055 -1.58812261941 1.58812261941 0.208892713055 
145.698961959 12.4868812861 1.43364238739 37.8479309082 13.5560665131 8388608 0.486539757217 0.0 0.486539757217 1.13206425243 0.879636870128 -0.879636870128 1.13206425243 
209.973610709 35.7908533493 1.25425803661 145.356124878 13.3881702423 8388608 0.635661948967 0.0 0.635661948967 -1.03187970744 0.713012967465 -0.713012967465 -1.03187970744 
222.099873371 94.9487788845 1.3436409235 230.046875 12.7084741592 8388608 0.553902792307 0.0 0.553902792307 -0.862833363729 -1.02999491151 1.02999491151 -0.862833363729 
237.394696074 42.2440902865 1.26383960247 328.18838501 12.2447299957 8388608 0.626060177829 0.0 0.626060177829 1.07399301229 -0.66620533646 0.66620533646 1.07399301229 
151.858259558 10.7914561338 1.4283438921 70.1883544922 12.1503715515 8388608 0.490156127321 0.0 0.490156127321 0.484107380646 1.34380293127 -1.34380293127 0.484107380646 
87.0697459092 19.0700701787 1.31880235672 123.579437256 11.8870544434 8388608 0.574963890973 0.0 0.574963890973 -0.729419809219 1.09872034568 -1.09872034568 -0.729419809219 
254.717366075 52.5134795372 1.45897006989 284.375762939 11.5361814499 8388608 0.469793749989 0.0 0.469793749989 0.362233290669 -1.41328719939 1.41328719939 0.362233290669 
110.031730203 23.5131898863 1.34284389019 297.58795166 11.2802200317 8388608 0.554560515811 0.0 0.554560515811 0.621883992397 -1.1901638599 1.1901638599 0.621883992397 
216.107385728 33.7948789482 1.44671285152 296.952850342 11.1482086182 8388608 0.477788091551 0.0 0.477788091551 0.655732903277 -1.28957063953 1.28957063953 0.655732903277 
103.751429755 163.916808414 1.32647156715 93.0274047852 10.7561855316 8388608 0.56833461673 0.0 0.56833461673 -0.0700557367313 1.32462032757 -1.32462032757 -0.0700557367313 
173.547004803 32.0396102571 2.73586678505 75.94921875 10.6261062622 13763072 0.133601122255 0.0 0.133601122255 0.664218590357 2.65401219473 -2.65401219473 0.664218590357 
114.590204613 164.159981966 2.26248073578 272.241485596 10.3259887695 16711936 0.195357558924 0.0 0.195357558924 0.0884886205079 -2.26074961989 2.26074961989 0.0884886205079 
103.089035393 34.934863077 1.45055091381 120.698486328 10.2605552673 8388608 0.475263044817 0.0 0.475263044817 -0.74053554506 1.24727906262 -1.24727906262 -0.74053554506 
184.944412964 31.5272250584 1.61157870293 154.84564209 9.98221206665 8847360 0.385032120321 0.0 0.385032120321 -1.45874615658 0.685015011794 -0.685015011794 -1.45874615658 
99.104003084 163.487522813 1.36715865135 116.602661133 9.87793159485 8388608 0.535010333076 0.0 0.535010333076 -0.61221448737 1.22242226723 -1.22242226723 -0.61221448737 
182.053495234 30.3144966277 2.19451904297 159.821090698 9.75819396973 14483712 0.20764491129 0.0 0.20764491129 -2.05981960495 0.757005300534 -0.757005300534 -2.05981960495 
113.742292573 38.4785977155 1.51216518879 69.5016784668 9.68142700195 8388608 0.437322203725 0.0 0.437322203725 0.529529917365 1.41641859095 -1.41641859095 0.529529917365 
142.298282154 155.893595219 1.60858130455 270.732177734 9.6675491333 8716288 0.386468379598 0.0 0.386468379598 0.0205553597555 -1.60844996519 1.60844996519 0.0205553597555 
168.986277518 164.256270434 1.83674454689 14.4973144531 9.54982948303 18350080 0.296416572873 0.0 0.296416572873 1.77826145262 0.45980075758 -0.45980075758 1.77826145262 
124.987412696 163.321977998 1.94220769405 269.269897461 9.33582878113 22347776 0.265099347939 0.0 0.265099347939 -0.0247482869763 -1.94205001201 1.94205001201 -0.0247482869763 
212.357648511 144.9602154 1.45367348194 93.6635131836 9.31241416931 8388608 0.473223457033 0.0 0.473223457033 -0.0928850946387 1.45070291628 -1.45070291628 -0.0928850946387 
260.518423112 157.507657359 1.31443917751 247.153640747 9.17929649353 8388608 0.578787322602 0.0 0.578787322602 -0.510345941269 -1.21132050739 1.21132050739 -0.510345941269 
25.8349217186 163.575658834 1.57214176655 265.4246521 9.13478851318 8388608 0.404591345618 0.0 0.404591345618 -0.125409815587 -1.56713181075 1.56713181075 -0.125409815587 
246.9071729 13.1998553523 1.29734861851 11.4686279297 9.0419921875 8388608 0.594137018609 0.0 0.594137018609 1.2714453938 0.257953578256 -0.257953578256 1.2714453938 
52.4739751921 163.870792279 1.37481284142 276.546386719 9.02322006226 8388608 0.529069639014 0.0 0.529069639014 0.156739075819 -1.36584889758 1.36584889758 0.156739075819 
17.5663896444 164.020174243 1.35769724846 298.927856445 8.99710083008 8388608 0.542492982028 0.0 0.542492982028 0.656728973571 -1.188296627 1.188296627 0.656728973571 
187.921110228 163.214204428 2.07759094238 282.104888916 8.83161354065 10551552 0.231675395725 0.0 0.231675395725 0.435674963577 -2.03139642856 2.03139642856 0.435674963577 
223.683010087 165.378903455 2.07901144028 280.985229492 8.63546466827 10617088 0.231358916482 0.0 0.231358916482 0.396167961491 -2.04091634201 2.04091634201 0.396167961491 
147.844685835 155.971305512 1.32126164436 262.354949951 8.62654876709 8388608 0.572825502039 0.0 0.572825502039 -0.175774986243 -1.30951727254 1.30951727254 -0.175774986243 
230.034930172 32.4905722034 1.38557469845 290.742523193 8.58495903015 8388608 0.520882913525 0.0 0.520882913525 0.490727611765 -1.29576373465 1.29576373465 0.490727611765 
257.237195489 168.611536291 1.40452599525 261.161437988 8.56404018402 8388608 0.50692117955 0.0 0.50692117955 -0.21580670144 -1.38784752007 1.38784752007 -0.21580670144 
201.012127161 165.335180191 2.0957274437 289.168884277 8.28525352478 11141376 0.227682891883 0.0 0.227682891883 0.688139931759 -1.97952947757 1.97952947757 0.688139931759 
79.6376920648 163.714585045 1.32929515839 286.770629883 8.23995399475 8388608 0.565922751629 0.0 0.565922751629 0.383556196827 -1.27275695323 1.27275695323 0.383556196827 
240.150922504 167.771583148 1.5341476202 270.431182861 7.82200813293 8388608 0.424879422941 0.0 0.424879422941 0.0115452119219 -1.5341041779 1.5341041779 0.0115452119219 
168.747778562 156.071176282 1.30922746658 277.344360352 7.73937988281 8388608 0.583404512826 0.0 0.583404512826 0.167361858133 -1.29848626011 1.29848626011 0.167361858133 
160.996854179 27.5794449103 1.67139661312 49.5333862305 7.71026611328 11534336 0.35796532872 0.0 0.35796532872 1.08474450787 1.27157225158 -1.27157225158 1.08474450787 
224.858273145 152.338335302 1.27199876308 281.535522461 7.70491600037 8388608 0.618054285357 0.0 0.618054285357 0.254368504191 -1.24630554735 1.24630554735 0.254368504191 
160.346700257 18.1001125284 1.72053956985 117.720489502 7.67519378662 13631488 0.337808575006 0.0 0.337808575006 -0.800323848039 1.52306866217 -1.52306866217 -0.800323848039 
154.914678557 156.233115664 1.35403382778 260.826049805 7.62833023071 8388608 0.545432448466 0.0 0.545432448466 -0.215876815292 -1.33671418314 1.33671418314 -0.215876815292 
68.0127838173 155.480151124 1.51381015778 275.689819336 7.40453720093 8388608 0.436372295173 0.0 0.436372295173 0.15008359059 -1.50635192091 1.50635192091 0.15008359059 
147.717127726 163.74785549 1.79034662247 266.482696533 7.34012985229 16515072 0.31197928429 0.0 0.31197928429 -0.109837722174 -1.78697417535 1.78697417535 -0.109837722174 
159.088795301 154.793067761 1.29268372059 277.845123291 7.08184432983 8388608 0.598432871342 0.0 0.598432871342 0.176445890477 -1.28058504177 1.28058504177 0.176445890477 
234.794915354 157.106342441 1.26558125019 278.358093262 6.96145439148 8388608 0.624338240161 0.0 0.624338240161 0.183964163223 -1.25213940417 1.25213940417 0.183964163223 
151.746636958 22.3550099438 1.50013267994 38.8816833496 6.79600906372 8388608 0.444365829726 0.0 0.444365829726 1.16776907338 0.941654633442 -0.941654633442 1.16776907338 
82.1045315559 144.269431519 1.33527064323 88.4942932129 6.78627586365 8388608 0.560868950461 0.0 0.560868950461 0.0350862607837 1.33480959129 -1.33480959129 0.0350862607837 
87.4340343207 51.2247633719 1.3583946228 85.3349609375 6.75367736816 8388608 0.541936113546 0.0 0.541936113546 0.11047872608 1.35389453147 -1.35389453147 0.11047872608 
249.335148813 168.880708744 1.57997751236 267.085296631 6.70951747894 8388608 0.400588233446 0.0 0.400588233446 -0.0803406430322 -1.57793356027 1.57793356027 -0.0803406430322 
81.4459997045 51.264553761 1.79489862919 97.6503295898 6.60249328613 16646144 0.310398881929 0.0 0.310398881929 -0.238949541163 1.77892220343 -1.77892220343 -0.238949541163 
142.366204483 164.50174047 2.24581074715 268.53729248 6.57166862488 16187648 0.198268485155 0.0 0.198268485155 -0.0573272147947 -2.24507895239 2.24507895239 -0.0573272147947 
211.573719414 27.7146409908 1.31737732887 246.827880859 6.56777954102 8388608 0.576208458773 0.0 0.576208458773 -0.51838086501 -1.21110045224 1.21110045224 -0.51838086501 
103.896853131 156.109205558 1.71176528931 271.730865479 6.22322273254 13238272 0.341280574154 0.0 0.341280574154 0.0517033688015 -1.71098426858 1.71098426858 0.0517033688015 
77.869480303 153.926381353 2.26288962364 263.110198975 5.89396095276 16711936 0.195286965894 0.0 0.195286965894 -0.271456511883 -2.24654864424 2.24654864424 -0.271456511883 
87.3112071305 31.1739212455 1.23120975494 93.2653503418 5.77201843262 8388608 0.65968392957 0.0 0.65968392957 -0.0701300383904 1.22921081934 -1.22921081934 -0.0701300383904 
193.355185006 162.976919821 1.28420639038 245.133270264 5.63370132446 8388608 0.606359724013 0.0 0.606359724013 -0.540020401578 -1.16514549262 1.16514549262 -0.540020401578 
179.118293983 168.836545614 1.23637473583 268.782409668 5.31995391846 8388608 0.654183755793 0.0 0.654183755793 -0.0262721728084 -1.23609557088 1.23609557088 -0.0262721728084 
35.4901936311 157.291698428 1.6971309185 273.842071533 5.23546028137 12648448 0.347191679657 0.0 0.347191679657 0.113718896047 -1.69331667659 1.69331667659 0.113718896047 
118.764476888 147.067210006 1.98999834061 90.7653503418 5.01058578491 24117248 0.25251929692 0.0 0.25251929692 -0.0265813752755 1.98982080251 -1.98982080251 -0.0265813752755 
218.20904151 152.240040001 1.57911944389 272.22958374 4.86479377747 8388608 0.401023698315 0.0 0.401023698315 0.0614336791801 -1.57792399093 1.57792399093 0.0614336791801 
18.4109355649 47.3612212627 1.88063848019 91.9425048828 4.81056213379 20054016 0.282741373818 0.0 0.282741373818 -0.0637472719218 1.87955776141 -1.87955776141 -0.0637472719218 
23.0780552245 56.6760227239 2.80663156509 88.3830566406 4.80511856079 15598080 0.12694897232 0.0 0.12694897232 0.0791953953695 2.80551400487 -2.80551400487 0.0791953953695 
23.4078919876 12.7284720994 1.26916790009 87.9061889648 4.72824478149 8388608 0.620814484804 0.0 0.620814484804 0.0463700178898 1.26832053522 -1.26832053522 0.0463700178898 
54.9925559277 21.5649248006 1.9681327343 57.8252563477 4.61706924438 23330816 0.258161354297 0.0 0.258161354297 1.04803701236 1.66588261308 -1.66588261308 1.04803701236 
30.6541453405 11.1463725196 1.38503158092 147.293014526 4.55278015137 8388608 0.521291505082 0.0 0.521291505082 -1.16542777376 0.748391999101 -0.748391999101 -1.16542777376 
27.0959933229 55.9599724785 1.23786282539 90.0451049805 4.446144104 8388608 0.652611854829 0.0 0.652611854829 -0.00097448316909 1.23786244182 -1.23786244182 -0.00097448316909 
50.7844743267 39.1972911785 2.71928954124 96.493927002 4.3522605896 13304320 0.135234996876 0.0 0.135234996876 -0.307545938413 2.70184216876 -2.70184216876 -0.307545938413 
62.2221511374 47.2006103587 2.01145005226 69.4703369141 4.25231170654 24903680 0.247161882568 0.0 0.247161882568 0.705399978463 1.88370437785 -1.88370437785 0.705399978463 
23.7532654697 21.0543953944 2.49825644493 100.125610352 4.22173690796 23855360 0.160223408737 0.0 0.160223408737 -0.439210387897 2.45934533968 -2.45934533968 -0.439210387897 
52.369274313 44.341741924 1.29523038864 94.522277832 4.12475204468 8388608 0.596081920279 0.0 0.596081920279 -0.102124658333 1.29119801495 -1.29119801495 -0.102124658333 
32.3292972372 32.5701669045 2.60107970238 59.6574707031 3.93601226807 10093056 0.147806209582 0.0 0.147806209582 1.31398317472 2.24478592179 -2.24478592179 1.31398317472 
24.2397659554 18.2562251025 1.33454370499 102.940795898 3.83918762207 8388608 0.561480137841 0.0 0.561480137841 -0.298863204279 1.30064894789 -1.30064894789 -0.298863204279 
61.5219369397 33.3165165834 2.30425405502 289.184326172 3.7718963623 18022656 0.188338574557 0.0 0.188338574557 0.757196986876 -2.17629030075 2.17629030075 0.757196986876 
51.2272201582 34.4343250348 1.49191319942 322.251953125 3.72150802612 8388608 0.449275656411 0.0 0.449275656411 1.17967134658 -0.913334828348 0.913334828348 1.17967134658 
50.8601852094 29.0175777751 1.25511860847 357.196075439 3.6240234375 8388608 0.634790564786 0.0 0.634790564786 1.25361596662 -0.0613981235443 0.0613981235443 1.25361596662 
44.7652521191 27.061706355 1.26996135712 88.6448364258 3.30085372925 8388608 0.620038971859 0.0 0.620038971859 0.0300344096907 1.26960615263 -1.26960615263 0.0300344096907 
18.9653996665 67.4463443717 1.3532834053 298.47265625 3.29831314087 8388608 0.546037522394 0.0 0.546037522394 0.645163384166 -1.1895966471 1.1895966471 0.645163384166 
31.3555033876 49.0738205848 1.73911523819 349.907714844 3.29423522949 14417920 0.330630778105 0.0 0.330630778105 1.7122055326 -0.304752400891 0.304752400891 1.7122055326 
