13
144
217.451862174 126.793051148 2.43387722969 139.871219562 113.916343689 21954816 0.16881174715 0.0 0.16881174715 -1.86093705969 1.56865280706 -1.56865280706 -1.86093705969 
90.7075749103 88.9640287034 1.9900431633 135.962454243 95.2285766602 24117248 0.252507921823 0.0 0.252507921823 -1.43061106168 1.38333791316 -1.38333791316 -1.43061106168 
153.609988172 137.133330102 4.27432394028 135.831122987 88.225982666 12583169 0.0547350014182 0.0 0.0547350014182 -3.06592640381 2.978244522 -2.978244522 -3.06592640381 
229.433964248 128.351756212 2.51306986809 142.55466155 85.8763275146 24314112 0.158340085118 0.0 0.158340085118 -1.99521098989 1.52795722051 -1.52795722051 -1.99521098989 
118.18762891 138.256151193 3.409897089 139.554516575 83.5045776367 12976129 0.0860037633911 0.0 0.0860037633911 -2.59501204592 2.21208287347 -2.21208287347 -2.59501204592 
173.273998568 135.677157455 4.38975048065 138.229412614 83.2076873779 14483713 0.0518943802665 0.0 0.0518943802665 -3.27395520429 2.92423094209 -2.92423094209 -3.27395520429 
176.157683555 135.711409662 2.49754190445 138.464814152 81.0002822876 23855360 0.160315100883 0.0 0.160315100883 -1.86953164266 1.65606974538 -1.65606974538 -1.86953164266 
82.1404711421 70.9502018904 1.57394576073 125.514510136 75.8861694336 8388608 0.40366442403 0.0 0.40366442403 -0.914319433497 1.28114215887 -1.28114215887 -0.914319433497 
134.094345529 138.495844222 2.0537340641 135.857556635 71.7474822998 9699584 0.237089099356 0.0 0.237089099356 -1.47378130308 1.43031195085 -1.43031195085 -1.47378130308 
58.4880478331 128.801038149 2.01094293594 138.092505457 69.4793243408 24903680 0.247286556049 0.0 0.247286556049 -1.49659236636 1.34316893226 -1.34316893226 -1.49659236636 
101.023599939 129.011844543 1.7649166584 141.175351241 66.4854660034 15466496 0.321034417983 0.0 0.321034417983 -1.37499066766 1.10649513101 -1.10649513101 -1.37499066766 
205.917024501 85.8262493293 1.95779800415 138.923606424 66.4398651123 22937600 0.260894087556 0.0 0.260894087556 -1.47585504013 1.28639998663 -1.28639998663 -1.47585504013 
77.3108028554 100.382518028 1.95782005787 142.110924696 65.703414917 22937600 0.260888209945 0.0 0.260888209945 -1.54511393401 1.20236529804 -1.20236529804 -1.54511393401 
95.0502942718 98.4067361148 1.51328587532 137.686267971 61.6964950562 8388608 0.436674712546 0.0 0.436674712546 -1.11902916334 1.01872855661 -1.01872855661 -1.11902916334 
169.788270519 79.6294378804 1.81366336346 136.592341463 59.4682846069 17432576 0.304009139133 0.0 0.304009139133 -1.31759528165 1.24632157557 -1.24632157557 -1.31759528165 
204.165268086 103.863438271 3.89854121208 142.516223516 54.4893379211 22609921 0.0657954317103 0.0 0.0657954317103 -3.09359257247 2.37240565205 -2.37240565205 -3.09359257247 
30.2080395426 138.373582883 1.23196029663 142.128549242 54.0251808167 8388608 0.658880381808 0.0 0.658880381808 -0.972497227047 0.756290497005 -0.756290497005 -0.972497227047 
131.821066146 93.1799856156 1.32053804398 136.07442989 53.359577179 8388608 0.573453443537 0.0 0.573453443537 -0.951106416175 0.916088047461 -0.916088047461 -0.951106416175 
224.754969445 103.211907942 1.25843954086 133.022607511 53.0318222046 8388608 0.631444651185 0.0 0.631444651185 -0.858616789535 0.920025698955 -0.920025698955 -0.858616789535 
90.6829648161 99.8036984456 2.27509951591 139.517583742 51.908367157 17105152 0.19319647757 0.0 0.19319647757 -1.73045261701 1.47702794408 -1.47702794408 -1.73045261701 
99.8533876335 96.7911064456 1.21927559376 134.761396505 51.7319488525 8388608 0.672660984791 0.0 0.672660984791 -0.858560189696 0.865740939429 -0.865740939429 -0.858560189696 
231.484006903 94.2355012935 1.54495036602 128.033211769 49.8456268311 8388608 0.418958433281 0.0 0.418958433281 -0.951871955215 1.2168859496 -1.2168859496 -0.951871955215 
139.937799199 116.057891829 1.53923082352 135.595786263 49.3462600708 8388608 0.422077786892 0.0 0.422077786892 -1.0996591658 1.07702425559 -1.07702425559 -1.0996591658 
158.141623963 54.1708462351 1.82865524292 138.590057639 49.1250839233 18022400 0.299044850974 0.0 0.299044850974 -1.3714846715 1.20954941746 -1.20954941746 -1.3714846715 
240.274066009 92.8476887549 1.26852822304 146.883250352 48.6231460571 8388608 0.621440755307 0.0 0.621440755307 -1.06246727472 0.693056377781 -0.693056377781 -1.06246727472 
184.472367693 104.411022617 4.09259796143 139.138956808 46.7049255371 9437441 0.0597037806219 0.0 0.0597037806219 -3.09522557155 2.67748701866 -2.67748701866 -3.09522557155 
244.806993063 113.232029302 1.51740705967 131.167714847 45.9898605347 8388608 0.434305970217 0.0 0.434305970217 -0.998856539524 1.14228271377 -1.14228271377 -0.998856539524 
167.438363713 56.1782683125 2.21168112755 135.461700782 45.9376602173 15073536 0.204434870661 0.0 0.204434870661 -1.57644598618 1.55124190977 -1.55124190977 -1.57644598618 
222.280327186 107.597080579 2.82981467247 137.153403244 45.5467758179 16187904 0.124877447138 0.0 0.124877447138 -2.07475518734 1.92438093764 -1.92438093764 -2.07475518734 
94.5736504959 69.1008921593 3.37939310074 124.257975597 45.3655929565 12320769 0.087563391402 0.0 0.087563391402 -1.90232790983 2.79310691754 -2.79310691754 -1.90232790983 
138.945749387 123.896264438 1.7739764452 136.096563815 44.9220275879 15794176 0.3177637134 0.0 0.3177637134 -1.27816692621 1.2301551678 -1.2301551678 -1.27816692621 
49.567483942 83.6302735327 1.64784681797 135.583120311 44.599697113 10485760 0.368269985406 0.0 0.368269985406 -1.17700181793 1.15328481134 -1.15328481134 -1.17700181793 
167.919563283 105.9314248 4.00008916855 136.294582927 44.4692687988 24510465 0.062497213576 0.0 0.062497213576 -2.89167175083 2.76386465692 -2.76386465692 -2.89167175083 
126.902389845 123.58056973 1.69011473656 133.710397256 44.1336402893 12320768 0.350080260117 0.0 0.350080260117 -1.16789225823 1.22168551432 -1.22168551432 -1.16789225823 
75.2271496735 88.3056103848 1.70784521103 138.04772872 43.6965179443 13041664 0.342849079262 0.0 0.342849079262 -1.27012784613 1.14171385177 -1.14171385177 -1.27012784613 
41.9191631476 117.657454512 2.26377034187 140.640844466 42.7426223755 16777472 0.195135042944 0.0 0.195135042944 -1.75031521345 1.43563672784 -1.43563672784 -1.75031521345 
137.825417024 53.6295209337 1.88374495506 135.866888094 42.047088623 20185088 0.281809607819 0.0 0.281809607819 -1.35200896726 1.31170378065 -1.31170378065 -1.35200896726 
135.923360577 129.57991531 1.43993544579 130.442828441 40.2707061768 8388608 0.482296327479 0.0 0.482296327479 -0.934070237995 1.09586809358 -1.09586809358 -0.934070237995 
117.853898721 85.588117553 2.51539444923 132.608991216 40.0964431763 24379648 0.158047562965 0.0 0.158047562965 -1.70290059677 1.85130731991 -1.85130731991 -1.70290059677 
130.01319692 105.099885748 1.39583683014 127.56149387 40.0848999023 8388608 0.513252050835 0.0 0.513252050835 -0.850919664705 1.10647918218 -1.10647918218 -0.850919664705 
227.113999113 44.1815296944 1.93628239632 138.137752975 39.4202423096 22151168 0.266724313381 0.0 0.266724313381 -1.44204908094 1.29216251549 -1.29216251549 -1.44204908094 
208.71250391 62.3518926083 2.13597679138 153.054237847 37.7390937805 12517632 0.21918303737 0.0 0.21918303737 -1.9040863624 0.967911141509 -0.967911141509 -1.9040863624 
126.278259241 87.3490505838 1.30648231506 132.332594059 37.3465843201 8388608 0.585858761644 0.0 0.585858761644 -0.879828515522 0.965814590307 -0.965814590307 -0.879828515522 
233.436617929 113.189877863 1.38393032551 137.806465908 36.7488708496 8388608 0.522121465221 0.0 0.522121465221 -1.02532684783 0.929498790199 -0.929498790199 -1.02532684783 
214.118301832 63.8159552966 1.47458028793 149.43543267 36.2954025269 8388608 0.459899727254 0.0 0.459899727254 -1.26969718078 0.749837378828 -0.749837378828 -1.26969718078 
140.028790044 109.827060837 1.46585524082 132.884638737 36.1269607544 8388608 0.465390840824 0.0 0.465390840824 -0.997550326212 1.07406933376 -1.07406933376 -0.997550326212 
147.963720797 117.562166038 1.47451424599 132.313032424 36.0867652893 8388608 0.459940925029 0.0 0.459940925029 -0.992614578913 1.0903708357 -1.0903708357 -0.992614578913 
67.8229523311 101.357090135 1.76351737976 138.563239576 35.6753158569 15400960 0.321544075361 0.0 0.321544075361 -1.32208539064 1.16708344542 -1.16708344542 -1.32208539064 
104.953288205 119.178806693 1.33155250549 141.954103368 35.03698349 8388608 0.564005589163 0.0 0.564005589163 -1.04862066968 0.820625838011 -0.820625838011 -1.04862066968 
130.711749251 105.130279062 2.58584856987 135.330000358 34.5113677979 9634304 0.149552550144 0.0 0.149552550144 -1.83897192159 1.81790954063 -1.81790954063 -1.83897192159 
145.215349385 72.551658517 2.56079053879 127.669165783 34.316493988 8978944 0.152493694692 0.0 0.152493694692 -1.56490203779 2.02700019627 -2.02700019627 -1.56490203779 
36.8352131391 101.29151582 1.69031238556 139.02293069 33.6598854065 12320768 0.349998394812 0.0 0.349998394812 -1.27613866623 1.10843405999 -1.10843405999 -1.27613866623 
85.0865476543 120.638620094 1.44630873203 136.301011571 33.343006134 8388608 0.478055130602 0.0 0.478055130602 -1.04565133758 0.999210802872 -0.999210802872 -1.04565133758 
72.1197554932 115.212881275 3.04236650467 141.265032556 33.0693435669 21430784 0.108038100018 0.0 0.108038100018 -2.37319397084 1.90366602258 -1.90366602258 -2.37319397084 
236.30517706 109.915608636 1.70938074589 134.172297199 33.0155105591 13107200 0.342233394014 0.0 0.342233394014 -1.19112794172 1.22604924895 -1.22604924895 -1.19112794172 
136.935986709 102.513733118 1.47916936874 138.906693426 32.9883995056 8388608 0.457050502347 0.0 0.457050502347 -1.11476147413 0.972239104966 -0.972239104966 -1.11476147413 
239.618126912 100.072385454 1.48829865456 138.532616129 32.3494949341 8388608 0.451460565982 0.0 0.451460565982 -1.11523100064 0.98554183085 -0.98554183085 -1.11523100064 
244.222155128 106.317304549 1.29935956001 132.198134076 32.1452331543 8388608 0.592299420631 0.0 0.592299420631 -0.872775221337 0.96259995804 -0.96259995804 -0.872775221337 
112.980062714 44.3848725847 2.55424308777 125.424387718 30.8227806091 8782336 0.153276489947 0.0 0.153276489947 -1.48051100589 2.08140455291 -2.08140455291 -1.48051100589 
78.9830156627 114.625511564 3.10750389099 139.215489461 30.6988391876 22938112 0.103556326899 0.0 0.103556326899 -2.35291392647 2.02987105186 -2.02987105186 -2.35291392647 
148.432162219 109.730404366 1.80979931355 127.530176457 29.7987537384 17235968 0.30530868712 0.0 0.30530868712 -1.10249207397 1.43522987084 -1.43522987084 -1.10249207397 
106.939474708 107.492123627 2.18092250824 139.325566583 29.3888282776 14024960 0.210242024888 0.0 0.210242024888 -1.65406667837 1.42143814866 -1.42143814866 -1.65406667837 
72.4591919208 115.366766091 1.75180184841 134.986487709 29.1631317139 14942208 0.325859239416 0.0 0.325859239416 -1.23841880174 1.23900306198 -1.23900306198 -1.23841880174 
221.547576903 68.4844919375 2.40775799751 150.320055576 28.8938217163 21233920 0.172494134489 0.0 0.172494134489 -2.091871921 1.19221241427 -1.19221241427 -2.091871921 
218.171126483 85.6180181174 3.09384536743 137.263476286 28.7030696869 22610432 0.104472693767 0.0 0.104472693767 -2.27237418742 2.09957012502 -2.09957012502 -2.27237418742 
156.344017318 117.838524498 1.3249399662 136.028364685 27.6624145508 8388608 0.569649340385 0.0 0.569649340385 -0.953537574951 0.919908695031 -0.919908695031 -0.953537574951 
111.238656793 129.619773817 1.32960438728 139.352621445 26.7807865143 8388608 0.565659546544 0.0 0.565659546544 -1.00881461249 0.866106751105 -0.866106751105 -1.00881461249 
242.0738614 30.5442480332 1.3164203167 131.311583014 26.7006111145 8388608 0.577046548169 0.0 0.577046548169 -0.869039520786 0.988803702218 -0.988803702218 -0.869039520786 
191.460661881 38.070295125 1.70038831234 128.146589008 26.491853714 12779520 0.345862739942 0.0 0.345862739942 -1.05028829081 1.3372415335 -1.3372415335 -1.05028829081 
154.459785739 43.5005994908 2.3878030777 136.230225202 25.769071579 20578560 0.175389255559 0.0 0.175389255559 -1.72429290268 1.65179221564 -1.65179221564 -1.72429290268 
220.992254371 71.006440919 1.42264819145 132.10305241 25.4832553864 8388608 0.494088752638 0.0 0.494088752638 -0.953837450718 1.05551977445 -1.05551977445 -0.953837450718 
209.134303226 73.3618741013 2.84115839005 140.851215533 25.4559516907 16450048 0.123882256893 0.0 0.123882256893 -2.20334429167 1.79372654819 -1.79372654819 -2.20334429167 
68.0070629211 93.1764515201 1.3216483593 146.785581943 25.2498340607 8388608 0.572490333056 0.0 0.572490333056 -1.10572603678 0.723964306593 -0.723964306593 -1.10572603678 
245.326998276 128.579616017 1.29864311218 132.696310924 23.9393520355 8388608 0.592953131703 0.0 0.592953131703 -0.880625932446 0.954448479449 -0.954448479449 -0.880625932446 
220.589770576 79.2775266228 1.77801513672 137.879809758 23.8459129333 15990784 0.316321777334 0.0 0.316321777334 -1.31882413998 1.19249348602 -1.19249348602 -1.31882413998 
147.718803149 58.8052952755 1.32787644863 129.526405019 23.0320396423 8388608 0.567132666949 0.0 0.567132666949 -0.84510540021 1.02423274961 -1.02423274961 -0.84510540021 
164.301479261 62.867257167 1.36192703247 128.605055811 22.7114448547 8388608 0.539128536159 0.0 0.539128536159 -0.849772405397 1.06429887757 -1.06429887757 -0.849772405397 
115.889743916 112.327512821 1.36779046059 125.316812038 22.2212333679 8388608 0.534516183704 0.0 0.534516183704 -0.7907156645 1.11607324221 -1.11607324221 -0.7907156645 
174.431187233 121.064998171 2.62743067741 136.207455175 21.1063766479 10813952 0.144856326444 0.0 0.144856326444 -1.89661157496 1.81831144152 -1.81831144152 -1.89661157496 
217.097608176 41.3142276528 1.67308664322 132.757030419 20.6514778137 11599872 0.35724251304 0.0 0.35724251304 -1.13584320447 1.22844581915 -1.22844581915 -1.13584320447 
160.40401227 121.570622011 2.6399846077 137.149604664 20.4368095398 11141632 0.143481930231 0.0 0.143481930231 -1.93545711169 1.79541763879 -1.79541763879 -1.93545711169 
210.126178307 50.0954013126 2.88528609276 146.823550433 19.6746425629 17564160 0.120121911674 0.0 0.120121911674 -2.41495361333 1.57888406242 -1.57888406242 -2.41495361333 
211.751597243 113.129058764 1.2594897747 139.041022515 18.7587966919 8388608 0.63039202168 0.0 0.63039202168 -0.951140367793 0.825618854761 -0.825618854761 -0.951140367793 
225.51215792 88.2324103777 1.47423064709 133.959801454 18.5405292511 8388608 0.460117900439 0.0 0.460117900439 -1.0233423825 1.06119101437 -1.06119101437 -1.0233423825 
241.435297993 133.829273921 1.75105512142 135.031094779 16.9632396698 14876672 0.326137220125 0.0 0.326137220125 -1.23885473787 1.23751079862 -1.23751079862 -1.23885473787 
203.812742427 51.3301721889 1.81067311764 147.859588853 16.5284500122 17301504 0.305014083301 0.0 0.305014083301 -1.53318186968 0.963270726953 -0.963270726953 -1.53318186968 
215.855431468 97.8326734386 1.23266029358 135.978078357 16.1232032776 8388608 0.658132270908 0.0 0.658132270908 -0.886373928545 0.856616984517 -0.856616984517 -0.886373928545 
167.017923031 95.1297661597 1.29232907295 136.219996506 15.7659196854 8388608 0.598761366504 0.0 0.598761366504 -0.933063846405 0.894151156869 -0.894151156869 -0.933063846405 
216.243461007 138.143734963 1.35969722271 135.740174717 15.2397098541 8388608 0.540898253383 0.0 0.540898253383 -0.973791047978 0.948950753371 -0.948950753371 -0.973791047978 
172.800961581 95.5048557456 1.33951985836 135.206028945 14.5561628342 8388608 0.557316225588 0.0 0.557316225588 -0.950583406062 0.94377149727 -0.94377149727 -0.950583406062 
133.165276809 60.3829940985 1.34735321999 127.785656453 14.4553661346 8388608 0.550854714618 0.0 0.550854714618 -0.825535747715 1.06482459995 -1.06482459995 -0.825535747715 
223.867033085 37.990836138 1.38724029064 137.808565149 13.9303894043 8388608 0.519632866665 0.0 0.519632866665 -1.02781327247 0.931684228109 -0.931684228109 -1.02781327247 
245.830170212 40.1710529591 1.32219874859 129.567285171 13.8436794281 8388608 0.572013813218 0.0 0.572013813218 -0.842219364472 1.01925270315 -1.01925270315 -0.842219364472 
208.123492962 96.2256351067 1.60180199146 137.809531695 13.6501350403 8454144 0.389746605565 0.0 0.389746605565 -1.18680125789 1.07576595695 -1.07576595695 -1.18680125789 
209.973610709 35.7908533493 1.25425803661 125.501863327 13.3881702423 8388608 0.635661948967 0.0 0.635661948967 -0.728384556448 1.02108724423 -1.02108724423 -0.728384556448 
222.099873371 94.9487788845 1.3436409235 130.938227348 12.7084741592 8388608 0.553902792307 0.0 0.553902792307 -0.880413954137 1.0150084732 -1.0150084732 -0.880413954137 
237.394696074 42.2440902865 1.26383960247 138.286140844 12.2447299957 8388608 0.626060177829 0.0 0.626060177829 -0.943427509974 0.840972695274 -0.840972695274 -0.943427509974 
110.031730203 23.5131898863 1.34284389019 132.561822961 11.2802200317 8388608 0.554560515811 0.0 0.554560515811 -0.908279930515 0.989068896105 -0.989068896105 -0.908279930515 
216.107385728 33.7948789482 1.44671285152 130.071522538 11.1482086182 8388608 0.477788091551 0.0 0.477788091551 -0.931311798932 1.10708464353 -1.10708464353 -0.931311798932 
103.751429755 163.916808414 1.32647156715 135.141546531 10.7561855316 8388608 0.56833461673 0.0 0.56833461673 -0.940271354382 0.935637001511 -0.935637001511 -0.940271354382 
114.590204613 164.159981966 2.26248073578 132.380575153 10.3259887695 16711936 0.195357558924 0.0 0.195357558924 -1.52502964713 1.67125810549 -1.67125810549 -1.52502964713 
103.089035393 34.934863077 1.45055091381 127.035616288 10.2605552673 8388608 0.475263044817 0.0 0.475263044817 -0.873683287624 1.15791859234 -1.15791859234 -0.873683287624 
184.944412964 31.5272250584 1.61157870293 124.269632411 9.98221206665 8847360 0.385032120321 0.0 0.385032120321 -0.907460831415 1.33180357229 -1.33180357229 -0.907460831415 
99.104003084 163.487522813 1.36715865135 135.214234754 9.87793159485 8388608 0.535010333076 0.0 0.535010333076 -0.970335078333 0.963105712642 -0.963105712642 -0.970335078333 
113.742292573 38.4785977155 1.51216518879 127.417208591 9.68142700195 8388608 0.437322203725 0.0 0.437322203725 -0.918813362081 1.20101022637 -1.20101022637 -0.918813362081 
142.298282154 155.893595219 1.60858130455 133.599180052 9.6675491333 8716288 0.386468379598 0.0 0.386468379598 -1.1092924347 1.16490519256 -1.16490519256 -1.1092924347 
168.986277518 164.256270434 1.83674454689 129.416114366 9.54982948303 18350080 0.296416572873 0.0 0.296416572873 -1.16623694309 1.41898623076 -1.41898623076 -1.16623694309 
124.987412696 163.321977998 1.94220769405 134.297469143 9.33582878113 22347776 0.265099347939 0.0 0.265099347939 -1.35640613985 1.39008385021 -1.39008385021 -1.35640613985 
212.357648511 144.9602154 1.45367348194 131.534403894 9.31241416931 8388608 0.473223457033 0.0 0.473223457033 -0.96388676341 1.08815849003 -1.08815849003 -0.96388676341 
52.4739751921 163.870792279 1.37481284142 134.279015455 9.02322006226 8388608 0.529069639014 0.0 0.529069639014 -0.95982986991 0.984295163936 -0.984295163936 -0.95982986991 
187.921110228 163.214204428 2.07759094238 124.349852944 8.83161354065 10551552 0.231675395725 0.0 0.231675395725 -1.172269516 1.7152749942 -1.7152749942 -1.172269516 
223.683010087 165.378903455 2.07901144028 129.834823313 8.63546466827 10617088 0.231358916482 0.0 0.231358916482 -1.33176593364 1.59646110719 -1.59646110719 -1.33176593364 
147.844685835 155.971305512 1.32126164436 135.292573252 8.62654876709 8388608 0.572825502039 0.0 0.572825502039 -0.939031607911 0.929490167893 -0.929490167893 -0.939031607911 
230.034930172 32.4905722034 1.38557469845 132.699396019 8.58495903015 8388608 0.520882913525 0.0 0.520882913525 -0.939630145887 1.01828897368 -1.01828897368 -0.939630145887 
201.012127161 165.335180191 2.0957274437 125.619447244 8.28525352478 11141376 0.227682891883 0.0 0.227682891883 -1.22054939565 1.70362340059 -1.70362340059 -1.22054939565 
79.6376920648 163.714585045 1.32929515839 133.27425074 8.23995399475 8388608 0.565922751629 0.0 0.565922751629 -0.911220154254 0.967834411762 -0.967834411762 -0.911220154254 
240.150922504 167.771583148 1.5341476202 132.551198868 7.82200813293 8388608 0.424879422941 0.0 0.424879422941 -1.03746542671 1.13016565553 -1.13016565553 -1.03746542671 
168.747778562 156.071176282 1.30922746658 130.562354835 7.73937988281 8388608 0.583404512826 0.0 0.583404512826 -0.851358167377 0.994618434425 -0.994618434425 -0.851358167377 
224.858273145 152.338335302 1.27199876308 132.972716603 7.70491600037 8388608 0.618054285357 0.0 0.618054285357 -0.867057986121 0.930693989446 -0.930693989446 -0.867057986121 
154.914678557 156.233115664 1.35403382778 131.468147176 7.62833023071 8388608 0.545432448466 0.0 0.545432448466 -0.896646039942 1.01461001662 -1.01461001662 -0.896646039942 
68.0127838173 155.480151124 1.51381015778 131.691397136 7.40453720093 8388608 0.436372295173 0.0 0.436372295173 -1.0068627489 1.130419656 -1.130419656 -1.0068627489 
147.717127726 163.74785549 1.79034662247 132.890254321 7.34012985229 16515072 0.31197928429 0.0 0.31197928429 -1.21850321146 1.31171298394 -1.31171298394 -1.21850321146 
159.088795301 154.793067761 1.29268372059 132.905356062 7.08184432983 8388608 0.598432871342 0.0 0.598432871342 -0.880045303131 0.946864016589 -0.946864016589 -0.880045303131 
234.794915354 157.106342441 1.26558125019 132.219693735 6.96145439148 8388608 0.624338240161 0.0 0.624338240161 -0.85043918761 0.937256149092 -0.937256149092 -0.85043918761 
82.1045315559 144.269431519 1.33527064323 134.824070478 6.78627586365 8388608 0.560868950461 0.0 0.560868950461 -0.941275332079 0.947073619051 -0.947073619051 -0.941275332079 
87.4340343207 51.2247633719 1.3583946228 125.230785795 6.75367736816 8388608 0.541936113546 0.0 0.541936113546 -0.783618866425 1.10958434715 -1.10958434715 -0.783618866425 
81.4459997045 51.264553761 1.79489862919 125.615619763 6.60249328613 16646144 0.310398881929 0.0 0.310398881929 -1.04524954767 1.45914854356 -1.45914854356 -1.04524954767 
142.366204483 164.50174047 2.24581074715 132.319075564 6.57166862488 16187648 0.198268485155 0.0 0.198268485155 -1.51201167489 1.66056815789 -1.66056815789 -1.51201167489 
211.573719414 27.7146409908 1.31737732887 131.976314281 6.56777954102 8388608 0.576208458773 0.0 0.576208458773 -0.881092702166 0.979366467068 -0.979366467068 -0.881092702166 
103.896853131 156.109205558 1.71176528931 131.017145509 6.22322273254 13238272 0.341280574154 0.0 0.341280574154 -1.12340561434 1.29154954661 -1.29154954661 -1.12340561434 
77.869480303 153.926381353 2.26288962364 128.286667567 5.89396095276 16711936 0.195286965894 0.0 0.195286965894 -1.40207826802 1.77618861023 -1.77618861023 -1.40207826802 
87.3112071305 31.1739212455 1.23120975494 124.891625225 5.77201843262 8388608 0.65968392957 0.0 0.65968392957 -0.704283976343 1.00988194426 -1.00988194426 -0.704283976343 
193.355185006 162.976919821 1.28420639038 125.631703208 5.63370132446 8388608 0.606359724013 0.0 0.606359724013 -0.748143700151 1.04377538629 -1.04377538629 -0.748143700151 
179.118293983 168.836545614 1.23637473583 136.36239119 5.31995391846 8388608 0.654183755793 0.0 0.654183755793 -0.894787937976 0.8532157016 -0.8532157016 -0.894787937976 
35.4901936311 157.291698428 1.6971309185 130.17055207 5.23546028137 12648448 0.347191679657 0.0 0.347191679657 -1.0947598227 1.2968246933 -1.2968246933 -1.0947598227 
118.764476888 147.067210006 1.98999834061 135.803751118 5.01058578491 24117248 0.25251929692 0.0 0.25251929692 -1.42674174593 1.38726399292 -1.38726399292 -1.42674174593 
218.20904151 152.240040001 1.57911944389 129.89490896 4.86479377747 8388608 0.401023698315 0.0 0.401023698315 -1.012817938 1.21153540705 -1.21153540705 -1.012817938 
27.0959933229 55.9599724785 1.23786282539 125.315315471 4.446144104 8388608 0.652611854829 0.0 0.652611854829 -0.715578495697 1.01007514126 -1.01007514126 -0.715578495697 
62.2221511374 47.2006103587 2.01145005226 125.086084466 4.25231170654 24903680 0.247161882568 0.0 0.247161882568 -1.15619462386 1.64594814758 -1.64594814758 -1.15619462386 
52.369274313 44.341741924 1.29523038864 124.994984906 4.12475204468 8388608 0.596081920279 0.0 0.596081920279 -0.742820759326 1.06105564377 -1.06105564377 -0.742820759326 
51.2272201582 34.4343250348 1.49191319942 124.685678436 3.72150802612 8388608 0.449275656411 0.0 0.449275656411 -0.849009017723 1.22677980194 -1.22677980194 -0.849009017723 
50.8601852094 29.0175777751 1.25511860847 124.89455303 3.6240234375 8388608 0.634790564786 0.0 0.634790564786 -0.718013067885 1.02945614559 -1.02945614559 -0.718013067885 
44.7652521191 27.061706355 1.26996135712 125.253519285 3.30085372925 8388608 0.620038971859 0.0 0.620038971859 -0.733015789512 1.03705819552 -1.03705819552 -0.733015789512 
31.3555033876 49.0738205848 1.73911523819 124.713339968 3.29423522949 14417920 0.330630778105 0.0 0.330630778105 -0.990375563028 1.42957268296 -1.42957268296 -0.990375563028 
