13
105
177.315371059 75.3378261759 1.60227620602 141.255434149 114.950439453 8454144 0.389515938516 0.0 0.389515938516 -1.24968546413 1.00278376587 -1.00278376587 -1.24968546413 
99.0979864156 117.115079173 5.4878911972 144.003064228 102.985321045 13959681 0.0332038937175 0.0 0.0332038937175 -4.43996974876 3.22546406312 -3.22546406312 -4.43996974876 
162.833823833 124.97829961 1.51638817787 139.989170117 101.243614197 8388608 0.434889798444 0.0 0.434889798444 -1.1614364786 0.974935081005 -0.974935081005 -1.1614364786 
119.984468183 141.408481676 2.57280659676 147.194906515 98.7934951782 9306624 0.151072605278 0.0 0.151072605278 -2.16249139575 1.39390270379 -1.39390270379 -2.16249139575 
117.822779647 142.619918494 1.51341176033 138.551659468 98.3954162598 8388608 0.436602070697 0.0 0.436602070697 -1.13438210263 1.00179459049 -1.00179459049 -1.13438210263 
158.903516307 154.896119364 1.49158632755 134.232617603 96.1888122559 8388608 0.449472589922 0.0 0.449472589922 -1.04049052231 1.06874189846 -1.06874189846 -1.04049052231 
137.886520629 141.974633399 3.40359926224 145.260260669 94.481338501 12845057 0.0863223308065 0.0 0.0863223308065 -2.79690429419 1.93953971526 -1.93953971526 -2.79690429419 
127.849090454 90.1361760484 3.83634805679 133.937226027 90.1940994263 21495809 0.0679460157982 0.0 0.0679460157982 -2.66192619704 2.76255594231 -2.76255594231 -2.66192619704 
166.384479543 152.86190744 1.58565676212 135.333569171 88.3154220581 8388608 0.397723847537 0.0 0.397723847537 -1.12773726969 1.11468202543 -1.11468202543 -1.12773726969 
68.5687628637 106.500181707 1.80046570301 138.013922816 85.7852935791 16908288 0.308482331159 0.0 0.308482331159 -1.33829948337 1.20442153773 -1.20442153773 -1.33829948337 
171.010978909 90.181187835 1.37150859833 131.362795302 79.4972457886 8388608 0.531621982549 0.0 0.531621982549 -0.906326683228 1.0293725169 -1.0293725169 -0.906326683228 
81.6597181954 120.230541295 3.63563728333 138.631697436 79.4149017334 17563649 0.0756552208012 0.0 0.0756552208012 -2.72846146645 2.40278098919 -2.40278098919 -2.72846146645 
121.165998743 89.3293788072 1.36439061165 135.251791331 79.4024200439 8388608 0.537183364856 0.0 0.537183364856 -0.969000289825 0.96052078555 -0.96052078555 -0.969000289825 
36.3053760934 138.82418472 1.94006288052 142.32735992 78.4939193726 22282240 0.265685826835 0.0 0.265685826835 -1.53558976244 1.18566777043 -1.18566777043 -1.53558976244 
142.162049846 88.3687765125 3.07608556747 136.049709521 77.8392105103 22217216 0.105682523743 0.0 0.105682523743 -2.2146038463 2.13490801263 -2.13490801263 -2.2146038463 
178.610633946 93.7692116308 1.40161967278 134.510503328 77.1778030396 8388608 0.509025607592 0.0 0.509025607592 -0.982591460907 0.999525751577 -0.999525751577 -0.982591460907 
208.04748687 95.6924761708 3.15435147285 143.942909567 75.8123779297 24052224 0.100503187153 0.0 0.100503187153 -2.55007524496 1.85662313337 -1.85662313337 -2.55007524496 
99.8520657767 142.308431273 4.40692996979 146.333286317 72.757232666 14811393 0.0514905702451 0.0 0.0514905702451 -3.66778346576 2.44303012813 -2.44303012813 -3.66778346576 
128.772660956 115.640394649 5.18381690979 137.213711375 70.271194458 9830913 0.0372135148896 0.0 0.0372135148896 -3.80436403868 3.52118900592 -3.52118900592 -3.80436403868 
225.735959077 98.0640018765 2.78284454346 149.278459208 69.8123321533 14942720 0.129128500401 0.0 0.129128500401 -2.39230088678 1.42166107781 -1.42166107781 -2.39230088678 
81.4328404061 105.976347261 1.31773257256 139.021308132 67.6198425293 8388608 0.575897823933 0.0 0.575897823933 -0.994826836763 0.864140438603 -0.864140438603 -0.994826836763 
76.0694486397 119.924774485 1.71902394295 137.490353341 66.1367492676 13565952 0.338404514899 0.0 0.338404514899 -1.26720184383 1.16156911263 -1.16156911263 -1.26720184383 
161.084756259 91.0622627808 1.3564081192 135.926741331 65.52684021 8388608 0.543524641884 0.0 0.543524641884 -0.974512795318 0.943487041564 -0.943487041564 -0.974512795318 
170.975986232 146.367723292 1.58208203316 149.586158501 65.4612045288 8388608 0.399523199483 0.0 0.399523199483 -1.36437393401 0.800916554853 -0.800916554853 -1.36437393401 
113.28497962 88.8595875324 2.12789177895 136.383245047 63.9536819458 12255488 0.220851791561 0.0 0.220851791561 -1.5405301637 1.46788631631 -1.46788631631 -1.5405301637 
102.286958009 140.054351689 2.59227561951 150.500614481 63.6951370239 9830912 0.148811895776 0.0 0.148811895776 -2.25621554084 1.27647339212 -1.27647339212 -2.25621554084 
68.0734048738 119.909895105 1.75490045547 137.846694067 63.342754364 15007744 0.324709523691 0.0 0.324709523691 -1.30099857486 1.17774289081 -1.17774289081 -1.30099857486 
102.16267512 110.380560752 2.67096471786 144.452436886 62.7752799988 11993600 0.140172783509 0.0 0.140172783509 -2.1731855097 1.552841674 -1.552841674 -2.1731855097 
152.122857466 162.704578542 2.38484883308 143.564108571 62.3383979797 20513024 0.175824053507 0.0 0.175824053507 -1.91866313314 1.41641651297 -1.41641651297 -1.91866313314 
154.725538997 90.9271798694 1.28830039501 136.13262756 62.313331604 8388608 0.602512026476 0.0 0.602512026476 -0.928794834012 0.892781084086 -0.892781084086 -0.928794834012 
187.595786215 85.1320586929 2.97950291634 136.745282634 61.943939209 19923456 0.112645116964 0.0 0.112645116964 -2.17001533722 2.04168338993 -2.04168338993 -2.17001533722 
224.045061959 143.333453067 1.63500380516 140.083304515 61.4219169617 9895936 0.374078255809 0.0 0.374078255809 -1.25401228608 1.04913804109 -1.04913804109 -1.25401228608 
194.924362342 85.6501605449 2.14912295341 140.498866264 60.5842132568 12976384 0.216509758091 0.0 0.216509758091 -1.65828905363 1.36704311691 -1.36704311691 -1.65828905363 
161.487939691 163.285091576 1.68916320801 137.083785325 58.924911499 12255232 0.350474781124 0.0 0.350474781124 -1.23705905682 1.15019877988 -1.15019877988 -1.23705905682 
139.420139302 107.625562986 1.70412158966 133.724020277 58.8330307007 12910592 0.344349013232 0.0 0.344349013232 -1.17786403414 1.23153023082 -1.23153023082 -1.17786403414 
165.586097908 163.382630337 2.20816063881 138.026586031 58.7650260925 14942464 0.205087254702 0.0 0.205087254702 -1.64166857843 1.47678626937 -1.47678626937 -1.64166857843 
178.337007643 146.13427646 1.52556276321 135.07108478 52.0450668335 8388608 0.429674757633 0.0 0.429674757633 -1.08007329249 1.07739659706 -1.07739659706 -1.08007329249 
148.821836653 90.7204035386 1.6657794714 132.608599208 51.4769859314 11272192 0.360383574604 0.0 0.360383574604 -1.1277101122 1.22600617868 -1.22600617868 -1.1277101122 
38.4200425337 135.652242156 1.26734733582 140.905297603 50.0806274414 8388608 0.622599385338 0.0 0.622599385338 -0.983594244678 0.799194363991 -0.799194363991 -0.983594244678 
45.6870226988 135.773207169 1.46500706673 143.068450783 48.1391830444 8388608 0.465929878117 0.0 0.465929878117 -1.17105914637 0.880264835861 -0.880264835861 -1.17105914637 
178.819445333 137.833126355 1.55910491943 130.134937734 43.9871292114 8388608 0.411385818367 0.0 0.411385818367 -1.00498335052 1.19198012357 -1.19198012357 -1.00498335052 
209.306670297 144.176859335 2.89743590355 140.655994722 43.8646583557 17891840 0.119116610039 0.0 0.119116610039 -2.2407422596 1.83690199553 -1.83690199553 -2.2407422596 
233.836062509 143.244526823 1.63132548332 139.124859556 42.8480987549 9764864 0.375767105172 0.0 0.375767105172 -1.23350633623 1.06756027981 -1.06756027981 -1.23350633623 
128.758427533 114.806518868 1.75733971596 138.533585165 41.6940155029 15138816 0.323808728697 0.0 0.323808728697 -1.31685197426 1.16367682592 -1.16367682592 -1.31685197426 
120.773836388 114.974356393 1.71277368069 136.545153987 41.4871711731 13303808 0.340878836217 0.0 0.340878836217 -1.24333089502 1.17801611481 -1.17801611481 -1.24333089502 
188.315148232 76.6700011543 1.97359132767 140.627402602 41.4689903259 23527424 0.2567352748 0.0 0.2567352748 -1.52565922751 1.25196910911 -1.25196910911 -1.52565922751 
158.899167535 77.87962247 3.04216980934 143.720479004 39.9231758118 21430784 0.108052071149 0.0 0.108052071149 -2.45241425808 1.80012817756 -1.80012817756 -2.45241425808 
179.071086159 108.450103985 1.23008739948 135.93254567 39.8729324341 8388608 0.660888295436 0.0 0.660888295436 -0.88384421955 0.855531651043 -0.855531651043 -0.88384421955 
43.3176677379 149.917178058 1.96206021309 147.577479764 37.8736801147 23134208 0.259761831457 0.0 0.259761831457 -1.65620887602 1.05197549343 -1.05197549343 -1.65620887602 
101.124213119 129.172481257 1.53756725788 142.518310053 37.1286888123 8388608 0.422991612216 0.0 0.422991612216 -1.22013317957 0.935621770065 -0.935621770065 -1.22013317957 
78.287886234 152.086807373 2.38547635078 143.179926846 35.7713546753 20513024 0.175731561965 0.0 0.175731561965 -1.90962500709 1.42962573859 -1.42962573859 -1.90962500709 
64.8067993137 97.9689508899 1.68908548355 136.907463393 35.475227356 12255232 0.350507036553 0.0 0.350507036553 -1.23345682661 1.15394715115 -1.15394715115 -1.23345682661 
119.906377512 75.2067207173 1.45576024055 134.152283141 33.8242759705 8388608 0.47186774566 0.0 0.47186774566 -1.01403571729 1.04449482624 -1.04449482624 -1.01403571729 
128.879202062 77.5266170751 2.52115488052 139.229934546 33.5497169495 24510720 0.157326161793 0.0 0.157326161793 -1.90936219992 1.64637721106 -1.64637721106 -1.90936219992 
38.3349913435 159.148098966 2.07445144653 144.709252727 32.6263694763 10420480 0.232377166142 0.0 0.232377166142 -1.69323136703 1.19846415955 -1.19846415955 -1.69323136703 
239.060400159 159.456784192 1.61716043949 139.448222437 32.3041610718 9109504 0.382378779503 0.0 0.382378779503 -1.22874883364 1.05137252717 -1.05137252717 -1.22874883364 
164.589529635 102.392840581 2.72963023186 135.858342215 32.1672210693 13566464 0.134212312987 0.0 0.134212312987 -1.95883761224 1.9010093139 -1.9010093139 -1.95883761224 
186.784339117 108.385582456 1.38315558434 137.068402189 31.7686061859 8388608 0.522706536472 0.0 0.522706536472 -1.01270139962 0.942101504985 -0.942101504985 -1.01270139962 
56.5138913814 148.41866146 1.31877756119 142.86070381 31.7329463959 8388608 0.574985512011 0.0 0.574985512011 -1.0512899511 0.796218371177 -0.796218371177 -1.0512899511 
53.3780433506 99.7646019065 1.34356415272 133.954964482 30.911365509 8388608 0.553966093737 0.0 0.553966093737 -0.932558126612 0.967212475601 -0.967212475601 -0.932558126612 
205.22861451 80.751818048 2.51161289215 158.827220176 29.0864620209 24248576 0.158523843219 0.0 0.158523843219 -2.34206771266 0.907148361264 -0.907148361264 -2.34206771266 
203.174812538 78.4415562776 1.72343444824 158.755724206 28.1575508118 13762560 0.336674683973 0.0 0.336674683973 -1.6063168652 0.624477722559 -0.624477722559 -1.6063168652 
78.2340726088 97.8807700763 1.72230827808 138.303672135 27.172498703 13697024 0.337115112606 0.0 0.337115112606 -1.28601455036 1.14564932724 -1.14564932724 -1.28601455036 
143.185435386 153.139321964 1.73453235626 140.318951224 25.5654220581 14221312 0.332380233576 0.0 0.332380233576 -1.3349148215 1.10752197011 -1.10752197011 -1.3349148215 
33.3305010466 150.64697863 1.575278759 139.183810301 21.8684158325 8388608 0.402981552741 0.0 0.402981552741 -1.19218733603 1.02965650796 -1.02965650796 -1.19218733603 
128.73866275 123.792585344 2.22964406013 140.925086071 20.8882389069 15663360 0.201154116315 0.0 0.201154116315 -1.73092277134 1.40542484487 -1.40542484487 -1.73092277134 
247.149064056 167.586717749 1.31458389759 140.096217359 20.8539085388 8388608 0.578659894393 0.0 0.578659894393 -1.0084472829 0.843305935839 -0.843305935839 -1.0084472829 
93.8881020171 69.4487462162 3.5963640213 126.135657198 20.7046432495 16777217 0.0773165935615 0.0 0.0773165935615 -2.12077256914 2.90450647851 -2.90450647851 -2.12077256914 
110.666144186 125.673322879 1.49564146996 130.780806963 19.9247055054 8388608 0.44703857819 0.0 0.44703857819 -0.976903633843 1.13252050614 -1.13252050614 -0.976903633843 
34.6575577798 106.653896527 1.68992614746 148.561273122 19.5583629608 12320768 0.35015839963 0.0 0.35015839963 -1.44184236271 0.881442559087 -0.881442559087 -1.44184236271 
149.779032758 98.9977054999 1.65748512745 136.255898045 19.1125144958 10878976 0.363999443456 0.0 0.363999443456 -1.19742550474 1.14604934812 -1.14604934812 -1.19742550474 
31.0820819155 122.924321908 1.47686886787 140.956129988 17.6683979034 8388608 0.458475495469 0.0 0.458475495469 -1.14703070235 0.930302220122 -0.930302220122 -1.14703070235 
86.9148064522 78.7128717671 2.01664757729 131.251424681 16.6995735168 8388864 0.245889498995 0.0 0.245889498995 -1.32970584099 1.51616286309 -1.51616286309 -1.32970584099 
239.06543423 100.145578071 1.99675750732 146.660401304 15.4776134491 24379392 0.250812598769 0.0 0.250812598769 -1.66814656565 1.0974185977 -1.0974185977 -1.66814656565 
142.549904215 125.014965547 3.25170898438 132.056828618 15.3408737183 9502721 0.094575067101 0.0 0.094575067101 -2.17821372162 2.41433143997 -2.41433143997 -2.17821372162 
51.9560546898 126.072808283 1.45546507835 143.572734533 14.8566789627 8388608 0.472059150658 0.0 0.472059150658 -1.17108367018 0.864257850261 -0.864257850261 -1.17108367018 
92.0691895491 76.6285639271 1.52458655834 141.733283533 14.2065105438 8388608 0.430225182112 0.0 0.430225182112 -1.1970082071 0.944211589643 -0.944211589643 -1.1970082071 
189.123656314 135.382351676 1.53637361526 133.205310459 14.1247177124 8388608 0.4236491306 0.0 0.4236491306 -1.05182391169 1.11987068204 -1.11987068204 -1.05182391169 
241.144517872 110.667493066 1.69501793385 135.088353199 13.5201597214 12517376 0.348057827362 0.0 0.348057827362 -1.20040549195 1.19670900847 -1.19670900847 -1.20040549195 
208.957776121 108.463773038 1.33384799957 137.073016301 12.9987125397 8388608 0.562066001661 0.0 0.562066001661 -0.976673155491 0.908438238577 -0.908438238577 -0.976673155491 
79.1798605103 126.865831156 1.49358272552 141.277665406 10.9361333847 8388608 0.448271817516 0.0 0.448271817516 -1.16527325956 0.934305939472 -0.934305939472 -1.16527325956 
220.654644335 75.2763471729 2.66012024879 146.440862944 10.2331600189 11731456 0.141317993315 0.0 0.141317993315 -2.21671997726 1.4705074908 -1.4705074908 -2.21671997726 
180.869383722 102.476235256 1.35011136532 144.113190593 9.54960441589 8388608 0.548606329084 0.0 0.548606329084 -1.0938286534 0.791416183666 -0.791416183666 -1.0938286534 
110.019137588 95.8420556725 1.47135972977 136.874334897 8.72523117065 8388608 0.461915216421 0.0 0.461915216421 -1.07388092901 1.00582265071 -1.00582265071 -1.07388092901 
176.612952432 102.267648015 1.27660965919 139.115650279 7.78175926208 8388608 0.613597734972 0.0 0.613597734972 -0.965158114752 0.835584846368 -0.835584846368 -0.965158114752 
79.3304335664 78.3350619861 1.56036913395 147.581199205 7.49993658066 8388608 0.410719477016 0.0 0.410719477016 -1.31718881271 0.83651985383 -0.83651985383 -1.31718881271 
211.353115151 127.940008183 1.68493306637 135.056955158 7.42352724075 12124160 0.352236772775 0.0 0.352236772775 -1.19261135282 1.19024266402 -1.19024266402 -1.19261135282 
158.590233191 51.0420909286 2.5657081604 132.306213982 6.64166116714 9110016 0.151909694034 0.0 0.151909694034 -1.72695949936 1.89749025081 -1.89749025081 -1.72695949936 
223.592444529 108.32291927 1.96734344959 141.167054441 6.53523445129 23330816 0.258368540981 0.0 0.258368540981 -1.53251634812 1.23362631757 -1.23362631757 -1.53251634812 
182.589328546 53.8146113718 2.67188477516 135.334291017 6.0151424408 11993600 0.140076263787 0.0 0.140076263787 -1.90029875028 1.87825262184 -1.87825262184 -1.90029875028 
148.745983671 122.005501338 1.51572906971 128.220872744 5.93383407593 8388608 0.435268100535 0.0 0.435268100535 -0.937773451865 1.19080458755 -1.19080458755 -0.937773451865 
68.9866017941 78.5201982931 2.57727003098 132.523350178 5.39036750793 9437696 0.150549789481 0.0 0.150549789481 -1.74195263827 1.89945303143 -1.89945303143 -1.74195263827 
94.5451312025 112.872797204 1.51314461231 129.931275059 5.17522001266 8388608 0.436756249846 0.0 0.436756249846 -0.971239552682 1.16030183533 -1.16030183533 -0.971239552682 
211.136667738 111.754134443 3.25026988983 143.131249846 4.83701610565 9502721 0.0946588340484 0.0 0.0946588340484 -2.60025496824 1.95010985765 -1.95010985765 -2.60025496824 
68.8362943367 72.4103274195 3.08956074715 135.632371572 4.78548526764 22544896 0.104762661334 0.0 0.104762661334 -2.20862770661 2.16040488426 -2.16040488426 -2.20862770661 
57.3926000358 76.4134381004 2.79925537109 134.517759329 4.68215751648 15401472 0.127618889035 0.0 0.127618889035 -1.9626427829 1.99596190829 -1.99596190829 -1.9626427829 
227.711527414 37.7185771873 1.43638551235 146.049851949 4.50754356384 8388608 0.484683201392 0.0 0.484683201392 -1.19151597078 0.802180173949 -0.802180173949 -1.19151597078 
131.708100109 28.4425165328 1.44480895996 147.099663136 4.49281311035 8388608 0.479048128123 0.0 0.479048128123 -1.21308568918 0.784790444314 -0.784790444314 -1.21308568918 
175.254838253 33.2400858718 1.44509255886 146.176795723 4.31122493744 8388608 0.478860120524 0.0 0.478860120524 -1.20052380286 0.804384921813 -0.804384921813 -1.20052380286 
219.649747553 34.2383783846 1.53358113766 146.294967549 4.15995597839 8388608 0.425193369459 0.0 0.425193369459 -1.2757944073 0.851011008203 -0.851011008203 -1.2757944073 
71.4529885843 170.217178168 1.3297624588 130.768226621 3.65417098999 8388608 0.565525072378 0.0 0.565525072378 -0.868335832219 1.00710529704 -1.00710529704 -0.868335832219 
55.716596665 30.7820640661 1.50874328613 147.70371949 3.28717803955 8388608 0.439308189097 0.0 0.439308189097 -1.27533544962 0.806117729868 -0.806117729868 -1.27533544962 
243.819206741 38.2063733357 1.42364227772 146.062472923 3.23448753357 8388608 0.493398979137 0.0 0.493398979137 -1.18112026032 0.794803287334 -0.794803287334 -1.18112026032 
155.638838123 29.3606717388 1.43919348717 146.778263226 3.04398155212 8388608 0.482793739621 0.0 0.482793739621 -1.20396669474 0.788506240604 -0.788506240604 -1.20396669474 
199.874452133 113.709905926 1.34772491455 129.620284364 2.94116210938 8388608 0.550550911569 0.0 0.550550911569 -0.859439776037 1.0381356928 -1.0381356928 -0.859439776037 
