13
122
101.132775699 132.41705165 3.14678072929 82.6646728516 152.999267578 23855616 0.100987363978 0.0 0.100987363978 0.401768885482 3.12102719003 -3.12102719003 0.401768885482 
68.7126278214 106.114602534 5.10442638397 80.3293151855 140.240264893 8716801 0.0383801007452 0.0 0.0383801007452 0.857467197779 5.0318901731 -5.0318901731 0.857467197779 
83.3529281326 132.331713388 3.23886060715 89.0939941406 130.180557251 9240577 0.0953269033016 0.0 0.0953269033016 0.0512132730343 3.23845568646 -3.23845568646 0.0512132730343 
159.51934118 110.501677569 7.81487941742 346.949401855 118.670257568 22806530 0.0163740245575 0.0 0.0163740245575 7.61302912861 -1.76468914989 1.76468914989 7.61302912861 
169.628987941 71.455523184 3.51759886742 73.8549194336 117.609375 15204353 0.0808178652096 0.0 0.0808178652096 0.978140520074 3.37886710526 -3.37886710526 0.978140520074 
116.555345914 103.989068497 7.03743028641 69.1526184082 113.630973816 15204354 0.0201916490221 0.0 0.0201916490221 2.50448004857 6.57670165983 -6.57670165983 2.50448004857 
162.695128773 72.5422197567 1.47011005878 88.4981689453 109.218482971 8388608 0.462700854723 0.0 0.462700854723 0.0385299605755 1.4696050582 -1.4696050582 0.0385299605755 
117.053745031 101.334299142 4.73509740829 59.2277832031 108.612464905 19988737 0.0446007503191 0.0 0.0446007503191 2.42260030958 4.06843399923 -4.06843399923 2.42260030958 
29.6284917455 138.410963874 1.48860824108 110.369934082 108.135848999 8388608 0.451272804595 0.0 0.451272804595 -0.5181549967 1.39551778735 -1.39551778735 -0.5181549967 
25.6644336594 129.75143918 1.72511339188 101.183807373 108.081542969 13828096 0.336019674562 0.0 0.336019674562 -0.334598009919 1.69235350521 -1.69235350521 -0.334598009919 
108.444769636 132.831409549 1.31327056885 80.344909668 108.043136597 8388608 0.579817844159 0.0 0.579817844159 0.220257422093 1.29466839577 -1.29466839577 0.220257422093 
165.939370602 45.8357879154 1.62926757336 32.6281433105 105.565811157 9699328 0.37671695927 0.0 0.37671695927 1.37214903651 0.878475866026 -0.878475866026 1.37214903651 
116.429513146 67.9578848088 4.07326459885 91.746673584 103.149261475 9109761 0.06027188227 0.0 0.06027188227 -0.124155073683 4.07137200583 -4.07137200583 -0.124155073683 
66.5375149518 68.3576795163 1.60229814053 93.6041259766 102.649269104 8454144 0.389505274105 0.0 0.389505274105 -0.100724289233 1.59912912196 -1.59912912196 -0.100724289233 
171.233324506 59.796899906 2.28469419479 65.0232849121 101.475288391 17432832 0.191577209743 0.0 0.191577209743 0.964711906323 2.07102836811 -2.07102836811 0.964711906323 
151.451238884 69.0028260308 2.75958180428 65.8285522461 99.6195297241 14352896 0.131314732891 0.0 0.131314732891 1.12996167163 2.51763348308 -2.51763348308 1.12996167163 
98.0386090176 53.3962220919 3.6775841713 60.6923522949 98.8062133789 18415617 0.0739392016478 0.0 0.0739392016478 1.80017321944 3.20686789828 -3.20686789828 1.80017321944 
87.9128798763 134.086593483 1.4388024807 89.9296875 97.9166183472 8388608 0.483056181657 0.0 0.483056181657 0.00176567584718 1.43880139729 -1.43880139729 0.00176567584718 
165.734002502 121.517232765 2.97381687164 3.05056762695 97.4431228638 19792384 0.113076291802 0.0 0.113076291802 2.9696028411 0.158258498052 -0.158258498052 2.9696028411 
149.091970901 69.2404869364 3.83965992928 80.4266357422 97.2909469604 21561345 0.0678288536038 0.0 0.0678288536038 0.638575215493 3.78618674482 -3.78618674482 0.638575215493 
156.516104343 128.730558157 1.9522395134 10.6977539062 94.3464584351 22740992 0.262381857744 0.0 0.262381857744 1.91830973559 0.36239050209 -0.36239050209 1.91830973559 
160.913484187 53.9578309862 1.81245076656 29.5145263672 92.4245376587 17367040 0.304416062026 0.0 0.304416062026 1.57725052111 0.892893372631 -0.892893372631 1.57725052111 
224.093246893 58.1908911357 3.51404333115 68.9473876953 91.7580566406 15138817 0.0809814922317 0.0 0.0809814922317 1.26233244749 3.27948430781 -3.27948430781 1.26233244749 
86.683815875 69.9986625225 7.91741514206 98.0141296387 91.5266723633 23724034 0.0159526620625 0.0 0.0159526620625 -1.10382468534 7.84009142777 -7.84009142777 -1.10382468534 
179.527813105 46.3158759158 2.04830241203 243.981765747 91.5228271484 9502976 0.238348183906 0.0 0.238348183906 -0.898502526602 -1.84071615977 1.84071615977 -0.898502526602 
157.895405364 60.1696836264 1.73636591434 29.7703552246 91.1711654663 14286848 0.331678634123 0.0 0.331678634123 1.50720463154 0.862148935606 -0.862148935606 1.50720463154 
151.195973023 101.303510914 2.10441470146 234.374221802 90.5367584229 11469056 0.225806971332 0.0 0.225806971332 -1.22579786157 -1.71054986431 1.71054986431 -1.22579786157 
228.29852299 113.401158979 1.4717066288 7.14178466797 90.1218261719 8388608 0.461697484091 0.0 0.461697484091 1.46028844284 0.182970120414 -0.182970120414 1.46028844284 
77.1185435846 68.5599343434 3.51972341537 87.8398132324 87.6433944702 15269889 0.0807203293582 0.0 0.0807203293582 0.132670483595 3.51722212314 -3.51722212314 0.132670483595 
111.480751992 95.1659726972 1.30987274647 265.676940918 86.086807251 8388608 0.582829851707 0.0 0.582829851707 -0.0987382662911 -1.30614599747 1.30614599747 -0.0987382662911 
139.046003474 128.892634544 1.98134028912 190.181106567 84.9921722412 23789568 0.25473103408 0.0 0.25473103408 -1.95014200311 -0.350222085228 0.350222085228 -1.95014200311 
227.359339257 107.1148766 1.43125724792 177.037643433 82.7863922119 8388608 0.488162710904 0.0 0.488162710904 -1.42934466465 0.0739671506554 -0.0739671506554 -1.42934466465 
142.372089033 52.1113073349 1.69145107269 8.79196166992 81.9890899658 12386304 0.349527314653 0.0 0.349527314653 1.67157624336 0.2585335451 -0.2585335451 1.67157624336 
201.439748577 64.195132181 4.46457433701 77.8992004395 80.9013519287 15728897 0.0501695127229 0.0 0.0501695127229 0.935918575213 4.3653728857 -4.3653728857 0.935918575213 
232.951164795 126.149748875 1.43103933334 65.4671936035 80.885093689 8388608 0.488311394269 0.0 0.488311394269 0.594187851879 1.301850364 -1.301850364 0.594187851879 
140.970167589 115.611135995 2.03736710548 192.234024048 80.2081985474 9109760 0.240913656997 0.0 0.240913656997 -1.99109896834 -0.431728642529 0.431728642529 -1.99109896834 
159.742008053 44.7034617728 1.28038406372 270.788665771 78.7049789429 8388608 0.609985455577 0.0 0.609985455577 0.0176236924714 -1.28026276838 1.28026276838 0.0176236924714 
232.67366496 86.8209636626 1.26717019081 211.911895752 75.9480438232 8388608 0.622773470998 0.0 0.622773470998 -1.07565256542 -0.669844646905 0.669844646905 -1.07565256542 
201.791117545 44.4988213935 1.83277511597 286.26751709 74.916595459 18153472 0.29770192343 0.0 0.29770192343 0.513401580134 -1.75939860271 1.75939860271 0.513401580134 
195.85598688 44.3094239997 2.27778983116 280.474975586 74.1411895752 17170688 0.192740375364 0.0 0.192740375364 0.41411600215 -2.23982911217 2.23982911217 0.41411600215 
200.24500372 64.9314510065 1.70118236542 78.8182067871 73.1362838745 12779520 0.34553994177 0.0 0.34553994177 0.329897749713 1.66888852688 -1.66888852688 0.329897749713 
129.88893556 47.7604632595 3.07072877884 271.075775146 72.6326599121 22086144 0.106051564952 0.0 0.106051564952 0.0576520581541 -3.07018753065 3.07018753065 0.0576520581541 
121.230067819 94.1081787164 1.30470252037 49.582611084 71.9994812012 8388608 0.587458236617 0.0 0.587458236617 0.845905175167 0.993324267945 -0.993324267945 0.845905175167 
193.378663064 66.2162647624 1.57798373699 80.7537536621 71.0875396729 8388608 0.401601155823 0.0 0.401601155823 0.25354711848 1.55748082907 -1.55748082907 0.25354711848 
224.063101866 59.7347905996 1.32247662544 60.5874328613 65.3306808472 8388608 0.571773457061 0.0 0.571773457061 0.649461436267 1.15201747714 -1.15201747714 0.649461436267 
125.523459176 94.978082118 2.33622097969 41.4316101074 61.0179672241 19005696 0.183219697041 0.0 0.183219697041 1.75157259031 1.5459372325 -1.5459372325 1.75157259031 
231.889908547 101.538736128 1.30653500557 54.8690185547 59.2970275879 8388608 0.585811509068 0.0 0.585811509068 0.751842387028 1.06853485944 -1.06853485944 0.751842387028 
25.9187548301 97.2336847846 1.28716611862 279.367980957 56.4962882996 8388608 0.603574385524 0.0 0.603574385524 0.209517953988 -1.26999954484 1.26999954484 0.209517953988 
154.887709789 140.192448114 1.53168475628 22.6084899902 56.2164535522 8388608 0.426246886436 0.0 0.426246886436 1.41397978027 0.588828815187 -0.588828815187 1.41397978027 
118.009261735 55.1322237159 2.6327085495 212.140487671 53.3121185303 10945024 0.144276112717 0.0 0.144276112717 -2.22923596194 -1.4005932074 1.4005932074 -2.22923596194 
239.180018107 122.598412616 1.814406991 56.557800293 53.1214904785 17432576 0.303759996305 0.0 0.303759996305 0.999911484487 1.51401775161 -1.51401775161 0.999911484487 
75.505566616 124.269882862 1.7300413847 298.397979736 52.8392524719 14024704 0.334108108569 0.0 0.334108108569 0.822795904688 -1.52185744799 1.52185744799 0.822795904688 
80.2989986575 126.073002572 1.48143208027 306.51965332 52.489440918 8388608 0.455655387897 0.0 0.455655387897 0.881597989314 -1.19055700984 1.19055700984 0.881597989314 
217.942686946 108.079572283 2.27321243286 247.059234619 50.8642539978 17039616 0.193517370698 0.0 0.193517370698 -0.886051073329 -2.09342023024 2.09342023024 -0.886051073329 
215.106379919 48.7365681625 1.36358106136 300.282714844 44.5701255798 8388608 0.537821399587 0.0 0.537821399587 0.68760910724 -1.17751731476 1.17751731476 0.68760910724 
29.9160167646 87.401999667 2.68784952164 278.847106934 39.6143913269 12452352 0.138417212035 0.0 0.138417212035 0.413386626051 -2.65587020548 2.65587020548 0.413386626051 
149.823822954 91.0770364706 1.68730890751 258.513916016 39.2572822571 12189696 0.351245526375 0.0 0.351245526375 -0.335993694755 -1.65351733781 1.65351733781 -0.335993694755 
177.986902105 132.586087217 1.88906860352 252.661743164 39.238948822 20381696 0.280223491444 0.0 0.280223491444 -0.56296569625 -1.80323315565 1.80323315565 -0.56296569625 
86.5660948492 39.584347213 3.37609648705 240.486373901 38.5920791626 12255233 0.0877344786974 0.0 0.0877344786974 -1.66316821665 -2.93800935549 2.93800935549 -1.66316821665 
17.9315512537 101.436010698 1.74263870716 121.293151855 38.2970962524 14548992 0.329295114494 0.0 0.329295114494 -0.905156136192 1.48912122838 -1.48912122838 -0.905156136192 
65.4665408923 56.049833822 2.72267961502 238.38331604 37.9021720886 13369856 0.134898437851 0.0 0.134898437851 -1.42732094799 -2.31856403782 2.31856403782 -1.42732094799 
200.125616894 74.4046838233 1.94811463356 80.1813964844 36.9208259583 22609920 0.263494153113 0.0 0.263494153113 0.332210906948 1.91957978183 -1.91957978183 0.332210906948 
153.162345713 83.9845866726 3.79623579979 282.188903809 35.9967155457 20709377 0.0693894809999 0.0 0.0693894809999 0.801520148154 -3.71065650522 3.71065650522 0.801520148154 
112.265511641 121.458009197 1.58281064034 271.515258789 34.7305221558 8388608 0.399155463174 0.0 0.399155463174 0.0418545343628 -1.58225716023 1.58225716023 0.0418545343628 
80.0772624389 44.2088361566 3.26301383972 239.154174805 34.3641662598 9764865 0.0939208833102 0.0 0.0939208833102 -1.67304409935 -2.80146082604 2.80146082604 -1.67304409935 
245.567940868 67.8303743282 1.26186478138 4.34393310547 33.7545089722 8388608 0.628021282239 0.0 0.628021282239 1.25823988349 0.0955778325699 -0.0955778325699 1.25823988349 
205.784106081 112.72434608 2.89084815979 258.548278809 33.3635444641 17695232 0.119660120987 0.0 0.119660120987 -0.573955224862 -2.83329816342 2.83329816342 -0.573955224862 
113.138852504 86.6627061072 1.87237036228 266.421447754 32.971496582 19726336 0.2852439776 0.0 0.2852439776 -0.116867590885 -1.8687195455 1.8687195455 -0.116867590885 
97.8229113591 118.498170443 2.31584715843 270.226501465 32.0415687561 18415872 0.186457652965 0.0 0.186457652965 0.00915497462395 -2.3158290627 2.3158290627 0.00915497462395 
19.6005055095 112.931461289 1.26172637939 262.516906738 32.015296936 8388608 0.628159068308 0.0 0.628159068308 -0.164319209898 -1.2509806768 1.2509806768 -0.164319209898 
105.434965793 116.85210508 3.17156338692 271.098480225 31.813293457 24445440 0.0994152957259 0.0 0.0994152957259 0.0608017949326 -3.17098052012 3.17098052012 0.0608017949326 
235.905611244 75.8885331626 1.75691914558 274.539733887 31.2397422791 15138816 0.323963773576 0.0 0.323963773576 0.139060899109 -1.75140713441 1.75140713441 0.139060899109 
101.497837049 58.9903802316 1.73209965229 258.489929199 30.3114070892 14090240 0.333314533787 0.0 0.333314533787 -0.345623461433 -1.6972665166 1.6972665166 -0.345623461433 
129.466929014 138.461348378 1.08249485493 256.369934082 30.2775993347 8388608 0.853391510735 0.0 0.853391510735 -0.255092203687 -1.05200906772 1.05200906772 -0.255092203687 
137.406241284 100.348164051 1.92157375813 217.082946777 28.9704437256 21626880 0.270823210171 0.0 0.270823210171 -1.53296127081 -1.15865242852 1.15865242852 -1.53296127081 
231.018160843 78.5954849966 1.39055836201 240.467895508 28.7605800629 8388608 0.517155988436 0.0 0.517155988436 -0.685421746936 -1.20989651912 1.20989651912 -0.685421746936 
188.135071388 51.0468156498 1.2212305069 181.266799927 26.3586006165 8388608 0.670509153034 0.0 0.670509153034 -1.22093202311 -0.0269989986703 0.0269989986703 -1.22093202311 
72.7133655447 114.232061041 1.97814810276 280.372772217 25.6350631714 23724032 0.255553828925 0.0 0.255553828925 0.356168963361 -1.94581951527 1.94581951527 0.356168963361 
224.619501418 69.5913815245 1.94677615166 72.8656616211 24.5248908997 22544384 0.263856601971 0.0 0.263856601971 0.573545749513 1.8603716451 -1.8603716451 0.573545749513 
198.479911277 54.1679704823 2.04009509087 303.303741455 24.2162914276 9240832 0.240269795314 0.0 0.240269795314 1.12017009935 -1.70505335057 1.70505335057 1.12017009935 
94.0584533839 61.3090533627 1.33306217194 260.736236572 23.6212463379 8388608 0.562728862243 0.0 0.562728862243 -0.21459588773 -1.31567600845 1.31567600845 -0.21459588773 
163.453002953 37.8346183084 1.48427593708 270.747131348 23.3399085999 8388608 0.453910998921 0.0 0.453910998921 0.0193542641956 -1.48414974644 1.48414974644 0.0193542641956 
168.885824545 78.7383444113 1.55774414539 76.8181152344 21.6295051575 8388608 0.412104867966 0.0 0.412104867966 0.355232713244 1.51669922593 -1.51669922593 0.355232713244 
151.226671324 31.6301002834 3.34406518936 270.312072754 21.3469638824 11534337 0.089423266506 0.0 0.089423266506 0.0182140199821 -3.34401558611 3.34401558611 0.0182140199821 
148.361736612 76.8265718199 1.51341247559 77.2642822266 20.4305763245 8388608 0.436601658011 0.0 0.436601658011 0.333638292087 1.47617844833 -1.47617844833 0.333638292087 
204.619992862 101.110713782 2.25128054619 60.5950317383 18.0065574646 16318720 0.19730621387 0.0 0.19730621387 1.10533213973 1.96125086578 -1.96125086578 1.10533213973 
215.517975351 70.06656984 1.82137322426 79.9901733398 16.9439315796 17760256 0.301440849092 0.0 0.301440849092 0.316585770151 1.7936482019 -1.7936482019 0.316585770151 
198.839953974 102.284847414 2.5890007019 80.0762329102 15.5450973511 9765376 0.149188608635 0.0 0.149188608635 0.446182484744 2.55026387356 -2.55026387356 0.446182484744 
213.374886949 99.3112839241 1.75406301022 85.5433349609 15.1698074341 15007744 0.325019650936 0.0 0.325019650936 0.136299583987 1.74875940804 -1.74875940804 0.136299583987 
191.819702212 73.3993544469 1.36552596092 85.4287414551 15.0115814209 8388608 0.536290467587 0.0 0.536290467587 0.108830912989 1.36118220027 -1.36118220027 0.108830912989 
152.361293849 161.594363228 2.22278881073 79.9339599609 14.5216827393 15401216 0.202396778723 0.0 0.202396778723 0.388506068709 2.18857330964 -2.18857330964 0.388506068709 
183.870681578 108.958508644 2.01579546928 68.8351135254 13.982383728 25034752 0.246097425541 0.0 0.246097425541 0.727809265053 1.87982048284 -1.87982048284 0.727809265053 
111.178120116 79.258690849 1.27069163322 69.2920532227 13.9791603088 8388608 0.619326494463 0.0 0.619326494463 0.449322386437 1.1885985949 -1.1885985949 0.449322386437 
101.760879694 81.9622140092 1.51157510281 70.4535217285 11.9368438721 8388608 0.437663712489 0.0 0.437663712489 0.505729827117 1.42446363007 -1.42446363007 0.505729827117 
170.316506602 84.6150724069 1.24710297585 267.613098145 11.0993080139 8388608 0.642976897706 0.0 0.642976897706 -0.0519384061871 -1.24602096063 1.24602096063 -0.0519384061871 
40.3060911295 79.4204532836 1.44804298878 253.76121521 10.4649353027 8388608 0.476910725539 0.0 0.476910725539 -0.404932314342 -1.39027274955 1.39027274955 -0.404932314342 
138.581614714 88.1255247036 1.5001591444 58.2372131348 10.4030036926 8388608 0.444350151657 0.0 0.444350151657 0.789689303376 1.2754874608 -1.2754874608 0.789689303376 
15.9841022897 83.5739990853 2.0383336544 238.721832275 9.54498672485 9175296 0.240685235486 0.0 0.240685235486 -1.05828955735 -1.74207557226 1.74207557226 -1.05828955735 
134.479108367 92.2240139206 1.48877763748 38.1481323242 9.53398513794 8388608 0.451170116809 0.0 0.451170116809 1.17079913896 0.919613087155 -0.919613087155 1.17079913896 
219.653291742 80.1991682321 1.47214055061 259.57043457 9.20932769775 8388608 0.461425348277 0.0 0.461425348277 -0.266496683888 -1.44781812333 1.44781812333 -0.266496683888 
196.163949053 88.1134695125 2.71276164055 260.307281494 8.74264907837 13107712 0.135886630096 0.0 0.135886630096 -0.456731696668 -2.67403662572 2.67403662572 -0.456731696668 
198.314538964 85.4528626339 1.78331422806 260.068908691 8.11457061768 16187392 0.314444679584 0.0 0.314444679584 -0.30755686354 -1.75659284175 1.75659284175 -0.30755686354 
147.004625422 84.1762677042 1.3082549572 50.4004821777 8.10356521606 8388608 0.584272198808 0.0 0.584272198808 0.833904611249 1.00803478728 -1.00803478728 0.833904611249 
164.492934283 87.0284922774 1.25484704971 228.623168945 7.72822570801 8388608 0.635065341847 0.0 0.635065341847 -0.829464547946 -0.941610153871 0.941610153871 -0.829464547946 
127.865809378 110.402557222 1.29616093636 7.19515991211 7.71309661865 8388608 0.595226342021 0.0 0.595226342021 1.28595403885 0.162343410381 -0.162343410381 1.28595403885 
127.712038659 105.322657712 1.45536875725 13.6829223633 7.5768699646 8388608 0.472121637589 0.0 0.472121637589 1.41406491027 0.344265376021 -0.344265376021 1.41406491027 
50.4727054855 75.9641265437 1.58505773544 261.971282959 7.55497360229 8388608 0.398024520768 0.0 0.398024520768 -0.221384082949 -1.56952130043 1.56952130043 -0.221384082949 
126.573517075 118.023376771 1.27736449242 203.297134399 7.53071594238 8388608 0.612872762408 0.0 0.612872762408 -1.17321606419 -0.505197103319 0.505197103319 -1.17321606419 
185.24909519 88.1074091153 1.70580255985 258.322357178 7.33447647095 12976128 0.343670675382 0.0 0.343670675382 -0.345263275803 -1.67049562812 1.67049562812 -0.345263275803 
154.257467169 81.6678223083 1.30780827999 73.9630126953 6.85720825195 8388608 0.584671379096 0.0 0.584671379096 0.361292291959 1.25691303477 -1.25691303477 0.361292291959 
192.572682753 96.014335837 1.49599266052 53.9201049805 5.57497787476 8388608 0.446828714454 0.0 0.446828714454 0.881009224941 1.20905615498 -1.20905615498 0.881009224941 
99.093104912 75.2469827198 1.43744289875 264.142456055 5.38178253174 8388608 0.483970395439 0.0 0.483970395439 -0.146698861605 -1.42993759695 1.42993759695 -0.146698861605 
58.1885738368 53.209829821 1.7048406601 198.651504517 5.20589065552 12976128 0.344058594331 0.0 0.344058594331 -1.61530465708 -0.545227054646 0.545227054646 -1.61530465708 
86.8765296675 80.1393514102 1.28433835506 265.251586914 5.18854141235 8388608 0.606235124513 0.0 0.606235124513 -0.106318306994 -1.27993024337 1.27993024337 -0.106318306994 
61.6651726675 50.8085528245 1.72318530083 267.840179443 5.17184066772 13697024 0.33677204749 0.0 0.33677204749 -0.0649417757914 -1.72196113392 1.72196113392 -0.0649417757914 
67.977982193 46.1084039067 1.74222052097 225.837234497 5.11845779419 14483456 0.329453215255 0.0 0.329453215255 -1.21380340079 -1.24980544403 1.24980544403 -1.21380340079 
132.022942248 117.388072101 1.30396163464 188.499755859 4.13766479492 8388608 0.58812599104 0.0 0.58812599104 -1.28963956313 -0.192732306124 0.192732306124 -1.28963956313 
221.046194546 25.5933502097 2.62978720665 283.65625 3.83425140381 10879488 0.144596833795 0.0 0.144596833795 0.620882819189 -2.555442286 2.555442286 0.620882819189 
165.130392696 165.765513274 1.50809049606 67.3194580078 3.60509109497 8388608 0.43968858814 0.0 0.43968858814 0.581508716877 1.39146848923 -1.39146848923 0.581508716877 
212.111179849 148.312330402 1.3615077734 57.3480224609 3.59747695923 8388608 0.539460622889 0.0 0.539460622889 0.734580849395 1.14633956258 -1.14633956258 0.734580849395 
238.919691559 47.8614980475 1.24961602688 352.913726807 3.5797958374 8388608 0.640393369719 0.0 0.640393369719 1.24007086185 -0.154157297046 0.154157297046 1.24007086185 
130.182085247 126.75432685 1.49672663212 189.764312744 -0.432422637939 8388608 0.446390586122 0.0 0.446390586122 -1.47504463709 -0.253838393266 0.253838393266 -1.47504463709 
