13
99
101.132775699 132.41705165 3.14678072929 137.86598403 152.999267578 23855616 0.100987363978 0.0 0.100987363978 -2.33358236592 2.11107136301 -2.11107136301 -2.33358236592 
83.3529281326 132.331713388 3.23886060715 145.137403661 130.180557251 9240577 0.0953269033016 0.0 0.0953269033016 -2.65756677224 1.85136622082 -1.85136622082 -2.65756677224 
169.628987941 71.455523184 3.51759886742 133.733638601 117.609375 15204353 0.0808178652096 0.0 0.0808178652096 -2.43173983777 2.54168116676 -2.54168116676 -2.43173983777 
162.695128773 72.5422197567 1.47011005878 131.802484241 109.218482971 8388608 0.462700854723 0.0 0.462700854723 -0.979923605713 1.09588927904 -1.09588927904 -0.979923605713 
117.053745031 101.334299142 4.73509740829 134.298266644 108.612464905 19988737 0.0446007503191 0.0 0.0446007503191 -3.30696188361 3.38897485479 -3.38897485479 -3.30696188361 
29.6284917455 138.410963874 1.48860824108 144.505146775 108.135848999 8388608 0.451272804595 0.0 0.451272804595 -1.21197671592 0.86433033933 -0.86433033933 -1.21197671592 
108.444769636 132.831409549 1.31327056885 133.885954189 108.043136597 8388608 0.579817844159 0.0 0.579817844159 -0.91039221002 0.946501775453 -0.946501775453 -0.91039221002 
165.939370602 45.8357879154 1.62926757336 134.933997281 105.565811157 9699328 0.37671695927 0.0 0.37671695927 -1.15073824576 1.1533925244 -1.1533925244 -1.15073824576 
66.5375149518 68.3576795163 1.60229814053 129.192763219 102.649269104 8454144 0.389505274105 0.0 0.389505274105 -1.01254253561 1.24182001301 -1.24182001301 -1.01254253561 
171.233324506 59.796899906 2.28469419479 128.440105464 101.475288391 17432832 0.191577209743 0.0 0.191577209743 -1.42038568046 1.78950610015 -1.78950610015 -1.42038568046 
151.451238884 69.0028260308 2.75958180428 137.051830805 99.6195297241 14352896 0.131314732891 0.0 0.131314732891 -2.01993206029 1.88020376723 -1.88020376723 -2.01993206029 
87.9128798763 134.086593483 1.4388024807 139.125386222 97.9166183472 8388608 0.483056181657 0.0 0.483056181657 -1.08794113356 0.941560761911 -0.941560761911 -1.08794113356 
165.734002502 121.517232765 2.97381687164 126.975473673 97.4431228638 19792384 0.113076291802 0.0 0.113076291802 -1.78867085256 2.37576163941 -2.37576163941 -1.78867085256 
149.091970901 69.2404869364 3.83965992928 138.173868964 97.2909469604 21561345 0.0678288536038 0.0 0.0678288536038 -2.86120681905 2.56056320193 -2.56056320193 -2.86120681905 
156.516104343 128.730558157 1.9522395134 134.08722228 94.3464584351 22740992 0.262381857744 0.0 0.262381857744 -1.35827577112 1.40225748251 -1.40225748251 -1.35827577112 
160.913484187 53.9578309862 1.81245076656 132.608098982 92.4245376587 17367040 0.304416062026 0.0 0.304416062026 -1.22699294372 1.33396630291 -1.33396630291 -1.22699294372 
179.527813105 46.3158759158 2.04830241203 124.266741804 91.5228271484 9502976 0.238348183906 0.0 0.238348183906 -1.15328936651 1.69276885847 -1.69276885847 -1.15328936651 
157.895405364 60.1696836264 1.73636591434 130.608227368 91.1711654663 14286848 0.331678634123 0.0 0.331678634123 -1.13017146843 1.31821054481 -1.31821054481 -1.13017146843 
151.195973023 101.303510914 2.10441470146 126.684128247 90.5367584229 11469056 0.225806971332 0.0 0.225806971332 -1.25718369943 1.6876167757 -1.6876167757 -1.25718369943 
228.29852299 113.401158979 1.4717066288 126.189436659 90.1218261719 8388608 0.461697484091 0.0 0.461697484091 -0.868979307669 1.18776907019 -1.18776907019 -0.868979307669 
77.1185435846 68.5599343434 3.51972341537 130.127529636 87.6433944702 15269889 0.0807203293582 0.0 0.0807203293582 -2.26843036978 2.69122213468 -2.69122213468 -2.26843036978 
111.480751992 95.1659726972 1.30987274647 130.114675626 86.086807251 8388608 0.582829851707 0.0 0.582829851707 -0.843976597682 1.00173355465 -1.00173355465 -0.843976597682 
139.046003474 128.892634544 1.98134028912 130.503259395 84.9921722412 23789568 0.25473103408 0.0 0.25473103408 -1.28686328929 1.50654977214 -1.50654977214 -1.28686328929 
227.359339257 107.1148766 1.43125724792 128.210073277 82.7863922119 8388608 0.488162710904 0.0 0.488162710904 -0.885299231083 1.12460774547 -1.12460774547 -0.885299231083 
142.372089033 52.1113073349 1.69145107269 133.857885052 81.9890899658 12386304 0.349527314653 0.0 0.349527314653 -1.17195909417 1.21963872228 -1.21963872228 -1.17195909417 
232.951164795 126.149748875 1.43103933334 134.402521766 80.885093689 8388608 0.488311394269 0.0 0.488311394269 -1.0012907601 1.02239443822 -1.02239443822 -1.0012907601 
140.970167589 115.611135995 2.03736710548 130.263503063 80.2081985474 9109760 0.240913656997 0.0 0.240913656997 -1.3167581734 1.55467444672 -1.55467444672 -1.3167581734 
159.742008053 44.7034617728 1.28038406372 142.628440288 78.7049789429 8388608 0.609985455577 0.0 0.609985455577 -1.0175417142 0.777169357664 -0.777169357664 -1.0175417142 
232.67366496 86.8209636626 1.26717019081 125.831965679 75.9480438232 8388608 0.622773470998 0.0 0.622773470998 -0.741814204771 1.02734219133 -1.02734219133 -0.741814204771 
201.791117545 44.4988213935 1.83277511597 153.619616737 74.916595459 18153472 0.29770192343 0.0 0.29770192343 -1.64191713733 0.814354185749 -0.814354185749 -1.64191713733 
195.85598688 44.3094239997 2.27778983116 147.445582746 74.1411895752 17170688 0.192740375364 0.0 0.192740375364 -1.9199052233 1.22567958638 -1.22567958638 -1.9199052233 
200.24500372 64.9314510065 1.70118236542 131.637568473 73.1362838745 12779520 0.34553994177 0.0 0.34553994177 -1.13029345665 1.27140007167 -1.27140007167 -1.13029345665 
121.230067819 94.1081787164 1.30470252037 132.479363947 71.9994812012 8388608 0.587458236617 0.0 0.587458236617 -0.881097734803 0.962245004344 -0.962245004344 -0.881097734803 
193.378663064 66.2162647624 1.57798373699 131.331784803 71.0875396729 8388608 0.401601155823 0.0 0.401601155823 -1.04212938396 1.1849046465 -1.1849046465 -1.04212938396 
224.063101866 59.7347905996 1.32247662544 131.933484382 65.3306808472 8388608 0.571773457061 0.0 0.571773457061 -0.883768051134 0.983818304687 -0.983818304687 -0.883768051134 
125.523459176 94.978082118 2.33622097969 133.634793116 61.0179672241 19005696 0.183219697041 0.0 0.183219697041 -1.6121307175 1.69084683388 -1.69084683388 -1.6121307175 
231.889908547 101.538736128 1.30653500557 125.922704022 59.2970275879 8388608 0.585811509068 0.0 0.585811509068 -0.76653533103 1.05804409505 -1.05804409505 -0.76653533103 
25.9187548301 97.2336847846 1.28716611862 154.451399579 56.4962882996 8388608 0.603574385524 0.0 0.603574385524 -1.16130673763 0.55512456085 -0.55512456085 -1.16130673763 
154.887709789 140.192448114 1.53168475628 130.943988336 56.2164535522 8388608 0.426246886436 0.0 0.426246886436 -1.00374506458 1.15695896122 -1.15695896122 -1.00374506458 
118.009261735 55.1322237159 2.6327085495 131.309565534 53.3121185303 10945024 0.144276112717 0.0 0.144276112717 -1.73792221346 1.97756938856 -1.97756938856 -1.73792221346 
75.505566616 124.269882862 1.7300413847 156.901518095 52.8392524719 14024704 0.334108108569 0.0 0.334108108569 -1.59134724059 0.678717284765 -0.678717284765 -1.59134724059 
80.2989986575 126.073002572 1.48143208027 159.055887849 52.489440918 8388608 0.455655387897 0.0 0.455655387897 -1.38355318731 0.529548474028 -0.529548474028 -1.38355318731 
217.942686946 108.079572283 2.27321243286 126.352726827 50.8642539978 17039616 0.193517370698 0.0 0.193517370698 -1.34745710121 1.83080696014 -1.83080696014 -1.34745710121 
215.106379919 48.7365681625 1.36358106136 157.294927267 44.5701255798 8388608 0.537821399587 0.0 0.537821399587 -1.2579088734 0.526325542926 -0.526325542926 -1.2579088734 
149.823822954 91.0770364706 1.68730890751 126.738341474 39.2572822571 12189696 0.351245526375 0.0 0.351245526375 -1.00928331031 1.35216809195 -1.35216809195 -1.00928331031 
177.986902105 132.586087217 1.88906860352 123.133801606 39.238948822 20381696 0.280223491444 0.0 0.280223491444 -1.03255748889 1.58189924487 -1.58189924487 -1.03255748889 
65.4665408923 56.049833822 2.72267961502 122.968895694 37.9021720886 13369856 0.134898437851 0.0 0.134898437851 -1.48163776758 2.28423593609 -2.28423593609 -1.48163776758 
200.125616894 74.4046838233 1.94811463356 130.834499614 36.9208259583 22609920 0.263494153113 0.0 0.263494153113 -1.27382598144 1.4739464015 -1.4739464015 -1.27382598144 
153.162345713 83.9845866726 3.79623579979 132.140356644 35.9967155457 20709377 0.0693894809999 0.0 0.0693894809999 -2.5470808717 2.81492189601 -2.81492189601 -2.5470808717 
112.265511641 121.458009197 1.58281064034 138.710221186 34.7305221558 8388608 0.399155463174 0.0 0.399155463174 -1.18929520526 1.04444551696 -1.04444551696 -1.18929520526 
205.784106081 112.72434608 2.89084815979 126.8505612 33.3635444641 17695232 0.119660120987 0.0 0.119660120987 -1.73372830361 2.31326376625 -2.31326376625 -1.73372830361 
113.138852504 86.6627061072 1.87237036228 131.676169344 32.971496582 19726336 0.2852439776 0.0 0.2852439776 -1.24497603847 1.3985011395 -1.3985011395 -1.24497603847 
97.8229113591 118.498170443 2.31584715843 134.098346177 32.0415687561 18415872 0.186457652965 0.0 0.186457652965 -1.61157966788 1.66311726445 -1.66311726445 -1.61157966788 
105.434965793 116.85210508 3.17156338692 135.42151792 31.813293457 24445440 0.0994152957259 0.0 0.0994152957259 -2.25907191869 2.2260746581 -2.2260746581 -2.25907191869 
101.497837049 58.9903802316 1.73209965229 131.166915269 30.3114070892 14090240 0.333314533787 0.0 0.333314533787 -1.14016304487 1.30391619232 -1.30391619232 -1.14016304487 
129.466929014 138.461348378 1.08249485493 133.811496741 30.2775993347 8388608 0.853391510735 0.0 0.853391510735 -0.749398182368 0.781151377908 -0.781151377908 -0.749398182368 
137.406241284 100.348164051 1.92157375813 128.309912133 28.9704437256 21626880 0.270823210171 0.0 0.270823210171 -1.19121198951 1.50779962328 -1.50779962328 -1.19121198951 
231.018160843 78.5954849966 1.39055836201 131.881771633 28.7605800629 8388608 0.517155988436 0.0 0.517155988436 -0.928330814585 1.03530404077 -1.03530404077 -0.928330814585 
188.135071388 51.0468156498 1.2212305069 128.749511365 26.3586006165 8388608 0.670509153034 0.0 0.670509153034 -0.764388716682 0.952425241573 -0.952425241573 -0.764388716682 
72.7133655447 114.232061041 1.97814810276 140.532671863 25.6350631714 23724032 0.255553828925 0.0 0.255553828925 -1.5271049553 1.25738632566 -1.25738632566 -1.5271049553 
198.479911277 54.1679704823 2.04009509087 143.171878435 24.2162914276 9240832 0.240269795314 0.0 0.240269795314 -1.6329681357 1.22286673336 -1.22286673336 -1.6329681357 
94.0584533839 61.3090533627 1.33306217194 132.805319314 23.6212463379 8388608 0.562728862243 0.0 0.562728862243 -0.905828303913 0.978023434318 -0.978023434318 -0.905828303913 
163.453002953 37.8346183084 1.48427593708 137.813265727 23.3399085999 8388608 0.453910998921 0.0 0.453910998921 -1.09978924722 0.996764099018 -0.996764099018 -1.09978924722 
168.885824545 78.7383444113 1.55774414539 130.451717451 21.6295051575 8388608 0.412104867966 0.0 0.412104867966 -1.01067535517 1.18537004727 -1.18537004727 -1.01067535517 
148.361736612 76.8265718199 1.51341247559 131.740021434 20.4305763245 8388608 0.436601658011 0.0 0.436601658011 -1.00755696387 1.12926803099 -1.12926803099 -1.00755696387 
204.619992862 101.110713782 2.25128054619 121.918873713 18.0065574646 16318720 0.19730621387 0.0 0.19730621387 -1.19029246784 1.91088145594 -1.91088145594 -1.19029246784 
215.517975351 70.06656984 1.82137322426 129.783889299 16.9439315796 17760256 0.301440849092 0.0 0.301440849092 -1.16548515056 1.39965881052 -1.39965881052 -1.16548515056 
198.839953974 102.284847414 2.5890007019 122.362577653 15.5450973511 9765376 0.149188608635 0.0 0.149188608635 -1.385827904 2.18687120219 -2.18687120219 -1.385827904 
213.374886949 99.3112839241 1.75406301022 122.350026902 15.1698074341 15007744 0.325019650936 0.0 0.325019650936 -0.938581878862 1.48182357266 -1.48182357266 -0.938581878862 
191.819702212 73.3993544469 1.36552596092 130.439384923 15.0115814209 8388608 0.536290467587 0.0 0.536290467587 -0.885739165483 1.03929172068 -1.03929172068 -0.885739165483 
152.361293849 161.594363228 2.22278881073 130.490253241 14.5216827393 15401216 0.202396778723 0.0 0.202396778723 -1.44329830531 1.69046742027 -1.69046742027 -1.44329830531 
183.870681578 108.958508644 2.01579546928 122.28412114 13.982383728 25034752 0.246097425541 0.0 0.246097425541 -1.07667279438 1.70417342657 -1.70417342657 -1.07667279438 
111.178120116 79.258690849 1.27069163322 124.253858016 13.9791603088 8388608 0.619326494463 0.0 0.619326494463 -0.715222235913 1.05029252116 -1.05029252116 -0.715222235913 
101.760879694 81.9622140092 1.51157510281 122.802603831 11.9368438721 8388608 0.437663712489 0.0 0.437663712489 -0.818890384838 1.27054233658 -1.27054233658 -0.818890384838 
170.316506602 84.6150724069 1.24710297585 124.875686212 11.0993080139 8388608 0.642976897706 0.0 0.642976897706 -0.713090720323 1.02311654124 -1.02311654124 -0.713090720323 
40.3060911295 79.4204532836 1.44804298878 122.988917924 10.4649353027 8388608 0.476910725539 0.0 0.476910725539 -0.788425827627 1.21458355484 -1.21458355484 -0.788425827627 
138.581614714 88.1255247036 1.5001591444 124.28494996 10.4030036926 8388608 0.444350151657 0.0 0.444350151657 -0.845053201456 1.23950092587 -1.23950092587 -0.845053201456 
134.479108367 92.2240139206 1.48877763748 129.104651923 9.53398513794 8388608 0.451170116809 0.0 0.451170116809 -0.939029840819 1.15528429917 -1.15528429917 -0.939029840819 
219.653291742 80.1991682321 1.47214055061 123.849218842 9.20932769775 8388608 0.461425348277 0.0 0.461425348277 -0.819995906136 1.22262198356 -1.22262198356 -0.819995906136 
196.163949053 88.1134695125 2.71276164055 125.914236652 8.74264907837 13107712 0.135886630096 0.0 0.135886630096 -1.59123440186 2.197054573 -2.197054573 -1.59123440186 
198.314538964 85.4528626339 1.78331422806 126.266589565 8.11457061768 16187392 0.314444679584 0.0 0.314444679584 -1.05490726879 1.43783875669 -1.43783875669 -1.05490726879 
147.004625422 84.1762677042 1.3082549572 124.761759272 8.10356521606 8388608 0.584272198808 0.0 0.584272198808 -0.745921689756 1.07477061078 -1.07477061078 -0.745921689756 
164.492934283 87.0284922774 1.25484704971 125.606421252 7.72822570801 8388608 0.635065341847 0.0 0.635065341847 -0.730589636055 1.02023521889 -1.02023521889 -0.730589636055 
127.865809378 110.402557222 1.29616093636 125.057128469 7.71309661865 8388608 0.595226342021 0.0 0.595226342021 -0.744505653513 1.06101107667 -1.06101107667 -0.744505653513 
127.712038659 105.322657712 1.45536875725 124.724555266 7.5768699646 8388608 0.472121637589 0.0 0.472121637589 -0.829024350474 1.19616756598 -1.19616756598 -0.829024350474 
50.4727054855 75.9641265437 1.58505773544 122.642589837 7.55497360229 8388608 0.398024520768 0.0 0.398024520768 -0.854975163305 1.33470052627 -1.33470052627 -0.854975163305 
126.573517075 118.023376771 1.27736449242 125.428104751 7.53071594238 8388608 0.612872762408 0.0 0.612872762408 -0.740463849027 1.04085221562 -1.04085221562 -0.740463849027 
185.24909519 88.1074091153 1.70580255985 123.076432694 7.33447647095 12976128 0.343670675382 0.0 0.343670675382 -0.930954264942 1.42936577886 -1.42936577886 -0.930954264942 
154.257467169 81.6678223083 1.30780827999 125.296719198 6.85720825195 8388608 0.584671379096 0.0 0.584671379096 -0.755665867191 1.0673947697 -1.0673947697 -0.755665867191 
192.572682753 96.014335837 1.49599266052 124.841280645 5.57497787476 8388608 0.446828714454 0.0 0.446828714454 -0.854668152293 1.22781773476 -1.22781773476 -0.854668152293 
99.093104912 75.2469827198 1.43744289875 135.838899026 5.38178253174 8388608 0.483970395439 0.0 0.483970395439 -1.03119819004 1.00143516017 -1.00143516017 -1.03119819004 
58.1885738368 53.209829821 1.7048406601 125.074728123 5.20589065552 12976128 0.344058594331 0.0 0.344058594331 -0.979677016684 1.39524715348 -1.39524715348 -0.979677016684 
86.8765296675 80.1393514102 1.28433835506 123.170267443 5.18854141235 8388608 0.606235124513 0.0 0.606235124513 -0.702698665892 1.07505329879 -1.07505329879 -0.702698665892 
61.6651726675 50.8085528245 1.72318530083 125.209234097 5.17184066772 13697024 0.33677204749 0.0 0.33677204749 -0.99352661695 1.40793197364 -1.40793197364 -0.99352661695 
67.977982193 46.1084039067 1.74222052097 125.007162098 5.11845779419 14483456 0.329453215255 0.0 0.329453215255 -0.999475026017 1.42701857594 -1.42701857594 -0.999475026017 
132.022942248 117.388072101 1.30396163464 128.780068705 4.13766479492 8388608 0.58812599104 0.0 0.58812599104 -0.816713769226 1.01651097572 -1.01651097572 -0.816713769226 
165.130392696 165.765513274 1.50809049606 124.93633278 3.60509109497 8388608 0.43968858814 0.0 0.43968858814 -0.863631908504 1.23631584594 -1.23631584594 -0.863631908504 
212.111179849 148.312330402 1.3615077734 124.941624356 3.59747695923 8388608 0.539460622889 0.0 0.539460622889 -0.779792069808 1.11607694398 -1.11607694398 -0.779792069808 
130.182085247 126.75432685 1.49672663212 128.867672102 -0.432422637939 8388608 0.446390586122 0.0 0.446390586122 -0.939231659997 1.16534737317 -1.16534737317 -0.939231659997 
