13
113
159.316976543 132.240915104 2.46007347107 59.1473999023 181.610946655 22741248 0.165235684794 0.0 0.165235684794 1.26160246157 2.1119471376 -2.1119471376 1.26160246157 
165.070223941 103.736651625 2.68610930443 29.8805541992 152.816040039 12386816 0.138596619507 0.0 0.138596619507 2.32903373421 1.33820217466 -1.33820217466 2.32903373421 
167.516290113 120.319877182 2.36020731926 27.4779052734 147.078842163 19792128 0.179514566371 0.0 0.179514566371 2.09394956863 1.08901505679 -1.08901505679 2.09394956863 
261.905865961 120.040637496 1.795322299 101.32635498 141.288909912 16711680 0.310252400019 0.0 0.310252400019 -0.352596250698 1.76035736181 -1.76035736181 -0.352596250698 
89.3946327864 50.3874832091 4.33642864227 246.714096069 133.779571533 13631745 0.0531784397982 0.0 0.0531784397982 -1.71427494065 -3.98319906575 3.98319906575 -1.71427494065 
299.086077689 97.9651533807 1.79441511631 17.6976013184 132.204864502 16646144 0.310566181096 0.0 0.310566181096 1.70949300106 0.54548995312 -0.54548995312 1.70949300106 
236.252631837 67.5430584715 4.11678552628 81.8133239746 126.539558411 9896193 0.0590042801061 0.0 0.0590042801061 0.586225154678 4.07483289687 -4.07483289687 0.586225154678 
299.660666055 109.599096579 1.82485437393 31.3955993652 124.401679993 17891328 0.300291869939 0.0 0.300291869939 1.55767892536 0.950647069918 -0.950647069918 1.55767892536 
252.433406248 118.780990403 1.33567047119 84.9480895996 122.446289062 8388608 0.560533212676 0.0 0.560533212676 0.117616826475 1.33048182616 -1.33048182616 0.117616826475 
146.508147532 126.337754079 1.49913978577 39.6311035156 121.69745636 8388608 0.444954639863 0.0 0.444954639863 1.1545881384 0.956214582581 -0.956214582581 1.1545881384 
198.894594359 47.0433985501 2.29669499397 57.0330810547 118.832588196 17760512 0.189580363843 0.0 0.189580363843 1.24975741735 1.92689239272 -1.92689239272 1.24975741735 
277.925692611 66.3734411742 1.53858053684 67.465423584 117.93901062 8388608 0.422434647722 0.0 0.422434647722 0.589646987135 1.42110749027 -1.42110749027 0.589646987135 
150.967070709 103.649939292 2.495470047 39.7492675781 116.554710388 23789824 0.160581413773 0.0 0.160581413773 1.91864216078 1.59567635012 -1.59567635012 1.91864216078 
260.786248532 65.0312150793 4.18592691422 87.923034668 116.452102661 11075841 0.0570711622905 0.0 0.0570711622905 0.151706132849 4.18317694825 -4.18317694825 0.151706132849 
207.897685061 42.883509927 3.86598920822 77.0866699219 114.138053894 22020097 0.066908104302 0.0 0.066908104302 0.863959252051 3.76821535596 -3.76821535596 0.863959252051 
289.576951388 97.433194515 1.3760586977 24.2214355469 113.339981079 8388608 0.528112054359 0.0 0.528112054359 1.25491969796 0.564547687252 -0.564547687252 1.25491969796 
30.4043091499 93.0779513642 1.57032728195 90.313659668 110.153549194 8388608 0.405526881677 0.0 0.405526881677 -0.0085965472126 1.57030375145 -1.57030375145 -0.0085965472126 
278.574868608 65.8938829544 3.74195122719 96.4100036621 109.554351807 19660801 0.0714173538709 0.0 0.0714173538709 -0.417760562542 3.71855820165 -3.71855820165 -0.417760562542 
41.5423953289 72.9094449988 5.17912960052 259.214782715 107.158889771 9765377 0.0372809046636 0.0 0.0372809046636 -0.969159497434 -5.08764319578 5.08764319578 -0.969159497434 
236.135065545 69.6556972784 1.70250678062 72.6137084961 105.223060608 12845056 0.345002545555 0.0 0.345002545555 0.508730262596 1.62472239413 -1.62472239413 0.508730262596 
293.418739634 123.110976001 1.42598903179 39.01953125 100.387512207 8388608 0.491776339312 0.0 0.491776339312 1.10789564154 0.897781691859 -0.897781691859 1.10789564154 
166.426030952 103.074930751 1.28274738789 28.1345214844 98.8668441772 8388608 0.607739860863 0.0 0.607739860863 1.13118169558 0.604870922363 -0.604870922363 1.13118169558 
246.526168258 27.448125826 2.65767383575 281.351501465 92.0666275024 11665920 0.141578282067 0.0 0.141578282067 0.523103323993 -2.60568477174 2.60568477174 0.523103323993 
177.74800775 120.380775235 1.27734923363 82.0388183594 91.5698318481 8388608 0.612887404843 0.0 0.612887404843 0.176915620717 1.2650383108 -1.2650383108 0.176915620717 
290.723021903 83.624223147 2.70941329002 67.2205200195 90.8871688843 13042176 0.1362227008 0.0 0.1362227008 1.04904527871 2.49808414177 -2.49808414177 1.04904527871 
255.495348752 113.133235325 4.4899764061 88.9641418457 85.2658462524 16122113 0.0496034498646 0.0 0.0496034498646 0.081170469282 4.48924264016 -4.48924264016 0.081170469282 
116.659131215 122.094823866 1.67059290409 85.1739807129 84.4318695068 11468800 0.358309840147 0.0 0.358309840147 0.14054758953 1.66467024551 -1.66467024551 0.14054758953 
81.034480483 82.9983960244 2.34752941132 74.2971191406 84.2020645142 19398912 0.181458750404 0.0 0.181458750404 0.635356136073 2.25991524561 -2.25991524561 0.635356136073 
114.826105393 79.2611142126 1.69048595428 72.6315307617 82.8481750488 12320768 0.349926527127 0.0 0.349926527127 0.504636452018 1.61340782598 -1.61340782598 0.504636452018 
137.01747736 74.7849659412 4.2629904747 103.02545166 82.2353668213 12386561 0.0550264221303 0.0 0.0550264221303 -0.960809257695 4.15330390866 -4.15330390866 -0.960809257695 
151.992540775 90.0502855389 2.9376437664 77.9290466309 81.0495986938 18874880 0.115878199937 0.0 0.115878199937 0.614328406278 2.87269063902 -2.87269063902 0.614328406278 
95.4879604701 45.4473658728 1.60298061371 49.0939331055 80.9317703247 8519680 0.389173678934 0.0 0.389173678934 1.0496651205 1.21150731848 -1.21150731848 1.0496651205 
116.06339477 113.668535901 1.42011129856 98.7155761719 79.7278289795 8388608 0.495855613912 0.0 0.495855613912 -0.215188814857 1.40371288883 -1.40371288883 -0.215188814857 
142.526964269 100.127362954 5.8261423111 32.0386047363 79.6369857788 18285057 0.0294603446156 0.0 0.0294603446156 4.93876755595 3.09071338972 -3.09071338972 4.93876755595 
150.922593991 91.0894672551 1.54226279259 68.8169250488 77.2351455688 8388608 0.420419873754 0.0 0.420419873754 0.557295345912 1.43805299583 -1.43805299583 0.557295345912 
140.184704015 104.831895709 1.34518289566 15.3710327148 77.18019104 8388608 0.552633651639 0.0 0.552633651639 1.29706508391 0.356565829646 -0.356565829646 1.29706508391 
224.940735001 48.3603119123 3.01253080368 149.603149414 75.7568435669 20709888 0.110188686805 0.0 0.110188686805 -2.59843278816 1.52429947469 -1.52429947469 -2.59843278816 
288.337679895 49.8663685765 1.22117626667 81.5496520996 74.7358169556 8388608 0.670568717533 0.0 0.670568717533 0.179454638976 1.20791866731 -1.20791866731 0.179454638976 
177.612996132 38.3505577745 2.2639029026 1.73028564453 74.7168197632 16777472 0.195112191711 0.0 0.195112191711 2.26287065202 0.0683576232906 -0.0683576232906 2.26287065202 
150.041854243 118.872284672 1.34533452988 20.5385742188 74.1164016724 8388608 0.552509082699 0.0 0.552509082699 1.25981995606 0.471994359692 -0.471994359692 1.25981995606 
129.62059485 78.1979678396 1.32597899437 102.252838135 71.7432861328 8388608 0.568756943423 0.0 0.568756943423 -0.281407322599 1.29577398195 -1.29577398195 -0.281407322599 
296.426374312 49.8427189544 1.6407699585 292.340881348 69.8864898682 10158080 0.371453631419 0.0 0.371453631419 0.623683263158 -1.51761169077 1.51761169077 0.623683263158 
165.392193122 39.7773861192 1.50662982464 336.679351807 69.6172714233 8388608 0.440541553972 0.0 0.440541553972 1.38354385614 -0.596439289977 0.596439289977 1.38354385614 
246.044942934 66.4041017034 2.05787491798 80.3958435059 68.7391433716 9830656 0.236135918412 0.0 0.236135918412 0.343336416974 2.02903161209 -2.02903161209 0.343336416974 
224.0721642 52.0247852143 1.80808317661 82.5102539062 67.9236907959 17170432 0.305888527887 0.0 0.305888527887 0.23568139421 1.79265698168 -1.79265698168 0.23568139421 
158.251381308 125.412672419 1.34058225155 320.731689453 65.7449645996 8388608 0.556433244555 0.0 0.556433244555 1.03786591626 -0.848525257751 0.848525257751 1.03786591626 
225.823018761 68.4877528028 1.87735486031 85.1962280273 65.4757614136 19922944 0.283731306138 0.0 0.283731306138 0.157216164628 1.87076036656 -1.87076036656 0.157216164628 
215.186802438 57.1993896443 1.97482073307 271.553527832 64.4559631348 23592960 0.256415718212 0.0 0.256415718212 0.0535390756209 -1.97409485465 1.97409485465 0.0535390756209 
151.458787502 97.9886046117 1.39172422886 344.49017334 63.6387672424 8388608 0.516289893748 0.0 0.516289893748 1.34104404221 -0.372152127552 0.372152127552 1.34104404221 
62.4962315319 94.9512101866 5.20478868484 118.010955811 63.5382194519 10093057 0.0369142285204 0.0 0.0369142285204 -2.44437897218 4.59508832279 -4.59508832279 -2.44437897218 
263.64003886 110.444706818 1.67421531677 72.4396362305 62.9420318604 11665408 0.356761004765 0.0 0.356761004765 0.505128202399 1.5961962367 -1.5961962367 0.505128202399 
212.051178991 96.9330613788 5.09814167023 268.758453369 62.0350456238 8651265 0.0384747849013 0.0 0.0384747849013 -0.110463376858 -5.09694480371 5.09694480371 -0.110463376858 
138.987538324 106.982909706 3.31120920181 11.4859313965 61.627784729 10813441 0.0912067035387 0.0 0.0912067035387 3.24489769646 0.65935219549 -0.65935219549 3.24489769646 
286.127987939 47.2293623158 3.13897299767 302.500366211 61.4544334412 23659008 0.101490371078 0.0 0.101490371078 1.6865858832 -2.64737219496 2.64737219496 1.6865858832 
213.38288938 19.9528526679 1.68726682663 269.949371338 60.8599967957 12189696 0.351263046905 0.0 0.351263046905 -0.00149093094924 -1.68726616791 1.68726616791 -0.00149093094924 
282.524048407 101.189152089 1.47218382359 8.41305541992 60.6588516235 8388608 0.461398222652 0.0 0.461398222652 1.45634168407 0.215392919246 -0.215392919246 1.45634168407 
186.153261441 88.4197761442 1.34764659405 228.657012939 60.5365333557 8388608 0.550614905613 0.0 0.550614905613 -0.890208347448 -1.01177094274 1.01177094274 -0.890208347448 
113.099637558 86.0426311854 1.24284386635 269.927734375 60.4305801392 8388608 0.64739129181 0.0 0.64739129181 -0.00156756511089 -1.24284287778 1.24284287778 -0.00156756511089 
207.901359256 55.9974468044 1.50329816341 269.815643311 58.4864807129 8388608 0.442496404542 0.0 0.442496404542 -0.00483705077069 -1.50329038148 1.50329038148 -0.00483705077069 
48.9503667646 76.6572531849 1.45635890961 97.9515380859 57.4902229309 8388608 0.471479881718 0.0 0.471479881718 -0.201466083729 1.44235664477 -1.44235664477 -0.201466083729 
59.8497675418 115.116397894 2.51970005035 269.767150879 54.5148086548 24510720 0.157507888918 0.0 0.157507888918 -0.0102399920573 -2.51967924274 2.51967924274 -0.0102399920573 
252.463779855 45.9355681399 3.86851000786 86.9651794434 53.6750068665 22085633 0.0668209353543 0.0 0.0668209353543 0.204809933557 3.86308459291 -3.86308459291 0.204809933557 
214.74392159 27.4692583763 1.78302359581 86.9473571777 53.0122451782 16187392 0.314547196693 0.0 0.314547196693 0.0949521854185 1.7804935343 -1.7804935343 0.0949521854185 
173.925949331 90.5387212818 2.73540067673 320.48046875 52.6529579163 13697536 0.133646657011 0.0 0.133646657011 2.11010916999 -1.74064819908 1.74064819908 2.11010916999 
21.1908672318 69.8171203968 1.49300324917 245.346954346 51.8602371216 8388608 0.448619858728 0.0 0.448619858728 -0.622765104338 -1.35691647748 1.35691647748 -0.622765104338 
205.741028546 30.1372613352 1.26122939587 58.7829284668 51.7701034546 8388608 0.628654214106 0.0 0.628654214106 0.653672299486 1.07861583239 -1.07861583239 0.653672299486 
150.265368532 36.0466323604 1.29012405872 70.6865234375 49.1766471863 8388608 0.600809860367 0.0 0.600809860367 0.426690954942 1.21751998582 -1.21751998582 0.426690954942 
235.418716207 36.0285804322 2.07330298424 341.454925537 48.2088623047 10420480 0.232634678267 0.0 0.232634678267 1.96564411215 -0.659415262803 0.659415262803 1.96564411215 
266.90900586 50.2500768936 1.58712339401 90.9908447266 47.7942657471 8388608 0.396989128403 0.0 0.396989128403 -0.0274455548952 1.58688607321 -1.58688607321 -0.0274455548952 
238.474490297 49.1742403009 2.77824687958 76.4319458008 45.723903656 14877184 0.129556238259 0.0 0.129556238259 0.651777136306 2.70071144117 -2.70071144117 0.651777136306 
276.704883414 81.9905124116 2.10058283806 286.917602539 45.6899375916 11337984 0.226631552639 0.0 0.226631552639 0.611261485672 -2.0096784956 2.0096784956 0.611261485672 
183.304150115 75.529233436 1.37050116062 72.085723877 45.3413963318 8388608 0.532403846721 0.0 0.532403846721 0.421557540133 1.30405623791 -1.30405623791 0.421557540133 
135.362275357 88.5803611431 2.0961868763 299.082336426 45.2010993958 11206912 0.227583097842 0.0 0.227583097842 1.01888513717 -1.83190406343 1.83190406343 1.01888513717 
265.133074026 128.064507463 1.38163888454 270.624206543 45.1694564819 8388608 0.523854772885 0.0 0.523854772885 0.0150519109615 -1.38155689252 1.38155689252 0.0150519109615 
29.1695782276 84.4300853445 2.04782152176 91.7490234375 44.7818336487 9502976 0.238460139738 0.0 0.238460139738 -0.0625025373208 2.04686746464 -2.04686746464 -0.0625025373208 
190.295254946 74.6200728412 1.35018968582 79.1808166504 43.0743637085 8388608 0.548542684875 0.0 0.548542684875 0.253444357381 1.32618933241 -1.32618933241 0.253444357381 
227.287891709 37.4476588671 1.60850834846 172.816177368 42.5970993042 8716288 0.386503437992 0.0 0.386503437992 -1.59588163739 0.201148966023 -0.201148966023 -1.59588163739 
291.121329669 77.792970461 1.36914300919 232.167892456 41.0182342529 8388608 0.533460629956 0.0 0.533460629956 -0.839763517363 -1.08136479252 1.08136479252 -0.839763517363 
95.8908963585 92.465782775 1.63969433308 291.312408447 39.9199562073 10158080 0.371941132057 0.0 0.371941132057 0.59595181903 -1.52755979762 1.52755979762 0.59595181903 
225.568431248 31.6805798879 1.70055496693 159.718765259 38.4021186829 12779520 0.345794954085 0.0 0.345794954085 -1.59512482929 0.589460748924 -0.589460748924 -1.59512482929 
183.122751731 51.4020787099 2.7978374958 28.6415405273 37.0770149231 15335936 0.127748270044 0.0 0.127748270044 2.45548202441 1.34108265246 -1.34108265246 2.45548202441 
258.742816645 127.600865729 1.45461440086 277.775115967 36.4992980957 8388608 0.472611444812 0.0 0.472611444812 0.196787901425 -1.44124167892 1.44124167892 0.196787901425 
77.7461142388 102.668482395 2.00781059265 267.996826172 35.5651016235 24772608 0.24805873107 0.0 0.24805873107 -0.070182731457 -2.00658360408 2.00658360408 -0.070182731457 
107.000657001 118.633240439 2.33957767487 358.712036133 35.5057411194 19136768 0.182694327452 0.0 0.182694327452 2.33898658804 -0.0525874290372 0.0525874290372 2.33898658804 
68.7674287249 44.3551229264 2.63711667061 203.20161438 34.4904632568 11076096 0.14379418104 0.0 0.14379418104 -2.42383785326 -1.03893907209 1.03893907209 -2.42383785326 
248.382253647 39.4095445694 2.22062849998 268.42980957 34.1115264893 15335680 0.202790768638 0.0 0.202790768638 -0.0608486909979 -2.21979466883 2.21979466883 -0.0608486909979 
157.434467877 55.5201824063 2.45615506172 100.461608887 31.8856220245 22675712 0.165763320466 0.0 0.165763320466 -0.445980416274 2.41532589013 -2.41532589013 -0.445980416274 
156.559204674 44.6845390287 1.68808507919 194.192276001 30.9268760681 12255232 0.350922599338 0.0 0.350922599338 -1.63656203984 -0.413879118036 0.413879118036 -1.63656203984 
82.2302983233 125.286538944 2.96459364891 100.555053711 30.8351974487 19530240 0.113780975336 0.0 0.113780975336 -0.54305491655 2.91443079533 -2.91443079533 -0.54305491655 
144.045637761 135.957525987 1.73619270325 311.368469238 30.7559890747 14286848 0.331744817198 0.0 0.331744817198 1.14744796474 -1.30296902151 1.30296902151 1.14744796474 
278.650341886 74.3328654883 1.31850814819 291.440246582 27.8773174286 8388608 0.575220511537 0.0 0.575220511537 0.481955207422 -1.22726644006 1.22726644006 0.481955207422 
214.455646252 12.3031550117 1.26643157005 269.647399902 27.4564914703 8388608 0.623500123057 0.0 0.623500123057 -0.00779361203359 -1.26640758891 1.26640758891 -0.00779361203359 
106.984824461 109.228852385 1.47882926464 98.6063232422 27.1065006256 8388608 0.457260753293 0.0 0.457260753293 -0.221298611275 1.46217745797 -1.46217745797 -0.221298611275 
24.7974361162 121.113961588 1.27981519699 278.315124512 26.8219623566 8388608 0.610527842559 0.0 0.610527842559 0.185083550866 -1.26636132981 1.26636132981 0.185083550866 
234.410501839 58.6869848123 1.20386505127 267.667053223 25.6847877502 8388608 0.689992525621 0.0 0.689992525621 -0.0490049549729 -1.20286723127 1.20286723127 -0.0490049549729 
275.973040819 58.4162674763 1.67826271057 271.179779053 24.5664482117 11796480 0.355042309461 0.0 0.355042309461 0.0345547140701 -1.67790693944 1.67790693944 0.0345547140701 
264.219381787 40.5188387324 1.72715198994 22.1492919922 24.1522464752 13893632 0.335226918864 0.0 0.335226918864 1.59969615159 0.65117295624 -0.65117295624 1.59969615159 
206.255146352 37.3318853918 1.46297645569 300.015289307 20.5406684875 8388608 0.467224196913 0.0 0.467224196913 0.73182629242 -1.26677953394 1.26677953394 0.73182629242 
167.34265427 65.5869082199 1.50213694572 76.7514038086 17.8769359589 8388608 0.443180807202 0.0 0.443180807202 0.344254550844 1.46215738138 -1.46215738138 0.344254550844 
299.670431873 42.5549763498 1.72503960133 286.791687012 17.2610797882 13828096 0.336048422432 0.0 0.336048422432 0.498351688486 -1.6514863671 1.6514863671 0.498351688486 
126.636024889 133.458631252 2.01147317886 86.5121154785 16.71251297 24903680 0.24715619919 0.0 0.24715619919 0.122372954436 2.00774729717 -2.00774729717 0.122372954436 
187.755729174 26.0318069718 1.24567830563 270.055847168 13.8246479034 8388608 0.644448471644 0.0 0.644448471644 0.00121418357765 -1.24567771388 1.24567771388 0.00121418357765 
62.2335869022 133.67327449 1.42266988754 270.769683838 13.4708595276 8388608 0.494073682786 0.0 0.494073682786 0.0191108855605 -1.42254152241 1.42254152241 0.0191108855605 
27.332345114 99.7174771693 1.49578762054 272.894714355 12.1516389847 8388608 0.446951223864 0.0 0.446951223864 0.0755384805966 -1.4938790258 1.4938790258 0.0755384805966 
99.0292261391 135.296855007 1.69235384464 260.324859619 6.57074737549 12386304 0.349154509291 0.0 0.349154509291 -0.284419837942 -1.66828261732 1.66828261732 -0.284419837942 
94.1488041437 18.7020413632 1.73445224762 260.938751221 6.05947875977 14221312 0.332410937384 0.0 0.332410937384 -0.273159243929 -1.71280723572 1.71280723572 -0.273159243929 
86.757664005 25.6571414161 1.49600458145 258.115234375 5.75597763062 8388608 0.446821593364 0.0 0.446821593364 -0.308093171043 -1.46393589535 1.46393589535 -0.308093171043 
101.50276434 14.2679174346 1.71492767334 265.499328613 5.63222503662 13369344 0.34002306906 0.0 0.34002306906 -0.134571707898 -1.70963954687 1.70963954687 -0.134571707898 
16.759358891 56.0677018476 1.29970955849 253.377365112 4.87935256958 8388608 0.591980463246 0.0 0.591980463246 -0.371803927984 -1.24539422496 1.24539422496 -0.371803927984 
28.6158367128 52.2437612897 1.27134287357 275.402648926 4.79689788818 8388608 0.618692161887 0.0 0.618692161887 0.119702449827 -1.26569507611 1.26569507611 0.119702449827 
276.634178967 22.0208831382 1.16900479794 288.505187988 3.67504119873 8388608 0.731757888185 0.0 0.731757888185 0.371031044696 -1.10856131155 1.10856131155 0.371031044696 
289.722717839 30.159621062 1.15629637241 326.284576416 3.66022109985 8388608 0.747931240407 0.0 0.747931240407 0.961812794317 -0.641823534584 0.641823534584 0.961812794317 
288.815726515 20.447294188 2.09727454185 331.489685059 3.41801071167 11206912 0.227347105743 0.0 0.227347105743 1.84294056583 -1.00106472055 1.00106472055 1.84294056583 
