13
83
159.316976543 132.240915104 2.46007347107 133.89287656 181.610946655 22741248 0.165235684794 0.0 0.165235684794 -1.70559904538 1.77282074093 -1.77282074093 -1.70559904538 
165.070223941 103.736651625 2.68610930443 131.474464834 152.816040039 12386816 0.138596619507 0.0 0.138596619507 -1.77897310597 2.01256996986 -2.01256996986 -1.77897310597 
167.516290113 120.319877182 2.36020731926 132.738728579 147.078842163 19792128 0.179514566371 0.0 0.179514566371 -1.6017695051 1.73346850055 -1.73346850055 -1.6017695051 
261.905865961 120.040637496 1.795322299 142.279184339 141.288909912 16711680 0.310252400019 0.0 0.310252400019 -1.42010229375 1.09840412991 -1.09840412991 -1.42010229375 
252.433406248 118.780990403 1.33567047119 139.672036752 122.446289062 8388608 0.560533212676 0.0 0.560533212676 -1.01825181991 0.86439507105 -0.86439507105 -1.01825181991 
146.508147532 126.337754079 1.49913978577 133.886344136 121.69745636 8388608 0.444954639863 0.0 0.444954639863 -1.0392487825 1.08045456421 -1.08045456421 -1.0392487825 
198.894594359 47.0433985501 2.29669499397 132.517746175 118.832588196 17760512 0.189580363843 0.0 0.189580363843 -1.55214903817 1.69282050396 -1.69282050396 -1.55214903817 
277.925692611 66.3734411742 1.53858053684 140.674064503 117.93901062 8388608 0.422434647722 0.0 0.422434647722 -1.19017424297 0.975046326962 -0.975046326962 -1.19017424297 
150.967070709 103.649939292 2.495470047 134.731762018 116.554710388 23789824 0.160581413773 0.0 0.160581413773 -1.75628343978 1.77280547005 -1.77280547005 -1.75628343978 
289.576951388 97.433194515 1.3760586977 142.497389575 113.339981079 8388608 0.528112054359 0.0 0.528112054359 -1.09166259748 0.837741196781 -0.837741196781 -1.09166259748 
30.4043091499 93.0779513642 1.57032728195 142.52551658 110.153549194 8388608 0.405526881677 0.0 0.405526881677 -1.24625000375 0.955399759577 -0.955399759577 -1.24625000375 
236.135065545 69.6556972784 1.70250678062 138.348959958 105.223060608 12845056 0.345002545555 0.0 0.345002545555 -1.27212388975 1.13147255698 -1.13147255698 -1.27212388975 
166.426030952 103.074930751 1.28274738789 127.153370456 98.8668441772 8388608 0.607739860863 0.0 0.607739860863 -0.774716141206 1.02237750449 -1.02237750449 -0.774716141206 
177.74800775 120.380775235 1.27734923363 134.464530973 91.5698318481 8388608 0.612887404843 0.0 0.612887404843 -0.894741741065 0.911623980293 -0.911623980293 -0.894741741065 
116.659131215 122.094823866 1.67059290409 139.11430274 84.4318695068 11468800 0.358309840147 0.0 0.358309840147 -1.2629964493 1.09349010981 -1.09349010981 -1.2629964493 
81.034480483 82.9983960244 2.34752941132 141.131292109 84.2020645142 19398912 0.181458750404 0.0 0.181458750404 -1.82775352173 1.47316373863 -1.47316373863 -1.82775352173 
114.826105393 79.2611142126 1.69048595428 138.406187098 82.8481750488 12320768 0.349926527127 0.0 0.349926527127 -1.26426335934 1.12222142194 -1.12222142194 -1.26426335934 
137.01747736 74.7849659412 4.2629904747 132.860706098 82.2353668213 12386561 0.0550264221303 0.0 0.0550264221303 -2.89976424088 3.12481281595 -3.12481281595 -2.89976424088 
151.992540775 90.0502855389 2.9376437664 127.263839812 81.0495986938 18874880 0.115878199937 0.0 0.115878199937 -1.77870289294 2.33794074282 -2.33794074282 -1.77870289294 
95.4879604701 45.4473658728 1.60298061371 131.582686027 80.9317703247 8519680 0.389173678934 0.0 0.389173678934 -1.06389856731 1.19902739185 -1.19902739185 -1.06389856731 
116.06339477 113.668535901 1.42011129856 142.67666214 79.7278289795 8388608 0.495855613912 0.0 0.495855613912 -1.12931025424 0.861031038905 -0.861031038905 -1.12931025424 
142.526964269 100.127362954 5.8261423111 131.951523779 79.6369857788 18285057 0.0294603446156 0.0 0.0294603446156 -3.89478554211 4.33296432135 -4.33296432135 -3.89478554211 
150.922593991 91.0894672551 1.54226279259 130.590566973 77.2351455688 8388608 0.420419873754 0.0 0.420419873754 -1.00347205836 1.17116111167 -1.17116111167 -1.00347205836 
140.184704015 104.831895709 1.34518289566 138.47019822 77.18019104 8388608 0.552633651639 0.0 0.552633651639 -1.00701866541 0.891869065665 -0.891869065665 -1.00701866541 
288.337679895 49.8663685765 1.22117626667 147.642029325 74.7358169556 8388608 0.670568717533 0.0 0.670568717533 -1.03155293687 0.653582445226 -0.653582445226 -1.03155293687 
150.041854243 118.872284672 1.34533452988 136.478564043 74.1164016724 8388608 0.552509082699 0.0 0.552509082699 -0.975524652438 0.926432215418 -0.926432215418 -0.975524652438 
129.62059485 78.1979678396 1.32597899437 135.673359647 71.7432861328 8388608 0.568756943423 0.0 0.568756943423 -0.948562834992 0.926525143523 -0.926525143523 -0.948562834992 
165.392193122 39.7773861192 1.50662982464 139.956534665 69.6172714233 8388608 0.440541553972 0.0 0.440541553972 -1.15341039934 0.969318254848 -0.969318254848 -1.15341039934 
246.044942934 66.4041017034 2.05787491798 133.861350004 68.7391433716 9830656 0.236135918412 0.0 0.236135918412 -1.42593365125 1.48376628898 -1.48376628898 -1.42593365125 
224.0721642 52.0247852143 1.80808317661 138.226532897 67.9236907959 17170432 0.305888527887 0.0 0.305888527887 -1.34844055586 1.20452183079 -1.20452183079 -1.34844055586 
158.251381308 125.412672419 1.34058225155 133.279724088 65.7449645996 8388608 0.556433244555 0.0 0.556433244555 -0.91905059355 0.975964538117 -0.975964538117 -0.91905059355 
225.823018761 68.4877528028 1.87735486031 135.297707742 65.4757614136 19922944 0.283731306138 0.0 0.283731306138 -1.33437001522 1.32057484982 -1.32057484982 -1.33437001522 
215.186802438 57.1993896443 1.97482073307 141.23730505 64.4559631348 23592960 0.256415718212 0.0 0.256415718212 -1.53985813073 1.23642786485 -1.23642786485 -1.53985813073 
151.458787502 97.9886046117 1.39172422886 130.009033967 63.6387672424 8388608 0.516289893748 0.0 0.516289893748 -0.894751177471 1.0659815475 -1.0659815475 -0.894751177471 
263.64003886 110.444706818 1.67421531677 134.087762764 62.9420318604 11665408 0.356761004765 0.0 0.356761004765 -1.16485104973 1.20254686347 -1.20254686347 -1.16485104973 
212.051178991 96.9330613788 5.09814167023 133.049603003 62.0350456238 8651265 0.0384747849013 0.0 0.0384747849013 -3.48015088946 3.7255332875 -3.7255332875 -3.48015088946 
138.987538324 106.982909706 3.31120920181 135.45021712 61.627784729 10813441 0.0912067035387 0.0 0.0912067035387 -2.35970402402 2.32290837038 -2.32290837038 -2.35970402402 
282.524048407 101.189152089 1.47218382359 143.055446275 60.6588516235 8388608 0.461398222652 0.0 0.461398222652 -1.17659511106 0.884844141677 -0.884844141677 -1.17659511106 
186.153261441 88.4197761442 1.34764659405 127.594466673 60.5365333557 8388608 0.550614905613 0.0 0.550614905613 -0.82215693273 1.06780584397 -1.06780584397 -0.82215693273 
113.099637558 86.0426311854 1.24284386635 139.746854707 60.4305801392 8388608 0.64739129181 0.0 0.64739129181 -0.948534709268 0.803083296697 -0.803083296697 -0.948534709268 
207.901359256 55.9974468044 1.50329816341 139.85082765 58.4864807129 8388608 0.442496404542 0.0 0.442496404542 -1.14907349146 0.969296383647 -0.969296383647 -1.14907349146 
48.9503667646 76.6572531849 1.45635890961 146.268604033 57.4902229309 8388608 0.471479881718 0.0 0.471479881718 -1.21118083333 0.808716429027 -0.808716429027 -1.21118083333 
59.8497675418 115.116397894 2.51970005035 142.744126225 54.5148086548 24510720 0.157507888918 0.0 0.157507888918 -2.00552992101 1.5253649005 -1.5253649005 -2.00552992101 
173.925949331 90.5387212818 2.73540067673 143.376988088 52.6529579163 13697536 0.133646657011 0.0 0.133646657011 -2.19537225794 1.63179579338 -1.63179579338 -2.19537225794 
205.741028546 30.1372613352 1.26122939587 130.538608739 51.7701034546 8388608 0.628654214106 0.0 0.628654214106 -0.819749036653 0.958494186683 -0.958494186683 -0.819749036653 
150.265368532 36.0466323604 1.29012405872 131.488073243 49.1766471863 8388608 0.600809860367 0.0 0.600809860367 -0.854660912605 0.966423722474 -0.966423722474 -0.854660912605 
235.418716207 36.0285804322 2.07330298424 131.444304048 48.2088623047 10420480 0.232634678267 0.0 0.232634678267 -1.37230202042 1.55414684931 -1.55414684931 -1.37230202042 
266.90900586 50.2500768936 1.58712339401 136.106339521 47.7942657471 8388608 0.396989128403 0.0 0.396989128403 -1.14372528589 1.10038772177 -1.10038772177 -1.14372528589 
238.474490297 49.1742403009 2.77824687958 132.602062851 45.723903656 14877184 0.129556238259 0.0 0.129556238259 -1.88060217879 2.04499172834 -2.04499172834 -1.88060217879 
276.704883414 81.9905124116 2.10058283806 146.749324381 45.6899375916 11337984 0.226631552639 0.0 0.226631552639 -1.75667476556 1.15175606253 -1.15175606253 -1.75667476556 
183.304150115 75.529233436 1.37050116062 133.179649635 45.3413963318 8388608 0.532403846721 0.0 0.532403846721 -0.937817699713 0.999385507885 -0.999385507885 -0.937817699713 
135.362275357 88.5803611431 2.0961868763 133.048691307 45.2010993958 11206912 0.227583097842 0.0 0.227583097842 -1.43089832118 1.53183857335 -1.53183857335 -1.43089832118 
265.133074026 128.064507463 1.38163888454 148.973658749 45.1694564819 8388608 0.523854772885 0.0 0.523854772885 -1.18396839751 0.712141026044 -0.712141026044 -1.18396839751 
190.295254946 74.6200728412 1.35018968582 133.96761815 43.0743637085 8388608 0.548542684875 0.0 0.548542684875 -0.937371498658 0.971775108347 -0.971775108347 -0.937371498658 
227.287891709 37.4476588671 1.60850834846 126.526364134 42.5970993042 8716288 0.386503437992 0.0 0.386503437992 -0.957372284083 1.29257008195 -1.29257008195 -0.957372284083 
291.121329669 77.792970461 1.36914300919 125.390308441 41.0182342529 8388608 0.533460629956 0.0 0.533460629956 -0.792929980669 1.11616066288 -1.11616066288 -0.792929980669 
95.8908963585 92.465782775 1.63969433308 155.619859366 39.9199562073 10158080 0.371941132057 0.0 0.371941132057 -1.49347753052 0.676847377005 -0.676847377005 -1.49347753052 
225.568431248 31.6805798879 1.70055496693 131.994361676 38.4021186829 12779520 0.345794954085 0.0 0.345794954085 -1.13776900757 1.26387059502 -1.26387059502 -1.13776900757 
183.122751731 51.4020787099 2.7978374958 133.321521453 37.0770149231 15335936 0.127748270044 0.0 0.127748270044 -1.91957300184 2.03546902299 -2.03546902299 -1.91957300184 
258.742816645 127.600865729 1.45461440086 148.222976966 36.4992980957 8388608 0.472611444812 0.0 0.472611444812 -1.23657344268 0.766021655081 -0.766021655081 -1.23657344268 
77.7461142388 102.668482395 2.00781059265 135.094892828 35.5651016235 24772608 0.24805873107 0.0 0.24805873107 -1.42208589379 1.41738318271 -1.41738318271 -1.42208589379 
107.000657001 118.633240439 2.33957767487 146.58223847 35.5057411194 19136768 0.182694327452 0.0 0.182694327452 -1.95279208593 1.2884978719 -1.2884978719 -1.95279208593 
248.382253647 39.4095445694 2.22062849998 145.443278526 34.1115264893 15335680 0.202790768638 0.0 0.202790768638 -1.82883203498 1.25958894992 -1.25958894992 -1.82883203498 
157.434467877 55.5201824063 2.45615506172 137.332404917 31.8856220245 22675712 0.165763320466 0.0 0.165763320466 -1.80600596856 1.66464414478 -1.66464414478 -1.80600596856 
156.559204674 44.6845390287 1.68808507919 132.401359949 30.9268760681 12255232 0.350922599338 0.0 0.350922599338 -1.13830938723 1.24654842407 -1.24654842407 -1.13830938723 
82.2302983233 125.286538944 2.96459364891 144.169818123 30.8351974487 19530240 0.113780975336 0.0 0.113780975336 -2.40356080324 1.73542818011 -1.73542818011 -2.40356080324 
144.045637761 135.957525987 1.73619270325 151.959793004 30.7559890747 14286848 0.331744817198 0.0 0.331744817198 -1.5323948036 0.816168652121 -0.816168652121 -1.5323948036 
278.650341886 74.3328654883 1.31850814819 141.90352547 27.8773174286 8388608 0.575220511537 0.0 0.575220511537 -1.03763029622 0.813502984148 -0.813502984148 -1.03763029622 
106.984824461 109.228852385 1.47882926464 145.575759436 27.1065006256 8388608 0.457260753293 0.0 0.457260753293 -1.21984840167 0.83600590363 -0.83600590363 -1.21984840167 
24.7974361162 121.113961588 1.27981519699 152.932570857 26.8219623566 8388608 0.610527842559 0.0 0.610527842559 -1.1396391166 0.582365540152 -0.582365540152 -1.1396391166 
234.410501839 58.6869848123 1.20386505127 138.539671219 25.6847877502 8388608 0.689992525621 0.0 0.689992525621 -0.902193726782 0.797080636462 -0.797080636462 -0.902193726782 
275.973040819 58.4162674763 1.67826271057 143.209599159 24.5664482117 11796480 0.355042309461 0.0 0.355042309461 -1.34400601024 1.00509381161 -1.00509381161 -1.34400601024 
264.219381787 40.5188387324 1.72715198994 137.658824853 24.1522464752 13893632 0.335226918864 0.0 0.335226918864 -1.27661964206 1.16331263462 -1.16331263462 -1.27661964206 
206.255146352 37.3318853918 1.46297645569 151.873270981 20.5406684875 8388608 0.467224196913 0.0 0.467224196913 -1.29020923353 0.689681262323 -0.689681262323 -1.29020923353 
167.34265427 65.5869082199 1.50213694572 137.208532277 17.8769359589 8388608 0.443180807202 0.0 0.443180807202 -1.1023147115 1.02044974424 -1.02044974424 -1.1023147115 
126.636024889 133.458631252 2.01147317886 142.30625169 16.71251297 24903680 0.24715619919 0.0 0.24715619919 -1.59165912171 1.22989657677 -1.22989657677 -1.59165912171 
187.755729174 26.0318069718 1.24567830563 135.652289963 13.8246479034 8388608 0.644448471644 0.0 0.644448471644 -0.890798155632 0.870742836336 -0.870742836336 -0.890798155632 
62.2335869022 133.67327449 1.42266988754 144.015629068 13.4708595276 8388608 0.494073682786 0.0 0.494073682786 -1.15119217778 0.835910389184 -0.835910389184 -1.15119217778 
27.332345114 99.7174771693 1.49578762054 139.557820522 12.1516389847 8388608 0.446951223864 0.0 0.446951223864 -1.13838558384 0.970288033665 -0.970288033665 -1.13838558384 
99.0292261391 135.296855007 1.69235384464 140.023271842 6.57074737549 12386304 0.349154509291 0.0 0.349154509291 -1.29685999333 1.08729742628 -1.08729742628 -1.29685999333 
28.6158367128 52.2437612897 1.27134287357 125.436932663 4.79689788818 8388608 0.618692161887 0.0 0.618692161887 -0.737132837081 1.03583197609 -1.03583197609 -0.737132837081 
276.634178967 22.0208831382 1.16900479794 124.65682762 3.67504119873 8388608 0.731757888185 0.0 0.731757888185 -0.664766123665 0.961591502886 -0.961591502886 -0.664766123665 
289.722717839 30.159621062 1.15629637241 124.982455151 3.66022109985 8388608 0.747931240407 0.0 0.747931240407 -0.662934279698 0.947385582357 -0.947385582357 -0.662934279698 
