13
124
23.5501298256 136.704616127 1.29235291481 102.994873047 114.854522705 8388608 0.598739274316 0.0 0.598739274316 -0.290603470921 1.25925600221 -1.25925600221 -0.290603470921 
15.3715280044 133.427464177 1.40102410316 95.6302490234 107.445198059 8388608 0.50945846898 0.0 0.50945846898 -0.137452109159 1.39426520266 -1.39426520266 -0.137452109159 
23.6131620682 135.641089611 3.0241394043 111.365234375 107.442703247 20972032 0.109344359735 0.0 0.109344359735 -1.10172959774 2.81631160032 -2.81631160032 -1.10172959774 
20.9348543063 97.7292454741 2.24868392944 97.9303588867 103.411628723 16253184 0.197762146704 0.0 0.197762146704 -0.310249483867 2.22717863502 -2.22717863502 -0.310249483867 
136.276985956 123.745063901 1.31924438477 62.2381286621 101.846206665 8388608 0.574578658957 0.0 0.574578658957 0.614501230236 1.16738767544 -1.16738767544 0.614501230236 
128.445385065 113.974395446 1.2309666872 2.60726928711 94.5146942139 8388608 0.659944478804 0.0 0.659944478804 1.22969239838 0.055996342426 -0.055996342426 1.22969239838 
135.551343681 115.380143276 1.49249601364 49.1726074219 93.485824585 8388608 0.44892484393 0.0 0.44892484393 0.975767687847 1.12934572656 -1.12934572656 0.975767687847 
80.821952945 92.4954875964 4.70990610123 265.758850098 92.4975128174 19595521 0.045079127541 0.0 0.045079127541 -0.348318518632 -4.69700858973 4.69700858973 -0.348318518632 
233.12875967 127.658847748 1.53205645084 88.8145751953 92.3878479004 8388608 0.426040086703 0.0 0.426040086703 0.0316953215134 1.53172855793 -1.53172855793 0.0316953215134 
180.230073148 75.6112977406 4.11582994461 272.375549316 84.3782806396 9830657 0.0590316816043 0.0 0.0590316816043 0.170598185024 -4.11229283882 4.11229283882 0.170598185024 
166.387961246 55.0866641795 4.11429023743 32.80859375 82.5525741577 9830657 0.0590758731933 0.0 0.0590758731933 3.45800064405 2.22926348904 -2.22926348904 3.45800064405 
136.135599866 137.615890391 1.46765649319 134.85206604 82.4206542969 8388608 0.464249195019 0.0 0.464249195019 -1.03510689699 1.04046590228 -1.04046590228 -1.03510689699 
28.6414445681 104.346403911 1.27091157436 0.340637207031 77.4780578613 8388608 0.619112154471 0.0 0.619112154471 1.27088911368 0.00755583085589 -0.00755583085589 1.27088911368 
130.507297054 142.030628895 1.57320141792 339.623748779 74.8280563354 8388608 0.404046493086 0.0 0.404046493086 1.47476052615 -0.547762806199 0.547762806199 1.47476052615 
31.5625654219 139.615490253 1.42559993267 133.132324219 74.4678955078 8388608 0.492044823969 0.0 0.492044823969 -0.974662139948 1.04036958865 -1.04036958865 -0.974662139948 
165.190342457 80.0352251378 3.87319421768 20.0393676758 70.4125595093 22151169 0.0666594076888 0.0 0.0666594076888 3.6387009635 1.32721088983 -1.32721088983 3.6387009635 
104.547639353 91.3888437145 5.13623332977 253.143188477 69.9805374146 9175553 0.037906222769 0.0 0.037906222769 -1.48940947662 -4.91554190592 4.91554190592 -1.48940947662 
137.797927152 72.2566940088 7.42097520828 242.601898193 69.93384552 19070978 0.018158419229 0.0 0.018158419229 -3.41491291814 -6.58856910137 6.58856910137 -3.41491291814 
165.026465704 84.5935618509 1.71091461182 15.3588867188 68.0193939209 13172736 0.341620032213 0.0 0.341620032213 1.64981050954 0.453160116898 -0.453160116898 1.64981050954 
64.2108734251 101.191295465 1.2440751791 351.156982422 63.9377250671 8388608 0.646110426016 0.0 0.646110426016 1.22928715778 -0.191248882291 0.191248882291 1.22928715778 
140.305928068 130.769349472 1.87803316116 127.847106934 60.9167861938 19922944 0.283526389167 0.0 0.283526389167 -1.15227943266 1.48299044619 -1.48299044619 -1.15227943266 
156.589098087 85.3741151646 1.56916260719 110.14906311 60.8263473511 8388608 0.406129091035 0.0 0.406129091035 -0.540519599839 1.47312927131 -1.47312927131 -0.540519599839 
19.0334020598 107.213826941 1.25801217556 274.945098877 60.7759399414 8388608 0.631873746193 0.0 0.631873746193 0.108442088426 -1.25332954458 1.25332954458 0.108442088426 
126.170111421 83.2089604275 3.43293261528 67.8764648438 57.8243370056 13434881 0.0848534378338 0.0 0.0848534378338 1.29285896216 3.18017956176 -3.18017956176 1.29285896216 
155.94604015 67.5807549325 1.84228253365 39.4664001465 56.8967323303 18546688 0.29463716745 0.0 0.29463716745 1.42223744544 1.17100195669 -1.17100195669 1.42223744544 
100.610346861 89.5001023738 1.28548979759 83.9924926758 56.8253669739 8388608 0.605149573654 0.0 0.605149573654 0.13453778378 1.2784301328 -1.2784301328 0.13453778378 
251.908931768 70.3044333592 2.32329702377 268.947998047 55.4597244263 18612480 0.185263782979 0.0 0.185263782979 -0.0426554224792 -2.32290541684 2.32290541684 -0.0426554224792 
252.037011909 68.1781784298 1.30449533463 137.701690674 55.1922798157 8388608 0.58764485689 0.0 0.58764485689 -0.964871218473 0.877913213149 -0.877913213149 -0.964871218473 
114.962175927 123.8148655 1.70070815086 66.1729431152 54.8052978516 12779520 0.345732664918 0.0 0.345732664918 0.687047528239 1.55575509267 -1.55575509267 0.687047528239 
266.043391124 129.483977798 1.38748192787 25.6339111328 54.1430282593 8388608 0.519451888865 0.0 0.519451888865 1.25092128598 0.600251644268 -0.600251644268 1.25092128598 
38.9720116232 111.099043868 2.39409780502 268.799407959 53.7739715576 20775168 0.174468176943 0.0 0.174468176943 -0.0501629344147 -2.3935722216 2.3935722216 -0.0501629344147 
22.3496672791 110.144889756 2.5393884182 271.314697266 52.6150550842 25035008 0.155074978991 0.0 0.155074978991 0.0582631754867 -2.5387199414 2.5387199414 0.0582631754867 
124.21367962 124.588835219 2.25461530685 21.1950378418 51.8854866028 16449792 0.196722981419 0.0 0.196722981419 2.10210211726 0.815142239446 -0.815142239446 2.10210211726 
146.698790008 72.7172758146 3.11695432663 80.111541748 51.4456863403 23134720 0.102929324583 0.0 0.102929324583 0.535276607766 3.07064866559 -3.07064866559 0.535276607766 
69.8472175363 69.5340219826 1.34419286251 249.030639648 47.1369400024 8388608 0.553448009662 0.0 0.553448009662 -0.481044490819 -1.25516957001 1.25516957001 -0.481044490819 
144.182049272 85.3363919291 2.95939588547 286.560913086 46.4319992065 19399168 0.11418100695 0.0 0.11418100695 0.843530038317 -2.83663199611 2.83663199611 0.843530038317 
79.5101126656 116.177808179 4.69934654236 264.322113037 44.8954353333 19464449 0.0452819431907 0.0 0.0452819431907 -0.464933164761 -4.6762907392 4.6762907392 -0.464933164761 
161.59436321 107.562153845 5.45382213593 78.4085083008 42.5412979126 13500929 0.0336200271168 0.0 0.0336200271168 1.09584986599 5.34259197034 -5.34259197034 1.09584986599 
99.5979529334 99.7003369017 1.26294243336 270.621276855 42.360748291 8388608 0.626949975089 0.0 0.626949975089 0.0136942290413 -1.26286818713 1.26286818713 0.0136942290413 
251.848444547 83.2086049273 2.67134690285 259.187225342 42.0239486694 11993600 0.140132677823 0.0 0.140132677823 -0.50114553525 -2.62391833483 2.62391833483 -0.50114553525 
125.668778266 102.081962914 3.60593056679 254.740371704 41.7925224304 16973825 0.0769068954017 0.0 0.0769068954017 -0.949056905633 -3.47879666585 3.47879666585 -0.949056905633 
236.98859341 120.998844283 1.86935031414 83.9385681152 41.5827484131 19595264 0.286166379784 0.0 0.286166379784 0.197393519404 1.85889924296 -1.85889924296 0.197393519404 
150.99879915 109.973793394 5.42744255066 70.8879089355 41.2928695679 13173249 0.0339476354402 0.0 0.0339476354402 1.77703860325 5.12828104176 -5.12828104176 1.77703860325 
148.838907482 53.0686625295 3.12142014503 260.964630127 41.032245636 23265792 0.102635013128 0.0 0.102635013128 -0.490200791237 -3.08268825964 3.08268825964 -0.490200791237 
132.653252295 75.5167236683 1.33892917633 78.0899047852 40.3172607422 8388608 0.557808065335 0.0 0.557808065335 0.276323638103 1.31010556302 -1.31010556302 0.276323638103 
177.733191651 77.3728074819 1.31337869167 71.1742553711 38.2183761597 8388608 0.57972238203 0.0 0.57972238203 0.423815508629 1.24311865982 -1.24311865982 0.423815508629 
246.503412875 80.8098829814 1.29499638081 257.637542725 36.9633483887 8388608 0.59629736558 0.0 0.59629736558 -0.277252667544 -1.26496900541 1.26496900541 -0.277252667544 
219.058194831 64.5846177348 6.40380382538 274.852722168 36.9585762024 8388610 0.0243850674677 0.0 0.0243850674677 0.541728222157 -6.38084900051 6.38084900051 0.541728222157 
122.345319691 101.100022166 2.32500934601 81.7197265625 36.2649078369 18678016 0.184990997428 0.0 0.184990997428 0.334837395533 2.30077212639 -2.30077212639 0.334837395533 
237.135557438 110.509973069 1.72560501099 78.6522827148 35.9336013794 13828096 0.335828240068 0.0 0.335828240068 0.339534796621 1.69187138277 -1.69187138277 0.339534796621 
208.676596033 117.390768315 2.0231089592 41.0894165039 35.314956665 8585472 0.244321369082 0.0 0.244321369082 1.52478648693 1.32966011825 -1.32966011825 1.52478648693 
164.320323828 71.2311664922 1.32002592087 258.292236328 34.8506698608 8388608 0.573898488932 0.0 0.573898488932 -0.267859633182 -1.29256320877 1.29256320877 -0.267859633182 
151.498474131 131.829842806 1.95286214352 36.4503479004 31.4647941589 22740992 0.262214574247 0.0 0.262214574247 1.57082768229 1.16024607051 -1.16024607051 1.57082768229 
149.574099815 122.617225497 2.03065562248 356.024383545 29.6381778717 8913152 0.242508767334 0.0 0.242508767334 2.02576914702 -0.140789275447 0.140789275447 2.02576914702 
149.062649609 120.178970494 2.93367981911 352.891265869 29.1359443665 18809344 0.116191557515 0.0 0.116191557515 2.91112887061 -0.363050932708 0.363050932708 2.91112887061 
247.604373989 113.032594184 1.70759749413 3.34286499023 28.3411865234 13041664 0.342948558997 0.0 0.342948558997 1.70469196841 0.099571556024 -0.099571556024 1.70469196841 
119.828771185 108.303753148 1.99298191071 40.9547119141 28.1001091003 24248320 0.251763800768 0.0 0.251763800768 1.50515556441 1.30632447092 -1.30632447092 1.50515556441 
88.0480821583 74.8375490466 1.25644552708 90.589050293 27.9290523529 8388608 0.633450481813 0.0 0.633450481813 -0.0129171218959 1.25637912689 -1.25637912689 -0.0129171218959 
247.115551206 121.917061332 3.47149634361 350.065856934 27.4072189331 14221313 0.0829786902684 0.0 0.0829786902684 3.41944714764 -0.598889028271 0.598889028271 3.41944714764 
199.734029146 53.0733984487 3.12427258492 280.475982666 27.2673969269 23331328 0.102447688525 0.0 0.102447688525 0.568065698867 -3.07219474425 3.07219474425 0.568065698867 
134.677849109 108.012733016 1.36280572414 130.3956604 27.0719108582 8388608 0.538433536094 0.0 0.538433536094 -0.883182903104 1.03789566018 -1.03789566018 -0.883182903104 
240.529707701 63.033775045 1.67971074581 297.769226074 26.7072887421 11862016 0.354430427713 0.0 0.354430427713 0.782596484364 -1.48626072149 1.48626072149 0.782596484364 
203.435550027 81.4306826211 1.39388692379 264.779907227 26.2002487183 8388608 0.514689030292 0.0 0.514689030292 -0.126818364169 -1.38810585289 1.38810585289 -0.126818364169 
82.7794103316 107.88953677 1.33623242378 259.766235352 25.2519741058 8388608 0.560061847291 0.0 0.560061847291 -0.237401333005 -1.31497440943 1.31497440943 -0.237401333005 
140.897201987 96.3902016226 1.26413726807 291.32244873 23.8998317719 8388608 0.62576537656 0.0 0.62576537656 0.45966084427 -1.17760559644 1.17760559644 0.45966084427 
171.142426908 63.3083713858 1.38291585445 267.037567139 23.7934551239 8388608 0.522887775608 0.0 0.522887775608 -0.0714707140068 -1.38106777442 1.38106777442 -0.0714707140068 
40.5267543774 120.700958919 5.10845470428 260.033691406 23.6651744843 8782337 0.0383195946275 0.0 0.0383195946275 -0.884115428926 -5.03136655135 5.03136655135 -0.884115428926 
18.6248563129 82.1496058764 2.0370388031 230.8072052 23.5829353333 9109760 0.240991317669 0.0 0.240991317669 -1.28726968905 -1.57875388614 1.57875388614 -1.28726968905 
85.9566738411 135.045604783 2.17344808578 59.0544433594 22.9148483276 13828352 0.211690543291 0.0 0.211690543291 1.11763775255 1.86407146743 -1.86407146743 1.11763775255 
77.0143452952 55.1357133512 4.11608123779 243.948760986 22.0369033813 9830657 0.0590244738718 0.0 0.0590244738718 -1.80767896283 -3.69789420122 3.69789420122 -1.80767896283 
76.0151790265 134.878149742 1.47337210178 84.1026611328 20.4143772125 8388608 0.46065428518 0.0 0.46065428518 0.151383586758 1.46557441298 -1.46557441298 0.151383586758 
76.5169737633 109.160470801 1.7960215807 262.33581543 20.0540237427 16711680 0.310010853269 0.0 0.310010853269 -0.239529468628 -1.77997728974 1.77997728974 -0.239529468628 
231.882896803 101.547048538 1.97892987728 99.152130127 19.8666610718 23724032 0.255351956173 0.0 0.255351956173 -0.314761447431 1.95373710883 -1.95373710883 -0.314761447431 
149.262801556 99.4814293841 2.07872819901 261.661529541 19.2652301788 10551552 0.231421969322 0.0 0.231421969322 -0.301458352081 -2.05675321497 2.05675321497 -0.301458352081 
97.9083866708 134.872004035 2.52732372284 91.9116821289 18.3286724091 24707328 0.156559076972 0.0 0.156559076972 -0.0843088839378 2.52591710318 -2.52591710318 -0.0843088839378 
219.885901081 118.41951363 1.27744829655 259.077575684 16.884393692 8388608 0.612792352759 0.0 0.612792352759 -0.242050578356 -1.25430684757 1.25430684757 -0.242050578356 
99.0841819773 51.4029349644 1.369582057 242.975234985 16.2107887268 8388608 0.533118661133 0.0 0.533118661133 -0.622304638768 -1.22003768279 1.22003768279 -0.622304638768 
208.145639814 69.4048388221 1.32979488373 183.641952515 16.0523109436 8388608 0.565497493861 0.0 0.565497493861 -1.32710934312 -0.0844702562554 0.0844702562554 -1.32710934312 
256.179424005 144.013653338 1.6732724905 86.199005127 15.4184379578 11599872 0.357163160916 0.0 0.357163160916 0.11092328487 1.66959182208 -1.66959182208 0.11092328487 
245.615075462 104.521292314 2.30698466301 30.5730895996 15.0908336639 18088192 0.187892993391 0.0 0.187892993391 1.98626999935 1.17341796689 -1.17341796689 1.98626999935 
213.1634209 38.9940999924 4.06371259689 281.205444336 13.0344390869 8913153 0.060555560681 0.0 0.060555560681 0.789691362677 -3.98624480205 3.98624480205 0.789691362677 
143.332694643 105.288446693 1.57408714294 138.11920166 12.9554595947 8388608 0.403591914184 0.0 0.403591914184 -1.17196346935 1.05083393554 -1.05083393554 -1.17196346935 
233.208015992 66.2341891349 1.29144990444 253.118881226 11.4689617157 8388608 0.599576870562 0.0 0.599576870562 -0.375020095381 -1.23580046275 1.23580046275 -0.375020095381 
235.533331877 47.9892861897 3.16925239563 290.121490479 10.844871521 24379904 0.0995603341253 0.0 0.0995603341253 1.09026055565 -2.97581798301 2.97581798301 1.09026055565 
229.194003702 65.7620439581 1.58460998535 268.424682617 9.9845790863 8388608 0.398249485517 0.0 0.398249485517 -0.0435625308038 -1.58401108316 1.58401108316 -0.0435625308038 
231.969527514 51.0522150542 1.57662916183 290.797302246 8.05494689941 8388608 0.402291530773 0.0 0.402291530773 0.559802595012 -1.4738997824 1.4738997824 0.559802595012 
50.0179186242 128.530151525 1.56792962551 149.110137939 7.76856422424 8388608 0.406768082237 0.0 0.406768082237 -1.34552783705 0.804958477362 -0.804958477362 -1.34552783705 
144.28607573 66.0207197537 1.35277724266 240.291656494 7.63821411133 8388608 0.546446215701 0.0 0.546446215701 -0.670416319121 -1.17496733032 1.17496733032 -0.670416319121 
104.744177901 143.939824692 1.64688909054 90.7122802734 7.01062583923 10420224 0.368698435414 0.0 0.368698435414 -0.0204729983093 1.64676183247 -1.64676183247 -0.0204729983093 
149.241612004 78.7966159476 1.51938414574 184.480072021 6.88782739639 8388608 0.433176431486 0.0 0.433176431486 -1.51474176199 -0.118682672754 0.118682672754 -1.51474176199 
195.581617572 55.7500338846 1.23889052868 76.7256164551 6.87448120117 8388608 0.651529574917 0.0 0.651529574917 0.284467370808 1.20578939164 -1.20578939164 0.284467370808 
72.7271293745 127.799174451 1.47051239014 326.765441895 6.5774269104 8388608 0.462447699979 0.0 0.462447699979 1.22998640911 -0.805940520735 0.805940520735 1.22998640911 
32.3531356426 158.835722108 1.27144706249 96.6391601562 6.42040634155 8388608 0.618590768398 0.0 0.618590768398 -0.146999709675 1.26292070934 -1.26292070934 -0.146999709675 
27.0965428778 159.320502094 1.51436471939 100.321105957 5.83810424805 8388608 0.4360527539 0.0 0.4360527539 -0.271320602472 1.48986094452 -1.48986094452 -0.271320602472 
12.678783961 80.1414169679 1.28007137775 90.5275878906 5.51596069336 8388608 0.610283497062 0.0 0.610283497062 -0.0117869172913 1.28001710954 -1.28001710954 -0.0117869172913 
15.9257875563 75.0593470668 1.52527964115 352.100280762 5.43255615234 8388608 0.429834284701 0.0 0.429834284701 1.51080494592 -0.209633964589 0.209633964589 1.51080494592 
90.1877283884 144.056943938 1.52497446537 97.80859375 5.1476020813 8388608 0.4300063376 0.0 0.4300063376 -0.207189393692 1.51083409916 -1.51083409916 -0.207189393692 
30.1346296046 31.0006676709 2.63020300865 23.7254638672 4.32402801514 10879488 0.144551119529 0.0 0.144551119529 2.40790841857 1.05827449866 -1.05827449866 2.40790841857 
260.061961986 15.2573684082 1.72583889961 98.0779724121 4.22486495972 13828096 0.335737222206 0.0 0.335737222206 -0.242515922929 1.7087147025 -1.7087147025 -0.242515922929 
66.6119067722 127.807991787 1.28152561188 272.777587891 4.15191078186 8388608 0.608899222683 0.0 0.608899222683 0.0621015367246 -1.28002003618 1.28002003618 0.0621015367246 
53.6405730734 22.6235291658 2.20594525337 101.438232422 4.14330673218 14876928 0.20549939137 0.0 0.20549939137 -0.437464120826 2.16213311428 -2.16213311428 -0.437464120826 
70.9973381909 22.8765277533 2.99327945709 29.1329650879 4.12406539917 20251136 0.111610606918 0.0 0.111610606918 2.61460645484 1.45724225664 -1.45724225664 2.61460645484 
38.9262237944 22.6710007347 2.55692148209 32.4893493652 4.11933898926 8847872 0.152955541601 0.0 0.152955541601 2.15674104828 1.37343202096 -1.37343202096 2.15674104828 
119.267080873 35.0427968636 1.44065392017 268.694061279 4.11762619019 8388608 0.481815391499 0.0 0.481815391499 -0.0328338815491 -1.44027971378 1.44027971378 -0.0328338815491 
27.2947954376 55.430490856 1.78036129475 91.2920532227 4.04290771484 16056320 0.315488629721 0.0 0.315488629721 -0.0401447822089 1.77990863145 -1.77990863145 -0.0401447822089 
62.289616697 29.1495563222 2.30464482307 345.409088135 4.03769302368 18022656 0.188274711824 0.0 0.188274711824 2.23031804787 -0.580576580527 0.580576580527 2.23031804787 
230.470780859 35.9295052738 2.61998200417 332.254089355 4.03744506836 10617344 0.145681157482 0.0 0.145681157482 2.31873874585 -1.21973617255 1.21973617255 2.31873874585 
231.511671879 35.528306319 1.72580373287 351.95324707 4.03672027588 13828096 0.335750904995 0.0 0.335750904995 1.70881177109 -0.241579915113 0.241579915113 1.70881177109 
263.520528162 35.5319891251 1.73434329033 351.935913086 4.03672027588 14155776 0.332452705047 0.0 0.332452705047 1.71719372292 -0.24329481431 0.24329481431 1.71719372292 
82.0878773697 25.096924676 2.26591444016 180.875335693 3.92778015137 16843008 0.194765928599 0.0 0.194765928599 -2.26565001116 -0.0346161383807 0.0346161383807 -2.26565001116 
49.7090978394 33.2193804145 2.38357901573 181.016143799 3.92734146118 20447488 0.176011438866 0.0 0.176011438866 -2.38320416941 -0.0422706888567 0.0422706888567 -2.38320416941 
246.117770802 37.5668027219 2.45672082901 268.484771729 3.8939743042 22675712 0.165686980766 0.0 0.165686980766 -0.0649621839205 -2.45586179301 2.45586179301 -0.0649621839205 
47.9125971704 60.5032702061 1.31338274479 355.241546631 3.85387420654 8388608 0.579718803974 0.0 0.579718803974 1.3088558746 -0.108951979508 0.108951979508 1.3088558746 
106.61425452 20.7017683376 1.16534495354 179.788070679 3.84080886841 8388608 0.736361375604 0.0 0.736361375604 -1.16533698166 0.00431044317768 -0.00431044317768 -1.16533698166 
215.990695865 156.460650777 1.19491076469 358.414611816 3.83877563477 8388608 0.700372447627 0.0 0.700372447627 1.19445335671 -0.0330592531187 0.0330592531187 1.19445335671 
111.932492421 28.6138501847 1.28914010525 355.080780029 3.83829116821 8388608 0.60172736275 0.0 0.60172736275 1.28439166966 -0.110545238955 0.110545238955 1.28439166966 
238.371942542 42.8456952748 1.33958089352 264.859924316 3.77202987671 8388608 0.557265440886 0.0 0.557265440886 -0.120014336381 -1.33419396241 1.33419396241 -0.120014336381 
19.9817332004 34.3592243397 1.93911850452 268.95715332 3.7689666748 22282240 0.265944674774 0.0 0.265944674774 -0.0352921569494 -1.93879731747 1.93879731747 -0.0352921569494 
19.154326444 23.8429402798 1.90377485752 186.019134521 3.74967193604 20905984 0.275910879836 0.0 0.275910879836 -1.8932792164 -0.199630951671 0.199630951671 -1.8932792164 
61.3661079861 128.801296144 1.32295751572 263.470825195 3.71273994446 8388608 0.571357857441 0.0 0.571357857441 -0.15043233793 -1.31437692467 1.31437692467 -0.15043233793 
12.0546193994 68.1978559179 1.27343130112 271.519378662 3.67321777344 8388608 0.616664515427 0.0 0.616664515427 0.0337650976293 -1.27298358075 1.27298358075 0.0337650976293 
248.053030301 48.1092419631 1.65311324596 272.746582031 3.67167282104 10747904 0.365927280787 0.0 0.365927280787 0.0792147770478 -1.65121422689 1.65121422689 0.0792147770478 
255.157056077 28.3005779987 1.27778494358 270.00479126 3.66918945312 8388608 0.612469501009 0.0 0.612469501009 0.000106852540172 -1.27778493911 1.27778493911 0.000106852540172 
240.474062889 17.8768469799 1.35730421543 89.744354248 3.53479003906 8388608 0.542807205659 0.0 0.542807205659 0.00605608141493 1.35729070471 -1.35729070471 0.00605608141493 
