13
83
23.5501298256 136.704616127 1.29235291481 141.879833966 114.854522705 8388608 0.598739274316 0.0 0.598739274316 -1.01671704067 0.797786008668 -0.797786008668 -1.01671704067 
136.276985956 123.745063901 1.31924438477 130.552305234 101.846206665 8388608 0.574578658957 0.0 0.574578658957 -0.857696118319 1.0023787285 -1.0023787285 -0.857696118319 
128.445385065 113.974395446 1.2309666872 131.850157373 94.5146942139 8388608 0.659944478804 0.0 0.659944478804 -0.82128227887 0.916937513366 -0.916937513366 -0.82128227887 
135.551343681 115.380143276 1.49249601364 132.061044176 93.485824585 8388608 0.44892484393 0.0 0.44892484393 -0.999855898294 1.10807605036 -1.10807605036 -0.999855898294 
80.821952945 92.4954875964 4.70990610123 132.941256125 92.4975128174 19595521 0.045079127541 0.0 0.045079127541 -3.20861488301 3.44789878257 -3.44789878257 -3.20861488301 
233.12875967 127.658847748 1.53205645084 138.493157374 92.3878479004 8388608 0.426040086703 0.0 0.426040086703 -1.14732119704 1.01530834696 -1.01530834696 -1.14732119704 
180.230073148 75.6112977406 4.11582994461 135.145985498 84.3782806396 9830657 0.0590316816043 0.0 0.0590316816043 -2.91773712255 2.90290651187 -2.90290651187 -2.91773712255 
136.135599866 137.615890391 1.46765649319 145.532168564 82.4206542969 8388608 0.464249195019 0.0 0.464249195019 -1.21000068674 0.83061057066 -0.83061057066 -1.21000068674 
28.6414445681 104.346403911 1.27091157436 134.563808913 77.4780578613 8388608 0.619112154471 0.0 0.619112154471 -0.891802666694 0.905485634082 -0.905485634082 -0.891802666694 
130.507297054 142.030628895 1.57320141792 130.45025589 74.8280563354 8388608 0.404046493086 0.0 0.404046493086 -1.02067360422 1.19715834166 -1.19715834166 -1.02067360422 
31.5625654219 139.615490253 1.42559993267 149.069509449 74.4678955078 8388608 0.492044823969 0.0 0.492044823969 -1.2228675016 0.732755239867 -0.732755239867 -1.2228675016 
165.190342457 80.0352251378 3.87319421768 131.429620951 70.4125595093 22151169 0.0666594076888 0.0 0.0666594076888 -2.56289095492 2.90400127429 -2.90400127429 -2.56289095492 
104.547639353 91.3888437145 5.13623332977 134.821321704 69.9805374146 9175553 0.037906222769 0.0 0.037906222769 -3.62052171375 3.64317380015 -3.64317380015 -3.62052171375 
165.026465704 84.5935618509 1.71091461182 138.74011762 68.0193939209 13172736 0.341620032213 0.0 0.341620032213 -1.28613912115 1.12830623945 -1.12830623945 -1.28613912115 
64.2108734251 101.191295465 1.2440751791 127.687666242 63.9377250671 8388608 0.646110426016 0.0 0.646110426016 -0.760573700441 0.984505305954 -0.984505305954 -0.760573700441 
140.305928068 130.769349472 1.87803316116 140.575499801 60.9167861938 19922944 0.283526389167 0.0 0.283526389167 -1.4507094138 1.19266539782 -1.19266539782 -1.4507094138 
156.589098087 85.3741151646 1.56916260719 132.085465371 60.8263473511 8388608 0.406129091035 0.0 0.406129091035 -1.05171299609 1.1645475781 -1.1645475781 -1.05171299609 
126.170111421 83.2089604275 3.43293261528 132.198115959 57.8243370056 13434881 0.0848534378338 0.0 0.0848534378338 -2.3058878931 2.54320808537 -2.54320808537 -2.3058878931 
155.94604015 67.5807549325 1.84228253365 126.822511067 56.8967323303 18546688 0.29463716745 0.0 0.29463716745 -1.10415021179 1.47473972062 -1.47473972062 -1.10415021179 
100.610346861 89.5001023738 1.28548979759 131.577210937 56.8253669739 8388608 0.605149573654 0.0 0.605149573654 -0.853087958982 0.961626202822 -0.961626202822 -0.853087958982 
252.037011909 68.1781784298 1.30449533463 148.421207103 55.1922798157 8388608 0.58764485689 0.0 0.58764485689 -1.11132673605 0.683125876987 -0.683125876987 -1.11132673605 
114.962175927 123.8148655 1.70070815086 146.939613901 54.8052978516 12779520 0.345732664918 0.0 0.345732664918 -1.42535684711 0.92777479639 -0.92777479639 -1.42535684711 
124.21367962 124.588835219 2.25461530685 141.978880013 51.8854866028 16449792 0.196722981419 0.0 0.196722981419 -1.77614932167 1.38873459273 -1.38873459273 -1.77614932167 
146.698790008 72.7172758146 3.11695432663 133.58902929 51.4456863403 23134720 0.102929324583 0.0 0.102929324583 -2.14908038173 2.25762215331 -2.25762215331 -2.14908038173 
69.8472175363 69.5340219826 1.34419286251 126.914943382 47.1369400024 8388608 0.553448009662 0.0 0.553448009662 -0.807360907855 1.07471987796 -1.07471987796 -0.807360907855 
144.182049272 85.3363919291 2.95939588547 139.837685814 46.4319992065 19399168 0.11418100695 0.0 0.11418100695 -2.2616307302 1.90867766978 -1.90867766978 -2.2616307302 
161.59436321 107.562153845 5.45382213593 128.761597115 42.5412979126 13500929 0.0336200271168 0.0 0.0336200271168 -3.41453612968 4.25266021561 -4.25266021561 -3.41453612968 
99.5979529334 99.7003369017 1.26294243336 119.68656415 42.360748291 8388608 0.626949975089 0.0 0.626949975089 -0.625478505426 1.0971783033 -1.0971783033 -0.625478505426 
125.668778266 102.081962914 3.60593056679 128.459575979 41.7925224304 16973825 0.0769068954017 0.0 0.0769068954017 -2.24275296434 2.8236137118 -2.8236137118 -2.24275296434 
236.98859341 120.998844283 1.86935031414 134.245527236 41.5827484131 19595264 0.286166379784 0.0 0.286166379784 -1.30431028153 1.33912108731 -1.33912108731 -1.30431028153 
150.99879915 109.973793394 5.42744255066 132.254889687 41.2928695679 13173249 0.0339476354402 0.0 0.0339476354402 -3.64957506428 4.01717991766 -4.01717991766 -3.64957506428 
132.653252295 75.5167236683 1.33892917633 138.062960138 40.3172607422 8388608 0.557808065335 0.0 0.557808065335 -0.996002178654 0.894824563444 -0.894824563444 -0.996002178654 
177.733191651 77.3728074819 1.31337869167 137.225991632 38.2183761597 8388608 0.57972238203 0.0 0.57972238203 -0.9640698818 0.891926482815 -0.891926482815 -0.9640698818 
246.503412875 80.8098829814 1.29499638081 126.741121835 36.9633483887 8388608 0.59629736558 0.0 0.59629736558 -0.774667400318 1.0377408372 -1.0377408372 -0.774667400318 
122.345319691 101.100022166 2.32500934601 122.690327242 36.2649078369 18678016 0.184990997428 0.0 0.184990997428 -1.25573347363 1.95673245546 -1.95673245546 -1.25573347363 
237.135557438 110.509973069 1.72560501099 133.978127343 35.9336013794 13828096 0.335828240068 0.0 0.335828240068 -1.19823201291 1.24175387946 -1.24175387946 -1.19823201291 
208.676596033 117.390768315 2.0231089592 128.909362479 35.314956665 8585472 0.244321369082 0.0 0.244321369082 -1.27069494911 1.57426306795 -1.57426306795 -1.27069494911 
164.320323828 71.2311664922 1.32002592087 130.721872842 34.8506698608 8388608 0.573898488932 0.0 0.573898488932 -0.86116877536 1.00042829434 -1.00042829434 -0.86116877536 
151.498474131 131.829842806 1.95286214352 125.982147876 31.4647941589 22740992 0.262214574247 0.0 0.262214574247 -1.14737124981 1.58025623451 -1.58025623451 -1.14737124981 
149.574099815 122.617225497 2.03065562248 129.048695153 29.6381778717 8913152 0.242508767334 0.0 0.242508767334 -1.27927375477 1.57702914288 -1.57702914288 -1.27927375477 
149.062649609 120.178970494 2.93367981911 129.747547151 29.1359443665 18809344 0.116191557515 0.0 0.116191557515 -1.87581273378 2.25561607301 -2.25561607301 -1.87581273378 
247.604373989 113.032594184 1.70759749413 140.79568682 28.3411865234 13041664 0.342948558997 0.0 0.342948558997 -1.32321201805 1.07935126684 -1.07935126684 -1.32321201805 
119.828771185 108.303753148 1.99298191071 125.201938211 28.1001091003 24248320 0.251763800768 0.0 0.251763800768 -1.14887426924 1.62851613744 -1.62851613744 -1.14887426924 
88.0480821583 74.8375490466 1.25644552708 137.782947614 27.9290523529 8388608 0.633450481813 0.0 0.633450481813 -0.930529394566 0.844257311701 -0.844257311701 -0.930529394566 
134.677849109 108.012733016 1.36280572414 151.728926666 27.0719108582 8388608 0.538433536094 0.0 0.538433536094 -1.20024561306 0.645484244656 -0.645484244656 -1.20024561306 
240.529707701 63.033775045 1.67971074581 156.737974906 26.7072887421 11862016 0.354430427713 0.0 0.354430427713 -1.54316427443 0.663379387458 -0.663379387458 -1.54316427443 
203.435550027 81.4306826211 1.39388692379 130.565206529 26.2002487183 8388608 0.514689030292 0.0 0.514689030292 -0.90646281737 1.05888900128 -1.05888900128 -0.90646281737 
82.7794103316 107.88953677 1.33623242378 134.790114928 25.2519741058 8388608 0.560061847291 0.0 0.560061847291 -0.941391482467 0.948313854746 -0.948313854746 -0.941391482467 
140.897201987 96.3902016226 1.26413726807 157.025121598 23.8998317719 8388608 0.62576537656 0.0 0.62576537656 -1.16386094812 0.493427528582 -0.493427528582 -1.16386094812 
171.142426908 63.3083713858 1.38291585445 131.913547186 23.7934551239 8388608 0.522887775608 0.0 0.522887775608 -0.923799578834 1.02910184076 -1.02910184076 -0.923799578834 
85.9566738411 135.045604783 2.17344808578 136.923647474 22.9148483276 13828352 0.211690543291 0.0 0.211690543291 -1.58758259056 1.48440496488 -1.48440496488 -1.58758259056 
76.0151790265 134.878149742 1.47337210178 144.057785112 20.4143772125 8388608 0.46065428518 0.0 0.46065428518 -1.19285588568 0.864823789175 -0.864823789175 -1.19285588568 
76.5169737633 109.160470801 1.7960215807 131.95023394 20.0540237427 16711680 0.310010853269 0.0 0.310010853269 -1.20061325669 1.33574747845 -1.33574747845 -1.20061325669 
231.882896803 101.547048538 1.97892987728 135.565304506 19.8666610718 23724032 0.255351956173 0.0 0.255351956173 -1.41305263694 1.38544061743 -1.38544061743 -1.41305263694 
149.262801556 99.4814293841 2.07872819901 135.064567643 19.2652301788 10551552 0.231421969322 0.0 0.231421969322 -1.47153830942 1.46822543543 -1.46822543543 -1.47153830942 
97.9083866708 134.872004035 2.52732372284 139.021705366 18.3286724091 24707328 0.156559076972 0.0 0.156559076972 -1.90802341723 1.65735084979 -1.65735084979 -1.90802341723 
219.885901081 118.41951363 1.27744829655 125.09086642 16.884393692 8388608 0.612792352759 0.0 0.612792352759 -0.734372862898 1.04526104328 -1.04526104328 -0.734372862898 
99.0841819773 51.4029349644 1.369582057 121.512006557 16.2107887268 8388608 0.533118661133 0.0 0.533118661133 -0.715849352186 1.16761068676 -1.16761068676 -0.715849352186 
208.145639814 69.4048388221 1.32979488373 126.611861966 16.0523109436 8388608 0.565497493861 0.0 0.565497493861 -0.793077793291 1.06741840277 -1.06741840277 -0.793077793291 
143.332694643 105.288446693 1.57408714294 146.809258022 12.9554595947 8388608 0.403591914184 0.0 0.403591914184 -1.31727920063 0.861699391424 -0.861699391424 -1.31727920063 
233.208015992 66.2341891349 1.29144990444 139.127526722 11.4689617157 8388608 0.599576870562 0.0 0.599576870562 -0.976553014268 0.845095891605 -0.845095891605 -0.976553014268 
229.194003702 65.7620439581 1.58460998535 138.249629621 9.9845790863 8388608 0.398249485517 0.0 0.398249485517 -1.18220314522 1.05517037918 -1.05517037918 -1.18220314522 
231.969527514 51.0522150542 1.57662916183 142.626585645 8.05494689941 8388608 0.402291530773 0.0 0.402291530773 -1.25294145862 0.957025190485 -0.957025190485 -1.25294145862 
50.0179186242 128.530151525 1.56792962551 134.683122009 7.76856422424 8388608 0.406768082237 0.0 0.406768082237 -1.10254504443 1.11480838513 -1.11480838513 -1.10254504443 
144.28607573 66.0207197537 1.35277724266 129.438393283 7.63821411133 8388608 0.546446215701 0.0 0.546446215701 -0.85934926928 1.04476078681 -1.04476078681 -0.85934926928 
104.744177901 143.939824692 1.64688909054 140.140721133 7.01062583923 10420224 0.368698435414 0.0 0.368698435414 -1.26418639978 1.05549818719 -1.05549818719 -1.26418639978 
149.241612004 78.7966159476 1.51938414574 134.3644883 6.88782739639 8388608 0.433176431486 0.0 0.433176431486 -1.06238435789 1.08621713227 -1.08621713227 -1.06238435789 
195.581617572 55.7500338846 1.23889052868 134.583819576 6.87448120117 8388608 0.651529574917 0.0 0.651529574917 -0.869641619529 0.882367947987 -0.882367947987 -0.869641619529 
72.7271293745 127.799174451 1.47051239014 133.977871273 6.5774269104 8388608 0.462447699979 0.0 0.462447699979 -1.02109512262 1.05819253452 -1.05819253452 -1.02109512262 
32.3531356426 158.835722108 1.27144706249 133.340626584 6.42040634155 8388608 0.618590768398 0.0 0.618590768398 -0.872637628672 0.924706008278 -0.924706008278 -0.872637628672 
27.0965428778 159.320502094 1.51436471939 134.083003076 5.83810424805 8388608 0.4360527539 0.0 0.4360527539 -1.05354312968 1.08781771324 -1.08781771324 -1.05354312968 
90.1877283884 144.056943938 1.52497446537 141.39345949 5.1476020813 8388608 0.4300063376 0.0 0.4300063376 -1.1916901512 0.951536496178 -0.951536496178 -1.1916901512 
66.6119067722 127.807991787 1.28152561188 132.456599223 4.15191078186 8388608 0.608899222683 0.0 0.608899222683 -0.865070202537 0.945495340327 -0.945495340327 -0.865070202537 
119.267080873 35.0427968636 1.44065392017 125.096810076 4.11762619019 8388608 0.481815391499 0.0 0.481815391499 -0.828317947098 1.17871671585 -1.17871671585 -0.828317947098 
231.511671879 35.528306319 1.72580373287 124.830567257 4.03672027588 13828096 0.335750904995 0.0 0.335750904995 -0.985695509744 1.41661670414 -1.41661670414 -0.985695509744 
47.9125971704 60.5032702061 1.31338274479 124.904177579 3.85387420654 8388608 0.579718803974 0.0 0.579718803974 -0.7515250551 1.07711852916 -1.07711852916 -0.7515250551 
106.61425452 20.7017683376 1.16534495354 124.861101015 3.84080886841 8388608 0.736361375604 0.0 0.736361375604 -0.666098272647 0.956212294374 -0.956212294374 -0.666098272647 
215.990695865 156.460650777 1.19491076469 124.9137511 3.83877563477 8388608 0.700372447627 0.0 0.700372447627 -0.683898447382 0.979844196416 -0.979844196416 -0.683898447382 
111.932492421 28.6138501847 1.28914010525 124.923220813 3.83829116821 8388608 0.60172736275 0.0 0.60172736275 -0.738004629304 1.05699166415 -1.05699166415 -0.738004629304 
238.371942542 42.8456952748 1.33958089352 124.889445896 3.77202987671 8388608 0.557265440886 0.0 0.557265440886 -0.766233289985 1.09880094448 -1.09880094448 -0.766233289985 
61.3661079861 128.801296144 1.32295751572 134.560958428 3.71273994446 8388608 0.571357857441 0.0 0.571357857441 -0.928276573984 0.942612959057 -0.942612959057 -0.928276573984 
248.053030301 48.1092419631 1.65311324596 124.905436722 3.67167282104 10747904 0.365927280787 0.0 0.365927280787 -0.945950568225 1.3557141758 -1.3557141758 -0.945950568225 
255.157056077 28.3005779987 1.27778494358 124.892487348 3.66918945312 8388608 0.612469501009 0.0 0.612469501009 -0.730941964956 1.04807356894 -1.04807356894 -0.730941964956 
