13
147
161.530095065 139.445576764 1.29960072041 33.8487548828 122.510139465 8388608 0.592079620957 0.0 0.592079620957 1.07933243145 0.723880884462 -0.723880884462 1.07933243145 
66.0734350262 64.2059187111 1.87588143349 94.2439880371 107.581245422 19857408 0.284177199457 0.0 0.284177199457 -0.138822447799 1.87073768351 -1.87073768351 -0.138822447799 
75.4803210222 65.9023600876 1.74825334549 91.7973632812 106.761100769 14745600 0.327183402157 0.0 0.327183402157 -0.0548335506723 1.74739321326 -1.74739321326 -0.0548335506723 
181.397249709 39.700267812 4.25107431412 270.243652344 104.912734985 12189953 0.0553353429505 0.0 0.0553353429505 0.018077790494 -4.25103587584 4.25103587584 0.018077790494 
69.8656193963 57.7757824342 1.49869143963 32.266998291 104.709884644 8388608 0.445220903523 0.0 0.445220903523 1.26724773198 0.800099504442 -0.800099504442 1.26724773198 
120.769395538 30.2055728844 1.46286869049 275.085601807 102.950073242 8388608 0.46729303749 0.0 0.46729303749 0.129674522027 -1.45710992171 1.45710992171 0.129674522027 
114.64429202 65.6200554827 3.98729038239 97.9586181641 102.658126831 24248321 0.0628990765831 0.0 0.0628990765831 -0.552071631006 3.94888610974 -3.94888610974 -0.552071631006 
70.594687151 64.126502939 3.74271225929 95.6483764648 100.711746216 19660801 0.0713883132342 0.0 0.0713883132342 -0.368369581849 3.72454009336 -3.72454009336 -0.368369581849 
243.954927157 108.164720511 1.74857246876 27.72265625 95.5542984009 14811136 0.327063987823 0.0 0.327063987823 1.54785339064 0.813422128774 -0.813422128774 1.54785339064 
185.626231785 74.3134773855 6.85406398773 68.1320495605 93.5508880615 13303810 0.0212864721479 0.0 0.0212864721479 2.55292444137 6.36087807968 -6.36087807968 2.55292444137 
205.892529709 78.6402502717 2.58301091194 65.9901123047 92.453956604 9568768 0.149881323117 0.0 0.149881323117 1.05101239147 2.35951654459 -2.35951654459 1.05101239147 
34.821331154 89.1452800114 1.25095880032 110.909423828 92.0921173096 8388608 0.639019316956 0.0 0.639019316956 -0.44645674968 1.16857789246 -1.16857789246 -0.44645674968 
180.895232363 31.8648900396 1.38749980927 262.576507568 91.809463501 8388608 0.519438500087 0.0 0.519438500087 -0.179268015409 -1.37587016079 1.37587016079 -0.179268015409 
121.335247896 92.224360071 1.30683982372 29.5921630859 90.3617935181 8388608 0.585538261875 0.0 0.585538261875 1.13637888163 0.645347474043 -0.645347474043 1.13637888163 
231.333169021 119.391382421 1.46737706661 16.7379455566 88.0278930664 8388608 0.464426021981 0.0 0.464426021981 1.40520719565 0.422596962741 -0.422596962741 1.40520719565 
126.273273186 104.225383759 3.06896615028 51.8494873047 87.6897964478 22020608 0.106173419145 0.0 0.106173419145 1.89579064099 2.4134065296 -2.4134065296 1.89579064099 
146.643698434 39.3654913636 2.60337519646 270.507965088 87.5138549805 10158592 0.147545671878 0.0 0.147545671878 0.0230803454991 -2.6032728845 2.6032728845 0.0230803454991 
92.2191803575 135.114191222 1.64329779148 95.1879577637 87.1065979004 10289152 0.370311719648 0.0 0.370311719648 -0.148592354183 1.63656589961 -1.63656589961 -0.148592354183 
151.690914297 144.820635798 1.45889639854 27.6484680176 86.4206619263 8388608 0.469841198471 0.0 0.469841198471 1.29230698511 0.676994355902 -0.676994355902 1.29230698511 
93.9313515136 47.57596867 4.63582229614 235.675872803 86.1812896729 18481409 0.0465314343661 0.0 0.0465314343661 -2.61401905021 -3.82854447102 3.82854447102 -2.61401905021 
94.6600715505 91.1745336053 3.00858020782 56.238494873 85.7098770142 20578816 0.110478256466 0.0 0.110478256466 1.67197988912 2.50120733193 -2.50120733193 1.67197988912 
117.73135747 122.505738605 3.01349163055 31.1840209961 83.0177154541 20709888 0.110118432505 0.0 0.110118432505 2.57806829976 1.56035113009 -1.56035113009 2.57806829976 
117.80778109 51.0400431449 1.53842389584 19.4457702637 83.0099716187 8388608 0.422520675971 0.0 0.422520675971 1.45066760127 0.512163639771 -0.512163639771 1.45066760127 
131.74917077 42.4001539007 3.89513301849 271.165466309 81.943107605 22544385 0.0659106224741 0.0 0.0659106224741 0.0792263110389 -3.89432721062 3.89432721062 0.0792263110389 
152.782674257 119.823291644 4.47231245041 20.8246459961 80.6788406372 15859969 0.0499960536763 0.0 0.0499960536763 4.18014897632 1.58994754313 -1.58994754313 4.18014897632 
114.233669898 106.131526437 2.73284077644 79.7627563477 80.5390625 13632000 0.133897152652 0.0 0.133897152652 0.485692634812 2.6893347456 -2.6893347456 0.485692634812 
150.998552654 133.488869242 5.87050247192 5.51922607422 79.251663208 18809345 0.0290167955331 0.0 0.0290167955331 5.84328670793 0.564623522183 -0.564623522183 5.84328670793 
131.785961505 83.1855501074 2.29444909096 80.9290466309 76.7739868164 17694976 0.189951683911 0.0 0.189951683911 0.361737034813 2.26575438842 -2.26575438842 0.361737034813 
105.158032421 38.8578351317 2.54870629311 84.9742736816 75.8205108643 8585728 0.153943167207 0.0 0.153943167207 0.223274404795 2.53890769991 -2.53890769991 0.223274404795 
241.298525392 124.577449143 1.35034549236 8.7350769043 75.6285018921 8388608 0.548416107479 0.0 0.548416107479 1.3346829681 0.205071508056 -0.205071508056 1.3346829681 
205.269112029 145.437972967 5.55656814575 69.9205932617 75.3074188232 14877185 0.0323881923762 0.0 0.0323881923762 1.90769288315 5.21882720752 -5.21882720752 1.90769288315 
11.8314915096 105.17093387 1.4421261549 308.010803223 73.6270828247 8388608 0.48083214427 0.0 0.48083214427 0.888075772677 -1.13624349003 1.13624349003 0.888075772677 
135.637921937 50.1457036436 1.39776837826 355.220672607 73.4800567627 8388608 0.511834525485 0.0 0.511834525485 1.39290831773 -0.116459682587 0.116459682587 1.39290831773 
120.422152824 38.6266708374 4.77939510345 276.630859375 72.5036087036 20644097 0.0437778200154 0.0 0.0437778200154 0.551887086039 -4.7474243753 4.7474243753 0.551887086039 
24.9119887741 85.8876211672 1.37438499928 354.200012207 70.272064209 8388608 0.529399086031 0.0 0.529399086031 1.36734915187 -0.138889967613 0.138889967613 1.36734915187 
243.146436447 115.264010812 1.49774253368 4.79748535156 69.3061141968 8388608 0.445785228276 0.0 0.445785228276 1.49249523887 0.12526236124 -0.12526236124 1.49249523887 
116.568954059 48.5107247143 2.70933556557 200.671081543 68.7598419189 13042176 0.136230516729 0.0 0.136230516729 -2.53491482292 -0.956402659644 0.956402659644 -2.53491482292 
200.768132321 40.4757461758 4.59305429459 279.60357666 68.0538787842 17760513 0.0474020191604 0.0 0.0474020191604 0.76626061071 -4.5286855079 4.5286855079 0.76626061071 
17.7836143783 91.8113020126 1.69786345959 135.878372192 67.9692687988 12648448 0.346892153447 0.0 0.346892153447 -1.21883430055 1.18202507384 -1.18202507384 -1.21883430055 
123.836347377 95.5916056532 8.34596157074 50.4732666016 67.6732940674 10813698 0.014356455816 0.0 0.014356455816 5.31168859342 6.43747146221 -6.43747146221 5.31168859342 
130.331915343 120.908039704 3.00662326813 319.847625732 67.3372039795 20578816 0.110622118617 0.0 0.110622118617 2.29805923511 -1.93873856628 1.93873856628 2.29805923511 
45.4406261814 102.68937052 2.65343260765 280.664428711 67.0868606567 11534848 0.142031239249 0.0 0.142031239249 0.491035052543 -2.60760218985 2.60760218985 0.491035052543 
26.0180552657 139.480307965 2.23184347153 147.885009766 66.7435531616 15728896 0.200757849584 0.0 0.200757849584 -1.8903331736 1.18649305695 -1.18649305695 -1.8903331736 
207.134238568 37.0627414195 2.52107548714 278.707733154 66.2567138672 24510720 0.15733607094 0.0 0.15733607094 0.381676294512 -2.49201621545 2.49201621545 0.381676294512 
161.160643359 148.160481433 1.94320809841 207.004379272 65.7308807373 22413312 0.264826460772 0.0 0.264826460772 -1.73134365969 -0.882330349584 0.882330349584 -1.73134365969 
158.72938982 116.647678198 1.35710716248 80.942199707 64.1846008301 8388608 0.542964849112 0.0 0.542964849112 0.213650426406 1.34018407159 -1.34018407159 0.213650426406 
229.934820665 71.5753960962 1.32491600513 98.0448608398 63.2584571838 8388608 0.569669944754 0.0 0.569669944754 -0.185419885358 1.31187723769 -1.31187723769 -0.185419885358 
26.7636367595 92.2107740977 1.85596466064 339.338134766 63.0529937744 19070976 0.290309063536 0.0 0.290309063536 1.73658732181 -0.654881130659 0.654881130659 1.73658732181 
23.5814935748 140.027447152 1.29380393028 146.555114746 61.0825881958 8388608 0.597397041915 0.0 0.597397041915 -1.07957116996 0.713060094946 -0.713060094946 -1.07957116996 
68.9648685352 104.296681764 2.35617613792 91.1793212891 59.6799545288 19661056 0.180129354722 0.0 0.180129354722 -0.0484938420263 2.35567704497 -2.35567704497 -0.0484938420263 
107.20811499 94.7995627359 1.34334981441 347.350952148 58.9466934204 8388608 0.554142884061 0.0 0.554142884061 1.31074626254 -0.294164850245 0.294164850245 1.31074626254 
111.639168202 92.7415465769 1.69138991833 37.5643310547 58.7149238586 12386304 0.349552590324 0.0 0.349552590324 1.34071291316 1.03115893067 -1.03115893067 1.34071291316 
110.170801031 88.7381587074 2.77228164673 80.6864013672 57.8403892517 14680576 0.130114381114 0.0 0.130114381114 0.448660621907 2.73573558209 -2.73573558209 0.448660621907 
12.6914492928 120.615155 1.39078128338 181.135848999 56.8616294861 8388608 0.516990217032 0.0 0.516990217032 -1.39050800168 -0.0275694662284 0.0275694662284 -1.39050800168 
234.471742348 98.3365182275 1.28080403805 87.6617736816 56.5419769287 8388608 0.609585493954 0.0 0.609585493954 0.0522547826037 1.27973763779 -1.27973763779 0.0522547826037 
86.6805347686 93.8575913171 7.92521762848 269.414245605 55.0196533203 23789570 0.0159212662918 0.0 0.0159212662918 -0.0810208051663 -7.92480347314 7.92480347314 -0.0810208051663 
228.718726683 120.541758545 2.98105144501 359.083465576 54.4106636047 19923456 0.112528118723 0.0 0.112528118723 2.98067004341 -0.0476844851089 0.0476844851089 2.98067004341 
172.966842905 131.870221131 2.61894226074 173.059249878 54.2046661377 10551808 0.14579685388 0.0 0.14579685388 -2.5997497265 0.316480528066 -0.316480528066 -2.5997497265 
46.4338461906 100.251276449 1.33697795868 357.217987061 54.0043449402 8388608 0.559437410318 0.0 0.559437410318 1.33540222814 -0.0648918413069 0.0648918413069 1.33540222814 
43.3821837955 75.2923014267 2.58659625053 243.514129639 52.1248893738 9699840 0.149466103418 0.0 0.149466103418 -1.15356269709 -2.31511841321 2.31511841321 -1.15356269709 
28.1045695497 113.463260393 3.5688765049 278.280181885 50.3729400635 16252929 0.0785121661419 0.0 0.0785121661419 0.51396790956 -3.53167332792 3.53167332792 0.51396790956 
53.4921988484 92.3535617683 1.57341134548 91.6012268066 49.1868553162 8388608 0.403938682962 0.0 0.403938682962 -0.0439658995999 1.57279695503 -1.57279695503 -0.0439658995999 
164.920776205 114.078857767 8.36835384369 126.049987793 47.8926467896 11010306 0.014279727805 0.0 0.014279727805 -4.92469972222 6.765846488 -6.765846488 -4.92469972222 
113.887217621 38.135066469 1.59995472431 123.314956665 47.7677841187 8388608 0.390647108208 0.0 0.390647108208 -0.878760702324 1.33702458762 -1.33702458762 -0.878760702324 
170.802255068 135.673704542 1.45875251293 177.73840332 46.7144126892 8388608 0.469933889619 0.0 0.469933889619 -1.45761624622 0.0575653779551 -0.0575653779551 -1.45761624622 
159.96416704 37.7832753124 3.50668478012 268.493804932 46.6254844666 15007745 0.0813217176672 0.0 0.0813217176672 -0.0921733337343 -3.50547318114 3.50547318114 -0.0921733337343 
80.4542839204 58.2997219482 1.4701141119 45.3251342773 44.6996536255 8388608 0.462698303387 0.0 0.462698303387 1.0336119822 1.04540985851 -1.04540985851 1.0336119822 
217.168723925 39.1021428514 1.72806870937 296.91027832 43.262046814 13893632 0.334871345595 0.0 0.334871345595 0.782114708103 -1.54094712683 1.54094712683 0.782114708103 
203.907777224 53.3442520897 4.54157590866 317.959686279 43.2247657776 16974081 0.0484827052927 0.0 0.0484827052927 3.37290960375 -3.04128139755 3.04128139755 3.37290960375 
58.1463953301 106.929964636 1.54382443428 268.871032715 42.828502655 8388608 0.419569760065 0.0 0.419569760065 -0.0304178512598 -1.54352474493 1.54352474493 -0.0304178512598 
66.3280920632 144.010179535 2.38071846962 102.408447266 42.63230896 20381952 0.176434665154 0.0 0.176434665154 -0.511567161493 2.32510633539 -2.32510633539 -0.511567161493 
198.728835126 100.331142806 4.33642482758 254.276611328 42.1451416016 13631745 0.053178533359 0.0 0.053178533359 -1.17514252163 -4.17416103416 4.17416103416 -1.17514252163 
106.041404957 123.746675534 2.90646195412 322.89050293 41.9688262939 18088448 0.118377922856 0.0 0.118377922856 2.3178567104 -1.75358528757 1.75358528757 2.3178567104 
156.105361462 72.123789546 1.36640322208 65.4014587402 41.1975212097 8388608 0.535602067903 0.0 0.535602067903 0.568775784801 1.24239763037 -1.24239763037 0.568775784801 
224.48604707 54.9027117871 2.01155400276 66.8317260742 40.9010505676 24903680 0.247136338201 0.0 0.247136338201 0.79141152785 1.84932887816 -1.84932887816 0.79141152785 
186.961421901 95.0683480967 1.40002048016 250.160079956 40.7916259766 8388608 0.510189154733 0.0 0.510189154733 -0.475157687966 -1.31692160603 1.31692160603 -0.475157687966 
50.736222584 53.0125566355 3.77743339539 246.383056641 39.6341094971 20381697 0.0700819809229 0.0 0.0700819809229 -1.51331536481 -3.46105181458 3.46105181458 -1.51331536481 
134.702015926 56.2286957073 2.43705558777 245.891876221 39.0292320251 22085888 0.16837171262 0.0 0.16837171262 -0.995439442728 -2.22448651462 2.22448651462 -0.995439442728 
106.581463041 27.5062540131 1.27972114086 234.118789673 38.9755401611 8388608 0.61061759023 0.0 0.61061759023 -0.750053107676 -1.03687344167 1.03687344167 -0.750053107676 
185.344990893 97.1801586506 1.88889038563 249.786117554 38.6863822937 20381696 0.280276372432 0.0 0.280276372432 -0.652659946921 -1.77255236385 1.77255236385 -0.652659946921 
132.284650101 95.3954733436 1.35800778866 45.1942443848 38.4242172241 8388608 0.542244903013 0.0 0.542244903013 0.956995538612 0.963506457235 -0.963506457235 0.956995538612 
132.770117353 95.2674348308 2.45018362999 47.3269348145 38.3575706482 22479104 0.166572280686 0.0 0.166572280686 1.66076903825 1.80145663902 -1.80145663902 1.66076903825 
108.008851687 117.79714832 1.22709190845 259.773498535 37.9007034302 8388608 0.664118862405 0.0 0.664118862405 -0.217857834906 -1.20759782857 1.20759782857 -0.217857834906 
91.1938689726 145.410973208 2.34235239029 270.838745117 36.9600143433 19202304 0.182261749909 0.0 0.182261749909 0.0342881531321 -2.342101416 2.342101416 0.0342881531321 
166.229283888 153.885395009 1.26678919792 49.8458251953 36.0892105103 8388608 0.62314813151 0.0 0.62314813151 0.816884703232 0.968222212922 -0.968222212922 0.816884703232 
40.2734637373 60.2184661028 2.87608909607 247.630828857 35.0744552612 17367552 0.120891378237 0.0 0.120891378237 -1.09456143936 -2.65966609634 2.65966609634 -1.09456143936 
196.771100095 70.6567326353 2.08731770515 72.4488525391 34.9753723145 10879232 0.22952124244 0.0 0.22952124244 0.629445379355 1.99014916945 -1.99014916945 0.629445379355 
186.723264136 85.6926081206 2.02861452103 250.489044189 34.4733390808 8782080 0.242997015849 0.0 0.242997015849 -0.677531081486 -1.91212669783 1.91212669783 -0.677531081486 
196.685682806 73.5171699749 1.291487813 79.2991333008 34.0526504517 8388608 0.599541672772 0.0 0.599541672772 0.239805367366 1.2690288243 -1.2690288243 0.239805367366 
219.63977846 80.1264100539 1.31992888451 260.875579834 33.831199646 8388608 0.573982873885 0.0 0.573982873885 -0.209312871622 -1.30322691114 1.30322691114 -0.209312871622 
59.0092573245 91.6456438866 1.31258535385 113.468231201 33.5905838013 8388608 0.580423372147 0.0 0.580423372147 -0.522724680726 1.20400964253 -1.20400964253 -0.522724680726 
61.6541054764 128.011503401 6.67146015167 96.4498291016 33.361946106 11337730 0.0224676788399 0.0 0.0224676788399 -0.749426146616 6.62923381743 -6.62923381743 -0.749426146616 
98.4268310019 55.3082488851 2.12846827507 257.376831055 33.2298660278 12255488 0.220732172245 0.0 0.220732172245 -0.465150900392 -2.07701994161 2.07701994161 -0.465150900392 
126.12800298 44.981713504 1.26138591766 108.930648804 32.2922897339 8388608 0.628498207953 0.0 0.628498207953 -0.409223176501 1.19316001655 -1.19316001655 -0.409223176501 
150.535641385 64.5396521743 5.06898832321 73.4117126465 32.2742919922 24903937 0.0389186187469 0.0 0.0389186187469 1.44715793124 4.85802187551 -4.85802187551 1.44715793124 
111.190915227 87.0391365763 1.39352345467 78.2919616699 32.0188217163 8388608 0.514957555328 0.0 0.514957555328 0.282780292393 1.36453029462 -1.36453029462 0.282780292393 
91.759933527 48.6086066681 1.29578304291 50.874206543 31.7024936676 8388608 0.595573568256 0.0 0.595573568256 0.817671630276 1.00521977663 -1.00521977663 0.817671630276 
20.7076695625 100.225144158 1.91867768764 174.74017334 31.2252960205 21495808 0.271641393487 0.0 0.271641393487 -1.91059855745 0.175889798822 -0.175889798822 -1.91059855745 
110.085911508 131.567151792 1.78561997414 314.019927979 31.1840572357 16318464 0.313633127869 0.0 0.313633127869 1.24084253561 -1.28403601735 1.28403601735 1.24084253561 
116.516738032 86.5265558663 1.54798734188 89.7968444824 30.9977645874 8388608 0.417316147851 0.0 0.417316147851 0.00548873779815 1.54797761107 -1.54797761107 0.00548873779815 
174.698077617 70.3574406528 1.62794864178 49.4713745117 30.8779716492 9633792 0.377327623705 0.0 0.377327623705 1.05788640314 1.23737348376 -1.23737348376 1.05788640314 
63.7692603177 117.423397785 2.57992362976 270.740966797 30.6083393097 9503232 0.150240250641 0.0 0.150240250641 0.0333634428159 -2.57970789356 2.57970789356 0.0333634428159 
93.5259209389 104.375310188 1.91140806675 262.390289307 29.7563018799 21233664 0.273711579556 0.0 0.273711579556 -0.253117034105 -1.89457450756 1.89457450756 -0.253117034105 
96.8966440977 78.7534924948 1.93922472 271.845947266 29.3479633331 22282240 0.265915542857 0.0 0.265915542857 0.0624668579151 -1.93821835878 1.93821835878 0.0624668579151 
146.342746314 97.6135108343 2.35982060432 152.253494263 28.7301654816 19726592 0.17957340699 0.0 0.17957340699 -2.08847906739 1.09863937198 -1.09863937198 -2.08847906739 
128.930592305 58.1973387259 1.80779659748 265.916168213 28.5769233704 17170432 0.305985516914 0.0 0.305985516914 -0.128743997513 -1.80320645545 1.80320645545 -0.128743997513 
145.549271547 118.756164085 1.85071468353 198.979370117 28.3274383545 18874368 0.291958456287 0.0 0.291958456287 -1.75010194591 -0.601903662354 0.601903662354 -1.75010194591 
100.826057032 75.5968090224 1.29645776749 274.523986816 27.9267082214 8388608 0.594953812539 0.0 0.594953812539 0.102259982655 -1.29241852309 1.29241852309 0.102259982655 
228.083029695 41.8910492692 2.64335680008 337.158935547 26.9535427094 11272704 0.143116077204 0.0 0.143116077204 2.43607844866 -1.02608818554 1.02608818554 2.43607844866 
87.0223688056 113.20280215 1.27624487877 31.9475708008 25.5119056702 8388608 0.613948546066 0.0 0.613948546066 1.08293544916 0.67531607677 -0.67531607677 1.08293544916 
206.182628425 49.0930154207 1.4756449461 334.942657471 25.4986953735 8388608 0.459236343602 0.0 0.459236343602 1.33676369252 -0.624972669248 0.624972669248 1.33676369252 
212.828769582 49.4697815632 1.30455112457 171.49319458 25.3577060699 8388608 0.587594595963 0.0 0.587594595963 -1.2901988445 0.192978180801 -0.192978180801 -1.2901988445 
86.0334004067 81.3363355029 2.36196541786 266.172393799 22.809967041 19792128 0.179247427108 0.0 0.179247427108 -0.157672180683 -2.35669686608 2.35669686608 -0.157672180683 
163.233427033 73.5959011021 1.35916721821 181.040176392 20.7413082123 8388608 0.541320179987 0.0 0.541320179987 -1.35894324313 -0.0246736497159 0.0246736497159 -1.35894324313 
159.248679073 93.6085859627 1.3158673048 252.357879639 20.5158596039 8388608 0.577531674077 0.0 0.577531674077 -0.398800610167 -1.25397959998 1.25397959998 -0.398800610167 
76.1954606545 81.1402639573 2.61280655861 266.61541748 18.884677887 10420736 0.146482412807 0.0 0.146482412807 -0.154254244634 -2.60824917152 2.60824917152 -0.154254244634 
125.990377467 137.677617514 1.98613905907 266.111083984 18.5887813568 23986176 0.253501594587 0.0 0.253501594587 -0.134704490015 -1.98156581075 1.98156581075 -0.134704490015 
68.1502385921 77.3946025627 1.57915449142 269.445007324 17.3610210419 8388608 0.401005897986 0.0 0.401005897986 -0.0152961610583 -1.5790804081 1.5790804081 -0.0152961610583 
236.547205995 55.8081553547 1.36139202118 325.902587891 16.4421329498 8388608 0.539552361959 0.0 0.539552361959 1.12734920531 -0.763198535518 0.763198535518 1.12734920531 
165.319564407 62.7630590304 1.40859830379 220.403808594 16.1580295563 8388608 0.503994361587 0.0 0.503994361587 -1.07264088046 -0.913011896432 0.913011896432 -1.07264088046 
166.05396031 44.0762586884 1.43317532539 11.3934936523 14.8406028748 8388608 0.486856928822 0.0 0.486856928822 1.40493261881 0.283118084741 -0.283118084741 1.40493261881 
123.929825967 149.614895857 2.61236071587 103.695404053 14.8169288635 10420736 0.146532416387 0.0 0.146532416387 -0.618503079684 2.53808637564 -2.53808637564 -0.618503079684 
134.6534188 148.929962892 3.40615487099 117.120956421 11.6777935028 12845057 0.0861928455936 0.0 0.0861928455936 -1.55276545495 3.03163494621 -3.03163494621 -1.55276545495 
187.129144332 46.281120958 1.51469290257 167.053390503 9.95337200165 8388608 0.435863818343 0.0 0.435863818343 -1.4761882883 0.339356341583 -0.339356341583 -1.4761882883 
142.375229284 133.886263206 1.30070614815 2.84020996094 8.50614356995 8388608 0.591073670274 0.0 0.591073670274 1.29910837216 0.0644509210381 -0.0644509210381 1.29910837216 
197.563047585 132.869640627 1.30352163315 270.573608398 8.45213222504 8388608 0.588523099886 0.0 0.588523099886 0.0130498000476 -1.30345630951 1.30345630951 0.0130498000476 
235.981118088 143.893124951 1.48426759243 69.8633728027 7.73366165161 8388608 0.45391610277 0.0 0.45391610277 0.510973893967 1.39354080156 -1.39354080156 0.510973893967 
191.257246655 113.348716664 1.76460969448 72.5459594727 7.34033966064 15466496 0.321146119234 0.0 0.321146119234 0.529278239461 1.68336327603 -1.68336327603 0.529278239461 
59.7747077908 80.1712617792 1.42170405388 259.817504883 6.61655569077 8388608 0.494745208037 0.0 0.494745208037 -0.251334590229 -1.39931173817 1.39931173817 -0.251334590229 
99.2277118754 17.4453686882 1.98874974251 241.523010254 6.38636016846 24117248 0.252836475179 0.0 0.252836475179 -0.948247381575 -1.74812826808 1.74812826808 -0.948247381575 
92.2636577322 124.72070698 1.99646759033 274.330383301 6.27801704407 24379392 0.250885447548 0.0 0.250885447548 0.150748300942 -1.99076814044 1.99076814044 0.150748300942 
215.822784117 103.541049938 1.42000246048 61.8905944824 5.33324813843 8388608 0.495931627923 0.0 0.495931627923 0.669043648269 1.25251250871 -1.25251250871 0.669043648269 
71.2829950911 174.40684139 1.1292194128 92.4945678711 5.02317428589 8388608 0.784229777689 0.0 0.784229777689 -0.0491489010254 1.12814931094 -1.12814931094 -0.0491489010254 
34.763991211 58.962374814 1.4955098629 272.606689453 5.01275634766 8388608 0.447117261749 0.0 0.447117261749 0.0680152211876 -1.49396240907 1.49396240907 0.0680152211876 
142.518383778 157.223165518 1.53603816032 329.41229248 4.94500541687 8388608 0.423834192034 0.0 0.423834192034 1.32230032291 -0.781623365828 0.781623365828 1.32230032291 
14.0254237992 68.3976583152 1.7061971426 249.37890625 4.92429733276 12976128 0.343511736142 0.0 0.343511736142 -0.600899156207 -1.59688098914 1.59688098914 -0.600899156207 
52.8086692282 174.946440888 2.24965977669 100.54989624 4.91632843018 16318720 0.197590615176 0.0 0.197590615176 -0.411894094649 2.21163115497 -2.21163115497 -0.411894094649 
26.9096561613 167.329340327 1.22292876244 106.635406494 4.44976043701 8388608 0.66864820205 0.0 0.66864820205 -0.35010067927 1.17174411557 -1.17174411557 -0.35010067927 
231.575989267 19.5458095277 1.92113375664 340.921417236 3.87348556519 21561344 0.270947278848 0.0 0.270947278848 1.81560810907 -0.627950718737 0.627950718737 1.81560810907 
237.856374888 29.2559528209 1.47200763226 343.299102783 3.67065811157 8388608 0.461508682992 0.0 0.461508682992 1.40991539871 -0.423018956891 0.423018956891 1.40991539871 
232.592777973 169.011404161 2.87995553017 73.2315063477 3.54393768311 17433088 0.120566994905 0.0 0.120566994905 0.830882530209 2.75749489151 -2.75749489151 0.830882530209 
87.0493539005 156.042856646 1.56520354748 97.7296447754 3.48812294006 8388608 0.408186232856 0.0 0.408186232856 -0.210518157157 1.55098170542 -1.55098170542 -0.210518157157 
242.579324719 37.9524926918 1.5758651495 331.10345459 3.47225952148 8388608 0.402681704004 0.0 0.402681704004 1.37965995437 -0.76150468135 0.76150468135 1.37965995437 
205.505212491 138.063924705 1.57635605335 67.9877929688 2.52341079712 8388608 0.402430939312 0.0 0.402430939312 0.590824749862 1.46144603797 -1.46144603797 0.590824749862 
95.5982971967 157.260679921 1.50276958942 91.5551147461 2.31715011597 8388608 0.442807740658 0.0 0.442807740658 -0.0407829729194 1.50221609232 -1.50221609232 -0.0407829729194 
186.509943864 146.735300035 1.23963522911 70.2791748047 1.51493835449 8388608 0.65074700823 0.0 0.65074700823 0.418299326812 1.16692809309 -1.16692809309 0.418299326812 
116.846938307 157.54946484 1.39147722721 94.1642456055 1.30481529236 8388608 0.516473203644 0.0 0.516473203644 -0.101043269401 1.38780370786 -1.38780370786 -0.101043269401 
