13
103
161.530095065 139.445576764 1.29960072041 133.747944014 122.510139465 8388608 0.592079620957 0.0 0.592079620957 -0.898657177799 0.938816973253 -0.938816973253 -0.898657177799 
66.0734350262 64.2059187111 1.87588143349 137.3191993 107.581245422 19857408 0.284177199457 0.0 0.284177199457 -1.37903885188 1.27168510155 -1.27168510155 -1.37903885188 
75.4803210222 65.9023600876 1.74825334549 140.932315296 106.761100769 14745600 0.327183402157 0.0 0.327183402157 -1.35734737648 1.10181571035 -1.10181571035 -1.35734737648 
69.8656193963 57.7757824342 1.49869143963 128.535405822 104.709884644 8388608 0.445220903523 0.0 0.445220903523 -0.933681962872 1.17231140207 -1.17231140207 -0.933681962872 
120.769395538 30.2055728844 1.46286869049 138.626745281 102.950073242 8388608 0.46729303749 0.0 0.46729303749 -1.09776546015 0.966900098317 -0.966900098317 -1.09776546015 
70.594687151 64.126502939 3.74271225929 132.348438575 100.711746216 19660801 0.0713883132342 0.0 0.0713883132342 -2.52123157803 2.76609587429 -2.76609587429 -2.52123157803 
205.892529709 78.6402502717 2.58301091194 126.399626459 92.453956604 9568768 0.149881323117 0.0 0.149881323117 -1.532793905 2.07905945466 -2.07905945466 -1.532793905 
34.821331154 89.1452800114 1.25095880032 152.655954898 92.0921173096 8388608 0.639019316956 0.0 0.639019316956 -1.11118215757 0.574606067484 -0.574606067484 -1.11118215757 
180.895232363 31.8648900396 1.38749980927 131.640385386 91.809463501 8388608 0.519438500087 0.0 0.519438500087 -0.921928603788 1.03692013686 -1.03692013686 -0.921928603788 
121.335247896 92.224360071 1.30683982372 134.487035072 90.3617935181 8388608 0.585538261875 0.0 0.585538261875 -0.915765198809 0.932311335079 -0.932311335079 -0.915765198809 
231.333169021 119.391382421 1.46737706661 127.723263415 88.0278930664 8388608 0.464426021981 0.0 0.464426021981 -0.89781208278 1.16065882999 -1.16065882999 -0.89781208278 
126.273273186 104.225383759 3.06896615028 135.857227952 87.6897964478 22020608 0.106173419145 0.0 0.106173419145 -2.20231033305 2.13737746516 -2.13737746516 -2.20231033305 
92.2191803575 135.114191222 1.64329779148 145.064023809 87.1065979004 10289152 0.370311719648 0.0 0.370311719648 -1.34716314247 0.941052123452 -0.941052123452 -1.34716314247 
151.690914297 144.820635798 1.45889639854 129.158473348 86.4206619263 8388608 0.469841198471 0.0 0.469841198471 -0.921245624968 1.13123171816 -1.13123171816 -0.921245624968 
94.6600715505 91.1745336053 3.00858020782 132.376980062 85.7098770142 20578816 0.110478256466 0.0 0.110478256466 -2.02780003214 2.22251701828 -2.22251701828 -2.02780003214 
117.73135747 122.505738605 3.01349163055 137.973124185 83.0177154541 20709888 0.110118432505 0.0 0.110118432505 -2.23851462068 2.01746972725 -2.01746972725 -2.23851462068 
117.80778109 51.0400431449 1.53842389584 134.120678403 83.0099716187 8388608 0.422520675971 0.0 0.422520675971 -1.0710075289 1.10439619536 -1.10439619536 -1.0710075289 
152.782674257 119.823291644 4.47231245041 128.878307204 80.6788406372 15859969 0.0499960536763 0.0 0.0499960536763 -2.80712902764 3.48160958125 -3.48160958125 -2.80712902764 
114.233669898 106.131526437 2.73284077644 130.762089942 80.5390625 13632000 0.133897152652 0.0 0.133897152652 -1.78432528252 2.069928017 -2.069928017 -1.78432528252 
150.998552654 133.488869242 5.87050247192 132.311194479 79.251663208 18809345 0.0290167955331 0.0 0.0290167955331 -3.95176989221 4.34123415539 -4.34123415539 -3.95176989221 
131.785961505 83.1855501074 2.29444909096 130.263130153 76.7739868164 17694976 0.189951683911 0.0 0.189951683911 -1.48289985105 1.75085826461 -1.75085826461 -1.48289985105 
135.637921937 50.1457036436 1.39776837826 134.090957092 73.4800567627 8388608 0.511834525485 0.0 0.511834525485 -0.972566464789 1.00392774183 -1.00392774183 -0.972566464789 
24.9119887741 85.8876211672 1.37438499928 153.720111377 70.272064209 8388608 0.529399086031 0.0 0.529399086031 -1.23233117358 0.608517875534 -0.608517875534 -1.23233117358 
116.568954059 48.5107247143 2.70933556557 132.063551595 68.7598419189 13042176 0.136230516729 0.0 0.136230516729 -1.81513149825 2.01141662789 -2.01141662789 -1.81513149825 
130.331915343 120.908039704 3.00662326813 143.277913717 67.3372039795 20578816 0.110622118617 0.0 0.110622118617 -2.40994448822 1.7977627875 -1.7977627875 -2.40994448822 
161.160643359 148.160481433 1.94320809841 134.699364811 65.7308807373 22413312 0.264826460772 0.0 0.264826460772 -1.36682697027 1.3812464469 -1.3812464469 -1.36682697027 
158.72938982 116.647678198 1.35710716248 130.037821993 64.1846008301 8388608 0.542964849112 0.0 0.542964849112 -0.873017740847 1.03902833196 -1.03902833196 -0.873017740847 
229.934820665 71.5753960962 1.32491600513 134.566341609 63.2584571838 8388608 0.569669944754 0.0 0.569669944754 -0.929739472255 0.943921042458 -0.943921042458 -0.929739472255 
23.5814935748 140.027447152 1.29380393028 131.016448442 61.0825881958 8388608 0.597397041915 0.0 0.597397041915 -0.849092032882 0.976202504459 -0.976202504459 -0.849092032882 
68.9648685352 104.296681764 2.35617613792 132.664351441 59.6799545288 19661056 0.180129354722 0.0 0.180129354722 -1.5967859549 1.73258206361 -1.73258206361 -1.5967859549 
107.20811499 94.7995627359 1.34334981441 129.349653241 58.9466934204 8388608 0.554142884061 0.0 0.554142884061 -0.851752634839 1.03880035278 -1.03880035278 -0.851752634839 
111.639168202 92.7415465769 1.69138991833 127.73195839 58.7149238586 12386304 0.349552590324 0.0 0.349552590324 -1.03507696731 1.33769037059 -1.33769037059 -1.03507696731 
110.170801031 88.7381587074 2.77228164673 128.825443869 57.8403892517 14680576 0.130114381114 0.0 0.130114381114 -1.73808152768 2.15977270376 -2.15977270376 -1.73808152768 
234.471742348 98.3365182275 1.28080403805 127.285784607 56.5419769287 8388608 0.609585493954 0.0 0.609585493954 -0.775899585071 1.01903818268 -1.01903818268 -0.775899585071 
172.966842905 131.870221131 2.61894226074 127.248642246 54.2046661377 10551808 0.14579685388 0.0 0.14579685388 -1.58518060368 2.08472084914 -2.08472084914 -1.58518060368 
46.4338461906 100.251276449 1.33697795868 148.382701308 54.0043449402 8388608 0.559437410318 0.0 0.559437410318 -1.13852857412 0.700901382447 -0.700901382447 -1.13852857412 
53.4921988484 92.3535617683 1.57341134548 133.807980982 49.1868553162 8388608 0.403938682962 0.0 0.403938682962 -1.08918409823 1.13547402536 -1.13547402536 -1.08918409823 
113.887217621 38.135066469 1.59995472431 135.197600344 47.7677841187 8388608 0.390647108208 0.0 0.390647108208 -1.13523383423 1.12743037987 -1.12743037987 -1.13523383423 
170.802255068 135.673704542 1.45875251293 132.009131489 46.7144126892 8388608 0.469933889619 0.0 0.469933889619 -0.976268713379 1.08390880302 -1.08390880302 -0.976268713379 
80.4542839204 58.2997219482 1.4701141119 132.17985495 44.6996536255 8388608 0.462698303387 0.0 0.462698303387 -0.987122943304 1.0894144284 -1.0894144284 -0.987122943304 
217.168723925 39.1021428514 1.72806870937 142.419351565 43.262046814 13893632 0.334871345595 0.0 0.334871345595 -1.36948697619 1.05391028382 -1.05391028382 -1.36948697619 
58.1463953301 106.929964636 1.54382443428 138.305588289 42.828502655 8388608 0.419569760065 0.0 0.419569760065 -1.15277843126 1.02688644567 -1.02688644567 -1.15277843126 
66.3280920632 144.010179535 2.38071846962 147.893205215 42.63230896 20381952 0.176434665154 0.0 0.176434665154 -2.01660875889 1.2653495743 -1.2653495743 -2.01660875889 
106.041404957 123.746675534 2.90646195412 138.563748005 41.9688262939 18088448 0.118377922856 0.0 0.118377922856 -2.17895271829 1.92345682098 -1.92345682098 -2.17895271829 
156.105361462 72.123789546 1.36640322208 128.056701906 41.1975212097 8388608 0.535602067903 0.0 0.535602067903 -0.842306991438 1.07590738333 -1.07590738333 -0.842306991438 
186.961421901 95.0683480967 1.40002048016 124.570817148 40.7916259766 8388608 0.510189154733 0.0 0.510189154733 -0.794405805761 1.15281254358 -1.15281254358 -0.794405805761 
134.702015926 56.2286957073 2.43705558777 135.670225004 39.0292320251 22085888 0.16837171262 0.0 0.16837171262 -1.74329821911 1.70298304663 -1.70298304663 -1.74329821911 
106.581463041 27.5062540131 1.27972114086 123.345071567 38.9755401611 8388608 0.61061759023 0.0 0.61061759023 -0.703437287694 1.06904732386 -1.06904732386 -0.703437287694 
185.344990893 97.1801586506 1.88889038563 124.390961565 38.6863822937 20381696 0.280276372432 0.0 0.280276372432 -1.06691486589 1.55871727964 -1.55871727964 -1.06691486589 
132.284650101 95.3954733436 1.35800778866 123.240899925 38.4242172241 8388608 0.542244903013 0.0 0.542244903013 -0.744406090448 1.13580135876 -1.13580135876 -0.744406090448 
132.770117353 95.2674348308 2.45018362999 130.796761874 38.3575706482 22479104 0.166572280686 0.0 0.166572280686 -1.60089564035 1.85486737245 -1.85486737245 -1.60089564035 
108.008851687 117.79714832 1.22709190845 131.534619453 37.9007034302 8388608 0.664118862405 0.0 0.664118862405 -0.813650855087 0.918546045559 -0.918546045559 -0.813650855087 
91.1938689726 145.410973208 2.34235239029 151.267739411 36.9600143433 19202304 0.182261749909 0.0 0.182261749909 -2.05395173533 1.12600932024 -1.12600932024 -2.05395173533 
166.229283888 153.885395009 1.26678919792 131.064410651 36.0892105103 8388608 0.62314813151 0.0 0.62314813151 -0.832162744987 0.955123048526 -0.955123048526 -0.832162744987 
196.771100095 70.6567326353 2.08731770515 132.693135619 34.9753723145 10879232 0.22952124244 0.0 0.22952124244 -1.41535089318 1.53416982483 -1.53416982483 -1.41535089318 
186.723264136 85.6926081206 2.02861452103 123.09182048 34.4733390808 8782080 0.242997015849 0.0 0.242997015849 -1.10758775 1.69956648913 -1.69956648913 -1.10758775 
196.685682806 73.5171699749 1.291487813 127.749144045 34.0526504517 8388608 0.599541672772 0.0 0.599541672772 -0.790655900547 1.02117776026 -1.02117776026 -0.790655900547 
219.63977846 80.1264100539 1.31992888451 132.758023781 33.831199646 8388608 0.573982873885 0.0 0.573982873885 -0.896104437681 0.969128008532 -0.969128008532 -0.896104437681 
59.0092573245 91.6456438866 1.31258535385 134.938415829 33.5905838013 8388608 0.580423372147 0.0 0.580423372147 -0.927139862712 0.929135074203 -0.929135074203 -0.927139862712 
98.4268310019 55.3082488851 2.12846827507 131.892676662 33.2298660278 12255488 0.220732172245 0.0 0.220732172245 -1.42125790354 1.58442518586 -1.58442518586 -1.42125790354 
126.12800298 44.981713504 1.26138591766 138.126047652 32.2922897339 8388608 0.628498207953 0.0 0.628498207953 -0.939246972876 0.841967669939 -0.841967669939 -0.939246972876 
111.190915227 87.0391365763 1.39352345467 128.0261796 32.0188217163 8388608 0.514957555328 0.0 0.514957555328 -0.858440365763 1.09771934352 -1.09771934352 -0.858440365763 
91.759933527 48.6086066681 1.29578304291 123.953746835 31.7024936676 8388608 0.595573568256 0.0 0.595573568256 -0.723725233924 1.0748374203 -1.0748374203 -0.723725233924 
110.085911508 131.567151792 1.78561997414 161.587592126 31.1840572357 16318464 0.313633127869 0.0 0.313633127869 -1.69420986108 0.563996133532 -0.563996133532 -1.69420986108 
116.516738032 86.5265558663 1.54798734188 133.905445263 30.9977645874 8388608 0.417316147851 0.0 0.417316147851 -1.07348325367 1.11530198364 -1.11530198364 -1.07348325367 
174.698077617 70.3574406528 1.62794864178 131.966329478 30.8779716492 9633792 0.377327623705 0.0 0.377327623705 -1.08859911996 1.21044154601 -1.21044154601 -1.08859911996 
63.7692603177 117.423397785 2.57992362976 140.819148576 30.6083393097 9503232 0.150240250641 0.0 0.150240250641 -1.99984243807 1.62991906495 -1.62991906495 -1.99984243807 
93.5259209389 104.375310188 1.91140806675 133.348860833 29.7563018799 21233664 0.273711579556 0.0 0.273711579556 -1.31206453594 1.38995231974 -1.38995231974 -1.31206453594 
96.8966440977 78.7534924948 1.93922472 126.505351297 29.3479633331 22282240 0.265915542857 0.0 0.265915542857 -1.153640641 1.5587513548 -1.5587513548 -1.153640641 
146.342746314 97.6135108343 2.35982060432 130.516646427 28.7301654816 19726592 0.17957340699 0.0 0.17957340699 -1.53310216341 1.79397632123 -1.79397632123 -1.53310216341 
128.930592305 58.1973387259 1.80779659748 136.105328582 28.5769233704 17170432 0.305985516914 0.0 0.305985516914 -1.30272642225 1.25340831601 -1.25340831601 -1.30272642225 
145.549271547 118.756164085 1.85071468353 132.960380411 28.3274383545 18874368 0.291958456287 0.0 0.291958456287 -1.26124812393 1.35439950153 -1.35439950153 -1.26124812393 
100.826057032 75.5968090224 1.29645776749 126.374498582 27.9267082214 8388608 0.594953812539 0.0 0.594953812539 -0.768877999055 1.04385313404 -1.04385313404 -0.768877999055 
87.0223688056 113.20280215 1.27624487877 136.537727854 25.5119056702 8388608 0.613948546066 0.0 0.613948546066 -0.926333601906 0.877899224607 -0.877899224607 -0.926333601906 
206.182628425 49.0930154207 1.4756449461 134.859226696 25.4986953735 8388608 0.459236343602 0.0 0.459236343602 -1.04087171684 1.04599908032 -1.04599908032 -1.04087171684 
212.828769582 49.4697815632 1.30455112457 133.022673012 25.3577060699 8388608 0.587594595963 0.0 0.587594595963 -0.890079208489 0.953736147601 -0.953736147601 -0.890079208489 
86.0334004067 81.3363355029 2.36196541786 129.258013295 22.809967041 19792128 0.179247427108 0.0 0.179247427108 -1.49468390454 1.82887961897 -1.82887961897 -1.49468390454 
163.233427033 73.5959011021 1.35916721821 133.189540624 20.7413082123 8388608 0.541320179987 0.0 0.541320179987 -0.930233100895 0.990960092562 -0.990960092562 -0.930233100895 
159.248679073 93.6085859627 1.3158673048 125.103941258 20.5158596039 8388608 0.577531674077 0.0 0.577531674077 -0.756704664921 1.076524414 -1.076524414 -0.756704664921 
76.1954606545 81.1402639573 2.61280655861 134.471424292 18.884677887 10420736 0.146482412807 0.0 0.146482412807 -1.83041065005 1.8644985827 -1.8644985827 -1.83041065005 
125.990377467 137.677617514 1.98613905907 141.52667475 18.5887813568 23986176 0.253501594587 0.0 0.253501594587 -1.55494408122 1.23567684539 -1.23567684539 -1.55494408122 
68.1502385921 77.3946025627 1.57915449142 130.542079057 17.3610210419 8388608 0.401005897986 0.0 0.401005897986 -1.02646041394 1.20004496849 -1.20004496849 -1.02646041394 
165.319564407 62.7630590304 1.40859830379 125.541272089 16.1580295563 8388608 0.503994361587 0.0 0.503994361587 -0.818803037432 1.14617222412 -1.14617222412 -0.818803037432 
166.05396031 44.0762586884 1.43317532539 141.175053549 14.8406028748 8388608 0.486856928822 0.0 0.486856928822 -1.11653683407 0.898519343969 -0.898519343969 -1.11653683407 
123.929825967 149.614895857 2.61236071587 140.964739762 14.8169288635 10420736 0.146532416387 0.0 0.146532416387 -2.02917345901 1.64526094679 -1.64526094679 -2.02917345901 
134.6534188 148.929962892 3.40615487099 138.475109533 11.6777935028 12845057 0.0861928455936 0.0 0.0861928455936 -2.55007845441 2.25809452448 -2.25809452448 -2.55007845441 
187.129144332 46.281120958 1.51469290257 131.64458163 9.95337200165 8388608 0.435863818343 0.0 0.435863818343 -1.00652535513 1.13190162936 -1.13190162936 -1.00652535513 
142.375229284 133.886263206 1.30070614815 130.434808215 8.50614356995 8388608 0.591073670274 0.0 0.591073670274 -0.843615153807 0.99002523003 -0.99002523003 -0.843615153807 
197.563047585 132.869640627 1.30352163315 127.509193963 8.45213222504 8388608 0.588523099886 0.0 0.588523099886 -0.793699627253 1.03402589416 -1.03402589416 -0.793699627253 
191.257246655 113.348716664 1.76460969448 126.624191384 7.34033966064 15466496 0.321146119234 0.0 0.321146119234 -1.05270224165 1.41621515466 -1.41621515466 -1.05270224165 
59.7747077908 80.1712617792 1.42170405388 128.280010136 6.61655569077 8388608 0.494745208037 0.0 0.494745208037 -0.880753046105 1.11602710029 -1.11602710029 -0.880753046105 
92.2636577322 124.72070698 1.99646759033 140.441803042 6.27801704407 24379392 0.250885447548 0.0 0.250885447548 -1.53923279481 1.27147364999 -1.27147364999 -1.53923279481 
215.822784117 103.541049938 1.42000246048 131.847273449 5.33324813843 8388608 0.495931627923 0.0 0.495931627923 -0.947350833994 1.05779647622 -1.05779647622 -0.947350833994 
71.2829950911 174.40684139 1.1292194128 125.967763794 5.02317428589 8388608 0.784229777689 0.0 0.784229777689 -0.663224419344 0.913930988553 -0.913930988553 -0.663224419344 
34.763991211 58.962374814 1.4955098629 124.854280692 5.01275634766 8388608 0.447117261749 0.0 0.447117261749 -0.85467079968 1.22722759674 -1.22722759674 -0.85467079968 
142.518383778 157.223165518 1.53603816032 139.432167083 4.94500541687 8388608 0.423834192034 0.0 0.423834192034 -1.16683072309 0.998959105082 -0.998959105082 -1.16683072309 
52.8086692282 174.946440888 2.24965977669 131.499698192 4.91632843018 16318720 0.197590615176 0.0 0.197590615176 -1.49066079441 1.68490341173 -1.68490341173 -1.49066079441 
26.9096561613 167.329340327 1.22292876244 126.350418735 4.44976043701 8388608 0.66864820205 0.0 0.66864820205 -0.724856958719 0.984955403757 -0.984955403757 -0.724856958719 
87.0493539005 156.042856646 1.56520354748 135.796233921 3.48812294006 8388608 0.408186232856 0.0 0.408186232856 -1.12203929845 1.0912790467 -1.0912790467 -1.12203929845 
205.505212491 138.063924705 1.57635605335 128.810914271 2.52341079712 8388608 0.402430939312 0.0 0.402430939312 -0.987984712796 1.22832593973 -1.22832593973 -0.987984712796 
95.5982971967 157.260679921 1.50276958942 136.912790047 2.31715011597 8388608 0.442807740658 0.0 0.442807740658 -1.09749484895 1.02655808186 -1.02655808186 -1.09749484895 
186.509943864 146.735300035 1.23963522911 131.014191948 1.51493835449 8388608 0.65074700823 0.0 0.65074700823 -0.81350559557 0.935363109828 -0.935363109828 -0.81350559557 
116.846938307 157.54946484 1.39147722721 138.926775335 1.30481529236 8388608 0.516473203644 0.0 0.516473203644 -1.04899365128 0.914232570752 -0.914232570752 -1.04899365128 
