13
75
95.2614018657 97.2507871856 2.34013342857 261.609191895 135.038299561 19136768 0.18260756232 0.0 0.18260756232 -0.341482376667 -2.31508406974 2.31508406974 -0.341482376667 
152.422153205 162.31312696 1.43919599056 337.825012207 130.657318115 8388608 0.482792060041 0.0 0.482792060041 1.33274649413 -0.543205192932 0.543205192932 1.33274649413 
27.3646254344 118.480065031 1.79056680202 218.235931396 116.019302368 16515072 0.311902563067 0.0 0.311902563067 -1.40643457517 -1.10818376558 1.10818376558 -1.40643457517 
155.181545791 152.681572616 1.43341565132 8.65240478516 111.196365356 8388608 0.486693690009 0.0 0.486693690009 1.41710223028 0.215642524515 -0.215642524515 1.41710223028 
40.0738387315 157.643246379 1.64456665516 110.888092041 108.672866821 10354688 0.369740512852 0.0 0.369740512852 -0.586360098875 1.53648342578 -1.53648342578 -0.586360098875 
122.516890306 81.7969761792 2.80296611786 87.6025695801 103.432731628 15467008 0.127281212521 0.0 0.127281212521 0.117250442319 2.80051270157 -2.80051270157 0.117250442319 
41.4552074314 119.441812701 4.70925331116 258.72354126 98.6063079834 19595521 0.0450916260177 0.0 0.0450916260177 -0.920862556848 -4.61834157464 4.61834157464 -0.920862556848 
26.773677399 127.073646013 1.7746784687 179.052978516 93.2766418457 15859712 0.317512362546 0.0 0.317512362546 -1.77443605666 0.0293316912374 -0.0293316912374 -1.77443605666 
154.299520399 143.87712303 1.52262842655 44.2870483398 90.3800735474 8388608 0.431332450684 0.0 0.431332450684 1.08997445989 1.06318060654 -1.06318060654 1.08997445989 
188.561841498 79.6850201317 2.79117012024 272.402130127 89.8987960815 15204864 0.12835931341 0.0 0.12835931341 0.116985751716 -2.78871744248 2.78871744248 0.116985751716 
183.583677293 82.1878355458 4.35360813141 275.492095947 88.976272583 13893889 0.0527595799031 0.0 0.0527595799031 0.416677020715 -4.33362250574 4.33362250574 0.416677020715 
166.2039423 78.469328972 2.53043794632 269.689971924 87.2979125977 24772864 0.15617395792 0.0 0.15617395792 -0.0136921599946 -2.53040090202 2.53040090202 -0.0136921599946 
134.674377955 81.1235935672 3.06223273277 261.370239258 84.0739135742 21889536 0.106640853214 0.0 0.106640853214 -0.459484671451 -3.02756389633 3.02756389633 -0.459484671451 
144.423642923 86.7693712514 5.71491241455 266.030975342 82.1223678589 16908801 0.0306182836615 0.0 0.0306182836615 -0.39557000014 -5.70120586201 5.70120586201 -0.39557000014 
229.646008378 149.208459469 2.50529837608 65.3992004395 78.7207183838 24051968 0.159323957775 0.0 0.159323957775 1.04293938086 2.27789319351 -2.27789319351 1.04293938086 
35.0058985895 146.560835554 2.16704773903 148.887023926 73.9550247192 13566208 0.21294284031 0.0 0.21294284031 -1.85531809653 1.11977259474 -1.11977259474 -1.85531809653 
236.476822634 95.2865891123 1.50082087517 294.447692871 69.4139175415 8388608 0.44395839892 0.0 0.44395839892 0.621133235627 -1.36625649237 1.36625649237 0.621133235627 
170.752786217 96.0155549632 10.3834581375 271.322296143 69.0023269653 9961986 0.00927504376117 0.0 0.00927504376117 0.239612550751 -10.3806930751 10.3806930751 0.239612550751 
109.991390078 122.188370188 3.09323072433 72.1519165039 67.1342086792 22610432 0.104514216566 0.0 0.104514216566 0.948057396278 2.9443613038 -2.9443613038 0.948057396278 
227.851303318 94.9726718177 2.17693638802 291.071472168 66.8343429565 13893888 0.211012665 0.0 0.211012665 0.782678819539 -2.03137044945 2.03137044945 0.782678819539 
26.9798057809 136.276898423 1.47318100929 150.654388428 64.7651977539 8388608 0.460773799732 0.0 0.460773799732 -1.28414155657 0.72197143214 -0.72197143214 -1.28414155657 
29.4033868097 140.770201994 1.55776464939 145.269699097 62.4081764221 8388608 0.412094019419 0.0 0.412094019419 -1.28023775824 0.887480695714 -0.887480695714 -1.28023775824 
101.145832208 120.149731967 5.71486568451 277.298126221 57.0678367615 16908801 0.0306187843905 0.0 0.0306187843905 0.72597178914 -5.66856725755 5.66856725755 0.72597178914 
35.4279823029 126.1773139 1.28232622147 326.574859619 53.3796463013 8388608 0.608139137819 0.0 0.608139137819 1.07023746824 -0.706365556794 0.706365556794 1.07023746824 
94.2821701306 85.8419749762 1.9515235424 244.212493896 51.6460494995 22740992 0.262574417306 0.0 0.262574417306 -0.848980587317 -1.75717844823 1.75717844823 -0.848980587317 
165.225159858 154.297652143 1.99787867069 186.522903442 50.2362747192 24444928 0.250531177279 0.0 0.250531177279 -1.98494545184 -0.2269597674 0.2269597674 -1.98494545184 
180.812096544 108.051189103 1.97296392918 76.2705688477 43.7832794189 23527424 0.256898583345 0.0 0.256898583345 0.468257677299 1.91659109188 -1.91659109188 0.468257677299 
195.795160547 100.666277358 4.18145132065 271.314208984 40.9670600891 11010305 0.0571933992866 0.0 0.0571933992866 0.0959026840969 -4.18035139936 4.18035139936 0.0959026840969 
113.180306334 68.5063747175 3.07451295853 248.68548584 40.6859207153 22151680 0.10579066431 0.0 0.10579066431 -1.11754621343 -2.86421374778 2.86421374778 -1.11754621343 
133.866118211 116.821025012 2.28256869316 257.156097412 39.1553955078 17367296 0.191934164837 0.0 0.191934164837 -0.507405058311 -2.22545724421 2.22545724421 -0.507405058311 
142.610710916 54.0281348056 7.0518245697 267.241607666 37.4240646362 15400962 0.0201093021969 0.0 0.0201093021969 -0.339365060336 -7.04365396067 7.04365396067 -0.339365060336 
120.214188899 121.653927157 1.84088504314 122.926254272 37.0364685059 18481152 0.295084679296 0.0 0.295084679296 -1.00062986597 1.54518530067 -1.54518530067 -1.00062986597 
150.888250319 125.088719101 1.64298224449 99.6347961426 35.7153701782 10289152 0.37045397556 0.0 0.37045397556 -0.274981861154 1.61980728229 -1.61980728229 -0.274981861154 
160.433406811 162.531913483 1.41422891617 203.321243286 35.3418579102 8388608 0.499989143404 0.0 0.499989143404 -1.29868593808 -0.55987343352 0.55987343352 -1.29868593808 
225.407378999 138.749981072 2.14839458466 347.665679932 34.3953704834 12976384 0.21665658929 0.0 0.21665658929 2.09880489903 -0.458930590838 0.458930590838 2.09880489903 
110.220024468 130.169678833 1.29443645477 317.358276367 33.3366127014 8388608 0.596813350169 0.0 0.596813350169 0.952192609167 -0.876866563676 0.876866563676 0.952192609167 
83.2372428204 92.8493664493 2.1853158474 196.762817383 28.028049469 14221568 0.209397537298 0.0 0.209397537298 -2.09245492771 -0.630267981423 0.630267981423 -2.09245492771 
147.983028791 132.533681211 2.30981397629 19.6828918457 27.5809936523 18219264 0.187432971449 0.0 0.187432971449 2.17485421888 0.77797797634 -0.77797797634 2.17485421888 
164.978012393 119.936003332 1.42450284958 145.185577393 26.702911377 8388608 0.492803013995 0.0 0.492803013995 -1.16952470556 0.813277524305 -0.813277524305 -1.16952470556 
175.72918129 89.5183234309 1.54031550884 18.9535217285 26.5650405884 8388608 0.421483544504 0.0 0.421483544504 1.45680324479 0.50029608509 -0.50029608509 1.45680324479 
66.7635025224 120.176582536 1.45426595211 91.704864502 26.0470371246 8388608 0.472837951659 0.0 0.472837951659 -0.0432660236711 1.45362220355 -1.45362220355 -0.0432660236711 
225.094954552 117.204499651 2.15649485588 8.68597412109 25.9253349304 13238528 0.215032026087 0.0 0.215032026087 2.13176176946 0.325671340001 -0.325671340001 2.13176176946 
231.474607973 104.949180154 1.71566450596 260.637817383 24.8486423492 13434880 0.33973106991 0.0 0.33973106991 -0.279095297592 -1.69281142242 1.69281142242 -0.279095297592 
174.543585753 95.5948733338 2.6594350338 9.40155029297 24.1243801117 11665920 0.141390825087 0.0 0.141390825087 2.62371281634 0.434425777751 -0.434425777751 2.62371281634 
227.451667203 106.209389072 1.5940220356 257.837982178 24.037530899 8388608 0.393560368475 0.0 0.393560368475 -0.335823473276 -1.55824543791 1.55824543791 -0.335823473276 
181.258817554 95.9524352822 1.72241830826 61.6644592285 23.7333049774 13697024 0.337072043336 0.0 0.337072043336 0.817518775271 1.51604349565 -1.51604349565 0.817518775271 
225.044378012 109.403014043 2.27679395676 12.4554443359 23.6317100525 17170688 0.19290902232 0.0 0.19290902232 2.22320739035 0.49105969192 -0.49105969192 2.22320739035 
105.823968194 134.811493863 1.43436062336 263.532653809 23.5634002686 8388608 0.486052623288 0.0 0.486052623288 -0.16156199498 -1.42523265456 1.42523265456 -0.16156199498 
167.350195783 109.37724268 2.406052351 70.4078979492 22.201795578 21168384 0.172738782785 0.0 0.172738782785 0.806801584954 2.26675078433 -2.26675078433 0.806801584954 
224.951741393 112.832142486 3.3354537487 10.6210632324 21.5026950836 11337729 0.0898856067342 0.0 0.0898856067342 3.27830961445 0.614766444713 -0.614766444713 3.27830961445 
118.937986906 90.8843400522 1.66157519817 261.911590576 20.7147903442 11075584 0.362209634482 0.0 0.362209634482 -0.23378521468 -1.64504608221 1.64504608221 -0.23378521468 
122.401340581 89.9745556446 1.94756698608 259.932861328 20.6858539581 22544384 0.263642360797 0.0 0.263642360797 -0.340438695698 -1.91758146105 1.91758146105 -0.340438695698 
139.155692567 95.2903090436 1.97763454914 266.382446289 18.2653961182 23658496 0.255686570977 0.0 0.255686570977 -0.12478138736 -1.97369400245 1.97369400245 -0.12478138736 
65.4266902438 129.291735177 1.26021933556 277.922027588 15.1193561554 8388608 0.629662345181 0.0 0.629662345181 0.173690159823 -1.248192494 1.248192494 0.173690159823 
190.592099031 99.5814680866 1.58800470829 76.6029052734 14.4541244507 8388608 0.396548606913 0.0 0.396548606913 0.367938431262 1.5447913336 -1.5447913336 0.367938431262 
91.8679155403 145.634905633 4.04742383957 270.544128418 12.9673080444 8651009 0.0610439501813 0.0 0.0610439501813 0.0384371282682 -4.04724132271 4.04724132271 0.0384371282682 
35.7036781823 136.874865532 1.33670163155 278.834960938 12.4777889252 8388608 0.559668731521 0.0 0.559668731521 0.20530241076 -1.32084146358 1.32084146358 0.20530241076 
132.941364835 148.57807976 1.57708644867 7.11456298828 11.7157421112 8388608 0.40205827032 0.0 0.40205827032 1.56494365545 0.195327985315 -0.195327985315 1.56494365545 
121.521060757 163.250421279 2.49985647202 88.102142334 11.1441307068 23920896 0.160018373164 0.0 0.160018373164 0.082789767019 2.4984851881 -2.4984851881 0.082789767019 
197.7077245 120.91823868 3.79868888855 262.016571045 10.4699401855 20774913 0.0692998903018 0.0 0.0692998903018 -0.527587328012 -3.76187305518 3.76187305518 -0.527587328012 
113.716875305 163.282930526 1.67363750935 90.258972168 9.76663589478 11599872 0.357007383973 0.0 0.357007383973 -0.00756467687647 1.67362041346 -1.67362041346 -0.00756467687647 
110.084602017 144.123264481 4.89027261734 268.00793457 9.08948707581 22348033 0.041815169282 0.0 0.041815169282 -0.169991237642 -4.88731718339 4.88731718339 -0.169991237642 
94.6433465396 156.600363657 1.21442723274 184.082519531 7.29622840881 8388608 0.6780426384 0.0 0.6780426384 -1.2113456841 -0.0864588759428 0.0864588759428 -1.2113456841 
76.0540537297 141.324668905 1.52113389969 270.965911865 6.85935592651 8388608 0.432180442588 0.0 0.432180442588 0.0256425813547 -1.52091774886 1.52091774886 0.0256425813547 
110.189556498 140.772937642 1.25249350071 260.456665039 6.59273147583 8388608 0.637454275124 0.0 0.637454275124 -0.207655310787 -1.23515960152 1.23515960152 -0.207655310787 
107.319700127 142.384812051 1.92713153362 262.179504395 6.3859462738 21823488 0.26926337459 0.0 0.26926337459 -0.262224729769 -1.90920772547 1.90920772547 -0.262224729769 
95.1102078296 140.695720704 1.2291572094 276.300537109 6.2967414856 8388608 0.661888955643 0.0 0.661888955643 0.134892172526 -1.22173300979 1.22173300979 0.134892172526 
239.297154635 146.962752617 1.30559778214 41.8333740234 5.89807128906 8388608 0.586652860586 0.0 0.586652860586 0.972784753321 0.870790096649 -0.870790096649 0.972784753321 
97.2745298175 76.240971412 1.33037638664 265.80178833 5.49119567871 8388608 0.565003247906 0.0 0.565003247906 -0.0973929554875 -1.32680667106 1.32680667106 -0.0973929554875 
119.78628886 155.220521752 1.94375360012 74.5342712402 4.62434005737 22413312 0.264677838009 0.0 0.264677838009 0.518325099328 1.87337053179 -1.87337053179 0.518325099328 
101.955107549 156.064763058 1.29253590107 183.664459229 3.70802688599 8388608 0.59856975747 0.0 0.59856975747 -1.28989325442 -0.0826102158644 0.0826102158644 -1.28989325442 
28.3409518534 153.612060609 1.61168026924 161.449005127 3.63671112061 8912896 0.38498359325 0.0 0.38498359325 -1.52793876376 0.512753765925 -0.512753765925 -1.52793876376 
32.7491018075 181.023647467 1.24483513832 97.2549438477 3.55951309204 8388608 0.645321779102 0.0 0.645321779102 -0.157203464215 1.23486905882 -1.23486905882 -0.157203464215 
240.548704737 163.277233249 1.48289823532 24.1872558594 3.55071640015 8388608 0.45475481202 0.0 0.45475481202 1.35271648497 0.607573277574 -0.607573277574 1.35271648497 
150.578222742 87.438970711 1.31048488617 253.120483398 1.91936683655 8388608 0.582285488366 0.0 0.582285488366 -0.380512537727 -1.2540258552 1.2540258552 -0.380512537727 
