13
141
63.5519523843 118.50662425 1.54234373569 4.60168457031 135.307815552 8388608 0.420375747146 0.0 0.420375747146 1.53737202162 0.123739509335 -0.123739509335 1.53737202162 
84.2326407578 135.131687705 3.49719119072 77.6351318359 133.300827026 14811137 0.0817638341261 0.0 0.0817638341261 0.748876017019 3.41606951562 -3.41606951562 0.748876017019 
32.4073070951 106.492413687 2.736358881 269.523529053 127.735198975 13763072 0.133553073982 0.0 0.133553073982 -0.0227552621109 -2.73626426422 2.73626426422 -0.0227552621109 
168.36394323 47.2984067637 1.53895545006 25.5368652344 125.455612183 8388608 0.422228849639 0.0 0.422228849639 1.38861196537 0.66343099633 -0.66343099633 1.38861196537 
60.8866768725 73.7445763108 1.25597345829 92.6854553223 124.983299255 8388608 0.633926747288 0.0 0.633926747288 -0.0588459718248 1.25459414933 -1.25459414933 -0.0588459718248 
18.3634711505 117.210121343 1.35859966278 336.233703613 124.456466675 8388608 0.541772547799 0.0 0.541772547799 1.24338618698 -0.547525190038 0.547525190038 1.24338618698 
72.488165702 137.29441752 2.62119030952 91.4412231445 122.279823303 10617344 0.145546877456 0.0 0.145546877456 -0.0659267018735 2.62036110273 -2.62036110273 -0.0659267018735 
52.3220014978 107.823737256 2.73138189316 277.823028564 119.197463989 13632000 0.134040224908 0.0 0.134040224908 0.371778678773 -2.70596150384 2.70596150384 0.371778678773 
66.5391540612 108.444213174 3.50557541847 279.791137695 114.694854736 14942209 0.0813731953612 0.0 0.0813731953612 0.596147911631 -3.45451395743 3.45451395743 0.596147911631 
116.322006612 73.6645389141 5.0971121788 99.903717041 114.61428833 8585729 0.0384903283933 0.0 0.0384903283933 -0.876667658269 5.02115588089 -5.02115588089 -0.876667658269 
65.222488659 73.8390490891 2.40673542023 90.5372924805 112.916069031 21168384 0.172640744752 0.0 0.172640744752 -0.0225688855696 2.40662959933 -2.40662959933 -0.0225688855696 
102.783443619 50.596244536 3.00801753998 68.7814941406 110.296867371 20578816 0.110519591581 0.0 0.110519591581 1.08867879595 2.80409486289 -2.80409486289 1.08867879595 
165.920490001 79.3631202312 3.96453595161 65.1400146484 109.977302551 23855105 0.0636231663515 0.0 0.0636231663515 1.66669980517 3.5971734836 -3.5971734836 1.66669980517 
116.206936798 135.443137118 2.34016466141 83.3579406738 109.940887451 19136768 0.182602688036 0.0 0.182602688036 0.270678254011 2.32445777017 -2.32445777017 0.270678254011 
94.5921066135 56.6152329112 4.3291592598 62.1859130859 108.012939453 13500673 0.05335718073 0.0 0.05335718073 2.02000351213 3.82899539144 -3.82899539144 2.02000351213 
70.8141198229 105.629549576 1.38580822945 44.4819335938 107.474639893 8388608 0.520707374002 0.0 0.520707374002 0.988734569734 0.971014108762 -0.971014108762 0.988734569734 
203.460290041 45.0392929468 1.99196732044 100.846374512 105.575820923 24182784 0.252020333243 0.0 0.252020333243 -0.374841049154 1.95638135178 -1.95638135178 -0.374841049154 
146.030097589 74.2637335744 2.64994835854 66.0262451172 105.32762146 11403776 0.142404980538 0.0 0.142404980538 1.0767220839 2.42134174725 -2.42134174725 1.0767220839 
108.318101725 133.94440709 3.48418521881 261.843322754 102.684371948 14483457 0.0823753991594 0.0 0.0823753991594 -0.49433793659 -3.44893848067 3.44893848067 -0.49433793659 
166.595990471 66.5063239962 2.23726820946 70.048034668 102.489852905 15925504 0.199785468723 0.0 0.199785468723 0.76342799694 2.10298519599 -2.10298519599 0.76342799694 
160.448843675 115.011976411 5.26777887344 334.455810547 101.289100647 11010561 0.0360366928005 0.0 0.0360366928005 4.75286920568 -2.27150359304 2.27150359304 4.75286920568 
20.24544892 132.184552796 2.15652132034 99.3991394043 100.526763916 13238528 0.215026748447 0.0 0.215026748447 -0.352183963204 2.12756919069 -2.12756919069 -0.352183963204 
59.5707787743 136.916599821 2.69457006454 50.1944885254 99.6803741455 12648960 0.137727618717 0.0 0.137727618717 1.72501956521 2.07002785788 -2.07002785788 1.72501956521 
139.764678184 131.067944653 5.29078722 353.911865234 99.147277832 11272705 0.0357239446941 0.0 0.0357239446941 5.26094680318 -0.561131126782 0.561131126782 5.26094680318 
162.823305802 54.2673152954 1.39933741093 37.6257019043 98.514831543 8388608 0.510687361336 0.0 0.510687361336 1.10829742713 0.854296203103 -0.854296203103 1.10829742713 
161.436149597 127.265756881 1.94130814075 0.0848388671875 97.8570327759 22347776 0.265345085582 0.0 0.265345085582 1.94130601257 0.00287452801479 -0.00287452801479 1.94130601257 
145.489136755 157.6985836 3.20864272118 76.4423828125 94.6239624023 8519681 0.0971308695803 0.0 0.0971308695803 0.752179877901 3.11923284534 -3.11923284534 0.752179877901 
142.654981431 116.793007394 4.01718568802 42.3151245117 94.6089553833 24838145 0.0619663886361 0.0 0.0619663886361 2.97052166524 2.70440046745 -2.70440046745 2.97052166524 
180.467642599 47.4900201202 1.61164987087 73.8173217773 94.4314727783 8912896 0.384998116235 0.0 0.384998116235 0.449168068591 1.54779305866 -1.54779305866 0.449168068591 
145.759458554 50.1371226857 2.88143253326 272.195983887 92.8381118774 17498624 0.12044342291 0.0 0.12044342291 0.1104100583 -2.87931642283 2.87931642283 0.1104100583 
132.644074319 71.0276109679 9.33012866974 97.4891967773 90.0373840332 18940162 0.0114874790909 0.0 0.0114874790909 -1.21608198425 9.25053758446 -9.25053758446 -1.21608198425 
195.238284166 45.5535640836 2.29499101639 272.587615967 84.7275924683 17760512 0.189861986397 0.0 0.189861986397 0.103612114146 -2.2926509318 2.2926509318 0.103612114146 
136.048948183 45.9250390723 1.33974146843 270.329925537 84.0511856079 8388608 0.557131866627 0.0 0.557131866627 0.00771457312576 -1.33971925701 1.33971925701 0.00771457312576 
147.654070782 133.583332686 1.24190270901 56.3873291016 83.750617981 8388608 0.648372895177 0.0 0.648372895177 0.687487205338 1.03425513348 -1.03425513348 0.687487205338 
41.7759611454 151.194201381 4.03210496902 100.392211914 83.5651245117 8388865 0.0615086705946 0.0 0.0615086705946 -0.727333064987 3.96596231624 -3.96596231624 -0.727333064987 
135.232373805 131.688447864 3.12664699554 0.0301818847656 83.524520874 23396864 0.102292147771 0.0 0.102292147771 3.12664656174 0.00164703396585 -0.00164703396585 3.12664656174 
119.337192411 59.3797561141 1.66741108894 15.5652160645 81.4243927002 11337728 0.359678624907 0.0 0.359678624907 1.60625986934 0.447424822389 -0.447424822389 1.60625986934 
146.980013708 105.92805372 1.83661067486 247.751602173 81.3700332642 18350080 0.296459786534 0.0 0.296459786534 -0.695382558935 -1.69987701547 1.69987701547 -0.695382558935 
117.870127214 57.5427731151 2.88388347626 10.7891540527 80.513420105 17564160 0.120238785986 0.0 0.120238785986 2.83290421425 0.539849624911 -0.539849624911 2.83290421425 
137.722333543 124.483352135 1.48827052116 19.1279602051 79.8800354004 8388608 0.451477634434 0.0 0.451477634434 1.40610179316 0.487674985442 -0.487674985442 1.40610179316 
25.2693176829 115.76439136 1.3735986948 266.964294434 78.9297943115 8388608 0.530005359196 0.0 0.530005359196 -0.0727434128712 -1.37167115966 1.37167115966 -0.0727434128712 
237.290873804 90.1001667024 1.30427968502 223.640716553 78.3182525635 8388608 0.587839195358 0.0 0.587839195358 -0.943883220826 -0.900127747711 0.900127747711 -0.943883220826 
131.628520492 57.2343219383 2.98988509178 341.522247314 76.7522735596 20185600 0.111864169989 0.0 0.111864169989 2.83574691653 -0.947603444187 0.947603444187 2.83574691653 
32.5300150882 134.33710262 3.00067567825 99.9423522949 76.502166748 20447744 0.111061077774 0.0 0.111061077774 -0.518088360464 2.95561143874 -2.95561143874 -0.518088360464 
179.928963791 64.3589610618 2.33549189568 106.41418457 75.8779907227 19005696 0.183334108401 0.0 0.183334108401 -0.659960831516 2.24030669678 -2.24030669678 -0.659960831516 
45.4718488861 103.507236843 1.54800701141 130.207702637 75.8159942627 8388608 0.417305542781 0.0 0.417305542781 -0.999331969543 1.18222727174 -1.18222727174 -0.999331969543 
234.842536129 95.3344025683 1.57314360142 96.8341674805 71.684677124 8388608 0.404076192835 0.0 0.404076192835 -0.187197933386 1.56196598056 -1.56196598056 -0.187197933386 
213.608780152 120.931251436 1.82157325745 68.3277282715 71.63331604 17760256 0.301374648227 0.0 0.301374648227 0.672701649689 1.69280879687 -1.69280879687 0.672701649689 
145.811814894 113.777747304 1.37162482738 82.0615234375 71.0078430176 8388608 0.531531888956 0.0 0.531531888956 0.189434672019 1.35848046439 -1.35848046439 0.189434672019 
231.015149969 110.662475048 2.00618171692 357.092803955 70.4678649902 24707072 0.24846170641 0.0 0.24846170641 2.00359975123 -0.101750273653 0.101750273653 2.00359975123 
28.1508305755 118.17725499 2.3281583786 269.098602295 70.2229614258 18743552 0.184490903692 0.0 0.184490903692 -0.0366259097764 -2.3278702667 2.3278702667 -0.0366259097764 
17.9368579473 105.976497808 2.2170958519 150.822540283 69.9107971191 15270144 0.203437523857 0.0 0.203437523857 -1.93577728299 1.08087017129 -1.08087017129 -1.93577728299 
205.902566975 111.128284371 2.30531787872 249.801086426 69.5000610352 18088192 0.188164791313 0.0 0.188164791313 -0.795981087377 -2.16353983797 2.16353983797 -0.795981087377 
233.829733649 98.6996220425 2.72866773605 209.608139038 67.6344223022 13566464 0.134307012366 0.0 0.134307012366 -2.37237127736 -1.34814025092 1.34814025092 -2.37237127736 
104.944028469 129.774820919 1.91316318512 282.220184326 66.3446426392 21299200 0.273209608925 0.0 0.273209608925 0.404957549232 -1.86981356189 1.86981356189 0.404957549232 
110.984978761 64.5032627546 1.68541908264 201.101104736 62.0278892517 12124160 0.352033656384 0.0 0.352033656384 -1.57240599169 -0.606775808218 0.606775808218 -1.57240599169 
120.52986694 46.4046263084 1.47535145283 269.165100098 60.0248641968 8388608 0.459419074547 0.0 0.459419074547 -0.0214976950009 -1.47519482051 1.47519482051 -0.0214976950009 
136.261024873 138.816518983 1.53715384007 349.539978027 59.5610275269 8388608 0.423219170161 0.0 0.423219170161 1.51160914504 -0.279069383256 0.279069383256 1.51160914504 
120.544978575 105.094919585 4.90973424911 72.6735229492 56.2954788208 22610177 0.0414843250867 0.0 0.0414843250867 1.46219765305 4.68694659884 -4.68694659884 1.46219765305 
154.723803878 54.0597728451 1.30814063549 159.981872559 55.6206588745 8388608 0.584374325312 0.0 0.584374325312 -1.2291084873 0.447799339737 -0.447799339737 -1.2291084873 
200.509010665 69.4356825706 2.20914411545 72.3473815918 54.5361785889 15008000 0.204904692029 0.0 0.204904692029 0.669912215601 2.10512121889 -2.10512121889 0.669912215601 
191.127333778 72.4765327814 2.09848284721 79.005065918 54.1219673157 11272448 0.227085368423 0.0 0.227085368423 0.400227269797 2.05996320175 -2.05996320175 0.400227269797 
91.3636908643 100.202798008 1.28511869907 88.4715270996 53.6223373413 8388608 0.605499117295 0.0 0.605499117295 0.0342788971473 1.28466144486 -1.28466144486 0.0342788971473 
224.561743757 62.551971187 2.04682517052 67.2282104492 52.724899292 9437440 0.238692350956 0.0 0.238692350956 0.792247519868 1.88728300631 -1.88728300631 0.792247519868 
91.5198981057 110.005228519 2.32392549515 77.8112182617 51.325050354 18612480 0.185163592813 0.0 0.185163592813 0.490658334528 2.27153782838 -2.27153782838 0.490658334528 
88.4958714696 110.656571438 4.44563007355 70.9343261719 50.4037094116 15401217 0.0505980006912 0.0 0.0505980006912 1.45217269639 4.20176405938 -4.20176405938 1.45217269639 
61.4715809506 131.19644884 1.42385852337 9.12237548828 50.2451438904 8388608 0.493249122561 0.0 0.493249122561 1.40584951325 0.225743750006 -0.225743750006 1.40584951325 
122.747745433 100.424086895 2.08415198326 47.1013183594 48.9445228577 10748160 0.230219034408 0.0 0.230219034408 1.41869061908 1.5267633794 -1.5267633794 1.41869061908 
171.669437751 55.4390269033 6.05549764633 264.623382568 48.5942420959 21037569 0.0272709533631 0.0 0.0272709533631 -0.5674123244 -6.02885519803 6.02885519803 -0.5674123244 
15.5897223904 129.37007111 1.39258432388 148.886291504 48.3695030212 8388608 0.515652343504 0.0 0.515652343504 -1.1922519825 0.719601493429 -0.719601493429 -1.1922519825 
85.0821866057 110.999015182 1.79576277733 83.1413879395 48.1851882935 16711680 0.310100216558 0.0 0.310100216558 0.214449422538 1.78291205549 -1.78291205549 0.214449422538 
119.846139326 102.620184007 1.30386292934 57.7917175293 48.0271987915 8388608 0.588215039273 0.0 0.588215039273 0.694957106971 1.10321945142 -1.10321945142 0.694957106971 
97.5320060463 110.456964906 1.34009110928 76.8500061035 45.99269104 8388608 0.556841183935 0.0 0.556841183935 0.304872163491 1.30495101252 -1.30495101252 0.304872163491 
238.306703943 102.881596967 1.49234163761 166.808380127 45.6495704651 8388608 0.449017727245 0.0 0.449017727245 -1.45296216111 0.340565003676 -0.340565003676 -1.45296216111 
157.814651849 141.461781988 1.28879451752 191.033447266 45.1766738892 8388608 0.602050110048 0.0 0.602050110048 -1.26497196099 -0.246652075364 0.246652075364 -1.26497196099 
57.6102004896 67.4841737686 1.40585494041 227.759185791 43.5831947327 8388608 0.505963254204 0.0 0.505963254204 -0.94508334817 -1.04079084282 1.04079084282 -0.94508334817 
19.4640738306 100.381156446 1.3054407835 72.5801391602 43.2767944336 8388608 0.586793976502 0.0 0.586793976502 0.39081182992 1.24556884708 -1.24556884708 0.39081182992 
208.75372125 54.5055294173 1.40434277058 337.031585693 43.0881958008 8388608 0.507053464247 0.0 0.507053464247 1.29300663528 -0.548007717453 0.548007717453 1.29300663528 
34.9306010046 93.079082324 2.63961648941 268.583770752 42.706867218 11141632 0.143521952716 0.0 0.143521952716 -0.0652390359732 -2.63881016357 2.63881016357 -0.0652390359732 
170.765497118 55.9740917078 1.36088263988 219.131713867 41.9358978271 8388608 0.539956348767 0.0 0.539956348767 -1.05563285595 -0.858860194086 0.858860194086 -1.05563285595 
26.7503665353 95.2395655118 1.8184595108 269.898498535 40.9954147339 17629184 0.302407618945 0.0 0.302407618945 -0.0032214625428 -1.81845665734 1.81845665734 -0.0032214625428 
59.3247210929 90.5642328668 3.82478165627 276.012786865 37.9674682617 21233665 0.0683575839334 0.0 0.0683575839334 0.40064745047 -3.80373978323 3.80373978323 0.40064745047 
225.726944921 86.3865739288 2.59076476097 223.701385498 37.175327301 9765376 0.14898551191 0.0 0.14898551191 -1.87299452161 -1.78995909694 1.78995909694 -1.87299452161 
198.820851864 83.3363856052 2.03538370132 25.8319396973 36.8874053955 9044224 0.241383408192 0.0 0.241383408192 1.83200004212 0.886883677419 -0.886883677419 1.83200004212 
163.747137164 39.6149458622 1.45701742172 256.396331787 36.1543540955 8388608 0.471053798888 0.0 0.471053798888 -0.342696820884 -1.41614217371 1.41614217371 -0.342696820884 
145.842228321 90.3633536278 3.86567473412 262.486938477 36.0253829956 22020097 0.0669189907441 0.0 0.0669189907441 -0.505445495801 -3.83248822578 3.83248822578 -0.505445495801 
145.017258178 96.3288698704 2.0053164959 254.086761475 35.3141937256 24707072 0.248676157016 0.0 0.248676157016 -0.549820539112 -1.92846872505 1.92846872505 -0.549820539112 
167.288244472 93.4056873601 1.50712203979 67.2205505371 34.9238357544 8388608 0.440253845592 0.0 0.440253845592 0.583534915399 1.38956966193 -1.38956966193 0.583534915399 
164.688834443 86.9037592155 1.45756447315 49.0592956543 34.5334854126 8388608 0.470700274498 0.0 0.470700274498 0.955109387033 1.10102690803 -1.10102690803 0.955109387033 
222.788694 122.374347505 1.80941641331 164.490280151 32.1513442993 17235968 0.305437916785 0.0 0.305437916785 -1.74352670302 0.483841288633 -0.483841288633 -1.74352670302 
100.958319182 62.3564057921 2.02720355988 202.545043945 32.0202026367 8782080 0.243335391998 0.0 0.243335391998 -1.87228140948 -0.777249378838 0.777249378838 -1.87228140948 
85.4564629653 61.1824025431 1.28040385246 59.038269043 31.7133216858 8388608 0.609966600977 0.0 0.609966600977 0.658723531589 1.09796053405 -1.09796053405 0.658723531589 
101.907574028 109.513237947 2.66469192505 73.1117553711 29.921836853 11796992 0.140833505107 0.0 0.140833505107 0.774108667565 2.5497723087 -2.5497723087 0.774108667565 
111.414915075 106.66354242 2.09182190895 78.7607116699 27.404083252 11010304 0.228533875949 0.0 0.228533875949 0.407710642789 2.05170439648 -2.05170439648 0.407710642789 
95.4703114286 64.9549081275 1.92946124077 260.059265137 27.0826301575 21889024 0.268613528842 0.0 0.268613528842 -0.333081789604 -1.90049393608 1.90049393608 -0.333081789604 
119.241761582 89.6971348372 1.8284471035 255.114959717 27.0562515259 18022400 0.299112937783 0.0 0.299112937783 -0.469692346127 -1.7670902383 1.7670902383 -0.469692346127 
159.994718561 87.0418744946 1.18871724606 89.3923950195 26.784986496 8388608 0.707689696979 0.0 0.707689696979 0.0126057623712 1.18865040522 -1.18865040522 0.0126057623712 
194.587395098 31.9876079422 2.85264396667 273.900421143 25.1776027679 16777728 0.122886692955 0.0 0.122886692955 0.194044327856 -2.84603661245 2.84603661245 0.194044327856 
98.0550616096 91.6638927117 1.64670979977 255.292663574 25.1624145508 10420224 0.368778726217 0.0 0.368778726217 -0.418069641613 -1.59275576891 1.59275576891 -0.418069641613 
217.296712989 75.8225034193 2.32808685303 73.3169250488 21.7931747437 18743552 0.184502240056 0.0 0.184502240056 0.66834151333 2.23009148171 -2.23009148171 0.66834151333 
181.789443499 86.9760917946 2.51351952553 65.2792663574 21.0881385803 24314112 0.158283437515 0.0 0.158283437515 1.05114333038 2.28317281523 -2.28317281523 1.05114333038 
71.7896741134 113.273717372 1.17360210419 280.671020508 21.0180740356 8388608 0.726036143067 0.0 0.726036143067 0.217315430237 -1.15330650858 1.15330650858 0.217315430237 
124.466271124 86.8921317965 1.25697147846 245.318603516 20.4848899841 8388608 0.632920486564 0.0 0.632920486564 -0.524876177035 -1.14213935071 1.14213935071 -0.524876177035 
115.135029986 122.838666825 2.10021972656 289.455505371 20.4009475708 11337984 0.226709925044 0.0 0.226709925044 0.69953010623 -1.98029809128 1.98029809128 0.69953010623 
83.403022603 130.226161128 1.34395956993 317.156005859 20.3591785431 8388608 0.553640168002 0.0 0.553640168002 0.985401833459 -0.913898545915 0.913898545915 0.985401833459 
188.68718902 86.5664945804 1.58991527557 72.9467468262 17.9005241394 8388608 0.395596131531 0.0 0.395596131531 0.466259204439 1.52001083476 -1.52001083476 0.466259204439 
190.540128073 78.7754002898 1.32688856125 187.608154297 17.6608848572 8388608 0.567977457965 0.0 0.567977457965 -1.31520757323 -0.175676672622 0.175676672622 -1.31520757323 
209.052661485 78.2287224099 2.38376379013 70.2867431641 17.0148353577 20513024 0.175984153321 0.0 0.175984153321 0.804074712133 2.24405741113 -2.24405741113 0.804074712133 
196.206063904 96.5111509508 3.04489612579 247.435302734 16.4614028931 21496320 0.107858664054 0.0 0.107858664054 -1.16840707362 -2.81179965986 2.81179965986 -1.16840707362 
140.254309005 83.5409101983 1.91810655594 341.543457031 15.3114109039 21495808 0.271803184405 0.0 0.271803184405 1.81944691906 -0.607244323706 0.607244323706 1.81944691906 
15.0898084691 86.1792525332 2.01393294334 242.427185059 15.242603302 24969216 0.246552827784 0.0 0.246552827784 -0.932200232327 -1.78519708356 1.78519708356 -0.932200232327 
170.24631544 30.9897554441 2.55539679527 264.19354248 14.8262901306 8782336 0.153138119016 0.0 0.153138119016 -0.258525467874 -2.54228585406 2.54228585406 -0.258525467874 
198.123048489 93.408818113 2.06513023376 246.405731201 14.587638855 10092800 0.234479624676 0.0 0.234479624676 -0.826583592605 -1.89249106916 1.89249106916 -0.826583592605 
207.431841692 91.8915399991 2.84680271149 246.409606934 13.8920879364 16581120 0.123391504164 0.0 0.123391504164 -1.13927728718 -2.60889496551 2.60889496551 -1.13927728718 
216.561885949 87.7736796787 1.98328232765 240.973815918 13.6296977997 23920640 0.254232410891 0.0 0.254232410891 -0.962306969315 -1.7341782169 1.7341782169 -0.962306969315 
179.649469133 111.176836922 1.71725308895 245.622802734 13.3059310913 13500416 0.339102809141 0.0 0.339102809141 -0.708782406937 -1.56415653665 1.56415653665 -0.708782406937 
177.083368355 113.926635095 1.53347873688 241.50289917 12.2985668182 8388608 0.425250157448 0.0 0.425250157448 -0.731644620998 -1.34768437886 1.34768437886 -0.731644620998 
97.9257037711 84.0578706436 1.28909063339 254.143951416 11.1890525818 8388608 0.601773549014 0.0 0.601773549014 -0.352207133872 -1.24004225571 1.24004225571 -0.352207133872 
133.827685385 95.8658228351 1.29471838474 52.8943481445 10.4742507935 8388608 0.596553461606 0.0 0.596553461606 0.781086331616 1.03256953197 -1.03256953197 0.781086331616 
182.905133859 97.9271537319 1.92833161354 256.324707031 10.2576828003 21889024 0.268928331576 0.0 0.268928331576 -0.455894566454 -1.87366564682 1.87366564682 -0.455894566454 
176.47123423 100.186535125 2.00165700912 255.821746826 10.2489318848 24576000 0.249586261966 0.0 0.249586261966 -0.490284690101 -1.94068330874 1.94068330874 -0.490284690101 
193.784491904 104.118304222 1.983279109 250.563079834 9.71328735352 23920640 0.254233236076 0.0 0.254233236076 -0.659973518728 -1.87024890824 1.87024890824 -0.659973518728 
193.661935104 106.942657553 1.26025044918 250.693252563 9.49471664429 8388608 0.629631254796 0.0 0.629631254796 -0.416670981672 -1.18937651217 1.18937651217 -0.416670981672 
199.390064933 101.893412992 2.00674033165 248.389160156 9.31975364685 24707072 0.248323397483 0.0 0.248323397483 -0.739083369999 -1.86568017915 1.86568017915 -0.739083369999 
168.043046045 100.712596806 1.37855625153 259.566864014 8.31073760986 8388608 0.526200208595 0.0 0.526200208595 -0.249639919961 -1.35576445188 1.35576445188 -0.249639919961 
121.875840157 117.470337223 1.30314898491 273.43862915 8.13151550293 8388608 0.588859735922 0.0 0.588859735922 0.0781620671059 -1.30080281678 1.30080281678 0.0781620671059 
217.351298469 145.625743024 1.87583041191 73.3675537109 7.31085586548 19857408 0.284192658601 0.0 0.284192658601 0.536920841722 1.79734686245 -1.79734686245 0.536920841722 
219.158141778 142.20731421 1.2832723856 70.634552002 7.02791976929 8388608 0.607242699428 0.0 0.607242699428 0.425523196546 1.21066842068 -1.21066842068 0.425523196546 
61.0274332424 45.7268216148 2.28353381157 252.396759033 6.12236404419 17367296 0.191771960056 0.0 0.191771960056 -0.690594991021 -2.17660405838 2.17660405838 -0.690594991021 
66.0949247016 169.115155827 2.2478928566 97.7074279785 5.61601257324 16253184 0.197901363119 0.0 0.197901363119 -0.301475381709 2.22758499029 -2.22758499029 -0.301475381709 
67.2902972525 167.536748289 1.27772641182 79.5478515625 5.50573348999 8388608 0.612525615901 0.0 0.612525615901 0.231797816614 1.2565247931 -1.2565247931 0.231797816614 
76.5122786364 170.254520488 2.19296169281 94.5827026367 5.42098999023 14418176 0.207939937565 0.0 0.207939937565 -0.17521324715 2.18595089244 -2.18595089244 -0.17521324715 
89.6142533586 31.8221382334 1.95424008369 249.735656738 5.34010696411 22806528 0.261844928145 0.0 0.261844928145 -0.676854786305 -1.83328173039 1.83328173039 -0.676854786305 
27.4385990935 159.790055128 1.26358187199 100.346069336 4.31185913086 8388608 0.626315596574 0.0 0.626315596574 -0.226930789444 1.24303723356 -1.24303723356 -0.226930789444 
189.971933178 101.203795052 1.30006122589 251.23651123 4.05433082581 8388608 0.591660244364 0.0 0.591660244364 -0.418180795791 -1.23096872954 1.23096872954 -0.418180795791 
188.929387858 20.1609976307 1.41119647026 277.769622803 4.02049636841 8388608 0.502140252898 0.0 0.502140252898 0.190780041157 -1.39824120007 1.39824120007 0.190780041157 
234.668453648 36.730605951 1.92392349243 275.032348633 3.97204971313 21692416 0.270162088263 0.0 0.270162088263 0.168763049019 -1.9165074062 1.9165074062 0.168763049019 
223.947619476 25.5577081062 2.59494400024 285.635803223 3.83420944214 9896448 0.148506006606 0.0 0.148506006606 0.699393544654 -2.49891637197 2.49891637197 0.699393544654 
224.432431363 31.2253626763 1.81482934952 280.173858643 3.59366226196 17498112 0.30361862688 0.0 0.30361862688 0.320563616133 -1.78629351896 1.78629351896 0.320563616133 
210.468447722 131.239228025 1.25352060795 68.0874023438 3.03440284729 8388608 0.636410071049 0.0 0.636410071049 0.467803583755 1.16295903693 -1.16295903693 0.467803583755 
186.344460296 138.859539848 1.25136244297 70.3684082031 2.06720542908 8388608 0.638607136049 0.0 0.638607136049 0.42042143025 1.17862368238 -1.17862368238 0.42042143025 
