13
65
168.276919029 98.0749339114 3.58344626427 5.56793212891 171.525588989 16515073 0.0778750264649 0.0 0.0778750264649 3.56653906407 0.347686976144 -0.347686976144 3.56653906407 
147.15778645 98.3776942415 4.0734834671 259.493347168 147.839813232 9109761 0.0602654056279 0.0 0.0602654056279 -0.742798462723 -4.00518638774 4.00518638774 -0.742798462723 
154.437609639 95.3018010467 1.87585675716 83.5284423828 138.763580322 19857408 0.284184676035 0.0 0.284184676035 0.211427773135 1.8639036644 -1.8639036644 0.211427773135 
198.420555977 100.35340368 3.87301850319 271.47454834 104.210502625 22151169 0.0666654563507 0.0 0.0666654563507 0.0996639308043 -3.87173597072 3.87173597072 0.0996639308043 
237.526750455 145.545887728 2.65747284889 13.3786621094 95.8834228516 11600384 0.141599698241 0.0 0.141599698241 2.58535466292 0.61490097539 -0.61490097539 2.58535466292 
76.5508508746 119.616861473 1.31928575039 239.593505859 95.6627044678 8388608 0.5745426282 0.0 0.5745426282 -0.66773210445 -1.13782631709 1.13782631709 -0.66773210445 
222.51027591 95.588519237 1.24276995659 3.63101196289 92.6332244873 8388608 0.647468297144 0.0 0.647468297144 1.24027521544 0.0787054951554 -0.0787054951554 1.24027521544 
110.671677913 111.073782823 1.69218349457 240.324081421 91.4895324707 12386304 0.349224810758 0.0 0.349224810758 -0.837789114596 -1.47023616428 1.47023616428 -0.837789114596 
125.926314581 113.343207829 5.14422798157 301.559417725 91.3934249878 9241089 0.0377884940952 0.0 0.0377884940952 2.6923989079 -4.38338563751 4.38338563751 2.6923989079 
165.485579707 133.282698801 1.75417590141 21.2136535645 79.9448242188 15007744 0.324977818556 0.0 0.324977818556 1.63530873185 0.634742817721 -0.634742817721 1.63530873185 
69.1789518113 131.442618431 2.05638980865 246.67678833 79.2490692139 9765120 0.236477112758 0.0 0.236477112758 -0.814160817256 -1.88835410048 1.88835410048 -0.814160817256 
191.419892161 105.190859885 1.15010750294 191.277832031 75.9455718994 8388608 0.756002317265 0.0 0.756002317265 -1.12789938423 -0.224922758679 0.224922758679 -1.12789938423 
65.8252500638 146.739163826 2.22529959679 129.02305603 75.7362060547 15532288 0.201940311355 0.0 0.201940311355 -1.4011222089 1.72881891798 -1.72881891798 -1.4011222089 
119.539842033 107.929486796 2.25623607635 241.810668945 75.6660766602 16515328 0.196440450622 0.0 0.196440450622 -1.06581580336 -1.98862714091 1.98862714091 -1.06581580336 
71.7986607797 122.013327385 1.32944667339 236.189239502 72.8003005981 8388608 0.565793764277 0.0 0.565793764277 -0.739772821131 -1.10461062394 1.10461062394 -0.739772821131 
88.8305560571 119.870715051 2.78134727478 254.248641968 71.9526138306 14942720 0.129267564013 0.0 0.129267564013 -0.755033604054 -2.67690435385 2.67690435385 -0.755033604054 
238.573226157 135.385560298 1.33094203472 359.24206543 70.6211166382 8388608 0.564523099139 0.0 0.564523099139 1.33082558432 -0.0176057916832 0.0176057916832 1.33082558432 
208.327364352 96.4574795784 2.08921265602 276.325805664 64.1947174072 10944768 0.229105072041 0.0 0.229105072041 0.230193574131 -2.07649234058 2.07649234058 0.230193574131 
184.798212647 133.108754663 2.20958948135 88.9801330566 56.5343360901 15008000 0.20482209898 0.0 0.20482209898 0.0393286956182 2.20923944601 -2.20923944601 0.0393286956182 
123.80656575 91.7008781158 2.59429216385 249.571060181 55.2151641846 9896448 0.148580642595 0.0 0.148580642595 -0.905525796398 -2.43112625412 2.43112625412 -0.905525796398 
87.2708233782 147.406198713 1.55418670177 43.048828125 55.1297836304 8388608 0.413993595583 0.0 0.413993595583 1.1357564807 1.06092107177 -1.06092107177 1.1357564807 
145.160046474 115.846848022 2.24525523186 267.639587402 54.9755363464 16122112 0.198366607452 0.0 0.198366607452 -0.0924715537215 -2.24335018843 2.24335018843 -0.0924715537215 
221.677539391 106.230853711 6.66020393372 334.641784668 54.3831176758 11206658 0.022543686963 0.0 0.022543686963 6.01847907479 -2.8524070651 2.8524070651 6.01847907479 
149.866005329 118.964034243 4.02430105209 263.983032227 53.9085464478 24903681 0.0617474568909 0.0 0.0617474568909 -0.421839228246 -4.00213076041 4.00213076041 -0.421839228246 
92.0145093228 86.4639310431 8.38660240173 250.7006073 52.4205131531 11206914 0.0142176523842 0.0 0.0142176523842 -2.77180890248 -7.91531270721 7.91531270721 -2.77180890248 
162.05696374 104.713213143 1.38178920746 188.245391846 52.0083236694 8388608 0.523740800229 0.0 0.523740800229 -1.36750554791 -0.198166572054 0.198166572054 -1.36750554791 
178.728709237 112.483972618 1.72612094879 269.680664062 51.2285766602 13828096 0.33562751185 0.0 0.33562751185 -0.00962042234778 -1.72609413919 1.72609413919 -0.00962042234778 
116.78614904 95.9906744014 2.24115967751 242.091995239 50.9553718567 15991040 0.199092270644 0.0 0.199092270644 -1.04898213825 -1.98051336115 1.98051336115 -1.04898213825 
186.123070436 113.147312737 1.89721214771 261.179382324 45.291633606 20709376 0.277823006327 0.0 0.277823006327 -0.290921236501 -1.87477432444 1.87477432444 -0.290921236501 
190.937192824 112.567958182 2.20885968208 239.706268311 45.082572937 14942464 0.204957466304 0.0 0.204957466304 -1.11422207612 -1.9072415317 1.9072415317 -1.11422207612 
201.668973304 139.396601109 2.01631975174 46.2786560059 44.7825775146 8388864 0.24596946192 0.0 0.24596946192 1.39358279392 1.45721389567 -1.45721389567 1.39358279392 
204.693624736 137.127080931 3.02565717697 57.283782959 44.1420669556 21037568 0.109234685541 0.0 0.109234685541 1.63530259409 2.54566038158 -2.54566038158 1.63530259409 
183.412371989 103.20061632 1.7531003952 266.697570801 41.980884552 14942208 0.325376680908 0.0 0.325376680908 -0.100989722191 -1.75018915311 1.75018915311 -0.100989722191 
152.405718798 103.929701115 2.04606461525 262.048339844 36.6399536133 9437440 0.238869835542 0.0 0.238869835542 -0.283047612708 -2.02639198052 2.02639198052 -0.283047612708 
213.544639221 86.4481832788 2.18100237846 273.84954834 30.6259803772 14024960 0.210226626675 0.0 0.210226626675 0.146425424366 -2.17608156326 2.17608156326 0.146425424366 
194.95438479 125.166159876 1.48633003235 104.323104858 30.3286552429 8388608 0.452657263685 0.0 0.452657263685 -0.367702820908 1.44012902219 -1.44012902219 -0.367702820908 
138.996607203 106.67173421 1.55030679703 265.174621582 30.125202179 8388608 0.416068366439 0.0 0.416068366439 -0.130410596387 -1.54481204075 1.54481204075 -0.130410596387 
175.935276166 104.659677688 1.28547883034 270.144439697 28.5245380402 8388608 0.605159899546 0.0 0.605159899546 0.00324062222397 -1.28547474561 1.28547474561 0.00324062222397 
218.198305323 134.31298173 2.57115530968 128.669189453 24.5656528473 9241088 0.151266715955 0.0 0.151266715955 -1.60651669901 2.00747197298 -2.00747197298 -1.60651669901 
59.4288280264 124.375199714 1.95945477486 211.496047974 20.6211471558 23003136 0.260453088406 0.0 0.260453088406 -1.67078045565 -1.02369706638 1.02369706638 -1.67078045565 
107.559527525 139.667334267 1.74791228771 159.52130127 17.6345615387 14745600 0.327311096586 0.0 0.327311096586 -1.63744829269 0.611523061141 -0.611523061141 -1.63744829269 
158.993480398 146.692814979 2.04587316513 90.2777709961 17.0013389587 9437440 0.238914543884 0.0 0.238914543884 -0.00991839199503 2.04584912281 -2.04584912281 -0.00991839199503 
114.662151862 133.3989053 1.67887639999 261.523193359 14.3953857422 11862016 0.354782795554 0.0 0.354782795554 -0.247481566676 -1.66053570892 1.66053570892 -0.247481566676 
57.3500615454 132.108119602 1.22310841084 194.296295166 14.0319252014 8388608 0.668451796308 0.0 0.668451796308 -1.18523082352 -0.302029931697 0.302029931697 -1.18523082352 
225.41411405 105.063324168 1.15708518028 331.839172363 13.5245838165 8388608 0.746911828942 0.0 0.746911828942 1.0201167526 -0.546084174371 0.546084174371 1.0201167526 
222.649952136 120.222494237 1.59927463531 310.758605957 9.83902168274 8388608 0.390979422975 0.0 0.390979422975 1.04412408154 -1.21139764797 1.21139764797 1.04412408154 
216.161162317 121.250324888 1.4987912178 271.692687988 8.44264793396 8388608 0.44516162662 0.0 0.44516162662 0.0442723161697 -1.49813720219 1.49813720219 0.0442723161697 
206.964229156 120.871376338 1.39377140999 266.577972412 7.86391448975 8388608 0.514774347224 0.0 0.514774347224 -0.0831944195292 -1.39128625087 1.39128625087 -0.0831944195292 
43.2294205892 117.770006716 3.06692147255 209.867919922 7.32430267334 22020608 0.106315035286 0.0 0.106315035286 -2.65955982944 -1.52733389684 1.52733389684 -2.65955982944 
57.2850408105 114.820717244 1.51748895645 184.003738403 6.52227401733 8388608 0.434259093696 0.0 0.434259093696 -1.51378551965 -0.105953449413 0.105953449413 -1.51378551965 
54.0926931495 100.863416823 3.0274477005 233.298721313 5.53470611572 21037568 0.1091055144 0.0 0.1091055144 -1.80933304803 -2.42729345168 2.42729345168 -1.80933304803 
67.1550589587 90.9823003895 3.43995714188 260.945983887 4.8521194458 13565953 0.0845072436097 0.0 0.0845072436097 -0.541330738943 -3.39709672647 3.39709672647 -0.541330738943 
239.761592249 98.7634950353 1.43775188923 14.2037963867 4.70245742798 8388608 0.483762395469 0.0 0.483762395469 1.39379851113 0.352783510583 -0.352783510583 1.39379851113 
232.190677618 91.5345527549 1.44004321098 288.311767578 4.62141036987 8388608 0.482224145181 0.0 0.482224145181 0.452443497408 -1.36712081805 1.36712081805 0.452443497408 
258.326108284 137.024094623 3.40067338943 359.935668945 4.40311813354 12779521 0.0864709347937 0.0 0.0864709347937 3.4006712459 -0.00381823690477 0.00381823690477 3.4006712459 
250.014216895 66.0459759761 4.96564817429 313.850189209 4.24094390869 23396609 0.0405553457779 0.0 0.0405553457779 3.44007764064 -3.58099533889 3.58099533889 3.44007764064 
224.494474488 128.631439264 1.29331052303 325.643127441 4.14105987549 8388608 0.597852951386 0.0 0.597852951386 1.0676776604 -0.72987431964 0.72987431964 1.0676776604 
255.104001974 86.9837295451 3.86816477776 342.938140869 4.0802192688 22085633 0.066832863299 0.0 0.066832863299 3.69792120176 -1.13493503491 1.13493503491 3.69792120176 
246.001473845 143.416082233 1.18624186516 1.06201171875 3.67290496826 8388608 0.710646310445 0.0 0.710646310445 1.18603809332 0.0219864470982 -0.0219864470982 1.18603809332 
259.412202023 108.655249707 3.61211776733 356.909606934 3.64516448975 17104897 0.0766436532353 0.0 0.0766436532353 3.60686475053 -0.194734271488 0.194734271488 3.60686475053 
80.3769133939 97.1501118666 1.316421628 221.713745117 3.58856964111 8388608 0.577045398564 0.0 0.577045398564 -0.982680539215 -0.875959394327 0.875959394327 -0.982680539215 
255.953151899 149.972422568 1.48705089092 355.571868896 3.57522964478 8388608 0.452218512351 0.0 0.452218512351 1.48261199125 -0.114813046333 0.114813046333 1.48261199125 
247.176285222 97.820688988 1.26308000088 1.30844116211 3.55373382568 8388608 0.626813414845 0.0 0.626813414845 1.26275066039 0.0288419537154 -0.0288419537154 1.26275066039 
248.677732623 87.4463489556 1.62229764462 329.889099121 3.54424667358 9371648 0.379960914889 0.0 0.379960914889 1.40337829402 -0.813866703832 0.813866703832 1.40337829402 
251.053941101 128.727620032 1.82241392136 357.580383301 3.54145431519 17760256 0.301096669276 0.0 0.301096669276 1.82078911965 -0.0769381732962 0.0769381732962 1.82078911965 
