13
58
168.276919029 98.0749339114 3.58344626427 137.780434979 171.525588989 16515073 0.0778750264649 0.0 0.0778750264649 -2.65381135485 2.4079809845 -2.4079809845 -2.65381135485 
147.15778645 98.3776942415 4.0734834671 132.037979685 147.839813232 9109761 0.0602654056279 0.0 0.0602654056279 -2.72769849726 3.02538071402 -3.02538071402 -2.72769849726 
154.437609639 95.3018010467 1.87585675716 133.430895556 138.763580322 19857408 0.284184676035 0.0 0.284184676035 -1.2896125049 1.36225480752 -1.36225480752 -1.2896125049 
198.420555977 100.35340368 3.87301850319 144.088654864 104.210502625 22151169 0.0666654563507 0.0 0.0666654563507 -3.13685651349 2.27165216083 -2.27165216083 -3.13685651349 
237.526750455 145.545887728 2.65747284889 139.060122403 95.8834228516 11600384 0.141599698241 0.0 0.141599698241 -2.00744858436 1.74135353209 -1.74135353209 -2.00744858436 
76.5508508746 119.616861473 1.31928575039 121.111073807 95.6627044678 8388608 0.5745426282 0.0 0.5745426282 -0.681673382174 1.12952923433 -1.12952923433 -0.681673382174 
222.51027591 95.588519237 1.24276995659 138.376729934 92.6332244873 8388608 0.647468297144 0.0 0.647468297144 -0.929005815256 0.825484924284 -0.825484924284 -0.929005815256 
110.671677913 111.073782823 1.69218349457 119.986903727 91.4895324707 12386304 0.349224810758 0.0 0.349224810758 -0.845756757305 1.46566724967 -1.46566724967 -0.845756757305 
125.926314581 113.343207829 5.14422798157 125.301955645 91.3934249878 9241089 0.0377884940952 0.0 0.0377884940952 -2.97277466054 4.1982963621 -4.1982963621 -2.97277466054 
165.485579707 133.282698801 1.75417590141 137.826861092 79.9448242188 15007744 0.324977818556 0.0 0.324977818556 -1.30005383929 1.17770671563 -1.17770671563 -1.30005383929 
69.1789518113 131.442618431 2.05638980865 118.97395005 79.2490692139 9765120 0.236477112758 0.0 0.236477112758 -0.996139731034 1.79901214042 -1.79901214042 -0.996139731034 
191.419892161 105.190859885 1.15010750294 130.607062523 75.9455718994 8388608 0.756002317265 0.0 0.756002317265 -0.748567944055 0.873151362277 -0.873151362277 -0.748567944055 
65.8252500638 146.739163826 2.22529959679 134.277594062 75.7362060547 15532288 0.201940311355 0.0 0.201940311355 -1.55356032422 1.59323840477 -1.59323840477 -1.55356032422 
119.539842033 107.929486796 2.25623607635 121.830591447 75.6660766602 16515328 0.196440450622 0.0 0.196440450622 -1.1899603326 1.91692348285 -1.91692348285 -1.1899603326 
71.7986607797 122.013327385 1.32944667339 120.794948605 72.8003005981 8388608 0.565793764277 0.0 0.565793764277 -0.680633003173 1.14200138896 -1.14200138896 -0.680633003173 
88.8305560571 119.870715051 2.78134727478 126.092836502 71.9526138306 14942720 0.129267564013 0.0 0.129267564013 -1.63847869763 2.24750533266 -2.24750533266 -1.63847869763 
238.573226157 135.385560298 1.33094203472 132.169355855 70.6211166382 8388608 0.564523099139 0.0 0.564523099139 -0.893493703756 0.986445995043 -0.986445995043 -0.893493703756 
208.327364352 96.4574795784 2.08921265602 144.037610328 64.1947174072 10944768 0.229105072041 0.0 0.229105072041 -1.69101427362 1.22689863008 -1.22689863008 -1.69101427362 
184.798212647 133.108754663 2.20958948135 142.571402433 56.5343360901 15008000 0.20482209898 0.0 0.20482209898 -1.75466012385 1.34292722285 -1.34292722285 -1.75466012385 
123.80656575 91.7008781158 2.59429216385 117.077792787 55.2151641846 9896448 0.148580642595 0.0 0.148580642595 -1.18092136842 2.30992998877 -2.30992998877 -1.18092136842 
87.2708233782 147.406198713 1.55418670177 144.852814665 55.1297836304 8388608 0.413993595583 0.0 0.413993595583 -1.27082101096 0.894712390702 -0.894712390702 -1.27082101096 
145.160046474 115.846848022 2.24525523186 133.212028557 54.9755363464 16122112 0.198366607452 0.0 0.198366607452 -1.53732654691 1.63639791749 -1.63639791749 -1.53732654691 
149.866005329 118.964034243 4.02430105209 134.770726364 53.9085464478 24903681 0.0617474568909 0.0 0.0617474568909 -2.83420087318 2.85697468808 -2.85697468808 -2.83420087318 
162.05696374 104.713213143 1.38178920746 131.635079185 52.0083236694 8388608 0.523740800229 0.0 0.523740800229 -0.918038537912 1.03273745781 -1.03273745781 -0.918038537912 
178.728709237 112.483972618 1.72612094879 134.82437293 51.2285766602 13828096 0.33562751185 0.0 0.33562751185 -1.21680477815 1.22428740978 -1.22428740978 -1.21680477815 
116.78614904 95.9906744014 2.24115967751 116.909369267 50.9553718567 15991040 0.199092270644 0.0 0.199092270644 -1.01430524377 1.99849482675 -1.99849482675 -1.01430524377 
186.123070436 113.147312737 1.89721214771 135.828167961 45.291633606 20709376 0.277823006327 0.0 0.277823006327 -1.36078160519 1.32200126944 -1.32200126944 -1.36078160519 
190.937192824 112.567958182 2.20885968208 139.08657102 45.082572937 14942464 0.204957466304 0.0 0.204957466304 -1.66923524035 1.44662186058 -1.44662186058 -1.66923524035 
201.668973304 139.396601109 2.01631975174 135.486429332 44.7825775146 8388864 0.24596946192 0.0 0.24596946192 -1.43780619425 1.41359778191 -1.41359778191 -1.43780619425 
204.693624736 137.127080931 3.02565717697 135.683094256 44.1420669556 21037568 0.109234685541 0.0 0.109234685541 -2.16481724955 2.11380406581 -2.11380406581 -2.16481724955 
183.412371989 103.20061632 1.7531003952 136.13479533 41.980884552 14942208 0.325376680908 0.0 0.325376680908 -1.26393643296 1.21483566341 -1.21483566341 -1.26393643296 
152.405718798 103.929701115 2.04606461525 133.782757513 36.6399536133 9437440 0.238869835542 0.0 0.238869835542 -1.41572517675 1.47719417603 -1.47719417603 -1.41572517675 
213.544639221 86.4481832788 2.18100237846 135.259822661 30.6259803772 14024960 0.210226626675 0.0 0.210226626675 -1.54917920608 1.53519222325 -1.53519222325 -1.54917920608 
194.95438479 125.166159876 1.48633003235 137.218047613 30.3286552429 8388608 0.452657263685 0.0 0.452657263685 -1.09088277963 1.00953044836 -1.00953044836 -1.09088277963 
138.996607203 106.67173421 1.55030679703 131.935113328 30.125202179 8388608 0.416068366439 0.0 0.416068366439 -1.03605232219 1.15327652824 -1.15327652824 -1.03605232219 
175.935276166 104.659677688 1.28547883034 133.118656622 28.5245380402 8388608 0.605159899546 0.0 0.605159899546 -0.878639553917 0.938322096904 -0.938322096904 -0.878639553917 
218.198305323 134.31298173 2.57115530968 136.503038913 24.5656528473 9241088 0.151266715955 0.0 0.151266715955 -1.86514403493 1.76976759927 -1.76976759927 -1.86514403493 
59.4288280264 124.375199714 1.95945477486 123.50119285 20.6211471558 23003136 0.260453088406 0.0 0.260453088406 -1.08152957875 1.63393903956 -1.63393903956 -1.08152957875 
107.559527525 139.667334267 1.74791228771 135.367986032 17.6345615387 14745600 0.327311096586 0.0 0.327311096586 -1.24387312679 1.2279971539 -1.2279971539 -1.24387312679 
158.993480398 146.692814979 2.04587316513 138.517228247 17.0013389587 9437440 0.238914543884 0.0 0.238914543884 -1.53267596763 1.35517577681 -1.35517577681 -1.53267596763 
114.662151862 133.3989053 1.67887639999 133.569351753 14.3953857422 11862016 0.354782795554 0.0 0.354782795554 -1.15713546698 1.21641418831 -1.21641418831 -1.15713546698 
57.3500615454 132.108119602 1.22310841084 127.1821981 14.0319252014 8388608 0.668451796308 0.0 0.668451796308 -0.73918752803 0.974472156124 -0.974472156124 -0.73918752803 
225.41411405 105.063324168 1.15708518028 152.505202558 13.5245838165 8388608 0.746911828942 0.0 0.746911828942 -1.02639559938 0.534189281059 -0.534189281059 -1.02639559938 
222.649952136 120.222494237 1.59927463531 151.523744877 9.83902168274 8388608 0.390979422975 0.0 0.390979422975 -1.40578604863 0.76252537311 -0.76252537311 -1.40578604863 
216.161162317 121.250324888 1.4987912178 138.704056487 8.44264793396 8388608 0.44516162662 0.0 0.44516162662 -1.12605811747 0.989124982314 -0.989124982314 -1.12605811747 
206.964229156 120.871376338 1.39377140999 132.577091358 7.86391448975 8388608 0.514774347224 0.0 0.514774347224 -0.943000091966 1.02632819792 -1.02632819792 -0.943000091966 
57.2850408105 114.820717244 1.51748895645 124.944009346 6.52227401733 8388608 0.434259093696 0.0 0.434259093696 -0.869180753472 1.24390415658 -1.24390415658 -0.869180753472 
54.0926931495 100.863416823 3.0274477005 125.038728104 5.53470611572 21037568 0.1091055144 0.0 0.1091055144 -1.73814853956 2.47876566736 -2.47876566736 -1.73814853956 
67.1550589587 90.9823003895 3.43995714188 124.954736923 4.8521194458 13565953 0.0845072436097 0.0 0.0845072436097 -1.9708516723 2.8194057572 -2.8194057572 -1.9708516723 
239.761592249 98.7634950353 1.43775188923 124.59193711 4.70245742798 8388608 0.483762395469 0.0 0.483762395469 -0.816251867124 1.18358074689 -1.18358074689 -0.816251867124 
232.190677618 91.5345527549 1.44004321098 124.687063909 4.62141036987 8388608 0.482224145181 0.0 0.482224145181 -0.819519788963 1.18410800394 -1.18410800394 -0.819519788963 
224.494474488 128.631439264 1.29331052303 140.838516658 4.14105987549 8388608 0.597852951386 0.0 0.597852951386 -1.00279313335 0.816736212427 -0.816736212427 -1.00279313335 
246.001473845 143.416082233 1.18624186516 125.235043977 3.67290496826 8388608 0.710646310445 0.0 0.710646310445 -0.684380892846 0.968913079776 -0.968913079776 -0.684380892846 
80.3769133939 97.1501118666 1.316421628 124.951954172 3.58856964111 8388608 0.577045398564 0.0 0.577045398564 -0.754163902308 1.07898225709 -1.07898225709 -0.754163902308 
255.953151899 149.972422568 1.48705089092 124.933877523 3.57522964478 8388608 0.452218512351 0.0 0.452218512351 -0.851531004725 1.21910430242 -1.21910430242 -0.851531004725 
247.176285222 97.820688988 1.26308000088 124.951008281 3.55373382568 8388608 0.626813414845 0.0 0.626813414845 -0.723587962216 1.03527365926 -1.03527365926 -0.723587962216 
248.677732623 87.4463489556 1.62229764462 124.951272543 3.54424667358 9371648 0.379960914889 0.0 0.379960914889 -0.92938118908 1.32969930928 -1.32969930928 -0.92938118908 
251.053941101 128.727620032 1.82241392136 124.951057009 3.54145431519 17760256 0.301096669276 0.0 0.301096669276 -1.0440180981 1.49372645139 -1.49372645139 -1.0440180981 
