13
147
113.768432161 57.380380202 1.46420168877 135.518594651 94.7377319336 8388608 0.466442584611 0.0 0.466442584611 -1.04467552147 1.02593354572 -1.02593354572 -1.04467552147 
78.871233982 70.0986458999 3.0832285881 137.455609609 91.115020752 22348288 0.105193414368 0.0 0.105193414368 -2.27158005894 2.0847595934 -2.0847595934 -2.27158005894 
156.429181442 69.0709083568 1.51494002342 138.414615417 88.9162750244 8388608 0.435721631519 0.0 0.435721631519 -1.13312578867 1.00551937904 -1.00551937904 -1.13312578867 
91.0456374204 68.9447674525 3.04080200195 143.285024576 87.3966751099 21365248 0.108149300539 0.0 0.108149300539 -2.43756592285 1.81789691314 -1.81789691314 -2.43756592285 
59.2763118389 86.3556386849 1.31755554676 142.762849484 83.2025299072 8388608 0.576052588746 0.0 0.576052588746 -1.04895568116 0.797273226539 -0.797273226539 -1.04895568116 
125.96101838 70.9027169816 3.8764269352 136.483002446 78.3096694946 22216705 0.0665482738097 0.0 0.0665482738097 -2.81106902283 2.66919027661 -2.66919027661 -2.81106902283 
49.6179800448 82.4281841492 1.79496717453 138.394551674 78.3019485474 16646144 0.310375175656 0.0 0.310375175656 -1.34215969689 1.19185339101 -1.19185339101 -1.34215969689 
163.319348334 71.2185217494 1.59046936035 144.183014796 76.27709198 8388608 0.395320545445 0.0 0.395320545445 -1.28969629441 0.930739627602 -0.930739627602 -1.28969629441 
101.471322633 69.5471635509 1.70874226093 140.624825168 74.1999282837 13107200 0.342489198183 0.0 0.342489198183 -1.32087232205 1.0840186452 -1.0840186452 -1.32087232205 
39.3322162744 65.4481049249 1.34855246544 130.306661219 70.9107513428 8388608 0.549875418233 0.0 0.549875418233 -0.872349519305 1.02839684374 -1.02839684374 -0.872349519305 
115.264300921 72.4986700759 1.33483278751 136.407220311 69.8145904541 8388608 0.561236966528 0.0 0.561236966528 -0.966764339885 0.920404955304 -0.920404955304 -0.966764339885 
143.304384283 90.7829041197 2.66850543022 146.478102657 69.6415328979 11928064 0.140431268307 0.0 0.140431268307 -2.22466578819 1.47369717445 -1.47369717445 -2.22466578819 
167.060706529 58.5372098418 2.28604078293 134.709043974 66.031829834 17432832 0.191351579808 0.0 0.191351579808 -1.6082454455 1.62466274908 -1.62466274908 -1.6082454455 
147.376453647 92.3041880968 1.72772657871 154.424243594 65.9021911621 13893632 0.335003983595 0.0 0.335003983595 -1.55843576389 0.745866677515 -0.745866677515 -1.55843576389 
172.157534709 101.384868294 2.85091733932 150.034449114 65.8180999756 16712192 0.123035588031 0.0 0.123035588031 -2.46982345132 1.42397394462 -1.42397394462 -2.46982345132 
169.041514671 56.9114750119 1.49635875225 135.747136756 62.9652366638 8388608 0.446610103395 0.0 0.446610103395 -1.07179250187 1.04419842385 -1.04419842385 -1.07179250187 
195.449996448 64.8284012914 1.31240153313 141.147542314 62.3252983093 8388608 0.580585976828 0.0 0.580585976828 -1.02205099589 0.823291895956 -0.823291895956 -1.02205099589 
204.30310177 63.4329032892 1.60060751438 135.714418036 61.0532073975 8388608 0.390328530982 0.0 0.390328530982 -1.14582443927 1.11760045162 -1.11760045162 -1.14582443927 
169.635975407 68.1988510268 1.45787608624 135.140372313 59.5020446777 8388608 0.470499076756 0.0 0.470499076756 -1.03339656962 1.02834537618 -1.02834537618 -1.03339656962 
162.750875566 98.6966092112 2.29937601089 151.493638064 59.3629989624 17891584 0.189138529322 0.0 0.189138529322 -2.02060914848 1.09739177532 -1.09739177532 -2.02060914848 
64.5347456757 57.2780181859 2.7454264164 130.677210451 59.0366325378 13959680 0.132672338377 0.0 0.132672338377 -1.78946015918 2.082113961 -2.082113961 -1.78946015918 
107.590415926 89.0427641416 2.53094553947 135.599207681 58.0218467712 24838400 0.156111321342 0.0 0.156111321342 -1.80826695365 1.77083481673 -1.77083481673 -1.80826695365 
233.015973006 86.7370325628 1.85392057896 126.360062103 57.3935394287 19005440 0.290949589985 0.0 0.290949589985 -1.0991110775 1.4929756704 -1.4929756704 -1.0991110775 
215.080101952 50.7391512552 1.65625715256 137.695169655 55.3098373413 10878976 0.364539393278 0.0 0.364539393278 -1.22492531323 1.11478506108 -1.11478506108 -1.22492531323 
187.562501421 109.353529845 2.60057711601 142.264655522 54.9382972717 10093056 0.147863345025 0.0 0.147863345025 -2.05665638739 1.59159223438 -1.59159223438 -2.05665638739 
54.8171794173 95.8507954382 1.48597741127 137.57411924 54.7002449036 8388608 0.452872119482 0.0 0.452872119482 -1.09687523644 1.00249368202 -1.00249368202 -1.09687523644 
77.4070050911 52.6581283664 2.99475717545 128.179815591 54.5656967163 20251136 0.111500488908 0.0 0.111500488908 -1.85115378056 2.35410284835 -2.35410284835 -1.85115378056 
165.000533968 86.196645033 1.42210388184 135.324065077 53.9055671692 8388608 0.494467049513 0.0 0.494467049513 -1.0112507428 0.999875685233 -0.999875685233 -1.0112507428 
75.8131628422 56.4408021215 1.44185018539 136.126955714 52.6234321594 8388608 0.481016224016 0.0 0.481016224016 -1.03939700215 0.999292664356 -0.999292664356 -1.03939700215 
126.685194977 111.690088201 2.07868003845 143.962152766 52.3230056763 10551552 0.231432692992 0.0 0.231432692992 -1.68088002779 1.22292805774 -1.22292805774 -1.68088002779 
57.3327779181 108.143453798 1.44145226479 136.025456508 51.2263450623 8388608 0.481281834876 0.0 0.481281834876 -1.03733876695 1.00085609067 -1.00085609067 -1.03733876695 
141.420622237 82.3449601011 1.9801068306 150.453632752 50.8091125488 23789568 0.255048489705 0.0 0.255048489705 -1.72260762325 0.976445613893 -0.976445613893 -1.72260762325 
58.5573700365 72.5466884617 1.39445650578 136.163404763 49.8268013 8388608 0.514268654716 0.0 0.514268654716 -1.00584658336 0.965806190311 -0.965806190311 -1.00584658336 
69.0705688066 121.080385254 2.89031720161 138.114985675 49.6169662476 17695232 0.119704088726 0.0 0.119704088726 -2.15180124698 1.92968518661 -1.92968518661 -2.15180124698 
90.8146386688 85.3234990767 2.99195551872 130.415223647 49.4434585571 20185600 0.111709404014 0.0 0.111709404014 -1.93975124708 2.2779734251 -2.2779734251 -1.93975124708 
140.205124501 75.4773589004 1.25480008125 148.173332085 47.558921814 8388608 0.635112885038 0.0 0.635112885038 -1.0661375426 0.661720472841 -0.661720472841 -1.0661375426 
118.70633617 114.481702133 1.53989267349 132.294219937 46.7532501221 8388608 0.421715044547 0.0 0.421715044547 -1.03625213464 1.13905704832 -1.13905704832 -1.03625213464 
100.58214739 54.8229174625 1.24306046963 130.559589764 46.247505188 8388608 0.64716569561 0.0 0.64716569561 -0.808285834499 0.944390459978 -0.944390459978 -0.808285834499 
177.82341868 57.0844843829 1.74296665192 137.427512728 44.092540741 14548992 0.329171210291 0.0 0.329171210291 -1.28355903959 1.17915602937 -1.17915602937 -1.28355903959 
152.218456138 51.8841903463 2.10281181335 129.206799874 44.043712616 11403520 0.226151349516 0.0 0.226151349516 -1.32923207145 1.6294046835 -1.6294046835 -1.32923207145 
143.0341772 54.9363663756 2.53558635712 130.630077128 40.7989768982 24969472 0.155540391333 0.0 0.155540391333 -1.65110462233 1.92433149444 -1.92433149444 -1.65110462233 
187.432692876 94.5660821064 3.42225575447 148.548974694 40.1422424316 13238273 0.0853837205737 0.0 0.0853837205737 -2.91948007671 1.78562888941 -1.78562888941 -2.91948007671 
206.233037607 101.30766817 1.47315096855 140.715880075 39.8948135376 8388608 0.460792592276 0.0 0.460792592276 -1.14024201878 0.932749652782 -0.932749652782 -1.14024201878 
103.606943623 41.9122191936 1.4241591692 133.779548059 38.8103485107 8388608 0.493040890726 0.0 0.493040890726 -0.985355071437 1.02825323846 -1.02825323846 -0.985355071437 
176.013755742 95.153524069 1.54129302502 134.221910787 38.3886299133 8388608 0.420949088921 0.0 0.420949088921 -1.07495818899 1.10455831937 -1.10455831937 -1.07495818899 
191.360641946 56.4456644335 1.52088153362 148.993918347 38.3532867432 8388608 0.432323881409 0.0 0.432323881409 -1.30356676698 0.783450268579 -0.783450268579 -1.30356676698 
175.026694166 93.872514581 2.27139639854 141.993208438 36.7802429199 16974080 0.19382693769 0.0 0.19382693769 -1.78971901434 1.39862341216 -1.39862341216 -1.78971901434 
201.429086482 92.8132820713 2.0076584816 143.806795295 34.8651046753 24772608 0.248096321033 0.0 0.248096321033 -1.62024133202 1.18554232517 -1.18554232517 -1.62024133202 
80.0377362257 90.3234997651 1.37059378624 138.921561019 34.5249061584 8388608 0.532331888758 0.0 0.532331888758 -1.03316828379 0.900605698543 -0.900605698543 -1.03316828379 
174.379802445 76.2638065055 1.35189926624 141.124711505 34.496837616 8388608 0.547156213395 0.0 0.547156213395 -1.05247239017 0.848488947483 -0.848488947483 -1.05247239017 
75.8944042519 48.8230480405 1.45006239414 121.242787268 34.240650177 8388608 0.475583326834 0.0 0.475583326834 -0.75209752909 1.23977024228 -1.23977024228 -0.75209752909 
106.300572597 51.2720947779 1.49941778183 131.526332308 34.1044578552 8388608 0.444789663599 0.0 0.444789663599 -0.994060291296 1.12254078845 -1.12254078845 -0.994060291296 
186.455046426 102.367267648 1.2871607542 133.448223682 33.5353622437 8388608 0.603579416491 0.0 0.603579416491 -0.885178903085 0.934473711079 -0.934473711079 -0.885178903085 
115.493908902 48.2922349464 1.85059809685 133.827308182 33.4531478882 18874368 0.291995243897 0.0 0.291995243897 -1.28151530739 1.33507746329 -1.33507746329 -1.28151530739 
200.849082475 101.741487766 1.40792894363 138.293496438 31.4939842224 8388608 0.50447369535 0.0 0.50447369535 -1.0511071887 0.936716386209 -0.936716386209 -1.0511071887 
27.1689763385 55.0946546526 1.44591915607 131.261282772 31.2803726196 8388608 0.478312771389 0.0 0.478312771389 -0.953574799341 1.08691182161 -1.08691182161 -0.953574799341 
213.24207869 62.288321427 2.58623933792 136.015550586 31.2354259491 9634304 0.149507360248 0.0 0.149507360248 -1.86087242091 1.79604781287 -1.79604781287 -1.86087242091 
86.8103494079 90.1744547179 1.30557608604 130.046968985 30.9942569733 8388608 0.586672358767 0.0 0.586672358767 -0.840027718983 0.999441017664 -0.999441017664 -0.840027718983 
141.42935425 64.8910879629 1.35002100468 146.067645045 29.8485050201 8388608 0.548679771021 0.0 0.548679771021 -1.12010863919 0.753600258407 -0.753600258407 -1.12010863919 
129.055096195 55.735992477 1.75698685646 132.554888213 29.4721946716 15138816 0.323938804182 0.0 0.323938804182 -1.18824352477 1.29424887081 -1.29424887081 -1.18824352477 
225.177248863 122.615063879 1.38800811768 143.648741877 29.3914985657 8388608 0.519058118145 0.0 0.519058118145 -1.11789942165 0.822719525601 -0.822719525601 -1.11789942165 
235.240994603 75.7122304182 1.47280728817 140.509932087 29.2455596924 8388608 0.461007669772 0.0 0.461007669772 -1.13661668869 0.936623622957 -0.936623622957 -1.13661668869 
212.82503113 87.6423497186 1.52923989296 129.977274993 28.6159591675 8388608 0.42761089534 0.0 0.42761089534 -0.982511744129 1.17185550426 -1.17185550426 -0.982511744129 
167.579642719 48.1330750191 1.9208804369 137.515933933 28.584072113 21561344 0.271018746929 0.0 0.271018746929 -1.4165824557 1.29733411235 -1.29733411235 -1.4165824557 
237.493960251 39.143057347 1.37140882015 137.635019506 27.364440918 8388608 0.531699342706 0.0 0.531699342706 -1.01328918716 0.924125086327 -0.924125086327 -1.01328918716 
65.1337760101 92.716176463 1.44158005714 139.718427018 27.2845153809 8388608 0.481196509868 0.0 0.481196509868 -1.09974726835 0.932045603457 -0.932045603457 -1.09974726835 
201.1520185 146.721132008 1.69766795635 160.25832632 26.9417247772 12648448 0.346972054163 0.0 0.346972054163 -1.59788771227 0.573438182383 -0.573438182383 -1.59788771227 
153.56966251 78.904945333 1.99289834499 164.406347165 24.3066062927 24248320 0.251784915003 0.0 0.251784915003 -1.91954444329 0.535717223667 -0.535717223667 -1.91954444329 
181.764695433 133.808705676 1.33870851994 154.655480895 24.141330719 8388608 0.557991965054 0.0 0.557991965054 -1.20985811619 0.573047851429 -0.573047851429 -1.20985811619 
187.337813982 137.043080447 1.74318432808 161.964442171 23.9994335175 14548992 0.329089006418 0.0 0.329089006418 -1.65753219362 0.539702352017 -0.539702352017 -1.65753219362 
91.4466108433 57.7453990022 1.30201268196 146.543362996 23.5002918243 8388608 0.58988801321 0.0 0.58988801321 -1.08627348248 0.717807039008 -0.717807039008 -1.08627348248 
91.24687881 97.4906257386 1.52832794189 132.162843641 22.6304283142 8388608 0.428121357192 0.0 0.428121357192 -1.02587490234 1.13285788285 -1.13285788285 -1.02587490234 
223.283976271 77.8267023158 1.87032258511 132.334064188 20.3119068146 19660800 0.285868934898 0.0 0.285868934898 -1.259572727 1.38260012938 -1.38260012938 -1.259572727 
184.625800853 36.7055966157 1.99828851223 134.420299196 20.2773017883 24444928 0.250428421793 0.0 0.250428421793 -1.3986349527 1.42722711829 -1.42722711829 -1.3986349527 
180.073262215 75.7815773233 1.97421896458 141.410847289 19.5692138672 23527424 0.256572059955 0.0 0.256572059955 -1.54312569202 1.23138280755 -1.23138280755 -1.54312569202 
157.783439607 117.750840309 1.41449022293 159.732267809 19.1217765808 8388608 0.499804428834 0.0 0.499804428834 -1.32691089088 0.489989875859 -0.489989875859 -1.32691089088 
79.0522812025 99.5779264756 1.4345291853 139.108535265 18.5925121307 8388608 0.485938404409 0.0 0.485938404409 -1.08443376717 0.939083270055 -0.939083270055 -1.08443376717 
92.4204632587 104.356187769 3.39005947113 132.682447522 18.4008998871 12517377 0.0870132451606 0.0 0.0870132451606 -2.29823826589 2.49210836262 -2.49210836262 -2.29823826589 
220.241945767 31.8723854844 1.32886481285 136.219994681 17.2595310211 8388608 0.5662893529 0.0 0.5662893529 -0.959442685084 0.919429945603 -0.919429945603 -0.959442685084 
170.320390612 40.4363723726 1.36286640167 135.466562298 17.203742981 8388608 0.538385592893 0.0 0.538385592893 -0.971507428157 0.95581281946 -0.95581281946 -0.971507428157 
127.769030575 78.4181304785 1.49322664738 128.08173409 17.1961803436 8388608 0.448485634796 0.0 0.448485634796 -0.920999750953 1.17536601924 -1.17536601924 -0.920999750953 
112.594353481 41.4256908775 1.30955064297 127.665161435 17.0372810364 8388608 0.583116598346 0.0 0.583116598346 -0.800195453726 1.03663403491 -1.03663403491 -0.800195453726 
203.367315934 34.6278869731 1.20310425758 128.139244954 17.0312709808 8388608 0.690865447364 0.0 0.690865447364 -0.743006804345 0.94625617214 -0.94625617214 -0.743006804345 
194.431098404 34.9967636026 1.48661494255 134.551893227 16.6951274872 8388608 0.452483776509 0.0 0.452483776509 -1.04294210608 1.05938460946 -1.05938460946 -1.04294210608 
214.802457094 79.1272002009 1.49436295033 126.097630463 16.4412155151 8388608 0.447803843542 0.0 0.447803843542 -0.880423271396 1.20746655875 -1.20746655875 -0.880423271396 
123.401868551 45.751553505 1.96515309811 126.689200239 16.226140976 23199744 0.258944814965 0.0 0.258944814965 -1.17412789897 1.57583323225 -1.57583323225 -1.17412789897 
222.658564669 72.3457437556 1.29082894325 136.498900237 15.5760746002 8388608 0.600153869584 0.0 0.600153869584 -0.936317177395 0.888565981823 -0.888565981823 -0.936317177395 
240.210322611 27.0926961995 1.52175462246 133.599157943 15.5462322235 8388608 0.431827942223 0.0 0.431827942223 -1.0494155324 1.10202730063 -1.10202730063 -1.0494155324 
35.6654502466 89.6188777519 1.41675198078 131.740795648 13.9591579437 8388608 0.498209888266 0.0 0.498209888266 -0.943219357517 1.05712980218 -1.05712980218 -0.943219357517 
220.164060251 43.6284644178 1.25544142723 136.368801081 13.682012558 8388608 0.63446415218 0.0 0.63446415218 -0.908683784322 0.866271872635 -0.866271872635 -0.908683784322 
119.246034464 104.999637297 1.69899392128 149.176228887 13.6003255844 12713984 0.346430682898 0.0 0.346430682898 -1.45900658622 0.870563108523 -0.870563108523 -1.45900658622 
106.719620183 101.443077968 1.58036494255 136.272683154 13.4012889862 8388608 0.400391847222 0.0 0.400391847222 -1.14203124379 1.09239095101 -1.09239095101 -1.14203124379 
234.533337765 103.054158175 1.78094303608 129.018827439 13.3623733521 16121856 0.315282555976 0.0 0.315282555976 -1.12123850821 1.38368432291 -1.38368432291 -1.12123850821 
195.043295256 28.1282228525 1.28450798988 134.076897831 13.3175935745 8388608 0.606075013722 0.0 0.606075013722 -0.893533539219 0.922799322911 -0.922799322911 -0.893533539219 
125.085747636 82.3415728987 2.55434679985 131.856824941 13.1996078491 8782336 0.153264043477 0.0 0.153264043477 -1.7044428008 1.9025147339 -1.9025147339 -1.7044428008 
244.486512378 70.2786047976 1.48159241676 136.182313147 12.3719329834 8388608 0.455556772065 0.0 0.455556772065 -1.06903787221 1.02580413198 -1.02580413198 -1.06903787221 
163.800513585 25.4284651569 1.24481666088 119.932712417 11.9232387543 8388608 0.645340936916 0.0 0.645340936916 -0.621141858919 1.07877305783 -1.07877305783 -0.621141858919 
164.745483581 118.51891183 4.10629558563 159.763657337 10.8459005356 9699585 0.0593061297755 0.0 0.0593061297755 -3.85282961083 1.42034060228 -1.42034060228 -3.85282961083 
166.110277898 33.2754394204 1.69184708595 121.496905532 10.5391025543 12386304 0.349363705007 0.0 0.349363705007 -0.883909763369 1.44258451831 -1.44258451831 -0.883909763369 
172.46027176 32.4602374683 1.24017047882 127.249937909 9.74625301361 8388608 0.650185412886 0.0 0.650185412886 -0.750666665185 0.987178998115 -0.987178998115 -0.750666665185 
122.501504386 121.635513312 1.68688631058 128.426501505 8.92730808258 12189696 0.351421535716 0.0 0.351421535716 -1.04841705203 1.32151697296 -1.32151697296 -1.04841705203 
92.9750582563 128.740262005 2.05537390709 131.940836793 8.82459068298 9765120 0.236710935751 0.0 0.236710935751 -1.37373563182 1.52885980777 -1.52885980777 -1.37373563182 
141.647038602 126.139679584 3.82431483269 159.532038416 8.6716003418 21233665 0.0683742733959 0.0 0.0683742733959 -3.58287769268 1.3373000332 -1.3373000332 -3.58287769268 
125.467880835 124.91086822 2.62974047661 129.150706799 8.63481998444 10879488 0.144601972763 0.0 0.144601972763 -1.66031915848 2.03933206377 -2.03933206377 -1.66031915848 
24.2278817933 68.6607815968 1.34972572327 133.924072567 8.62476730347 8388608 0.548919868185 0.0 0.548919868185 -0.936310812606 0.972153069349 -0.972153069349 -0.936310812606 
85.0726146089 129.95346851 2.06893110275 131.882193312 7.35954380035 10223872 0.233618882925 0.0 0.233618882925 -1.38122089128 1.54035864572 -1.54035864572 -1.38122089128 
63.9612009477 131.42022465 1.28010952473 123.047825752 7.27247142792 8388608 0.610247124986 0.0 0.610247124986 -0.69809351707 1.0730078456 -1.0730078456 -0.69809351707 
141.473005611 122.960431934 1.82188999653 155.458824591 7.03157997131 17760256 0.30126986821 0.0 0.30126986821 -1.65730595288 0.756716682786 -0.756716682786 -1.65730595288 
76.6785456098 148.124459393 1.57160711288 121.883411481 6.67453575134 8388608 0.404866672751 0.0 0.404866672751 -0.830111113029 1.33449033616 -1.33449033616 -0.830111113029 
123.09165928 87.7002659181 1.36490762234 133.57621751 6.38523101807 8388608 0.536776484659 0.0 0.536776484659 -0.940856611386 0.98881831209 -0.98881831209 -0.940856611386 
152.65061572 103.151334653 1.81441783905 145.381807242 6.37494468689 17432576 0.303756364074 0.0 0.303756364074 -1.49318608942 1.03077999449 -1.03077999449 -1.49318608942 
63.2389986807 149.855316877 1.51789903641 123.288342432 6.36722421646 8388608 0.434024484028 0.0 0.434024484028 -0.83310306159 1.2688407203 -1.2688407203 -0.83310306159 
72.6837206695 129.293704441 1.27578771114 130.75515329 6.30313014984 8388608 0.614388631334 0.0 0.614388631334 -0.832869795263 0.966417191508 -0.966417191508 -0.832869795263 
152.531156849 131.253930591 1.67114698887 158.392237277 6.19404220581 11534336 0.358072277423 0.0 0.358072277423 -1.55370981136 0.615400747891 -0.615400747891 -1.55370981136 
167.5259775 112.057601056 2.1818921566 151.766429365 5.62774276733 14090496 0.210055200314 0.0 0.210055200314 -1.92230464593 1.03218129767 -1.03218129767 -1.92230464593 
134.918378381 118.4012365 1.72717511654 158.05474765 5.48439598083 13893632 0.335217941653 0.0 0.335217941653 -1.60202638739 0.645480702491 -0.645480702491 -1.60202638739 
48.4220045069 144.761160303 1.95089805126 122.67604968 5.48117446899 22675456 0.262742815958 0.0 0.262742815958 -1.05326744543 1.64214216644 -1.64214216644 -1.05326744543 
63.3771009377 143.800324695 1.54648172855 119.090809901 5.47347545624 8388608 0.418129119124 0.0 0.418129119124 -0.751892029349 1.35139339681 -1.35139339681 -0.751892029349 
41.3949826643 143.57241197 1.31226205826 121.630297599 5.11328697205 8388608 0.580709399518 0.0 0.580709399518 -0.688197753232 1.11732518185 -1.11732518185 -0.688197753232 
156.203375169 143.99463573 1.68226337433 121.667019061 4.96625804901 11993088 0.353355634285 0.0 0.353355634285 -0.883157679681 1.43179697354 -1.43179697354 -0.883157679681 
49.695708219 133.775198878 1.67851483822 122.085807826 4.85116767883 11796480 0.354935656536 0.0 0.354935656536 -0.891608166842 1.42212760993 -1.42212760993 -0.891608166842 
160.978090256 106.483319162 1.70239794254 143.542237161 4.81853103638 12845056 0.345046660523 0.0 0.345046660523 -1.36923037817 1.01161599744 -1.01161599744 -1.36923037817 
75.863489932 135.082501518 2.61516356468 131.741210405 4.75478935242 10486272 0.146218487175 0.0 0.146218487175 -1.74109014353 1.95132918344 -1.95132918344 -1.74109014353 
52.0224216779 127.437983071 1.28192424774 125.83256416 4.64419746399 8388608 0.608520586694 0.0 0.608520586694 -0.750462234425 1.03929601734 -1.03929601734 -0.750462234425 
191.996584249 123.402801588 1.29970824718 129.166433233 4.38440608978 8388608 0.591981657769 0.0 0.591981657769 -0.820863486444 1.00768281936 -1.00768281936 -0.820863486444 
215.045127224 134.65429158 1.55052113533 126.792727012 4.05110406876 8388608 0.415953342888 0.0 0.415953342888 -0.928641143099 1.24166880385 -1.24166880385 -0.928641143099 
227.164821886 151.934687416 1.33156430721 132.09314284 4.02361965179 8388608 0.563995591589 0.0 0.563995591589 -0.892597907537 0.988095379861 -0.988095379861 -0.892597907537 
41.7649433791 100.42594525 1.24108421803 124.365676876 4.01745605469 8388608 0.649228376785 0.0 0.649228376785 -0.700558055943 1.02445519496 -1.02445519496 -0.700558055943 
106.631550117 151.189847425 1.45948660374 119.27117283 3.98032474518 8388608 0.469461274949 0.0 0.469461274949 -0.713606672791 1.27313261801 -1.27313261801 -0.713606672791 
211.734404331 130.91570593 2.58872008324 150.74737073 3.96518278122 9765376 0.149220954641 0.0 0.149220954641 -2.25858988798 1.26500726767 -1.26500726767 -2.25858988798 
79.059102298 134.575390013 1.52075409889 123.272033728 3.85352039337 8388608 0.43239633939 0.0 0.43239633939 -0.834308193787 1.2714648509 -1.2714648509 -0.834308193787 
146.9191567 134.653577834 1.41496622562 125.478894452 3.82835292816 8388608 0.499468211286 0.0 0.499468211286 -0.821250681399 1.15224855737 -1.15224855737 -0.821250681399 
113.664648204 150.489866137 1.30184686184 120.13858189 3.70971298218 8388608 0.590038294375 0.0 0.590038294375 -0.653648456699 1.12585476272 -1.12585476272 -0.653648456699 
230.926446361 145.332607333 1.57398736477 131.124878161 3.64192581177 8388608 0.403643084787 0.0 0.403643084787 -1.03521524444 1.18564987333 -1.18564987333 -1.03521524444 
141.742319168 142.743513272 2.5997710228 121.347909267 3.23091125488 10027520 0.147955053192 0.0 0.147955053192 -1.35248773616 2.22026716738 -2.22026716738 -1.35248773616 
243.111217777 134.249399263 1.37825679779 137.402194912 2.61740279198 8388608 0.526428888383 0.0 0.526428888383 -1.0145665517 0.93287004069 -0.93287004069 -1.0145665517 
204.632709666 131.675635115 1.69247996807 128.977870767 2.55090999603 12451840 0.349102473316 0.0 0.349102473316 -1.06460406874 1.31571525003 -1.31571525003 -1.06460406874 
118.866546469 134.440666767 1.70465517044 121.786259099 2.08982658386 12910592 0.344133474908 0.0 0.344133474908 -0.89793044485 1.44898936032 -1.44898936032 -0.89793044485 
117.218432263 144.050454177 1.79939603806 121.613757427 2.06991004944 16842752 0.308849199608 0.0 0.308849199608 -0.943226130846 1.53236763469 -1.53236763469 -0.943226130846 
229.920964894 116.598909648 1.66319036484 153.13631213 1.80792427063 11141120 0.361506474012 0.0 0.361506474012 -1.48370566033 0.751544877708 -0.751544877708 -1.48370566033 
203.596090277 127.067925117 2.71657371521 149.327556349 1.7919318676 13238784 0.135505527589 0.0 0.135505527589 -2.33651885122 1.38580388514 -1.38580388514 -2.33651885122 
214.069771047 143.011366692 1.52927565575 124.897048771 1.58877801895 8388608 0.427590895835 0.0 0.427590895835 -0.874904150487 1.2542833646 -1.2542833646 -0.874904150487 
219.999851584 128.578409889 1.47980296612 144.903100883 1.19387531281 8388608 0.4566592016 0.0 0.4566592016 -1.21074642773 0.850828952415 -0.850828952415 -1.21074642773 
239.10984736 116.427623671 1.31288576126 139.551250842 1.17869758606 8388608 0.58015778387 0.0 0.58015778387 -0.999088458468 0.851757755632 -0.851757755632 -0.999088458468 
34.0655248513 108.426404291 1.40816354752 125.619505038 1.14770317078 8388608 0.50430561597 0.0 0.50430561597 -0.820114081118 1.14469972941 -1.14469972941 -0.820114081118 
230.987652113 136.156642599 1.4989490509 121.077317301 0.90301823616 8388608 0.445067884221 0.0 0.445067884221 -0.77374896014 1.28380715214 -1.28380715214 -0.77374896014 
48.8634599361 104.955848936 1.48923909664 126.318764324 0.0361232757568 8388608 0.450890558842 0.0 0.450890558842 -0.88204219541 1.19993110322 -1.19993110322 -0.88204219541 
