13
218
168.645708383 126.476643497 1.63037467003 47.1741333008 90.2081451416 9699328 0.376205517946 0.0 0.376205517946 1.10828383931 1.19575436281 -1.19575436281 1.10828383931 
25.6720518838 51.4141568765 1.35337650776 356.157562256 86.2365036011 8388608 0.545962398162 0.0 0.545962398162 1.35033426212 -0.0906937280349 0.0906937280349 1.35033426212 
150.177268868 124.373818087 1.29222047329 86.9315185547 85.8774337769 8388608 0.598862011891 0.0 0.598862011891 0.0691719252021 1.29036777562 -1.29036777562 0.0691719252021 
173.386914401 145.514834904 2.99150514603 52.788848877 81.7065658569 20185600 0.111743042367 0.0 0.111743042367 1.8091250833 2.38247129504 -2.38247129504 1.8091250833 
178.361744791 113.905876626 1.28373074532 45.1636047363 81.4144973755 8388608 0.606809141373 0.0 0.606809141373 0.905139034913 0.910322994297 -0.910322994297 0.905139034913 
148.836517064 133.821584855 1.22674882412 86.1581726074 81.0612030029 8388608 0.664490382044 0.0 0.664490382044 0.0821949969199 1.22399209963 -1.22399209963 0.0821949969199 
139.08939111 136.721696488 5.41871261597 72.1167297363 76.1276092529 13042177 0.0340571077044 0.0 0.0340571077044 1.66397149466 5.15690268275 -5.15690268275 1.66397149466 
160.283029296 136.922727953 1.4799489975 112.919281006 75.1358261108 8388608 0.456569085949 0.0 0.456569085949 -0.576342343466 1.36311354565 -1.36311354565 -0.576342343466 
170.723714296 148.779972834 1.61940121651 83.5804748535 71.4617080688 9240576 0.381321311133 0.0 0.381321311133 0.18106133117 1.60924736892 -1.60924736892 0.18106133117 
13.9810207727 118.522527768 1.31275427341 101.860809326 71.434135437 8388608 0.580274009 0.0 0.580274009 -0.269816727608 1.28472670863 -1.28472670863 -0.269816727608 
143.99286572 134.708246992 2.57862067223 71.5180053711 71.0735931396 9437696 0.150392119526 0.0 0.150392119526 0.81743984208 2.44562398496 -2.44562398496 0.81743984208 
175.910928664 78.4826591277 2.35572743416 103.946899414 69.5672073364 19595520 0.180197981012 0.0 0.180197981012 -0.567783412324 2.28627945377 -2.28627945377 -0.567783412324 
159.675092892 60.0898631684 3.03649950027 280.101196289 68.5642929077 21299712 0.10845599725 0.0 0.10845599725 0.532563393163 -2.98943229517 2.98943229517 0.532563393163 
81.5514103125 65.9346376988 1.28619551659 114.201873779 68.487953186 8388608 0.60448568021 0.0 0.60448568021 -0.527279534724 1.17314756069 -1.17314756069 -0.527279534724 
19.8975389961 118.670265046 1.70643401146 98.9397888184 68.417098999 13041664 0.343416377534 0.0 0.343416377534 -0.265173759561 1.68570457456 -1.68570457456 -0.265173759561 
36.1525819181 104.905022349 1.69780373573 163.661727905 66.3406982422 12648448 0.346916559213 0.0 0.346916559213 -1.62924234578 0.477605385004 -0.477605385004 -1.62924234578 
182.757770611 79.5185615752 2.21341085434 119.391616821 66.3274993896 15139072 0.204115473744 0.0 0.204115473744 -1.08628953972 1.92851306607 -1.92851306607 -1.08628953972 
165.231631723 77.8430746336 3.05925345421 280.608276367 65.3102645874 21824000 0.106848660456 0.0 0.106848660456 0.563188166603 -3.00696704107 3.00696704107 0.563188166603 
202.195438229 116.222391562 4.89805936813 72.0868225098 64.9415283203 22413569 0.0416823225926 0.0 0.0416823225926 1.50652289965 4.66061952176 -4.66061952176 1.50652289965 
48.615173281 116.989894999 1.56105828285 101.84765625 64.5327377319 8388608 0.410356922456 0.0 0.410356922456 -0.32050112934 1.52780299403 -1.52780299403 -0.32050112934 
191.152980738 66.2143454081 3.11665678024 281.278686523 64.4170074463 23134720 0.102948978791 0.0 0.102948978791 0.60955994528 -3.05646628624 3.05646628624 0.60955994528 
160.696556173 60.320974708 1.82157766819 101.051147461 64.3431472778 17760256 0.301373188739 0.0 0.301373188739 -0.349169497077 1.78779916757 -1.78779916757 -0.349169497077 
64.389113203 122.139993972 4.04693126678 107.060562134 61.699596405 8651009 0.0610588110309 0.0 0.0610588110309 -1.18729826034 3.86884679447 -3.86884679447 -1.18729826034 
114.896015925 110.475069603 1.71782696247 358.427185059 61.1418304443 13500416 0.338876279204 0.0 0.338876279204 1.71717977197 -0.0471498009824 0.0471498009824 1.71717977197 
160.756282442 46.0214532896 1.76024520397 42.2005615234 60.6453514099 15269888 0.322740643512 0.0 0.322740643512 1.30398614967 1.18240572545 -1.18240572545 1.30398614967 
167.676916777 60.5964722735 4.11319255829 280.344299316 60.3639335632 9830657 0.0591074083113 0.0 0.0591074083113 0.738576664484 -4.0463387812 4.0463387812 0.738576664484 
34.8063571269 96.6691003891 1.72396028042 169.448425293 60.1356506348 13762560 0.33646933425 0.0 0.33646933425 -1.6948089227 0.315692514943 -0.315692514943 -1.6948089227 
64.6488517238 125.370395344 1.73932564259 99.7071838379 59.9449005127 14417920 0.330550790828 0.0 0.330550790828 -0.293272857771 1.71442256222 -1.71442256222 -0.293272857771 
96.6708382639 130.452169611 3.53576850891 104.519592285 59.8897895813 15597569 0.0799893841378 0.0 0.0799893841378 -0.886456226172 3.42284301534 -3.42284301534 -0.886456226172 
25.6343167475 43.1709549739 1.33927428722 58.7471313477 59.1954193115 8388608 0.557520624832 0.0 0.557520624832 0.69483700996 1.14492669897 -1.14492669897 0.69483700996 
168.178904734 141.784071117 1.49088382721 141.800933838 58.9640083313 8388608 0.449896270204 0.0 0.449896270204 -1.17163635923 0.921955979403 -0.921955979403 -1.17163635923 
40.9511724609 91.9547787118 4.16004180908 169.449707031 58.8874168396 10617089 0.0577836018273 0.0 0.0577836018273 -4.08971449881 0.761697559113 -0.761697559113 -4.08971449881 
172.48849857 134.470279848 1.67431235313 53.0207214355 58.6817626953 11665408 0.356719653118 0.0 0.356719653118 1.00714266612 1.33752962806 -1.33752962806 1.00714266612 
79.2449327056 128.182348026 1.78110730648 83.2391357422 58.319568634 16121856 0.315224402036 0.0 0.315224402036 0.209682101001 1.76872175701 -1.76872175701 0.209682101001 
122.465178539 144.901856919 1.68591046333 96.4853820801 56.9836349487 12124160 0.351828476647 0.0 0.351828476647 -0.190423113551 1.67512182488 -1.67512182488 -0.190423113551 
72.8889387364 39.4382435186 2.60999011993 338.830963135 56.8031044006 10355200 0.146798721536 0.0 0.146798721536 2.43386561184 -0.942521410706 0.942521410706 2.43386561184 
88.5051737512 38.709358901 2.82144427299 356.843017578 56.2292785645 15991296 0.12561949591 0.0 0.12561949591 2.81716243072 -0.155382188592 0.155382188592 2.81716243072 
25.3427281978 78.1130020755 1.47758388519 87.8286743164 55.35364151 8388608 0.458031881261 0.0 0.458031881261 0.0559822726253 1.47652298422 -1.47652298422 0.0559822726253 
91.8839058818 130.129590506 1.52092730999 99.1145019531 54.5626716614 8388608 0.432297857918 0.0 0.432297857918 -0.240927028019 1.50172369278 -1.50172369278 -0.240927028019 
117.213214399 119.899013588 1.70707964897 18.395111084 53.96434021 13041664 0.343156658468 0.0 0.343156658468 1.61985290078 0.538699830859 -0.538699830859 1.61985290078 
199.284056276 118.596887408 2.73296117783 77.9535827637 53.9492645264 13632000 0.133885355157 0.0 0.133885355157 0.570380073804 2.67277821207 -2.67277821207 0.570380073804 
28.5827712043 66.1098714914 2.64966368675 2.80657958984 53.3633003235 11403776 0.142435581295 0.0 0.142435581295 2.64648547098 0.129739372487 -0.129739372487 2.64648547098 
212.460854994 90.9619648507 1.71700453758 358.236114502 52.7599639893 13434880 0.33920099242 0.0 0.33920099242 1.71619095309 -0.0528506821605 0.0528506821605 1.71619095309 
70.0862168454 126.671575879 1.49570763111 103.316833496 52.6746101379 8388608 0.446999030441 0.0 0.446999030441 -0.344514785146 1.45548991085 -1.45548991085 -0.344514785146 
60.0531242722 99.0489228621 1.47058105469 283.47756958 52.6262245178 8388608 0.462404515658 0.0 0.462404515658 0.342740500056 -1.43008307032 1.43008307032 0.342740500056 
109.13048922 135.808752497 1.8957170248 111.273223877 52.5218544006 20643840 0.278261408618 0.0 0.278261408618 -0.6877960551 1.76654454366 -1.76654454366 -0.6877960551 
53.8276456163 32.446133015 1.97371292114 108.440078735 52.1530647278 23527424 0.256703642669 0.0 0.256703642669 -0.624310471063 1.87237259401 -1.87237259401 -0.624310471063 
42.5627475741 67.8261469872 2.30411052704 73.7591247559 51.6939849854 18022656 0.188362039315 0.0 0.188362039315 0.644404682556 2.21216363 -2.21216363 0.644404682556 
125.64362084 134.58621614 2.04040122032 101.234832764 50.5755462646 9240832 0.240197703469 0.0 0.240197703469 -0.397532764283 2.00130078729 -2.00130078729 -0.397532764283 
25.6414356631 18.9591914824 1.47581899166 57.4347229004 50.56665802 8388608 0.459128033117 0.0 0.459128033117 0.794374530527 1.2437888894 -1.2437888894 0.794374530527 
60.2246935535 26.4340755971 1.49296927452 320.943115234 50.4136276245 8388608 0.448640276931 0.0 0.448640276931 1.15932165453 -0.940707476315 0.940707476315 1.15932165453 
124.699986456 110.77791775 1.48913049698 3.87072753906 49.9663391113 8388608 0.450956326548 0.0 0.450956326548 1.48573363797 0.100524594204 -0.100524594204 1.48573363797 
35.9988208201 42.8567276727 1.46088552475 99.2067871094 49.861541748 8388608 0.468562607956 0.0 0.468562607956 -0.233738937744 1.44206540261 -1.44206540261 -0.233738937744 
70.4872966552 126.39842338 2.16961169243 102.890136719 49.6201629639 13697280 0.21243984439 0.0 0.21243984439 -0.484001989775 2.11493663494 -2.11493663494 -0.484001989775 
29.0424744045 118.691549769 2.25739359856 73.4939880371 48.9361038208 16515328 0.196239044996 0.0 0.196239044996 0.641361528362 2.16436624644 -2.16436624644 0.641361528362 
153.180255505 75.0931845903 2.30831742287 90.9841918945 48.9169235229 18153728 0.187676087392 0.0 0.187676087392 -0.0396489164932 2.30797688206 -2.30797688206 -0.0396489164932 
84.6749851821 11.9477809564 1.10205686092 209.567779541 48.4767837524 8388608 0.823364228146 0.0 0.823364228146 -0.958538819113 -0.543813071711 0.543813071711 -0.958538819113 
102.506596709 132.908337604 1.3598074913 113.214477539 48.3441886902 8388608 0.540810532627 0.0 0.540810532627 -0.536000954971 1.24971172263 -1.24971172263 -0.536000954971 
29.3194298719 41.8813289671 3.11537075043 83.4583129883 47.668094635 23134720 0.103033991326 0.0 0.103033991326 0.354921984788 3.09508728428 -3.09508728428 0.354921984788 
213.491925788 103.345129516 2.14495515823 1.02386474609 47.6082115173 12845312 0.217351962186 0.0 0.217351962186 2.14461269293 0.0383279031458 -0.0383279031458 2.14461269293 
128.893003211 145.727564889 1.53481161594 56.111541748 46.8869018555 8388608 0.424511876723 0.0 0.424511876723 0.855777035781 1.2740849114 -1.2740849114 0.855777035781 
155.311957585 99.7677579293 2.33770680428 19.1468811035 46.8641281128 19071232 0.182986865605 0.0 0.182986865605 2.20838686609 0.766746732922 -0.766746732922 2.20838686609 
98.962417929 34.4861816009 1.29748749733 37.5570983887 46.5352706909 8388608 0.594009836445 0.0 0.594009836445 1.0285783898 0.790885770362 -0.790885770362 1.0285783898 
217.046382383 127.439727578 1.28851091862 118.78604126 46.2820358276 8388608 0.602315159472 0.0 0.602315159472 -0.620469765169 1.12928192136 -1.12928192136 -0.620469765169 
177.717056568 64.9236588605 1.41874945164 109.725067139 46.0274772644 8388608 0.496808006936 0.0 0.496808006936 -0.478838046212 1.3355014534 -1.3355014534 -0.478838046212 
162.862584469 35.616057327 1.52898013592 358.425415039 46.0089607239 8388608 0.427756200533 0.0 0.427756200533 1.52840279618 -0.0420136721575 0.0420136721575 1.52840279618 
205.180247829 94.5489450414 1.95255208015 60.7944030762 45.619594574 22740992 0.262297859695 0.0 0.262297859695 0.952737884137 1.70433275796 -1.70433275796 0.952737884137 
67.2710434064 100.575599474 1.46984744072 279.343475342 45.5461883545 8388608 0.462866211284 0.0 0.462866211284 0.238633536913 -1.45034669443 1.45034669443 0.238633536913 
54.1791787543 63.3373427129 4.59394454956 252.14276123 45.2852287292 17826049 0.0473836489803 0.0 0.0473836489803 -1.40871625598 -4.3726245019 4.3726245019 -1.40871625598 
34.529587094 49.6577013453 1.252789855 203.036712646 45.0197753906 8388608 0.637152724202 0.0 0.637152724202 -1.15288525228 -0.49024281318 0.49024281318 -1.15288525228 
15.413524531 36.8443245711 1.28625190258 5.7043762207 44.9174194336 8388608 0.604432683159 0.0 0.604432683159 1.27988235881 0.127847974168 -0.127847974168 1.27988235881 
127.702146814 28.5586261364 2.7241127491 17.2555847168 44.4477500916 13435392 0.134756537194 0.0 0.134756537194 2.60150325511 0.808066261801 -0.808066261801 2.60150325511 
17.017235787 31.7833560097 1.318354249 58.5270996094 44.3800849915 8388608 0.575354817076 0.0 0.575354817076 0.68830646057 1.12440746271 -1.12440746271 0.68830646057 
190.938493956 56.0777806931 2.09525108337 5.92114257812 43.6477966309 11141376 0.227786432147 0.0 0.227786432147 2.08407253786 0.216145227371 -0.216145227371 2.08407253786 
210.033165022 120.987141932 1.73363006115 79.8780517578 43.0448532104 14155776 0.332726308684 0.0 0.332726308684 0.304674814409 1.70664772182 -1.70664772182 0.304674814409 
142.012830734 82.7953987933 7.90621709824 293.960998535 42.5367431641 23658498 0.0159978834661 0.0 0.0159978834661 3.21083094441 -7.2248760163 7.2248760163 3.21083094441 
189.094116169 130.945066671 2.92454171181 357.557281494 41.6232643127 18547200 0.116918802906 0.0 0.116918802906 2.92188427086 -0.124645624805 0.124645624805 2.92188427086 
100.365664302 88.0429862445 1.62512516975 104.156402588 41.4652252197 9502720 0.378639891206 0.0 0.378639891206 -0.397456287704 1.57577292677 -1.57577292677 -0.397456287704 
37.2511789647 41.0079621761 3.88161468506 86.2789611816 41.19921875 22347777 0.0663705101089 0.0 0.0663705101089 0.251911883467 3.87343167827 -3.87343167827 0.251911883467 
99.6269669735 72.8625718231 3.39794635773 0.804473876953 40.9997444153 12713985 0.086609785488 0.0 0.086609785488 3.39761142467 0.047708038668 -0.047708038668 3.39761142467 
194.164956736 14.4973988486 1.3093380928 44.5009765625 40.9317626953 8388608 0.583305933078 0.0 0.583305933078 0.933870340697 0.917743116582 -0.917743116582 0.933870340697 
191.650687049 43.4444412118 2.16855859756 20.0918273926 40.7854728699 13631744 0.212646224453 0.0 0.212646224453 2.03658719469 0.744955696336 -0.744955696336 2.03658719469 
188.924641926 149.401732743 2.31250977516 115.52230835 40.6078872681 18284800 0.186996227714 0.0 0.186996227714 -0.996373718707 2.08684950892 -2.08684950892 -0.996373718707 
83.5728089148 145.924516442 2.23105931282 81.8396606445 40.2168769836 15663360 0.200898996599 0.0 0.200898996599 0.316684964918 2.20846921878 -2.20846921878 0.316684964918 
217.153674363 24.049052768 2.35535168648 83.8463439941 40.1016845703 19595520 0.180255479325 0.0 0.180255479325 0.252482386157 2.34178013735 -2.34178013735 0.252482386157 
107.553640883 117.753629512 1.87515318394 348.714447021 39.952835083 19857408 0.284397972998 0.0 0.284397972998 1.83889528726 -0.366965373989 0.366965373989 1.83889528726 
106.783843092 58.976037003 1.47514259815 306.778411865 39.8827133179 8388608 0.459549175345 0.0 0.459549175345 0.883200110112 -1.18152581452 1.18152581452 0.883200110112 
40.5455175055 42.3342918132 1.87233543396 356.005889893 39.3713226318 19726336 0.285254620122 0.0 0.285254620122 1.86778793527 -0.130415513331 0.130415513331 1.86778793527 
224.568137707 67.3979916612 1.35367178917 356.828155518 39.0002212524 8388608 0.545724238565 0.0 0.545724238565 1.35159806508 -0.074899821555 0.074899821555 1.35159806508 
92.5850864241 71.93082139 1.71088898182 99.2004699707 38.8871536255 13172736 0.341630267577 0.0 0.341630267577 -0.273552815517 1.6888783157 -1.6888783157 -0.273552815517 
195.707730548 94.7615269034 2.34396386147 60.9975585938 38.8786621094 19267840 0.182011226769 0.0 0.182011226769 1.13646358348 2.05002856255 -2.05002856255 1.13646358348 
181.318687713 103.626987575 3.29950118065 56.5596618652 38.8191490173 10551297 0.0918551316178 0.0 0.0918551316178 1.81825071855 2.75330208397 -2.75330208397 1.81825071855 
69.2161315445 83.7123782134 3.10852336884 96.0892333984 38.4639358521 22938112 0.103488412937 0.0 0.103488412937 -0.329743519716 3.09098475341 -3.09098475341 -0.329743519716 
85.607230382 83.9169766998 3.07586026192 102.542785645 38.326713562 22217216 0.105698006717 0.0 0.105698006717 -0.66798027588 3.00245211483 -3.00245211483 -0.66798027588 
108.621388424 98.6119097411 2.78572130203 38.8682861328 38.2014846802 15008256 0.128861941277 0.0 0.128861941277 2.16893645899 1.74812980338 -1.74812980338 2.16893645899 
100.457814445 26.4434542939 1.29443573952 14.1688232422 37.125743866 8388608 0.596814009722 0.0 0.596814009722 1.255057305 0.316851771181 -0.316851771181 1.255057305 
189.535852438 50.1352947929 1.30228459835 338.419006348 37.0194625854 8388608 0.589641702268 0.0 0.589641702268 1.21099256 -0.479001247095 0.479001247095 1.21099256 
67.6481218102 15.2446201888 1.44755542278 346.732208252 36.9909896851 8388608 0.477232046033 0.0 0.477232046033 1.40891733015 -0.33221778826 0.33221778826 1.40891733015 
170.110723087 51.13102111 1.36044168472 342.671325684 36.6976013184 8388608 0.540306433785 0.0 0.540306433785 1.29869376075 -0.405211171282 0.405211171282 1.29869376075 
202.532126509 71.6387416305 1.24767398834 153.767150879 36.4968490601 8388608 0.642388500684 0.0 0.642388500684 -1.11916992536 0.551497107288 -0.551497107288 -1.11916992536 
179.355704417 26.3953357865 1.36074256897 26.8503112793 36.3458938599 8388608 0.540067517587 0.0 0.540067517587 1.21404031382 0.614594545548 -0.614594545548 1.21404031382 
115.852291266 68.2940205994 3.68913125992 285.6300354 36.075012207 18612225 0.0734770623136 0.0 0.0734770623136 0.99394304414 -3.55271258026 3.55271258026 0.99394304414 
162.876533305 26.7737970099 2.16787385941 149.772674561 35.9179382324 13631744 0.21278057727 0.0 0.21278057727 -1.87311846512 1.09137724272 -1.09137724272 -1.87311846512 
128.502828556 15.8645053279 1.43696606159 357.810028076 35.5454788208 8388608 0.484291646392 0.0 0.484291646392 1.43591653011 -0.0549106613375 0.0549106613375 1.43591653011 
110.010197288 145.135155795 1.68234610558 42.8273010254 35.4690132141 11993088 0.353320881825 0.0 0.353320881825 1.23384278232 1.14364347918 -1.14364347918 1.23384278232 
135.428799375 99.5983616729 1.31431543827 333.356750488 35.4378128052 8388608 0.578896310253 0.0 0.578896310253 1.17475615832 -0.589383610034 0.589383610034 1.17475615832 
35.7713970252 24.2345721294 2.35054016113 126.901977539 35.4335517883 19464448 0.180994195899 0.0 0.180994195899 -1.41137672906 1.87964219408 -1.87964219408 -1.41137672906 
117.197651252 39.7762138486 1.27967810631 104.21105957 35.3846969604 8388608 0.610658660085 0.0 0.610658660085 -0.314153948878 1.24051737278 -1.24051737278 -0.314153948878 
175.94733503 102.444067469 5.19634580612 274.578063965 35.3257637024 10027521 0.0370342804016 0.0 0.0370342804016 0.414758269496 -5.17976691702 5.17976691702 0.414758269496 
99.6609078513 73.1259979406 1.41247391701 30.5402832031 35.2594299316 8388608 0.501232388538 0.0 0.501232388538 1.21652439113 0.717740184198 -0.717740184198 1.21652439113 
17.4357624432 17.1468018495 1.61423695087 344.921325684 35.2035903931 8978432 0.38376505961 0.0 0.38376505961 1.55865800535 -0.419935895022 0.419935895022 1.55865800535 
41.2446445153 166.232059019 1.25205850601 82.5735473633 35.0130691528 8388608 0.637897285409 0.0 0.637897285409 0.16183284787 1.24155573046 -1.24155573046 0.16183284787 
27.4156274072 27.3496244895 1.7362664938 41.5161743164 34.9734916687 14286848 0.331716619784 0.0 0.331716619784 1.30006189529 1.15085203476 -1.15085203476 1.30006189529 
171.09308162 43.0354271956 1.34092843533 315.85534668 34.7624282837 8388608 0.556145975985 0.0 0.556145975985 0.962228417366 -0.933919451279 0.933919451279 0.962228417366 
87.0452525527 99.4193918936 3.38389992714 112.026184082 34.548614502 12386305 0.0873303051892 0.0 0.0873303051892 -1.26906492316 3.13691774481 -3.13691774481 -1.26906492316 
177.083968211 89.0009538319 1.24585092068 275.72064209 34.3564376831 8388608 0.644269904855 0.0 0.644269904855 0.124184220075 -1.23964623826 1.23964623826 0.124184220075 
181.698332746 53.4340927495 1.37633514404 187.43598938 34.1574897766 8388608 0.527899925817 0.0 0.527899925817 -1.36476025628 -0.178123192243 0.178123192243 -1.36476025628 
50.918853838 21.3671183105 1.77888739109 306.615936279 34.1190032959 15990784 0.316011644821 0.0 0.316011644821 1.0610140899 -1.42782682816 1.42782682816 1.0610140899 
49.7281459445 19.7948165977 2.63786220551 326.38067627 33.6909103394 11076096 0.143712911874 0.0 0.143712911874 2.19663900986 -1.46051158009 1.46051158009 2.19663900986 
38.4546034446 130.359076391 3.50513386726 73.7897033691 33.6902389526 14942209 0.0813936982562 0.0 0.0813936982562 0.978506055319 3.36578212711 -3.36578212711 0.978506055319 
152.051484846 27.9328547591 2.28983998299 9.70141601562 33.6258621216 17563904 0.190717142598 0.0 0.190717142598 2.25709367915 0.385869500272 -0.385869500272 2.25709367915 
133.930008569 100.438277478 1.99174356461 332.478027344 33.3599319458 24182784 0.252076961203 0.0 0.252076961203 1.7663452941 -0.920362281475 0.920362281475 1.7663452941 
190.04968714 19.9050666705 2.15257263184 1.07220458984 33.047328949 13107456 0.215816364007 0.0 0.215816364007 2.15219573265 0.0402798176326 -0.0402798176326 2.15219573265 
187.801443438 10.4021764264 1.36763644218 357.179260254 33.0036849976 8388608 0.534636581145 0.0 0.534636581145 1.3659793994 -0.0673031826908 0.0673031826908 1.3659793994 
173.486861579 91.0759873441 1.93744146824 270.534057617 32.6308250427 22216704 0.266405273872 0.0 0.266405273872 0.0180587540637 -1.93735730423 1.93735730423 0.0180587540637 
201.884808829 15.0170053314 1.74243474007 49.873840332 32.552444458 14548992 0.329372212703 0.0 0.329372212703 1.1229518037 1.33231305253 -1.33231305253 1.1229518037 
56.2559884558 58.5549725472 1.97295415401 52.834197998 32.4405822754 23527424 0.256901129001 0.0 0.256901129001 1.19190813507 1.572228702 -1.572228702 1.19190813507 
117.167521644 95.650793411 6.01718664169 88.8889160156 32.1813011169 20578817 0.027619323356 0.0 0.027619323356 0.116678414196 6.01605528803 -6.01605528803 0.116678414196 
216.854721103 75.8757862335 1.34445691109 98.1404418945 32.169342041 8388608 0.553230638904 0.0 0.553230638904 -0.190375097604 1.33091010515 -1.33091010515 -0.190375097604 
156.781621104 112.955956494 1.7776632309 331.868164062 32.0942993164 15990784 0.316447027709 0.0 0.316447027709 1.56765901339 -0.838171688981 0.838171688981 1.56765901339 
142.52075506 21.4011859396 1.80545437336 70.5293579102 32.0678710938 17104896 0.306779944676 0.0 0.306779944676 0.601800936456 1.70220478414 -1.70220478414 0.601800936456 
24.7749114747 133.926544509 1.99323832989 75.6059875488 31.3637542725 24248320 0.251699028869 0.0 0.251699028869 0.495496458448 1.93066887358 -1.93066887358 0.495496458448 
224.494171 17.6469267479 1.53989613056 137.11227417 30.8128166199 8388608 0.421713151047 0.0 0.421713151047 -1.12826450818 1.04799775405 -1.04799775405 -1.12826450818 
228.727163892 137.795955451 1.35338032246 85.4410400391 30.5982475281 8388608 0.545959320419 0.0 0.545959320419 0.107573336468 1.34909831906 -1.34909831906 0.107573336468 
42.4820657863 33.6263142355 2.79156970978 357.900115967 30.5163936615 15204864 0.128322568945 0.0 0.128322568945 2.78969508123 -0.10228782093 0.10228782093 2.78969508123 
39.2715214624 15.5048183701 1.2755228281 112.038818359 30.1888103485 8388608 0.614643833394 0.0 0.614643833394 -0.478620402837 1.18232017449 -1.18232017449 -0.478620402837 
183.011910328 34.3290898183 1.9073073864 156.326965332 30.0664978027 21037056 0.274889795799 0.0 0.274889795799 -1.74681064006 0.765815940027 -0.765815940027 -1.74681064006 
81.6419790821 120.065225496 1.70914232731 105.612472534 30.0310173035 13107200 0.342328881077 0.0 0.342328881077 -0.459980589225 1.6460818183 -1.6460818183 -0.459980589225 
79.4482591877 136.15028139 1.61681675911 74.9676818848 29.9991493225 9109504 0.382541358289 0.0 0.382541358289 0.419343805847 1.56148877839 -1.56148877839 0.419343805847 
120.570793222 37.7864732424 2.34753036499 26.6505126953 29.8096141815 19398912 0.18145860297 0.0 0.18145860297 2.09812671835 1.05297819934 -1.05297819934 2.09812671835 
174.617682764 103.973424546 1.99608159065 86.7819824219 29.3691215515 24379392 0.250982488738 0.0 0.250982488738 0.112050994144 1.99293409105 -1.99293409105 0.112050994144 
177.596970175 10.7551051231 1.31841754913 147.16784668 29.1463012695 8388608 0.575299570297 0.0 0.575299570297 -1.10781679244 0.714819409544 -0.714819409544 -1.10781679244 
212.451506631 12.9230973519 1.50022137165 63.7850341797 29.1075458527 8388608 0.444313290279 0.0 0.444313290279 0.662708095001 1.34591312676 -1.34591312676 0.662708095001 
171.318318598 20.8481051892 1.53053164482 13.6352233887 29.0132217407 8388608 0.426889402157 0.0 0.426889402157 1.48739553886 0.360806910646 -0.360806910646 1.48739553886 
187.578272962 91.4543778237 1.93416857719 282.508636475 28.8624343872 22085632 0.26730762866 0.0 0.26730762866 0.418915331302 -1.8882579353 1.8882579353 0.418915331302 
65.8725274896 91.484735113 1.29642236233 114.257278442 28.8091163635 8388608 0.594986309235 0.0 0.594986309235 -0.532615257258 1.18196105235 -1.18196105235 -0.532615257258 
43.45148039 96.1807320424 1.41680860519 3.68090820312 28.8046646118 8388608 0.49817006598 0.0 0.49817006598 1.41388582253 0.090958807142 -0.090958807142 1.41388582253 
75.7787889893 98.7848461034 2.92899727821 120.322097778 28.49426651 18678272 0.116563361629 0.0 0.116563361629 -1.47873526413 2.52831308868 -2.52831308868 -1.47873526413 
38.0862088318 34.8415564716 1.53803646564 21.2764892578 28.4494056702 8388608 0.422733568041 0.0 0.422733568041 1.43320421637 0.558105584842 -0.558105584842 1.43320421637 
135.501901422 113.762346329 1.35851991177 183.965087891 28.419210434 8388608 0.541836158466 0.0 0.541836158466 -1.35526811757 -0.0939397688201 0.0939397688201 -1.35526811757 
98.1498333136 155.733236868 1.27208197117 61.510559082 28.024471283 8388608 0.617973432971 0.0 0.617973432971 0.606779022328 1.11803924772 -1.11803924772 0.606779022328 
212.286908204 56.2736953869 1.46842944622 254.452972412 27.9719200134 8388608 0.463760579948 0.0 0.463760579948 -0.39358199997 -1.41470076264 1.41470076264 -0.39358199997 
157.010962869 17.753932359 1.32367503643 247.9246521 27.8062038422 8388608 0.570738596711 0.0 0.570738596711 -0.49747093808 -1.22663697475 1.22663697475 -0.49747093808 
135.938790154 107.972628473 2.66128540039 165.622085571 27.6700572968 11731456 0.141194278031 0.0 0.141194278031 -2.57793114903 0.660841110413 -0.660841110413 -2.57793114903 
98.0316795288 155.252122428 2.70135951042 58.572265625 27.4398212433 12845568 0.137036174943 0.0 0.137036174943 1.40855027037 2.30506601649 -2.30506601649 1.40855027037 
17.5874740123 110.382533311 1.76264607906 262.90725708 27.3133029938 15335424 0.321862041428 0.0 0.321862041428 -0.217644111893 -1.74915758026 1.74915758026 -0.217644111893 
114.633056862 152.742513997 1.29901945591 90.6143798828 27.2056465149 8388608 0.592609608185 0.0 0.592609608185 -0.0139290560953 1.2989447749 -1.2989447749 -0.0139290560953 
162.853891364 145.787637361 1.27354061604 152.395599365 26.6781024933 8388608 0.616558656631 0.0 0.616558656631 -1.12857093159 0.590113000243 -0.590113000243 -1.12857093159 
103.101107448 126.14972953 1.51648461819 109.146865845 26.4098777771 8388608 0.43483448687 0.0 0.43483448687 -0.497392886271 1.43259412043 -1.43259412043 -0.497392886271 
24.2259715041 106.434073937 2.9712228775 172.220596313 26.2788314819 19726848 0.113273818067 0.0 0.113273818067 -2.94387741377 0.402182993788 -0.402182993788 -2.94387741377 
78.9795197576 73.154138951 1.62348401546 280.560424805 25.9444580078 9437184 0.379405800276 0.0 0.379405800276 0.297539773201 -1.59598572419 1.59598572419 0.297539773201 
98.446619873 80.9519081461 1.44930589199 346.071655273 25.7899780273 8388608 0.47607994209 0.0 0.47607994209 1.4066927043 -0.34885986331 0.34885986331 1.4066927043 
150.548694181 87.6767467256 2.5949716568 300.728271484 25.7021961212 9896448 0.148502841143 0.0 0.148502841143 1.32594522787 -2.23063828361 2.23063828361 1.32594522787 
111.421004838 73.6325003873 2.02562332153 128.980407715 25.4990234375 8716544 0.243715203883 0.0 0.243715203883 -1.2742276871 1.57464079782 -1.57464079782 -1.2742276871 
207.479711658 30.4890349803 1.68709969521 77.7435302734 25.3453140259 12189696 0.351332645639 0.0 0.351332645639 0.358151050152 1.64864587066 -1.64864587066 0.358151050152 
218.293058791 34.019146899 1.97017633915 181.13961792 24.8135452271 23396352 0.257626065994 0.0 0.257626065994 -1.96978663587 -0.03918439091 0.03918439091 -1.96978663587 
101.500295194 53.8299990827 4.40412664413 300.027709961 24.7129421234 14745857 0.051556140919 0.0 0.051556140919 2.20390767087 -3.81302012529 3.81302012529 2.20390767087 
226.059891096 144.736594158 1.27483308315 265.217773438 24.6831531525 8388608 0.615309116047 0.0 0.615309116047 -0.106281205212 -1.27039509418 1.27039509418 -0.106281205212 
70.238138684 132.884208048 1.24159264565 333.929840088 24.6552944183 8388608 0.648696772389 0.0 0.648696772389 1.11526876078 -0.545644471201 0.545644471201 1.11526876078 
165.373990295 97.7426082278 3.10553979874 131.659545898 24.4607982635 22872576 0.103687356293 0.0 0.103687356293 -2.06426168161 2.32017265551 -2.32017265551 -2.06426168161 
140.309697783 29.1656421086 1.34694957733 357.242675781 24.3729019165 8388608 0.551184915211 0.0 0.551184915211 1.34539013999 -0.0647961040142 0.0647961040142 1.34539013999 
108.54414408 30.2002195406 1.66178703308 202.823348999 24.2355461121 11075584 0.362117295629 0.0 0.362117295629 -1.53167767638 -0.644592614743 0.644592614743 -1.53167767638 
176.839821408 47.7384776172 2.7560107708 319.638244629 24.1588516235 14287360 0.131655249056 0.0 0.131655249056 2.0999996063 -1.78482408722 1.78482408722 2.0999996063 
54.762956599 140.805760723 2.06010603905 107.919067383 23.5640659332 9896192 0.235624718969 0.0 0.235624718969 -0.633839583321 1.96017455211 -1.96017455211 -0.633839583321 
199.729658443 144.423705732 2.41446375847 296.966552734 23.2068023682 21430528 0.171537319003 0.0 0.171537319003 1.09488756643 -2.15194248479 2.15194248479 1.09488756643 
204.553166174 23.1699274234 1.33263075352 86.2045898438 22.4442272186 8388608 0.563093270601 0.0 0.563093270601 0.0882121180159 1.3297079933 -1.3297079933 0.0882121180159 
126.602452317 52.2348022628 1.69135379791 60.7201843262 22.0849304199 12386304 0.349567520517 0.0 0.349567520517 0.827199207561 1.47526917568 -1.47526917568 0.827199207561 
201.215633043 165.392740984 1.25160288811 154.027282715 20.5825576782 8388608 0.638361794284 0.0 0.638361794284 -1.12519435695 0.548130868145 -0.548130868145 -1.12519435695 
113.649102049 84.8656550341 2.05072879791 268.464416504 19.9875965118 9568512 0.237784498901 0.0 0.237784498901 -0.05495497828 -2.04999232997 2.04999232997 -0.05495497828 
50.9574211043 47.4702384609 1.40999126434 250.826248169 19.6306934357 8388608 0.502999039846 0.0 0.502999039846 -0.46308903905 -1.33177472098 1.33177472098 -0.46308903905 
135.11154855 122.792055412 1.73385441303 198.530807495 19.608921051 14155776 0.332640208094 0.0 0.332640208094 -1.64395910009 -0.551044102423 0.551044102423 -1.64395910009 
141.949567787 36.4982838025 1.5510032177 351.983825684 19.4088459015 8388608 0.41569481008 0.0 0.41569481008 1.53584796417 -0.216291498335 0.216291498335 1.53584796417 
44.2690063154 128.357798347 1.2552793026 78.3263244629 19.3062648773 8388608 0.634628050224 0.0 0.634628050224 0.253989914545 1.22931495185 -1.22931495185 0.253989914545 
111.508352062 161.118095622 2.37667798996 206.387176514 18.9670143127 20250880 0.177035071811 0.0 0.177035071811 -2.12905488702 -1.05627816223 1.05627816223 -2.12905488702 
132.723326389 41.0372968789 1.5181876421 359.140380859 18.9079055786 8388608 0.433859484622 0.0 0.433859484622 1.51801677667 -0.0227767945074 0.0227767945074 1.51801677667 
108.807837547 90.4097368242 1.38758099079 209.20765686 18.4250640869 8388608 0.519377721542 0.0 0.519377721542 -1.21115960489 -0.67710665149 0.67710665149 -1.21115960489 
111.039608438 126.521314405 1.27340018749 131.927215576 18.2613773346 8388608 0.616694650341 0.0 0.616694650341 -0.850868214803 0.947402405815 -0.947402405815 -0.850868214803 
223.634368016 41.9971831805 1.47232878208 216.554351807 17.8443012238 8388608 0.461307372971 0.0 0.461307372971 -1.18271028453 -0.876897043794 0.876897043794 -1.18271028453 
107.297539936 67.3611070464 1.27080714703 146.509414673 17.3251190186 8388608 0.619213908526 0.0 0.619213908526 -1.05982330105 0.701231328083 -0.701231328083 -1.05982330105 
109.866317404 49.0892236081 1.96086382866 306.03704834 16.6464271545 23068672 0.260078905812 0.0 0.260078905812 1.15359237207 -1.58562656185 1.58562656185 1.15359237207 
47.886805799 77.9579080395 1.28931772709 262.24911499 16.0211486816 8388608 0.601561581177 0.0 0.601561581177 -0.17388542822 -1.27753828093 1.27753828093 -0.17388542822 
102.930350541 161.696530936 1.33858537674 262.719604492 15.7473430634 8388608 0.558094634747 0.0 0.558094634747 -0.169632515185 -1.3277935158 1.3277935158 -0.169632515185 
137.999121362 87.9774871329 1.93777370453 99.7515563965 15.3719444275 22216704 0.266313929963 0.0 0.266313929963 -0.328212893166 1.90977570063 -1.90977570063 -0.328212893166 
30.2968693389 110.518302321 1.3538839817 164.400085449 15.3565750122 8388608 0.545553190622 0.0 0.545553190622 -1.30401091395 0.364084292731 -0.364084292731 -1.30401091395 
189.319255174 144.020042308 1.36038851738 84.1714172363 14.9891529083 8388608 0.54034866763 0.0 0.54034866763 0.138150982919 1.3533555424 -1.3533555424 0.138150982919 
26.6974743224 143.345144627 2.10529923439 260.056335449 14.7059803009 11469056 0.225617267427 0.0 0.225617267427 -0.363542634779 -2.07367346008 2.07367346008 -0.363542634779 
174.724416386 155.475648416 1.58080291748 252.241226196 14.6817016602 8388608 0.400170014005 0.0 0.400170014005 -0.482160915222 -1.50547624217 1.50547624217 -0.482160915222 
209.690458441 38.4834681603 1.67604386806 167.904434204 14.6384506226 11730944 0.355982982243 0.0 0.355982982243 -1.63883478329 0.351203076221 -0.351203076221 -1.63883478329 
65.9175275625 136.741502041 2.25254774094 264.07043457 13.5947685242 16384256 0.197084282884 0.0 0.197084282884 -0.232701254865 -2.24049580477 2.24049580477 -0.232701254865 
40.3916895255 139.46262734 1.50886356831 338.204528809 13.2973384857 8388608 0.439238151171 0.0 0.439238151171 1.4010027245 -0.560232660325 0.560232660325 1.4010027245 
15.26506614 126.837504123 1.87978386879 270.317260742 13.2409276962 19988480 0.282998519261 0.0 0.282998519261 0.0104087697701 -1.87975505076 1.87975505076 0.0104087697701 
134.943692735 152.994404352 2.39106488228 262.034332275 13.0466775894 20709632 0.17491106254 0.0 0.17491106254 -0.331353045094 -2.36799417879 2.36799417879 -0.331353045094 
221.948624399 98.4357162692 1.25393176079 258.784057617 12.9416046143 8388608 0.635992793303 0.0 0.635992793303 -0.243898870637 -1.22998300867 1.22998300867 -0.243898870637 
179.471117137 158.455169801 2.6498401165 286.972869873 12.7301549911 11403776 0.14241661484 0.0 0.14241661484 0.773538284946 -2.53442126821 2.53442126821 0.773538284946 
37.4312631323 147.541558225 4.05531454086 307.875427246 11.8837080002 8782081 0.0608066265639 0.0 0.0608066265639 2.48974708045 -3.20105224898 3.20105224898 2.48974708045 
183.151744064 157.436974752 1.75914621353 295.12322998 11.870344162 15204352 0.323144020641 0.0 0.323144020641 0.746874623629 -1.59272524221 1.59272524221 0.746874623629 
120.863273405 76.2024880148 1.60607767105 162.910476685 10.9673805237 8650752 0.387674210861 0.0 0.387674210861 -1.535164146 0.471970899818 -0.471970899818 -1.535164146 
117.357247932 51.5383085794 1.31589901447 103.419464111 9.94577693939 8388608 0.577503840454 0.0 0.577503840454 -0.305391678047 1.27997114783 -1.27997114783 -0.305391678047 
47.4190596247 151.766057186 1.29696416855 279.425476074 7.46210956573 8388608 0.594489302522 0.0 0.594489302522 0.212396840176 -1.27945442935 1.27945442935 0.212396840176 
171.903150367 166.888524112 1.55036532879 267.695373535 5.55562496185 8388608 0.416036950934 0.0 0.416036950934 -0.0623440260879 -1.54911131786 1.54911131786 -0.0623440260879 
160.571341303 167.297526117 1.31023299694 83.3357849121 5.37042999268 8388608 0.582509395933 0.0 0.582509395933 0.152053083324 1.3013801774 -1.3013801774 0.152053083324 
88.1094452735 168.17375867 1.50339126587 19.5130615234 4.86415100098 8388608 0.442441600145 0.0 0.442441600145 1.41704454445 0.502165368517 -0.502165368517 1.41704454445 
152.217447897 153.586764457 1.80607032776 291.906311035 4.76787376404 17104896 0.306570727758 0.0 0.306570727758 0.673826742351 -1.67566331645 1.67566331645 0.673826742351 
139.263652005 161.856293454 1.32881224155 111.977615356 4.52363014221 8388608 0.56633416157 0.0 0.56633416157 -0.497300443493 1.23224763834 -1.23224763834 -0.497300443493 
27.3423910349 159.941070574 1.42116951942 76.202331543 2.97312545776 8388608 0.49511744807 0.0 0.49511744807 0.338940316554 1.38016023155 -1.38016023155 0.338940316554 
17.8525636609 156.180249381 2.31209540367 313.400909424 2.30922889709 18284800 0.187063260284 0.0 0.187063260284 1.58863853972 -1.67988474182 1.67988474182 1.58863853972 
23.1270992107 153.35293352 1.45747959614 347.457427979 2.15646743774 8388608 0.470755099001 0.0 0.470755099001 1.42269672643 -0.316513503272 0.316513503272 1.42269672643 
64.0661945562 163.45394613 1.55807888508 278.548828125 1.71286678314 8388608 0.411927812701 0.0 0.411927812701 0.231611866651 -1.54076791093 1.54076791093 0.231611866651 
