13
108
148.131384951 44.2557443862 3.80183148384 267.242004395 135.578475952 20840449 0.069185371023 0.0 0.069185371023 -0.182934691008 -3.79742775183 3.79742775183 -0.182934691008 
75.0087329402 76.5690990392 6.85013055801 258.284362793 114.055213928 13303810 0.0213109250778 0.0 0.0213109250778 -1.39095009586 -6.70742472881 6.70742472881 -1.39095009586 
129.185796618 106.393170986 1.23805522919 81.7066955566 109.638839722 8388608 0.652409028273 0.0 0.652409028273 0.178577785162 1.22510845445 -1.22510845445 0.178577785162 
136.733467949 42.0188814427 2.01032543182 95.7504272461 109.257408142 24838144 0.247438495548 0.0 0.247438495548 -0.20142552349 2.00020901416 -2.00020901416 -0.20142552349 
23.5768966872 109.227622038 1.26027476788 193.866546631 100.321273804 8388608 0.629606955868 0.0 0.629606955868 -1.22354604899 -0.302038998404 0.302038998404 -1.22354604899 
230.778288984 49.680441124 3.68394708633 291.063781738 95.6517181396 18546689 0.0736840065811 0.0 0.0736840065811 1.32403633458 -3.43778910342 3.43778910342 1.32403633458 
119.200300547 132.528519501 1.43744039536 60.8066711426 95.2469940186 8388608 0.483972081172 0.0 0.483972081172 0.701123079014 1.25485509852 -1.25485509852 0.701123079014 
110.520331003 140.792957998 3.35411477089 78.0488586426 93.1187362671 11730945 0.0888882102073 0.0 0.0888882102073 0.694561720421 3.2814127922 -3.2814127922 0.694561720421 
112.985232206 51.5640675426 1.80003774166 241.560333252 90.7548828125 16908288 0.308629032759 0.0 0.308629032759 -0.857237534485 -1.58280753122 1.58280753122 -0.857237534485 
124.179752453 102.109403584 1.27763843536 12.2116699219 89.4200744629 8388608 0.612609974177 0.0 0.612609974177 1.24872909544 0.270251027245 -0.270251027245 1.24872909544 
242.975306633 111.037402901 5.31681060791 80.2847900391 86.9065856934 11665921 0.0353750953517 0.0 0.0353750953517 0.897217331848 5.24056066655 -5.24056066655 0.897217331848 
243.512040527 110.200412157 3.37819600105 78.6069946289 85.0309753418 12255233 0.0876254604357 0.0 0.0876254604357 0.667320960377 3.31162965281 -3.31162965281 0.667320960377 
127.814742565 117.052170114 2.10922670364 67.56640625 81.7403488159 11600128 0.224777831916 0.0 0.224777831916 0.804907047812 1.94960558364 -1.94960558364 0.804907047812 
108.101711347 126.479142741 2.28538680077 34.2666931152 78.6912765503 17432832 0.191461109122 0.0 0.191461109122 1.88870248014 1.2867772809 -1.2867772809 1.88870248014 
259.380560835 89.1505511254 1.66578638554 46.2244873047 77.2333984375 11272192 0.36038058294 0.0 0.36038058294 1.1524487274 1.20279100967 -1.20279100967 1.1524487274 
233.645721722 50.5306647611 1.27213704586 19.3341674805 76.824432373 8388608 0.617919926221 0.0 0.617919926221 1.20039320617 0.421175514527 -0.421175514527 1.20039320617 
185.82827931 50.973654042 6.50167512894 268.466705322 76.7784500122 9502722 0.0236564443761 0.0 0.0236564443761 -0.173970824939 -6.49934716986 6.49934716986 -0.173970824939 
30.0055348634 104.365530762 3.44841837883 179.742950439 69.9276809692 13762561 0.0840930487484 0.0 0.0840930487484 -3.44838367498 0.0154707984228 -0.0154707984228 -3.44838367498 
255.988318585 109.339330236 2.05196332932 69.7020263672 69.5194091797 9634048 0.237498466377 0.0 0.237498466377 0.711831170364 1.92453887717 -1.92453887717 0.711831170364 
253.150387219 53.1902155525 1.3745726347 286.697387695 68.0722198486 8388608 0.529254565125 0.0 0.529254565125 0.39493787846 -1.31661459821 1.31661459821 0.39493787846 
108.362324082 110.829591407 2.37762498856 17.6545715332 67.6460189819 20316416 0.176894075163 0.0 0.176894075163 2.26564418317 0.721080454225 -0.721080454225 2.26564418317 
83.4569008959 86.839618423 1.83734703064 84.0148620605 67.3996658325 18350080 0.296222209059 0.0 0.296222209059 0.191581073053 1.82733160741 -1.82733160741 0.191581073053 
266.12971131 91.765546722 1.27013015747 21.0916137695 65.429725647 8388608 0.619874176397 0.0 0.619874176397 1.18503933282 0.457069356436 -0.457069356436 1.18503933282 
264.926611471 95.8328316543 1.62579607964 28.0696411133 63.6928405762 9502720 0.378327452478 0.0 0.378327452478 1.43456395161 0.765009255688 -0.765009255688 1.43456395161 
154.539943619 64.9725177446 2.75749373436 17.4130859375 62.339050293 14287360 0.13151368033 0.0 0.13151368033 2.631123325 0.825204061829 -0.825204061829 2.631123325 
29.9124360907 107.396560922 1.95549464226 116.933959961 62.1366653442 22872064 0.261509059752 0.0 0.261509059752 -0.88576713013 1.74338059157 -1.74338059157 -0.88576713013 
25.3548449506 121.174533895 1.92577600479 137.406738281 62.0732498169 21757952 0.269642570014 0.0 0.269642570014 -1.41771139749 1.30334477942 -1.30334477942 -1.41771139749 
82.8235423087 95.007678668 1.29487502575 290.817749023 61.0108108521 8388608 0.596409140215 0.0 0.596409140215 0.460194096934 -1.21033992145 1.21033992145 0.460194096934 
112.03237791 134.266801477 1.29483735561 344.252258301 59.6066513062 8388608 0.596443842859 0.0 0.596443842859 1.24623684546 -0.351422114427 0.351422114427 1.24623684546 
118.127791026 107.941818602 1.28121745586 63.5347290039 59.381187439 8388608 0.609192160499 0.0 0.609192160499 0.570981323678 1.14695182864 -1.14695182864 0.570981323678 
105.622314555 98.3257348081 2.11367440224 45.9346008301 58.6031455994 11796736 0.22383284986 0.0 0.22383284986 1.47001614774 1.51877319046 -1.51877319046 1.47001614774 
91.4959687559 85.155024412 1.78054666519 82.5264282227 58.5059204102 16056320 0.315422942902 0.0 0.315422942902 0.231593683801 1.76542085423 -1.76542085423 0.231593683801 
91.8863946036 118.104431947 1.52953732014 8.37316894531 58.0151977539 8388608 0.427444608798 0.0 0.427444608798 1.51323342164 0.222730836021 -0.222730836021 1.51323342164 
127.274492286 67.6378718131 4.47755813599 283.703948975 57.4804115295 15925505 0.0498789764917 0.0 0.0498789764917 1.06075639021 -4.35009456699 4.35009456699 1.06075639021 
248.286938235 89.3909494522 1.3146982193 9.49169921875 55.7196769714 8388608 0.578559262156 0.0 0.578559262156 1.29669934677 0.216799935234 -0.216799935234 1.29669934677 
55.7821259011 85.1191244679 1.42847967148 83.3421020508 54.046787262 8388608 0.490062951431 0.0 0.490062951431 0.16561922531 1.41884616644 -1.41884616644 0.16561922531 
105.595042836 112.069981019 1.39045596123 40.5383911133 53.8849105835 8388608 0.51723216363 0.0 0.51723216363 1.05670569479 0.903737160187 -0.903737160187 1.05670569479 
268.420206835 69.3182249294 2.33826589584 349.0652771 53.3681297302 19071232 0.182899369839 0.0 0.182899369839 2.29581218842 -0.44354683539 0.44354683539 2.29581218842 
54.9560587514 85.2494584528 1.93384289742 79.9557189941 53.3385353088 22085632 0.267397671155 0.0 0.267397671155 0.337280057954 1.90420338052 -1.90420338052 0.337280057954 
248.358131641 76.9548372055 1.4469871521 34.0096435547 53.3241729736 8388608 0.477606963299 0.0 0.477606963299 1.19947051048 0.809346843348 -0.809346843348 1.19947051048 
244.907470104 82.5811114782 1.2460116148 22.1970214844 53.0943450928 8388608 0.644103736723 0.0 0.644103736723 1.1536699751 0.470734036133 -0.470734036133 1.1536699751 
241.718386808 48.7721145758 1.61463677883 289.879486084 52.5317420959 9043968 0.383575021821 0.0 0.383575021821 0.549045727494 -1.51842046768 1.51842046768 0.549045727494 
255.762381496 74.2194192595 1.56291973591 103.280059814 49.1193695068 8388608 0.409380026142 0.0 0.409380026142 -0.359019911269 1.52112550574 -1.52112550574 -0.359019911269 
56.3750069496 95.3787913221 2.00869560242 271.525634766 49.0573730469 24838144 0.247840195183 0.0 0.247840195183 0.0534799203266 -2.00798354607 2.00798354607 0.0534799203266 
89.9064306899 110.869104655 6.01488161087 72.1304016113 48.0271835327 20578817 0.0276404960388 0.0 0.0276404960388 1.84567635135 5.72470781777 -5.72470781777 1.84567635135 
253.878076233 65.6289877117 1.63679897785 72.4814147949 43.9440002441 10027008 0.373258158995 0.0 0.373258158995 0.492701279571 1.56088319326 -1.56088319326 0.492701279571 
79.2871401415 125.20734671 2.65835261345 348.437866211 41.3424224854 11665920 0.141505990746 0.0 0.141505990746 2.60440912566 -0.532814905578 0.532814905578 2.60440912566 
173.387506925 66.554904327 1.53643739223 70.0725708008 41.1313362122 8388608 0.423613960281 0.0 0.423613960281 0.523663426591 1.44444331004 -1.44444331004 0.523663426591 
128.635890956 58.9140220157 1.48585724831 280.428741455 39.9361190796 8388608 0.45294537101 0.0 0.45294537101 0.268958756626 -1.46131206441 1.46131206441 0.268958756626 
136.35533472 103.569580757 2.63343167305 161.809844971 38.2775115967 10945024 0.144196888994 0.0 0.144196888994 -2.50182778208 0.822082797201 -0.822082797201 -2.50182778208 
98.9576819927 111.48802631 1.34861838818 140.244750977 38.2495765686 8388608 0.549821661875 0.0 0.549821661875 -1.03679522489 0.86245418346 -0.86245418346 -1.03679522489 
96.1813080224 108.784818964 2.27234077454 49.9046325684 36.764793396 17039616 0.193665863724 0.0 0.193665863724 1.46352784635 1.73828042576 -1.73828042576 1.46352784635 
164.607855216 77.0614834266 1.74000680447 82.0196228027 36.1215896606 14417920 0.33029203951 0.0 0.33029203951 0.241572006041 1.7231560131 -1.7231560131 0.241572006041 
159.149175959 77.4131325882 1.7366566658 79.5884094238 35.9465751648 14286848 0.331567583994 0.0 0.331567583994 0.313845313634 1.7080624971 -1.7080624971 0.313845313634 
254.559891416 76.5381751788 2.94936871529 102.756958008 31.4807929993 19137024 0.114958704632 0.0 0.114958704632 -0.651267445678 2.876565058 -2.876565058 -0.651267445678 
180.08963813 66.0186558406 1.710952878 86.3375549316 30.651632309 13172736 0.341604751432 0.0 0.341604751432 0.109292596039 1.70745860248 -1.70745860248 0.109292596039 
176.529945763 57.7879987234 1.47458326817 88.5746154785 30.6380405426 8388608 0.459897868279 0.0 0.459897868279 0.0366803870346 1.47412698366 -1.47412698366 0.0366803870346 
34.6737533213 117.308216638 1.72696232796 250.46875 29.7947673798 13893632 0.335300554857 0.0 0.335300554857 -0.577359670098 -1.62759168514 1.62759168514 -0.577359670098 
105.602653169 60.1489734447 1.44368004799 252.816436768 28.7356014252 8388608 0.479797621909 0.0 0.479797621909 -0.426512159342 -1.3792387244 1.3792387244 -0.426512159342 
149.14489036 86.9158900896 1.60731446743 238.251495361 27.2564659119 8716288 0.387077825279 0.0 0.387077825279 -0.845755580509 -1.36680550747 1.36680550747 -0.845755580509 
163.211837272 108.242148216 1.75394821167 71.2714233398 25.7187538147 15007744 0.325062198377 0.0 0.325062198377 0.563167125 1.6610770959 -1.6610770959 0.563167125 
221.526727864 48.8543913203 1.46206450462 71.8701782227 25.6010551453 8388608 0.467807233416 0.0 0.467807233416 0.454952249053 1.38947870324 -1.38947870324 0.454952249053 
175.038751585 52.6443558683 1.26694047451 237.840835571 24.5831050873 8388608 0.622999328788 0.0 0.622999328788 -0.674358265562 -1.07255726916 1.07255726916 -0.674358265562 
217.518126498 50.4093544994 1.31072700024 65.5079650879 24.4336776733 8388608 0.582070391725 0.0 0.582070391725 0.543383817625 1.19278635803 -1.19278635803 0.543383817625 
144.153447314 58.8543615544 2.05309772491 262.67086792 24.4114112854 9699584 0.237236089402 0.0 0.237236089402 -0.261911462694 -2.03632331759 2.03632331759 -0.261911462694 
154.958258732 110.824449582 1.52520787716 68.107635498 23.7059555054 8388608 0.429874734728 0.0 0.429874734728 0.568695310557 1.41521896267 -1.41521896267 0.568695310557 
229.867222832 65.7302432295 1.61315822601 259.567932129 22.7806911469 8978432 0.38427848144 0.0 0.38427848144 -0.292093934079 -1.58649317547 1.58649317547 -0.292093934079 
88.0798187766 136.742773723 1.38661062717 96.2932434082 22.3435592651 8388608 0.520104907071 0.0 0.520104907071 -0.151996232602 1.37825475753 -1.37825475753 -0.151996232602 
38.9222506779 101.562128497 1.31259405613 259.297485352 22.1140899658 8388608 0.580415675953 0.0 0.580415675953 -0.243761502197 -1.28976101904 1.28976101904 -0.243761502197 
139.045846775 115.935913685 1.56017816067 184.731735229 21.8915557861 8388608 0.410820031234 0.0 0.410820031234 -1.55486083868 -0.128699904299 0.128699904299 -1.55486083868 
170.560330849 125.312640326 1.82444500923 79.8246459961 21.7576332092 17825792 0.300426642631 0.0 0.300426642631 0.322308952064 1.79574957361 -1.79574957361 0.322308952064 
159.245953057 127.749757766 1.75481724739 75.8482055664 21.5497264862 15007744 0.324740317893 0.0 0.324740317893 0.42903818239 1.70156099209 -1.70156099209 0.42903818239 
139.033923244 124.982612352 1.29056549072 70.6520385742 21.128370285 8388608 0.600398922151 0.0 0.600398922151 0.427569920059 1.21767945261 -1.21767945261 0.427569920059 
62.4288152749 133.640907297 1.52944898605 101.323822021 19.81590271 8388608 0.427493984774 0.0 0.427493984774 -0.300313181661 1.49967536282 -1.49967536282 -0.300313181661 
135.48897392 72.9580027674 1.77874362469 235.047210693 19.4995613098 15990784 0.316062729973 0.0 0.316062729973 -1.01904449073 -1.45790164561 1.45790164561 -1.01904449073 
53.0896991779 102.351042769 1.29748594761 278.411437988 18.636636734 8388608 0.59401125542 0.0 0.59401125542 0.189796912148 -1.28352908669 1.28352908669 0.189796912148 
122.950005083 79.4072183321 1.62211477757 48.9676208496 17.1502418518 9371648 0.380046588541 0.0 0.380046588541 1.06489471367 1.22362396201 -1.22362396201 1.06489471367 
243.140961685 41.7024514437 1.51234710217 290.283355713 16.8227653503 8388608 0.437217003043 0.0 0.437217003043 0.524275059395 -1.41856597292 1.41856597292 0.524275059395 
222.78775759 69.6204824264 1.77444767952 246.210083008 14.6981964111 15859712 0.317594960851 0.0 0.317594960851 -0.715784288884 -1.62367404954 1.62367404954 -0.715784288884 
91.252188571 99.1247573749 1.97162616253 230.113555908 13.4949951172 23461888 0.25724731776 0.0 0.25724731776 -1.26434097499 -1.51286206369 1.51286206369 -1.26434097499 
89.250298148 98.3086166268 1.39310801029 230.953613281 13.3552570343 8388608 0.515264736274 0.0 0.515264736274 -0.87758750348 -1.08193812303 1.08193812303 -0.87758750348 
207.254171503 71.6741719649 2.90522766113 265.510498047 11.6729202271 18088448 0.118478530515 0.0 0.118478530515 -0.227410860551 -2.89631352991 2.89631352991 -0.227410860551 
163.517243023 84.8112929339 1.27759945393 250.675415039 10.8526973724 8388608 0.612647358009 0.0 0.612647358009 -0.422782363507 -1.20561828029 1.20561828029 -0.422782363507 
102.423704839 88.7824965951 1.65888273716 250.620117188 9.05521392822 10944512 0.363386362323 0.0 0.363386362323 -0.550466951535 -1.56488915611 1.56488915611 -0.550466951535 
98.8466924848 151.833964616 1.6577693224 81.9463195801 8.99486160278 10944512 0.363874651745 0.0 0.363874651745 0.232254844699 1.64141914616 -1.64141914616 0.232254844699 
169.073682791 93.5556111449 2.27446818352 249.413833618 8.11942100525 17105152 0.193303744951 0.0 0.193303744951 -0.799738572116 -2.1292307846 2.1292307846 -0.799738572116 
253.24616198 59.6992190592 1.26054978371 277.922851562 7.8892250061 8388608 0.629332261455 0.0 0.629332261455 0.173753658984 -1.24851728991 1.24851728991 0.173753658984 
11.5772762162 98.7471915257 1.47569179535 180.990722656 6.91330718994 8388608 0.459207185024 0.0 0.459207185024 -1.47547119115 -0.0255154647422 0.0255154647422 -1.47547119115 
160.697684451 134.678576464 1.57805144787 74.7617492676 6.66499328613 8388608 0.401566692836 0.0 0.401566692836 0.414764574327 1.5225691183 -1.5225691183 0.414764574327 
18.1827850583 71.5164340846 1.2891998291 220.75227356 6.65765762329 8388608 0.60167161244 0.0 0.60167161244 -0.976619254488 -0.841576515308 0.841576515308 -0.976619254488 
13.4604835314 76.1168741926 1.36104369164 186.74710083 6.58224487305 8388608 0.539828570694 0.0 0.539828570694 -1.35161765164 -0.159905141611 0.159905141611 -1.35161765164 
24.0307940603 66.5757824043 1.31314837933 245.636489868 6.06466674805 8388608 0.579925754221 0.0 0.579925754221 -0.541705695412 -1.19620801104 1.19620801104 -0.541705695412 
20.8554606167 66.6620146083 1.51325106621 237.104568481 6.04014587402 8388608 0.436694802318 0.0 0.436694802318 -0.821858005102 -1.27062119014 1.27062119014 -0.821858005102 
81.9678697508 35.3970004209 2.99257349968 266.517150879 5.62241744995 20251136 0.111663271709 0.0 0.111663271709 -0.181798109396 -2.98704630001 2.98704630001 -0.181798109396 
99.7919624369 41.2479971229 1.30635762215 184.949783325 5.59762573242 8388608 0.58597060839 0.0 0.58597060839 -1.30148582632 -0.112715929834 0.112715929834 -1.30148582632 
36.1986918412 58.8668905187 1.49934709072 271.248352051 5.26507949829 8388608 0.44483160641 0.0 0.44483160641 0.0326649702293 -1.49899122685 1.49899122685 0.0326649702293 
46.1134018082 55.8396422542 1.47214186192 250.84552002 4.81504058838 8388608 0.461424526253 0.0 0.461424526253 -0.48303368244 -1.39064018468 1.39064018468 -0.48303368244 
230.357321787 79.8944913095 1.59659421444 346.539733887 4.40724754333 8388608 0.392293306114 0.0 0.392293306114 1.55273829068 -0.371640802723 0.371640802723 1.55273829068 
256.020660745 36.5252228294 1.68509876728 357.921417236 4.01448822021 12124160 0.352167503144 0.0 0.352167503144 1.6839900084 -0.0611187950161 0.0611187950161 1.6839900084 
241.007237341 125.482518969 1.27137732506 94.4059448242 3.76529312134 8388608 0.618658631991 0.0 0.618658631991 -0.0976703574394 1.26762013393 -1.26762013393 -0.0976703574394 
247.348036863 24.0836150096 3.19509887695 286.108520508 3.75985336304 24969728 0.0979560794636 0.0 0.0979560794636 0.886504237977 -3.06965259754 3.06965259754 0.886504237977 
108.350746597 157.009961791 1.29239499569 66.8613891602 3.56475067139 8388608 0.598700284588 0.0 0.598700284588 0.507855508544 1.18843073308 -1.18843073308 0.507855508544 
113.637341326 158.888566821 1.70739412308 20.2227172852 3.5550994873 13041664 0.343030262407 0.0 0.343030262407 1.60214359013 0.590195398246 -0.590195398246 1.60214359013 
248.150382177 38.3199613948 1.16397869587 322.865539551 3.48387527466 8388608 0.738091046132 0.0 0.738091046132 0.927948243801 -0.702679486868 0.702679486868 0.927948243801 
207.310322215 88.1258035855 1.37835073471 269.933105469 3.26879501343 8388608 0.5263571368 0.0 0.5263571368 -0.0016092652222 -1.37834979528 1.37834979528 -0.0016092652222 
207.091324014 81.750169038 1.33383405209 266.423278809 2.2256603241 8388608 0.562077756421 0.0 0.562077756421 -0.0832112696531 -1.33123595321 1.33123595321 -0.0832112696531 
204.198525392 81.3529945781 1.45132875443 261.117858887 2.11745834351 8388608 0.474753746241 0.0 0.474753746241 -0.224088694077 -1.4339244787 1.4339244787 -0.224088694077 
14.7992238187 101.561627976 2.27876281738 182.503753662 -0.506343841553 17236224 0.192575817919 0.0 0.192575817919 -2.27658742327 -0.0995473860671 0.0995473860671 -2.27658742327 
