13
84
129.185796618 106.393170986 1.23805522919 127.628464115 109.638839722 8388608 0.652409028273 0.0 0.652409028273 -0.755880620458 0.980522941156 -0.980522941156 -0.755880620458 
136.733467949 42.0188814427 2.01032543182 133.227729271 109.257408142 24838144 0.247438495548 0.0 0.247438495548 -1.37687153156 1.46479798178 -1.46479798178 -1.37687153156 
23.5768966872 109.227622038 1.26027476788 135.614086943 100.321273804 8388608 0.629606955868 0.0 0.629606955868 -0.900648657881 0.881546644031 -0.881546644031 -0.900648657881 
119.200300547 132.528519501 1.43744039536 126.385981549 95.2469940186 8388608 0.483972081172 0.0 0.483972081172 -0.852721175635 1.15719552662 -1.15719552662 -0.852721175635 
110.520331003 140.792957998 3.35411477089 133.528510976 93.1187362671 11730945 0.0888882102073 0.0 0.0888882102073 -2.31003064461 2.4318396981 -2.4318396981 -2.31003064461 
112.985232206 51.5640675426 1.80003774166 123.872243493 90.7548828125 16908288 0.308629032759 0.0 0.308629032759 -1.00323834572 1.4945396258 -1.4945396258 -1.00323834572 
124.179752453 102.109403584 1.27763843536 130.02982928 89.4200744629 8388608 0.612609974177 0.0 0.612609974177 -0.821759589046 0.978300132541 -0.978300132541 -0.821759589046 
127.814742565 117.052170114 2.10922670364 136.803931207 81.7403488159 11600128 0.224777831916 0.0 0.224777831916 -1.53765915865 1.44375953648 -1.44375953648 -1.53765915865 
108.101711347 126.479142741 2.28538680077 128.320822513 78.6912765503 17432832 0.191461109122 0.0 0.191461109122 -1.41708652777 1.79300267761 -1.79300267761 -1.41708652777 
233.645721722 50.5306647611 1.27213704586 138.294868318 76.824432373 8388608 0.617919926221 0.0 0.617919926221 -0.949750292288 0.84634924573 -0.84634924573 -0.949750292288 
253.150387219 53.1902155525 1.3745726347 142.614635277 68.0722198486 8388608 0.529254565125 0.0 0.529254565125 -1.09219381947 0.834603252307 -0.834603252307 -1.09219381947 
108.362324082 110.829591407 2.37762498856 136.052342298 67.6460189819 20316416 0.176894075163 0.0 0.176894075163 -1.7118284162 1.65007395583 -1.65007395583 -1.7118284162 
83.4569008959 86.839618423 1.83734703064 133.998718296 67.3996658325 18350080 0.296222209059 0.0 0.296222209059 -1.27629892809 1.32170539726 -1.32170539726 -1.27629892809 
154.539943619 64.9725177446 2.75749373436 131.885195269 62.339050293 14287360 0.13151368033 0.0 0.13151368033 -1.84101369464 2.05291019559 -2.05291019559 -1.84101369464 
82.8235423087 95.007678668 1.29487502575 135.07463325 61.0108108521 8388608 0.596409140215 0.0 0.596409140215 -0.91680681064 0.914421458778 -0.914421458778 -0.91680681064 
112.03237791 134.266801477 1.29483735561 131.670212361 59.6066513062 8388608 0.596443842859 0.0 0.596443842859 -0.86086237795 0.967222696034 -0.967222696034 -0.86086237795 
118.127791026 107.941818602 1.28121745586 130.923080315 59.381187439 8388608 0.609192160499 0.0 0.609192160499 -0.839255394774 0.968074662179 -0.968074662179 -0.839255394774 
105.622314555 98.3257348081 2.11367440224 130.520091489 58.6031455994 11796736 0.22383284986 0.0 0.22383284986 -1.37328523368 1.60676916377 -1.60676916377 -1.37328523368 
91.4959687559 85.155024412 1.78054666519 133.628079516 58.5059204102 16056320 0.315422942902 0.0 0.315422942902 -1.2285315512 1.28881986896 -1.28881986896 -1.2285315512 
91.8863946036 118.104431947 1.52953732014 131.198971874 58.0151977539 8388608 0.427444608798 0.0 0.427444608798 -1.00746946047 1.15086476179 -1.15086476179 -1.00746946047 
248.286938235 89.3909494522 1.3146982193 137.966348627 55.7196769714 8388608 0.578559262156 0.0 0.578559262156 -0.976494335636 0.880278490195 -0.880278490195 -0.976494335636 
55.7821259011 85.1191244679 1.42847967148 131.690995337 54.046787262 8388608 0.490062951431 0.0 0.490062951431 -0.950100405489 1.06670679726 -1.06670679726 -0.950100405489 
105.595042836 112.069981019 1.39045596123 138.320399282 53.8849105835 8388608 0.51723216363 0.0 0.51723216363 -1.03849676824 0.924603830014 -0.924603830014 -1.03849676824 
54.9560587514 85.2494584528 1.93384289742 137.413314157 53.3385353088 22085632 0.267397671155 0.0 0.267397671155 -1.42380025876 1.3086409649 -1.3086409649 -1.42380025876 
248.358131641 76.9548372055 1.4469871521 129.437595139 53.3241729736 8388608 0.477606963299 0.0 0.477606963299 -0.919180374544 1.11753266502 -1.11753266502 -0.919180374544 
244.907470104 82.5811114782 1.2460116148 131.953075947 53.0943450928 8388608 0.644103736723 0.0 0.644103736723 -0.832985880009 0.926649592846 -0.926649592846 -0.832985880009 
241.718386808 48.7721145758 1.61463677883 152.242623352 52.5317420959 9043968 0.383575021821 0.0 0.383575021821 -1.42883678479 0.751982293667 -0.751982293667 -1.42883678479 
255.762381496 74.2194192595 1.56291973591 138.977239854 49.1193695068 8388608 0.409380026142 0.0 0.409380026142 -1.17914308826 1.02583608745 -1.02583608745 -1.17914308826 
56.3750069496 95.3787913221 2.00869560242 141.682091144 49.0573730469 24838144 0.247840195183 0.0 0.247840195183 -1.57598763602 1.24544008057 -1.24544008057 -1.57598763602 
253.878076233 65.6289877117 1.63679897785 136.226162829 43.9440002441 10027008 0.373258158995 0.0 0.373258158995 -1.18189359338 1.13235967246 -1.13235967246 -1.18189359338 
79.2871401415 125.20734671 2.65835261345 144.517455499 41.3424224854 11665920 0.141505990746 0.0 0.141505990746 -2.16467631682 1.54305381009 -1.54305381009 -2.16467631682 
173.387506925 66.554904327 1.53643739223 138.30526134 41.1313362122 8388608 0.423613960281 0.0 0.423613960281 -1.1472566726 1.0219794457 -1.0219794457 -1.1472566726 
128.635890956 58.9140220157 1.48585724831 136.196602759 39.9361190796 8388608 0.45294537101 0.0 0.45294537101 -1.07237168607 1.02848953775 -1.02848953775 -1.07237168607 
136.35533472 103.569580757 2.63343167305 139.618613557 38.2775115967 10945024 0.144196888994 0.0 0.144196888994 -2.00601347127 1.70612787613 -1.70612787613 -2.00601347127 
98.9576819927 111.48802631 1.34861838818 143.944562252 38.2495765686 8388608 0.549821661875 0.0 0.549821661875 -1.09028769258 0.79375330194 -0.79375330194 -1.09028769258 
96.1813080224 108.784818964 2.27234077454 138.296493773 36.764793396 17039616 0.193665863724 0.0 0.193665863724 -1.69652387776 1.51173388129 -1.51173388129 -1.69652387776 
164.607855216 77.0614834266 1.74000680447 138.744176288 36.1215896606 14417920 0.33029203951 0.0 0.33029203951 -1.30808976261 1.14739916879 -1.14739916879 -1.30808976261 
159.149175959 77.4131325882 1.7366566658 135.598920417 35.9465751648 14286848 0.331567583994 0.0 0.331567583994 -1.24077084662 1.21509838328 -1.21509838328 -1.24077084662 
180.08963813 66.0186558406 1.710952878 135.380040118 30.651632309 13172736 0.341604751432 0.0 0.341604751432 -1.21782442933 1.20177510793 -1.20177510793 -1.21782442933 
176.529945763 57.7879987234 1.47458326817 132.554880078 30.6380405426 8388608 0.459897868279 0.0 0.459897868279 -0.997254898468 1.08622211459 -1.08622211459 -0.997254898468 
34.6737533213 117.308216638 1.72696232796 150.537315232 29.7947673798 13893632 0.335300554857 0.0 0.335300554857 -1.50362502113 0.849417846528 -0.849417846528 -1.50362502113 
105.602653169 60.1489734447 1.44368004799 135.328939021 28.7356014252 8388608 0.479797621909 0.0 0.479797621909 -1.02667978594 1.01495847113 -1.01495847113 -1.02667978594 
149.14489036 86.9158900896 1.60731446743 124.78150895 27.2564659119 8716288 0.387077825279 0.0 0.387077825279 -0.916890173144 1.3201409802 -1.3201409802 -0.916890173144 
163.211837272 108.242148216 1.75394821167 130.735651134 25.7187538147 15007744 0.325062198377 0.0 0.325062198377 -1.14457400421 1.32901643259 -1.32901643259 -1.14457400421 
221.526727864 48.8543913203 1.46206450462 135.637105451 25.6010551453 8388608 0.467807233416 0.0 0.467807233416 -1.04526740221 1.02227622175 -1.02227622175 -1.04526740221 
175.038751585 52.6443558683 1.26694047451 126.192677351 24.5831050873 8388608 0.622999328788 0.0 0.622999328788 -0.748131555263 1.02246630359 -1.02246630359 -0.748131555263 
217.518126498 50.4093544994 1.31072700024 130.818914977 24.4336776733 8388608 0.582070391725 0.0 0.582070391725 -0.856783539691 0.991931063766 -0.991931063766 -0.856783539691 
144.153447314 58.8543615544 2.05309772491 130.308333928 24.4114112854 9699584 0.237236089402 0.0 0.237236089402 -1.32815036814 1.5656394437 -1.5656394437 -1.32815036814 
154.958258732 110.824449582 1.52520787716 130.027589194 23.7059555054 8388608 0.429874734728 0.0 0.429874734728 -0.98094721152 1.16790480638 -1.16790480638 -0.98094721152 
229.867222832 65.7302432295 1.61315822601 128.642906475 22.7806911469 8978432 0.38427848144 0.0 0.38427848144 -1.00736032018 1.25996216113 -1.25996216113 -1.00736032018 
88.0798187766 136.742773723 1.38661062717 138.148378138 22.3435592651 8388608 0.520104907071 0.0 0.520104907071 -1.03285182728 0.925151951994 -0.925151951994 -1.03285182728 
38.9222506779 101.562128497 1.31259405613 143.658586913 22.1140899658 8388608 0.580415675953 0.0 0.580415675953 -1.05729473242 0.777837389815 -0.777837389815 -1.05729473242 
139.045846775 115.935913685 1.56017816067 131.985757242 21.8915557861 8388608 0.410820031234 0.0 0.410820031234 -1.04367470974 1.15969780256 -1.15969780256 -1.04367470974 
170.560330849 125.312640326 1.82444500923 132.152679855 21.7576332092 17825792 0.300426642631 0.0 0.300426642631 -1.22440061818 1.35256893278 -1.35256893278 -1.22440061818 
159.245953057 127.749757766 1.75481724739 131.913342187 21.5497264862 15007744 0.324740317893 0.0 0.324740317893 -1.17222820719 1.30585780314 -1.30585780314 -1.17222820719 
139.033923244 124.982612352 1.29056549072 130.182811311 21.128370285 8388608 0.600398922151 0.0 0.600398922151 -0.832709662146 0.985978653123 -0.985978653123 -0.832709662146 
62.4288152749 133.640907297 1.52944898605 144.290674547 19.81590271 8388608 0.427493984774 0.0 0.427493984774 -1.24189504774 0.892698656515 -0.892698656515 -1.24189504774 
135.48897392 72.9580027674 1.77874362469 129.330792399 19.4995613098 15990784 0.316062729973 0.0 0.316062729973 -1.12736177742 1.37585766167 -1.37585766167 -1.12736177742 
53.0896991779 102.351042769 1.29748594761 148.505406314 18.636636734 8388608 0.59401125542 0.0 0.59401125542 -1.10635259522 0.677830155193 -0.677830155193 -1.10635259522 
122.950005083 79.4072183321 1.62211477757 130.662520066 17.1502418518 9371648 0.380046588541 0.0 0.380046588541 -1.05697377199 1.23047259089 -1.23047259089 -1.05697377199 
243.140961685 41.7024514437 1.51234710217 146.92700779 16.8227653503 8388608 0.437217003043 0.0 0.437217003043 -1.26731063922 0.825298431562 -0.825298431562 -1.26731063922 
222.78775759 69.6204824264 1.77444767952 132.1625698 14.6981964111 15859712 0.317594960851 0.0 0.317594960851 -1.19107403746 1.31529738259 -1.31529738259 -1.19107403746 
91.252188571 99.1247573749 1.97162616253 130.724945318 13.4949951172 23461888 0.25724731776 0.0 0.25724731776 -1.2863449361 1.49419758738 -1.49419758738 -1.2863449361 
89.250298148 98.3086166268 1.39310801029 131.852782856 13.3552570343 8388608 0.515264736274 0.0 0.515264736274 -0.929508057765 1.03767273207 -1.03767273207 -0.929508057765 
207.254171503 71.6741719649 2.90522766113 137.523839009 11.6729202271 18088448 0.118478530515 0.0 0.118478530515 -2.14277496444 1.96185198595 -1.96185198595 -2.14277496444 
163.517243023 84.8112929339 1.27759945393 133.682170984 10.8526973724 8388608 0.612647358009 0.0 0.612647358009 -0.882383527702 0.923937051272 -0.923937051272 -0.882383527702 
102.423704839 88.7824965951 1.65888273716 128.241312111 9.05521392822 10944512 0.363386362323 0.0 0.363386362323 -1.02680671465 1.30290441184 -1.30290441184 -1.02680671465 
98.8466924848 151.833964616 1.6577693224 129.777056174 8.99486160278 10944512 0.363874651745 0.0 0.363874651745 -1.0606441158 1.27406168842 -1.27406168842 -1.0606441158 
169.073682791 93.5556111449 2.27446818352 132.004943161 8.11942100525 17105152 0.193303744951 0.0 0.193303744951 -1.52206209528 1.69012795254 -1.69012795254 -1.52206209528 
253.24616198 59.6992190592 1.26054978371 130.002402988 7.8892250061 8388608 0.629332261455 0.0 0.629332261455 -0.810306280526 0.96560317364 -0.96560317364 -0.810306280526 
160.697684451 134.678576464 1.57805144787 127.837339106 6.66499328613 8388608 0.401566692836 0.0 0.401566692836 -0.968011254095 1.24627468243 -1.24627468243 -0.968011254095 
24.0307940603 66.5757824043 1.31314837933 124.864388564 6.06466674805 8388608 0.579925754221 0.0 0.579925754221 -0.750642897974 1.07744786688 -1.07744786688 -0.750642897974 
99.7919624369 41.2479971229 1.30635762215 125.0965094 5.59762573242 8388608 0.58597060839 0.0 0.58597060839 -0.751097378695 1.0688418801 -1.0688418801 -0.751097378695 
36.1986918412 58.8668905187 1.49934709072 124.686454048 5.26507949829 8388608 0.44483160641 0.0 0.44483160641 -0.853256141576 1.23288103859 -1.23288103859 -0.853256141576 
46.1134018082 55.8396422542 1.47214186192 125.121192945 4.81504058838 8388608 0.461424526253 0.0 0.461424526253 -0.846934747934 1.20411926085 -1.20411926085 -0.846934747934 
230.357321787 79.8944913095 1.59659421444 132.103609525 4.40724754333 8388608 0.392293306114 0.0 0.392293306114 -1.07047388861 1.1845668995 -1.1845668995 -1.07047388861 
256.020660745 36.5252228294 1.68509876728 124.745298981 4.01448822021 12124160 0.352167503144 0.0 0.352167503144 -0.960387238348 1.38463504502 -1.38463504502 -0.960387238348 
241.007237341 125.482518969 1.27137732506 125.110911935 3.76529312134 8388608 0.618658631991 0.0 0.618658631991 -0.731246726841 1.04003775275 -1.04003775275 -0.731246726841 
108.350746597 157.009961791 1.29239499569 124.942469369 3.56475067139 8388608 0.598700284588 0.0 0.598700284588 -0.740223935065 1.05941179474 -1.05941179474 -0.740223935065 
113.637341326 158.888566821 1.70739412308 124.953115204 3.5550994873 13041664 0.343030262407 0.0 0.343030262407 -0.978176230144 1.39941629057 -1.39941629057 -0.978176230144 
248.150382177 38.3199613948 1.16397869587 124.593223842 3.48387527466 8388608 0.738091046132 0.0 0.738091046132 -0.660844704723 0.958191359113 -0.958191359113 -0.660844704723 
207.310322215 88.1258035855 1.37835073471 134.386930913 3.26879501343 8388608 0.5263571368 0.0 0.5263571368 -0.964156824251 0.985013891338 -0.985013891338 -0.964156824251 
207.091324014 81.750169038 1.33383405209 132.965074472 2.2256603241 8388608 0.562077756421 0.0 0.562077756421 -0.909077833318 0.97605879509 -0.97605879509 -0.909077833318 
204.198525392 81.3529945781 1.45132875443 132.5083453 2.11745834351 8388608 0.474753746241 0.0 0.474753746241 -0.980659337425 1.06988897431 -1.06988897431 -0.980659337425 
