13
160
175.860863064 123.022152868 1.6986541748 82.9696960449 148.07194519 12713984 0.346569275409 0.0 0.346569275409 0.207905567874 1.68588293794 -1.68588293794 0.207905567874 
67.2476818684 95.9204441473 2.99093031883 95.2608947754 131.974136353 20185600 0.111785998307 0.0 0.111785998307 -0.274241299199 2.97833105647 -2.97833105647 -0.274241299199 
199.074662543 123.589347601 1.59503817558 90.1468505859 125.790710449 8388608 0.393059082615 0.0 0.393059082615 -0.00408812021092 1.5950329366 -1.5950329366 -0.00408812021092 
51.2825604571 40.2539255279 5.31177139282 358.367431641 108.362846375 11600385 0.0354422470639 0.0 0.0354422470639 5.30961525021 -0.151331504694 0.151331504694 5.30961525021 
22.1679534223 127.580046802 2.29279446602 41.4797668457 107.798217773 17694976 0.190225945042 0.0 0.190225945042 1.71773792599 1.51864508067 -1.51864508067 1.71773792599 
79.486310045 108.033943633 2.27007770538 61.5868835449 102.085632324 16974080 0.19405219209 0.0 0.19405219209 1.08016101911 1.99662338994 -1.99662338994 1.08016101911 
62.6426166099 96.9692856246 1.45425570011 92.9544677734 101.727676392 8388608 0.47284461837 0.0 0.47284461837 -0.0749557441019 1.45232271818 -1.45232271818 -0.0749557441019 
57.4239639994 109.02218934 2.57612419128 88.864654541 99.3025436401 9372160 0.150683745981 0.0 0.150683745981 0.0510438905883 2.57561844421 -2.57561844421 0.0510438905883 
23.1430472129 119.350383377 1.26076638699 285.816345215 99.2271652222 8388608 0.629116037857 0.0 0.629116037857 0.343627849012 -1.21303412315 1.21303412315 0.343627849012 
95.4172696472 166.619832931 1.70733630657 232.011230469 99.0297851562 13041664 0.34305349526 0.0 0.34305349526 -1.05087745927 -1.34560537653 1.34560537653 -1.05087745927 
76.7917827686 90.637606401 1.42976880074 341.311218262 98.7238845825 8388608 0.489179634237 0.0 0.489179634237 1.35438143008 -0.458137277904 0.458137277904 1.35438143008 
100.393400035 160.328623185 1.36969172955 88.5713500977 98.3243942261 8388608 0.533033289894 0.0 0.533033289894 0.0341492376674 1.36926595793 -1.36926595793 0.0341492376674 
22.7901653736 101.78434723 1.96931493282 46.5216674805 94.9648895264 23396352 0.257851493888 0.0 0.257851493888 1.3550466374 1.42900311935 -1.42900311935 1.3550466374 
201.269160081 93.1590892495 1.50300121307 103.813690186 94.5596618652 8388608 0.442671271252 0.0 0.442671271252 -0.358864824776 1.45953029569 -1.45953029569 -0.358864824776 
70.1085088361 109.153930143 2.38049507141 92.7342834473 89.7310943604 20381952 0.176467781826 0.0 0.176467781826 -0.113559463066 2.37778490057 -2.37778490057 -0.113559463066 
49.9402573089 71.9195540101 6.27898073196 40.6191711426 88.6725540161 23659009 0.0253642309703 0.0 0.0253642309703 4.76608240193 4.08779372894 -4.08779372894 4.76608240193 
123.488147367 62.0962398917 5.57303094864 5.45025634766 87.563583374 15073793 0.0321971247538 0.0 0.0321971247538 5.54783547405 0.529334967051 -0.529334967051 5.54783547405 
171.588977732 98.0346041868 1.55314421654 91.583404541 86.7846069336 8388608 0.41454953501 0.0 0.41454953501 -0.0429166442029 1.5525511647 -1.5525511647 -0.0429166442029 
156.415051504 64.8220575561 1.34307873249 99.5290527344 86.2265319824 8388608 0.554366598838 0.0 0.554366598838 -0.222343590233 1.32454664303 -1.32454664303 -0.222343590233 
222.612002339 148.740295975 2.24619340897 28.0146789551 85.4231414795 16187648 0.198200936816 0.0 0.198200936816 1.98300083354 1.05503200172 -1.05503200172 1.98300083354 
71.5071995295 62.0105677247 2.41961097717 86.392578125 84.4265670776 21561600 0.170808275393 0.0 0.170808275393 0.152241437667 2.41481672711 -2.41481672711 0.152241437667 
222.814134653 150.070563619 1.3271933794 32.201385498 83.7454223633 8388608 0.567716591747 0.0 0.567716591747 1.12304486557 0.707257022761 -0.707257022761 1.12304486557 
199.708000926 135.245829779 3.13622570038 90.9867858887 83.5224838257 23593472 0.10166825773 0.0 0.10166825773 -0.0540114873655 3.13576057807 -3.13576057807 -0.0540114873655 
110.055208628 129.239689683 1.71459698677 36.885559082 82.8309631348 13369344 0.340154239132 0.0 0.340154239132 1.37139633368 1.02913309295 -1.02913309295 1.37139633368 
140.115757259 149.533927501 1.33908116817 268.815032959 81.0942459106 8388608 0.557681444982 0.0 0.557681444982 -0.0276923352486 -1.33879479739 1.33879479739 -0.0276923352486 
178.821807184 97.7039454034 1.8487855196 90.1157226562 81.0119018555 18808832 0.292568077662 0.0 0.292568077662 -0.00373406606075 1.84878174867 -1.84878174867 -0.00373406606075 
123.737778036 119.274303712 3.3486135006 106.065048218 80.0807876587 11665409 0.0891805101371 0.0 0.0891805101371 -0.926656803508 3.21784392799 -3.21784392799 -0.926656803508 
165.008098625 66.4759707247 1.4453984499 4.85192871094 80.0128326416 8388608 0.478657458734 0.0 0.478657458734 1.44021902427 0.122253184438 -0.122253184438 1.44021902427 
187.829158384 135.291661784 3.49247741699 91.8782653809 78.6455764771 14680065 0.0819846952879 0.0 0.0819846952879 -0.114469593146 3.4906009827 -3.4906009827 -0.114469593146 
97.4076870672 135.588053341 1.53581261635 43.4868164062 78.248374939 8388608 0.423958686738 0.0 0.423958686738 1.11428233599 1.0569272767 -1.0569272767 1.11428233599 
192.07506132 123.133752154 1.75507152081 89.2430419922 78.0876922607 15073280 0.324646228453 0.0 0.324646228453 0.0231862941175 1.75491835676 -1.75491835676 0.0231862941175 
176.963523813 135.004223972 3.14933681488 91.0967407227 76.707572937 23921152 0.100823502437 0.0 0.100823502437 -0.060280094613 3.14875986442 -3.14875986442 -0.060280094613 
88.0000057598 166.460525977 1.34469056129 108.854980469 76.506477356 8388608 0.553038399549 0.0 0.553038399549 -0.434568949564 1.27253390277 -1.27253390277 -0.434568949564 
18.5268478648 138.169004723 1.59327590466 171.309265137 74.1983947754 8388608 0.393929063345 0.0 0.393929063345 -1.57498244262 0.240745537459 -0.240745537459 -1.57498244262 
91.9342037514 120.51811797 3.43109178543 308.89755249 73.4193725586 13369345 0.0849445124263 0.0 0.0849445124263 2.15448482247 -2.67031570976 2.67031570976 2.15448482247 
186.492940044 163.56904784 3.08938288689 90.9172668457 73.3322906494 22544896 0.104774724359 0.0 0.104774724359 -0.0494568268754 3.08898699318 -3.08898699318 -0.0494568268754 
26.8309846432 176.746459669 1.98823285103 92.7048950195 73.0943069458 24051712 0.252967954756 0.0 0.252967954756 -0.0938282669835 1.98601765506 -1.98601765506 -0.0938282669835 
117.473520357 167.920636646 2.3180141449 37.7293701172 72.3325958252 18481408 0.186109197501 0.0 0.186109197501 1.8333404678 1.4184682954 -1.4184682954 1.8333404678 
150.048162144 149.081187861 2.30998849869 101.089050293 71.6735839844 18219264 0.187404650947 0.0 0.187404650947 -0.444290320512 2.26685971669 -2.26685971669 -0.444290320512 
203.597420344 150.386782768 2.2716383934 269.024353027 71.5648498535 16974080 0.193785643597 0.0 0.193785643597 -0.038680161683 -2.27130905767 2.27130905767 -0.038680161683 
87.5777884177 122.152910667 2.36125993729 60.8662719727 71.3235244751 19792128 0.179354551671 0.0 0.179354551671 1.1495785867 2.06252698514 -2.06252698514 1.1495785867 
135.938943166 121.657201775 1.50319206715 333.796020508 71.2176055908 8388608 0.442558870111 0.0 0.442558870111 1.34870556499 -0.663761771787 0.663761771787 1.34870556499 
20.599834747 146.604409117 1.74100792408 348.770507812 70.7285308838 14483456 0.329912297677 0.0 0.329912297677 1.70767640751 -0.339042591619 0.339042591619 1.70767640751 
133.200032244 176.886142533 2.06566143036 92.4326171875 70.2571487427 10092800 0.234359044642 0.0 0.234359044642 -0.0876758113974 2.06379991689 -2.06379991689 -0.0876758113974 
107.712556403 110.09879728 1.49291980267 329.140716553 69.2073440552 8388608 0.448670011194 0.0 0.448670011194 1.28156659518 -0.765765368318 0.765765368318 1.28156659518 
81.6702745631 101.724891635 5.950507164 350.740875244 69.1255340576 19792385 0.0282417780241 0.0 0.0282417780241 5.87297654626 -0.957435113144 0.957435113144 5.87297654626 
80.2745376863 97.814849676 1.28559374809 7.48306274414 68.7428970337 8388608 0.605051715279 0.0 0.605051715279 1.27464486426 0.16742686511 -0.16742686511 1.27464486426 
219.875135901 97.0588888534 2.63335418701 132.713088989 68.3793411255 10945024 0.144205375061 0.0 0.144205375061 -1.78627666878 1.93488240904 -1.93488240904 -1.78627666878 
190.83449796 98.3907688251 3.53162240982 95.0238647461 67.9270858765 15466497 0.0801773082974 0.0 0.0801773082974 -0.309266535641 3.5180550103 -3.5180550103 -0.309266535641 
72.7676344212 160.662273678 1.78899145126 90.1778259277 67.2571334839 16449536 0.312452115474 0.0 0.312452115474 -0.0055523907083 1.78898283492 -1.78898283492 -0.0055523907083 
73.6921373073 127.588091505 4.14428949356 357.768188477 67.2284088135 10354945 0.0582237039963 0.0 0.0582237039963 4.1411458381 -0.161389448338 0.161389448338 4.1411458381 
83.2835731913 149.312025699 1.3325138092 97.9531555176 65.5176620483 8388608 0.563192111521 0.0 0.563192111521 -0.184371168924 1.31969705758 -1.31969705758 -0.184371168924 
157.393179234 97.2269059242 4.07599496841 268.786621094 65.428314209 9175297 0.0601911611718 0.0 0.0601911611718 -0.0863127561324 -4.07508099192 4.07508099192 -0.0863127561324 
135.360932509 146.924095251 2.70782017708 272.785797119 64.9510650635 12976640 0.136383037879 0.0 0.136383037879 0.131605956089 -2.70462011819 2.70462011819 0.131605956089 
111.693442366 118.298461293 2.33503365517 110.633529663 64.111114502 19005696 0.183406072554 0.0 0.183406072554 -0.82284104566 2.18524936434 -2.18524936434 -0.82284104566 
194.185121203 87.1223280131 1.31628251076 10.9318847656 64.0265426636 8388608 0.57716738029 0.0 0.57716738029 1.2923963666 0.249622274093 -0.249622274093 1.2923963666 
125.247446395 115.912872509 1.70033061504 359.643585205 63.827205658 12779520 0.345886212651 0.0 0.345886212651 1.70029771714 -0.0105770282588 0.0105770282588 1.70029771714 
21.263249735 154.101205553 1.54338788986 38.4906616211 62.9866905212 8388608 0.419807142697 0.0 0.419807142697 1.20802452917 0.960584673776 -0.960584673776 1.20802452917 
180.73353901 84.9186779091 3.04373764992 130.776992798 62.5909919739 21430784 0.107940783772 0.0 0.107940783772 -1.9879155209 2.30489278781 -2.30489278781 -1.9879155209 
86.2825568672 157.020893236 1.78348731995 44.9324951172 62.2166137695 16187392 0.314383647266 0.0 0.314383647266 1.2626009272 1.25962927842 -1.25962927842 1.2626009272 
229.323368418 149.646468171 1.37503969669 106.325546265 60.6387863159 8388608 0.528895080651 0.0 0.528895080651 -0.386516269233 1.31959817411 -1.31959817411 -0.386516269233 
222.76389347 115.414334699 1.97036826611 0.572937011719 60.0265731812 23396352 0.257575879459 0.0 0.257575879459 1.97026975566 0.0197026395744 -0.0197026395744 1.97026975566 
143.413948899 119.948917855 1.55389273167 157.128219604 59.9258155823 8388608 0.414150251511 0.0 0.414150251511 -1.43172094123 0.603951792749 -0.603951792749 -1.43172094123 
40.1497849929 80.3150867958 2.37658023834 40.2552490234 59.5600814819 20250880 0.177049635443 0.0 0.177049635443 1.81374251997 1.53573164991 -1.53573164991 1.81374251997 
165.810342448 73.3076425427 1.25679159164 118.970367432 59.4064178467 8388608 0.633101681603 0.0 0.633101681603 -0.608736074488 1.09952967056 -1.09952967056 -0.608736074488 
222.003430709 122.995358584 1.71279883385 7.33453369141 58.2924346924 13303808 0.340868824397 0.0 0.340868824397 1.69878416091 0.218660055523 -0.218660055523 1.69878416091 
40.8798291282 142.689419066 4.78637886047 69.9178161621 58.0784759521 20775169 0.0436501616665 0.0 0.0436501616665 1.64348773778 4.49537213718 -4.49537213718 1.64348773778 
100.752678395 150.940187828 1.70123195648 121.291976929 57.7644844055 12779520 0.345519797023 0.0 0.345519797023 -0.883618955725 1.45375641386 -1.45375641386 -0.883618955725 
118.227665398 142.079736508 3.29089379311 72.6391296387 57.0669975281 10354689 0.0923362572462 0.0 0.0923362572462 0.981966615632 3.14097493197 -3.14097493197 0.981966615632 
229.975753831 103.081467302 3.3103530407 119.152603149 56.526096344 10813441 0.0912538874675 0.0 0.0912538874675 -1.61259672039 2.89101523196 -2.89101523196 -1.61259672039 
239.488048095 125.044416023 2.26814627647 73.7024230957 56.3679847717 16908544 0.1943828212 0.0 0.1943828212 0.636501083593 2.17700571935 -2.17700571935 0.636501083593 
216.404848559 105.108455166 1.80899214745 269.771118164 55.9045257568 17235968 0.305581203285 0.0 0.305581203285 -0.0072264370291 -1.80897771355 1.80897771355 -0.0072264370291 
193.057626318 116.233634903 4.31033420563 266.215698242 54.55210495 13172993 0.0538242652773 0.0 0.0538242652773 -0.284484274246 -4.30093590535 4.30093590535 -0.284484274246 
95.3245903802 43.1346446327 2.36834907532 7.24731445312 54.0416717529 19988736 0.178282440931 0.0 0.178282440931 2.34942801185 0.298773090654 -0.298773090654 2.34942801185 
43.347374946 165.747981746 3.63209056854 30.7138671875 53.8924713135 17498113 0.0758030466855 0.0 0.0758030466855 3.12261243265 1.8550939312 -1.8550939312 3.12261243265 
127.052045799 137.974040535 1.75318586826 46.6826477051 53.6019859314 14942208 0.325344955506 0.0 0.325344955506 1.20275340802 1.27555671304 -1.27555671304 1.20275340802 
214.520799374 151.617612105 1.61518073082 79.1809692383 52.8005981445 9043968 0.383316708607 0.0 0.383316708607 0.303181650763 1.5864708254 -1.5864708254 0.303181650763 
39.092951105 125.687141053 3.95418262482 269.445861816 52.4336891174 23658497 0.0639567745104 0.0 0.0639567745104 -0.0382424226769 -3.9539976919 3.9539976919 -0.0382424226769 
158.833159891 133.228091945 2.73009300232 103.704162598 51.7935371399 13566464 0.134166816932 0.0 0.134166816932 -0.646782864567 2.65237247147 -2.65237247147 -0.646782864567 
239.332862562 156.149653727 1.482447505 358.795928955 51.1715545654 8388608 0.45503138565 0.0 0.45503138565 1.4821201701 -0.031151347472 0.031151347472 1.4821201701 
212.80213525 134.605615488 2.71000695229 100.70123291 50.7183837891 13042176 0.13616302463 0.0 0.13616302463 -0.503215119309 2.6628766823 -2.6628766823 -0.503215119309 
161.627455572 151.618619914 1.54472696781 92.0394592285 50.5399932861 8388608 0.419079621469 0.0 0.419079621469 -0.0549733761429 1.54374846818 -1.54374846818 -0.0549733761429 
156.612622863 123.91689263 7.02662134171 266.884338379 50.5271759033 15138818 0.020253817815 0.0 0.020253817815 -0.381909221448 -7.01623494663 7.01623494663 -0.381909221448 
206.36900817 98.7985413167 3.64179205894 270.260650635 50.3856468201 17694721 0.0753997161348 0.0 0.0753997161348 0.0165672261691 -3.64175437497 3.64175437497 0.0165672261691 
223.166108639 119.097522573 4.18921613693 328.864837646 49.5756263733 11141377 0.056981577002 0.0 0.056981577002 3.58575924856 -2.16607074061 2.16607074061 3.58575924856 
54.3246875463 159.314883931 1.71419167519 85.4122619629 48.7369155884 13369344 0.340315113502 0.0 0.340315113502 0.137110650042 1.70869943785 -1.70869943785 0.137110650042 
95.504690041 44.1321130851 1.37932395935 12.1736450195 48.3880386353 8388608 0.52561462376 0.0 0.52561462376 1.34830709639 0.290865189855 -0.290865189855 1.34830709639 
232.684134131 105.841284703 1.62848234177 123.482131958 47.6585159302 9633792 0.37708034224 0.0 0.37708034224 -0.898396099853 1.35824857269 -1.35824857269 -0.898396099853 
184.036515053 141.558310097 1.34755289555 267.411529541 47.6079521179 8388608 0.550691479357 0.0 0.550691479357 -0.0608581379317 -1.34617795753 1.34617795753 -0.0608581379317 
176.569775056 80.7731520158 1.55672681332 123.790710449 47.4078445435 8388608 0.412643670906 0.0 0.412643670906 -0.865790551267 1.29375619521 -1.29375619521 -0.865790551267 
239.292484989 116.111353428 1.74143636227 176.855682373 47.1464080811 14483456 0.329749983806 0.0 0.329749983806 -1.73881470346 0.0955197929887 -0.0955197929887 -1.73881470346 
20.3483075179 161.38042959 1.45984041691 82.6485290527 46.7410812378 8388608 0.469233741238 0.0 0.469233741238 0.186794775695 1.44784037608 -1.44784037608 0.186794775695 
170.303447642 141.19167055 1.33538782597 9.19192504883 46.6203689575 8388608 0.560770520221 0.0 0.560770520221 1.31823982785 0.213317608313 -0.213317608313 1.31823982785 
148.967368993 169.971184335 1.88500797749 28.6572570801 46.5981140137 20185088 0.281432089406 0.0 0.281432089406 1.65410235804 0.903991407209 -0.903991407209 1.65410235804 
83.9895158468 171.533471331 1.39400804043 140.205200195 46.2346916199 8388608 0.514599597957 0.0 0.514599597957 -1.07107439207 0.892220860234 -0.892220860234 -1.07107439207 
206.844022629 116.155501599 3.88274669647 269.309875488 46.0217170715 22347777 0.0663318152218 0.0 0.0663318152218 -0.0467663394887 -3.88246504407 3.88246504407 -0.0467663394887 
42.4457866889 171.42474454 1.51927542686 28.1685180664 45.9150848389 8388608 0.433238429643 0.0 0.433238429643 1.33933695507 0.717198956682 -0.717198956682 1.33933695507 
133.728857362 111.492933425 1.47251689434 127.231933594 45.6479721069 8388608 0.461189517578 0.0 0.461189517578 -0.890935986262 1.17240738334 -1.17240738334 -0.890935986262 
200.995990124 162.27758296 2.10841226578 100.038879395 45.5791702271 11600128 0.224951519897 0.0 0.224951519897 -0.36753084016 2.07613182722 -2.07613182722 -0.36753084016 
211.341873145 144.784875925 1.34549975395 219.763900757 45.4121322632 8388608 0.552373397505 0.0 0.552373397505 -1.03426772886 -0.860615972964 0.860615972964 -1.03426772886 
139.82040326 69.1781699603 1.79156041145 91.0139160156 42.865852356 16515072 0.31155669319 0.0 0.31155669319 -0.0317021079728 1.79127990114 -1.79127990114 -0.0317021079728 
201.19821753 170.712952006 1.74876487255 133.879013062 42.6518363953 14811136 0.326992022871 0.0 0.326992022871 -1.21213512435 1.26051855194 -1.26051855194 -1.21213512435 
48.8187175104 103.085302682 1.35839557648 256.307525635 42.3687019348 8388608 0.541935352603 0.0 0.541935352603 -0.321546542099 -1.31979027253 1.31979027253 -0.321546542099 
21.643870077 162.988165017 2.72573590279 151.730072021 41.2566223145 13435392 0.134596092124 0.0 0.134596092124 -2.40062664271 1.29097944757 -1.29097944757 -2.40062664271 
134.167667753 143.520420681 1.29908287525 40.4119262695 40.5441436768 8388608 0.592551748914 0.0 0.592551748914 0.989126096211 0.842167372063 -0.842167372063 0.989126096211 
70.5511431507 52.2935908926 2.2939426899 178.864425659 40.3875427246 17694976 0.190035559024 0.0 0.190035559024 -2.29349215936 0.0454618462457 -0.0454618462457 -2.29349215936 
120.717870149 177.478846886 1.61233985424 90.1000366211 40.1808166504 8912896 0.384668675197 0.0 0.384668675197 -0.00281509302249 1.61233739671 -1.61233739671 -0.00281509302249 
204.548669027 105.033598742 1.61610066891 270.030761719 39.9711227417 9109504 0.382880439651 0.0 0.382880439651 0.000867673540403 -1.61610043598 1.61610043598 0.000867673540403 
112.334381669 63.4298786007 1.25404071808 120.752182007 39.0961685181 8388608 0.635882281674 0.0 0.635882281674 -0.641223391783 1.07770621434 -1.07770621434 -0.641223391783 
116.24476826 25.4545363357 2.95435214043 181.35774231 38.4143638611 19268096 0.114571205176 0.0 0.114571205176 -2.9535226691 -0.0700029482575 0.0700029482575 -2.9535226691 
75.4248966682 141.702778207 1.72591924667 346.498474121 35.9341278076 13828096 0.33570596365 0.0 0.33570596365 1.67822122982 -0.402952540403 0.402952540403 1.67822122982 
27.5900663006 114.236478629 1.61200940609 220.525115967 35.7804527283 8912896 0.384826398943 0.0 0.384826398943 -1.22532252884 -1.04745359116 1.04745359116 -1.22532252884 
166.010427657 35.6093311283 1.28090572357 0.474822998047 35.6202545166 8388608 0.609488713124 0.0 0.609488713124 1.28086173874 0.0106150320209 -0.0106150320209 1.28086173874 
109.110476884 91.2927158437 1.99799740314 90.2525939941 34.3654174805 24444928 0.250501402168 0.0 0.250501402168 -0.00880833656201 1.99797798691 -1.99797798691 -0.00880833656201 
127.763988085 123.263720793 1.58585631847 107.015533447 33.6742515564 8388608 0.397623758613 0.0 0.397623758613 -0.464070653035 1.51643618126 -1.51643618126 -0.464070653035 
130.615879943 95.0970110505 1.48434734344 21.6114807129 33.0714569092 8388608 0.453867328071 0.0 0.453867328071 1.38000173859 0.546701232368 -0.546701232368 1.38000173859 
94.3912590705 91.5466295166 1.28310763836 78.462890625 33.0359382629 8388608 0.607398645783 0.0 0.607398645783 0.256624826478 1.25718292625 -1.25718292625 0.256624826478 
248.02688756 139.957044521 1.28734242916 260.063018799 31.8695335388 8388608 0.603409069388 0.0 0.603409069388 -0.222150113759 -1.26802991166 1.26802991166 -0.222150113759 
130.986542801 94.8027702609 6.04324436188 276.525299072 31.642786026 20906497 0.0273816546683 0.0 0.0273816546683 0.686765870957 -6.00409485733 6.00409485733 0.686765870957 
74.001912121 81.5929231932 1.8327589035 270.289733887 30.9447345734 18153472 0.297707190357 0.0 0.297707190357 0.00926787456128 -1.83273547051 1.83273547051 0.00926787456128 
114.850619951 52.9132545347 2.38121294975 179.597000122 30.6381702423 20381952 0.176361396295 0.0 0.176361396295 -2.38115404762 0.0167485393113 -0.0167485393113 -2.38115404762 
132.898481728 93.6617027021 3.49532032013 290.592987061 30.1113452911 14745601 0.0818513857534 0.0 0.0818513857534 1.22939878584 -3.27197841767 3.27197841767 1.22939878584 
80.1026168465 45.0551830651 1.46306443214 14.2381286621 26.9399204254 8388608 0.467168008693 0.0 0.467168008693 1.41812185852 0.359844309367 -0.359844309367 1.41812185852 
13.4693868509 165.295173432 1.31122231483 92.0983886719 26.5015964508 8388608 0.581630720276 0.0 0.581630720276 -0.0480111978207 1.31034304051 -1.31034304051 -0.0480111978207 
232.655696856 82.4695398951 1.68438315392 4.83947753906 25.6873416901 12058624 0.352466804768 0.0 0.352466804768 1.67837827338 0.142102007816 -0.142102007816 1.67837827338 
148.299076299 157.421217591 1.28865098953 273.93737793 25.4974441528 8388608 0.602184228365 0.0 0.602184228365 0.0884866807331 -1.28560938086 1.28560938086 0.0884866807331 
86.3097475513 72.3845458917 1.84963333607 336.105163574 25.119184494 18874368 0.292299930261 0.0 0.292299930261 1.69110212002 -0.749210983336 0.749210983336 1.69110212002 
142.544252049 156.964063306 1.40248417854 269.312835693 24.5548305511 8388608 0.508398263693 0.0 0.508398263693 -0.016819981728 -1.40238331396 1.40238331396 -0.016819981728 
53.3363416406 95.565457069 1.79489886761 231.112350464 24.5304832458 16646144 0.310398799468 0.0 0.310398799468 -1.12682905131 -1.39711067352 1.39711067352 -1.12682905131 
34.5948383404 93.9790399754 1.49824142456 106.753051758 23.7372016907 8388608 0.445488398737 0.0 0.445488398737 -0.43186400202 1.4346500793 -1.4346500793 -0.43186400202 
138.766709841 61.7471669307 1.30279004574 189.202285767 23.5039596558 8388608 0.58918426088 0.0 0.58918426088 -1.28602298928 -0.20834292479 0.20834292479 -1.28602298928 
137.099688917 58.4782120434 2.16983747482 189.997528076 22.6496963501 13697280 0.212395635843 0.0 0.212395635843 -2.13688902185 -0.376696131436 0.376696131436 -2.13688902185 
87.5083545624 81.67643831 3.94955468178 326.083190918 21.799446106 23592961 0.0641067467211 0.0 0.0641067467211 3.27753250846 -2.20380644349 2.20380644349 3.27753250846 
142.131310214 92.585443588 1.94928121567 88.4754638672 21.2960567474 22609920 0.263178861937 0.0 0.263178861937 0.0518606958486 1.94859121572 -1.94859121572 0.0518606958486 
166.014144044 92.2610060511 1.37004065514 255.601196289 21.2944107056 8388608 0.532761815802 0.0 0.532761815802 -0.340687549222 -1.32700542219 1.32700542219 -0.340687549222 
33.7012333581 156.55154207 1.67438709736 284.771911621 20.7784385681 11665408 0.356687806075 0.0 0.356687806075 0.42692141993 -1.61904609354 1.61904609354 0.42692141993 
232.687182046 91.49549118 1.94258534908 0.204132080078 20.1487998962 22413312 0.264996282845 0.0 0.264996282845 1.94257302011 0.00692098357845 -0.00692098357845 1.94257302011 
33.4738376666 160.621099188 1.52002847195 190.165390015 20.1019096375 8388608 0.432809270241 0.0 0.432809270241 -1.4961676698 -0.268270123885 0.268270123885 -1.4961676698 
52.2091349806 171.481271252 1.40670764446 78.7825012207 19.8736076355 8388608 0.50535004057 0.0 0.50535004057 0.273652376228 1.37983360373 -1.37983360373 0.273652376228 
243.265264064 168.391475899 1.4580770731 89.1422119141 19.8593521118 8388608 0.470369374949 0.0 0.470369374949 0.0218283864982 1.45791367119 -1.45791367119 0.0218283864982 
129.857340256 158.551110808 1.40158116817 275.617980957 18.3526496887 8388608 0.509053576143 0.0 0.509053576143 0.137208102527 -1.39484899096 1.39484899096 0.137208102527 
107.119559259 98.3348331091 1.53064799309 285.559509277 18.2275829315 8388608 0.426824506826 0.0 0.426824506826 0.410579624739 -1.47455337323 1.47455337323 0.410579624739 
163.925796323 87.0717586348 2.78463125229 312.471282959 17.9034404755 15008256 0.128962847577 0.0 0.128962847577 1.880240369 -2.05398816111 2.05398816111 1.880240369 
101.121893 80.7085662314 2.47625231743 97.603515625 17.8405895233 23265536 0.163083570064 0.0 0.163083570064 -0.327650798473 2.45447967884 -2.45447967884 -0.327650798473 
103.338103037 81.9658793319 1.4432464838 105.267364502 17.6669178009 8388608 0.480085936225 0.0 0.480085936225 -0.38004085732 1.39231079856 -1.39231079856 -0.38004085732 
157.523193862 170.423071075 1.64832699299 89.5344238281 17.6438789368 10485760 0.368055454805 0.0 0.368055454805 0.0133938892631 1.64827257441 -1.64827257441 0.0133938892631 
14.2759279552 171.949707272 1.52028095722 157.591110229 16.8334007263 8388608 0.432665521952 0.0 0.432665521952 -1.40547982504 0.579552111799 -0.579552111799 -1.40547982504 
109.532443118 162.61332866 1.9943459034 195.112609863 16.3721294403 24313856 0.251419540977 0.0 0.251419540977 -1.92537199821 -0.51995985508 0.51995985508 -1.92537199821 
79.5923458353 36.7757559279 1.74255025387 187.224456787 16.0530281067 14548992 0.329328545927 0.0 0.329328545927 -1.72871634302 -0.219137383001 0.219137383001 -1.72871634302 
14.9044717373 101.078545451 1.34321725368 178.792236328 12.8254299164 8388608 0.554252265041 0.0 0.554252265041 -1.34291883993 0.0283121876808 -0.0283121876808 -1.34291883993 
131.407269361 75.4660264721 1.33327829838 69.6460266113 11.9334335327 8388608 0.562546438619 0.0 0.562546438619 0.463739526327 1.25003066868 -1.25003066868 0.463739526327 
93.5381655919 98.9521088667 1.72808647156 270.800933838 11.6594600677 13893632 0.334864461662 0.0 0.334864461662 0.0241560175055 -1.72791763114 1.72791763114 0.0241560175055 
213.568989464 13.3396908242 1.30794155598 266.437316895 8.8983631134 8388608 0.584552232053 0.0 0.584552232053 -0.081276127582 -1.30541384432 1.30541384432 -0.081276127582 
135.366699239 55.0834319279 1.27966415882 216.921615601 6.93755340576 8388608 0.610671971703 0.0 0.610671971703 -1.02303785786 -0.768722252018 0.768722252018 -1.02303785786 
173.282173261 68.8333826938 1.62983238697 302.058654785 6.6891002655 9699328 0.376455904206 0.0 0.376455904206 0.865094086773 -1.38129136342 1.38129136342 0.865094086773 
178.703749347 71.4269627726 1.90885519981 180.312515259 6.59791564941 21102592 0.27444418252 0.0 0.27444418252 -1.908826805 -0.0104116467895 0.0104116467895 -1.908826805 
138.172247435 34.3196265446 1.27476871014 186.696472168 5.54653167725 8388608 0.61537126113 0.0 0.61537126113 -1.26607202299 -0.148650250378 0.148650250378 -1.26607202299 
137.386822645 39.9327202465 1.27997469902 184.390792847 5.44580841064 8388608 0.61037569211 0.0 0.61037569211 -1.27621805997 -0.0979933341618 0.0979933341618 -1.27621805997 
105.997007364 22.4938527561 1.48094022274 180.022598267 1.35934066772 8388608 0.455958107409 0.0 0.455958107409 -1.48094010755 -0.000584103775028 0.000584103775028 -1.48094010755 
179.650851671 46.2691182415 1.67867004871 180.303939819 0.628616333008 11796480 0.354870024588 0.0 0.354870024588 -1.67864642956 -0.0089048841421 0.0089048841421 -1.67864642956 
