13
240
124.063655815 21.2038613577 1.78257191181 89.8405151367 110.776359558 16187392 0.314706622447 0.0 0.314706622447 0.00496184663058 1.78256500607 -1.78256500607 0.00496184663058 
198.521238025 178.825343014 1.73457026482 251.032592773 106.968223572 14221312 0.332365705579 0.0 0.332365705579 -0.563787793678 -1.64038938282 1.64038938282 -0.563787793678 
71.2616898202 44.7376129069 3.81408405304 16.1856079102 103.292045593 21037057 0.0687415753762 0.0 0.0687415753762 3.66290800669 1.06317547854 -1.06317547854 3.66290800669 
219.405807458 100.296345118 4.58476161957 81.2492675781 99.0948028564 17629441 0.0475736507839 0.0 0.0475736507839 0.697507388081 4.53139300346 -4.53139300346 0.697507388081 
225.293328549 9.90138087318 1.36571490765 81.4987487793 97.6271286011 8388608 0.536142086228 0.0 0.536142086228 0.201895013001 1.35070929985 -1.35070929985 0.201895013001 
169.73441822 73.217660559 7.77176761627 308.59588623 97.2751464844 22413314 0.0165561894547 0.0 0.0165561894547 4.84821114229 -6.07414361051 6.07414361051 4.84821114229 
70.2584859063 49.7466053246 1.61193132401 17.5128479004 87.494178772 8912896 0.38486368189 0.0 0.38486368189 1.53721749642 0.485061812552 -0.485061812552 1.53721749642 
95.7803772771 51.8351261632 1.51391327381 91.2925109863 83.4569168091 8388608 0.436312852602 0.0 0.436312852602 -0.0341488255881 1.5135280831 -1.5135280831 -0.0341488255881 
47.9594291926 25.5747938084 1.36361968517 90.1499633789 81.3715057373 8388608 0.537790933003 0.0 0.537790933003 -0.00356907234334 1.36361501441 -1.36361501441 -0.00356907234334 
183.403306194 11.4987653044 1.5997222662 86.5407409668 81.0261001587 8388608 0.390760647527 0.0 0.390760647527 0.096525300164 1.59680750105 -1.59680750105 0.096525300164 
190.380840495 11.256083134 1.6191381216 89.0556335449 79.6968688965 9240576 0.381445243542 0.0 0.381445243542 0.0266859184005 1.61891819392 -1.61891819392 0.0266859184005 
16.9046075238 25.0195716961 1.59552824497 90.1793823242 77.6006011963 8388608 0.392817662079 0.0 0.392817662079 -0.00499529109826 1.59552042531 -1.59552042531 -0.00499529109826 
63.1085752636 164.044098776 1.55720257759 101.217437744 76.7296676636 8388608 0.412391563532 0.0 0.412391563532 -0.30292712092 1.52745377248 -1.52745377248 -0.30292712092 
145.1595112 171.03809128 1.5790784359 66.6573486328 75.6049728394 8388608 0.401044527415 0.0 0.401044527415 0.625676812683 1.44983351899 -1.44983351899 0.625676812683 
129.990405219 44.8559045274 4.43163585663 82.4694213867 75.4895782471 15204609 0.0509180619086 0.0 0.0509180619086 0.580789389869 4.39341325741 -4.39341325741 0.580789389869 
171.60013603 99.4490897503 2.05166721344 305.611968994 73.7503051758 9634048 0.237567027341 0.0 0.237567027341 1.19467107278 -1.66796264424 1.66796264424 1.19467107278 
84.483818421 38.2710449267 2.54877281189 87.829284668 73.121635437 8585728 0.153935131985 0.0 0.153935131985 0.0965400384435 2.54694382891 -2.54694382891 0.0965400384435 
142.984684792 43.5155809264 2.44555425644 72.167755127 73.0267181396 22348032 0.167203511966 0.0 0.167203511966 0.748904758184 2.32806298977 -2.32806298977 0.748904758184 
178.353045708 71.2527758081 1.72842085361 81.2119750977 72.622795105 13959168 0.334734907756 0.0 0.334734907756 0.264066908049 1.70812977121 -1.70812977121 0.264066908049 
106.101706407 44.0450671164 5.33369016647 355.397613525 71.4164428711 11862529 0.0351515461289 0.0 0.0351515461289 5.31649188073 -0.427977656092 0.427977656092 5.31649188073 
72.26007718 62.3260613555 3.52078151703 280.6953125 70.6242980957 15269889 0.0806718188332 0.0 0.0806718188332 0.653408550594 -3.45961844091 3.45961844091 0.653408550594 
188.883787503 70.473649959 2.39782786369 51.8002929688 70.6240386963 20906240 0.173925794087 0.0 0.173925794087 1.48282724632 1.88435713745 -1.88435713745 1.48282724632 
28.9703401142 24.338497095 2.27650403976 87.2157287598 70.263923645 17170688 0.192958160089 0.0 0.192958160089 0.11058249739 2.27381664923 -2.27381664923 0.11058249739 
148.758084826 148.880450738 1.37860560417 165.611099243 67.9741592407 8388608 0.52616253443 0.0 0.52616253443 -1.3353605644 0.342586594747 -0.342586594747 -1.3353605644 
88.4636349678 25.2156188234 1.9808293581 89.0406494141 66.5099868774 23789568 0.254862460617 0.0 0.254862460617 0.0331651131888 1.98055169616 -1.98055169616 0.0331651131888 
94.2866878461 17.2929294234 1.66526770592 88.4476928711 66.507019043 11272192 0.360605112813 0.0 0.360605112813 0.0451113628667 1.66465657038 -1.66465657038 0.0451113628667 
199.847660008 47.3274257033 2.60296487808 111.271942139 65.800453186 10158592 0.147592192269 0.0 0.147592192269 -0.944342475889 2.4256222799 -2.4256222799 -0.944342475889 
214.799594056 93.0133548622 2.25734615326 255.568740845 65.6646728516 16515328 0.196247294256 0.0 0.196247294256 -0.562571937103 -2.18612087297 2.18612087297 -0.562571937103 
165.6177353 76.367825733 3.40013790131 59.5708007812 65.4636001587 12713985 0.0864981735744 0.0 0.0864981735744 1.72207890953 2.93178818765 -2.93178818765 1.72207890953 
187.329138279 160.05088551 1.71076703072 89.6666259766 64.1253585815 13172736 0.341678975171 0.0 0.341678975171 0.00995399792131 1.71073807209 -1.71073807209 0.00995399792131 
132.340091513 29.3803820558 2.18149542809 112.678985596 63.5832099915 14090496 0.210131608877 0.0 0.210131608877 -0.841114080042 2.01282125563 -2.01282125563 -0.841114080042 
49.5580628067 164.075849159 2.64379000664 88.490234375 63.4294586182 11272704 0.143069179573 0.0 0.143069179573 0.0696568125944 2.64287221175 -2.64287221175 0.0696568125944 
88.9913127747 17.7220687748 1.66940367222 69.9416503906 63.4225540161 11403264 0.358820519816 0.0 0.358820519816 0.572566966464 1.5681440271 -1.5681440271 0.572566966464 
82.257993795 57.4918136133 1.42541766167 270.996002197 63.3741798401 8388608 0.492170669524 0.0 0.492170669524 0.0247775252002 -1.42520229597 1.42520229597 0.0247775252002 
78.6722345421 17.4812952484 1.89218425751 102.579925537 63.0403785706 20512768 0.27930142412 0.0 0.27930142412 -0.412120192026 1.84675883961 -1.84675883961 -0.412120192026 
217.745151986 34.3136505826 1.78392601013 109.732635498 62.5362472534 16252928 0.314229044372 0.0 0.314229044372 -0.602309547629 1.67917099143 -1.67917099143 -0.602309547629 
206.580055445 45.993416254 6.29348611832 116.917938232 61.5880966187 23855617 0.0252474454656 0.0 0.0252474454656 -2.84914859607 5.61162363305 -5.61162363305 -2.84914859607 
177.870192996 116.210155388 1.24419176579 82.4685974121 61.3046531677 8388608 0.64598934445 0.0 0.64598934445 0.1630756701 1.23345833974 -1.23345833974 0.1630756701 
46.1906553342 39.0058860876 3.30142688751 235.771728516 60.8278694153 10616833 0.0917480055326 0.0 0.0917480055326 -1.85702428537 -2.72963006599 2.72963006599 -1.85702428537 
200.418511649 84.793897923 1.9834343195 255.658584595 60.3287773132 23920640 0.254193448398 0.0 0.254193448398 -0.491295464693 -1.9216244342 1.9216244342 -0.491295464693 
187.539167211 109.669341219 5.08382368088 264.51940918 59.5750923157 8389121 0.0386918094645 0.0 0.0386918094645 -0.485548640892 -5.06058353706 5.06058353706 -0.485548640892 
52.741492099 53.8228347454 2.05643892288 250.002471924 59.5225830078 9765120 0.236465817259 0.0 0.236465817259 -0.703260163668 -1.93245082363 1.93245082363 -0.703260163668 
202.888259288 62.1818207437 3.07089447975 54.8754272461 59.3488616943 22086144 0.10604012049 0.0 0.10604012049 1.76685782068 2.5116939199 -2.5116939199 1.76685782068 
93.7758925278 60.6250020688 2.14925670624 269.988342285 58.3142318726 12976384 0.216482811203 0.0 0.216482811203 -0.000437299602996 -2.14925666175 2.14925666175 -0.000437299602996 
243.156723314 86.6781680026 1.9353069067 258.333618164 57.9900398254 22085632 0.266993265422 0.0 0.266993265422 -0.391343642283 -1.8953266148 1.8953266148 -0.391343642283 
211.238690973 78.3003124725 3.46220636368 254.667602539 57.3980941772 14024705 0.0834245935492 0.0 0.0834245935492 -0.915471099624 -3.33897971998 3.33897971998 -0.915471099624 
108.114488988 38.3773669647 3.15495443344 3.705078125 57.3154220581 24052224 0.100464775397 0.0 0.100464775397 3.14836024695 0.203875531995 -0.203875531995 3.14836024695 
209.163754622 17.0916221421 1.73694348335 92.836517334 57.0921592712 14286848 0.331458091024 0.0 0.331458091024 -0.0859549873065 1.73481538053 -1.73481538053 -0.0859549873065 
186.65152919 169.087435386 1.65186810493 8.26373291016 56.6813964844 10682368 0.36647914421 0.0 0.36647914421 1.63471670131 0.237422708629 -0.237422708629 1.63471670131 
226.910642289 156.222861072 2.1248114109 70.3054199219 55.9173202515 12189952 0.221492599419 0.0 0.221492599419 0.716074615173 2.00051510302 -2.00051510302 0.716074615173 
216.115096414 17.4655007749 1.68887102604 100.058776855 54.8606109619 12255232 0.35059605891 0.0 0.35059605891 -0.294975428138 1.66291155489 -1.66291155489 -0.294975428138 
151.433642683 79.3100837103 1.57788312435 334.489807129 54.6688194275 8388608 0.401652373103 0.0 0.401652373103 1.42405321971 -0.679549543125 0.679549543125 1.42405321971 
117.827067436 62.2627059589 1.99734663963 315.826049805 54.1124839783 24379392 0.250664662491 0.0 0.250664662491 1.43255194306 -1.39182920263 1.39182920263 1.43255194306 
138.366962669 172.563247756 1.33999359608 287.962585449 54.0262527466 8388608 0.5569222311 0.0 0.5569222311 0.413248506772 -1.27467976731 1.27467976731 0.413248506772 
127.21360512 48.1532737955 2.10679125786 75.0478820801 53.2696876526 11534592 0.225297817593 0.0 0.225297817593 0.543576858564 2.03545906444 -2.03545906444 0.543576858564 
228.889659499 32.1575891344 3.31331658363 176.096633911 52.8272285461 10878977 0.0910907193163 0.0 0.0910907193163 -3.30563062107 0.225550394487 -0.225550394487 -3.30563062107 
164.374492372 111.534254709 3.42222809792 348.125305176 50.5053710938 13238273 0.0853851006273 0.0 0.0853851006273 3.34899228494 -0.70419871454 0.70419871454 3.34899228494 
181.399523189 22.7333687666 2.42609548569 9.61624145508 50.4892730713 21758208 0.169896417219 0.0 0.169896417219 2.39200574852 0.405274974209 -0.405274974209 2.39200574852 
187.80871602 100.391734712 2.24753046036 263.119262695 50.3607673645 16253184 0.197965188276 0.0 0.197965188276 -0.269261048077 -2.23134301671 2.23134301671 -0.269261048077 
23.6858837872 164.311408872 1.59077787399 110.451080322 49.9036369324 8388608 0.395167224285 0.0 0.395167224285 -0.555829742509 1.49051250975 -1.49051250975 -0.555829742509 
45.8884422373 56.7100258888 1.92227244377 239.127334595 49.7048606873 21626880 0.270626374491 0.0 0.270626374491 -0.986379175218 -1.64990529146 1.64990529146 -0.986379175218 
226.86216145 59.5414345321 2.79937958717 125.514755249 49.3627319336 15401472 0.127607563693 0.0 0.127607563693 -1.62619485682 2.27859964907 -2.27859964907 -1.62619485682 
107.392158295 61.4652940568 1.95168995857 279.005096436 49.2028808594 22740992 0.262529640967 0.0 0.262529640967 0.30548303806 -1.92763425158 1.92763425158 0.30548303806 
223.705669949 58.6791693439 1.62338638306 120.749649048 49.1437416077 9437184 0.37945143749 0.0 0.37945143749 -0.83001768801 1.39515375005 -1.39515375005 -0.83001768801 
127.369856114 37.9617574925 2.00778126717 285.11541748 49.0832710266 24772608 0.248065977373 0.0 0.248065977373 0.523557665001 -1.93831705049 1.93831705049 0.523557665001 
233.956020968 86.2415256269 1.35894107819 257.006896973 48.5183486938 8388608 0.541500356074 0.0 0.541500356074 -0.305535836349 -1.32414829482 1.32414829482 -0.305535836349 
21.1040785578 162.981930073 2.63769030571 104.807220459 48.4901885986 11076096 0.143731644191 0.0 0.143731644191 -0.674108169756 2.55009574807 -2.55009574807 -0.674108169756 
146.853842891 54.2938024375 1.31719374657 356.031402588 48.0846862793 8388608 0.576369086698 0.0 0.576369086698 1.31403529043 -0.0911626101668 0.0911626101668 1.31403529043 
205.838320429 93.6605378306 1.49187147617 247.850708008 47.6792182922 8388608 0.449300786596 0.0 0.449300786596 -0.5624672091 -1.38177825287 1.38177825287 -0.5624672091 
83.6210880187 98.1890863771 2.41795730591 25.4105224609 46.3649902344 21496064 0.171041991121 0.0 0.171041991121 2.18403566057 1.03754795869 -1.03754795869 2.18403566057 
20.9768725236 86.410548804 1.25471246243 318.710357666 45.0216674805 8388608 0.635201590285 0.0 0.635201590285 0.942770157791 -0.827941901913 0.827941901913 0.942770157791 
126.413139869 165.50242109 2.34866285324 352.054656982 44.6176490784 19398912 0.181283652197 0.0 0.181283652197 2.32611658594 -0.324651854786 0.324651854786 2.32611658594 
121.082635433 37.897416899 2.34093761444 129.163284302 43.5384597778 19136768 0.182482120961 0.0 0.182482120961 -1.47837837336 1.81504443469 -1.81504443469 -1.47837837336 
90.9962133164 124.669964106 1.50237607956 133.296646118 41.5103759766 8388608 0.443039735878 0.0 0.443039735878 -1.03029308371 1.09344869386 -1.09344869386 -1.03029308371 
100.147236278 129.730801221 3.31923913956 100.974365234 41.0612297058 11010049 0.0907659409272 0.0 0.0907659409272 -0.631882842794 3.25853840526 -3.25853840526 -0.631882842794 
65.2206197563 36.775892782 1.60952293873 261.758148193 40.9609451294 8781824 0.386016313492 0.0 0.386016313492 -0.230728138274 -1.59289943703 1.59289943703 -0.230728138274 
137.733714223 141.70824835 6.01673793793 51.6475830078 40.4187431335 20578817 0.0276234429824 0.0 0.0276234429824 3.73336618138 4.71838026969 -4.71838026969 3.73336618138 
228.997005716 43.0945691214 2.99468398094 327.8253479 39.968372345 20251136 0.111505939448 0.0 0.111505939448 2.53478685844 -1.59467480321 1.59467480321 2.53478685844 
85.2027790121 47.6551776608 2.34444642067 269.391723633 38.9043922424 19267840 0.181936307459 0.0 0.181936307459 -0.0248891729148 -2.34431430241 2.34431430241 -0.0248891729148 
171.727099361 138.072054289 1.685333848 33.3276367188 38.8869400024 12124160 0.352069265022 0.0 0.352069265022 1.40816795901 0.92596607845 -0.92596607845 1.40816795901 
150.533976871 104.003857054 1.59296441078 198.938461304 38.6164779663 8388608 0.394083138962 0.0 0.394083138962 -1.50673359547 -0.51700047031 0.51700047031 -1.50673359547 
33.2716728072 170.145968241 1.46407723427 156.820129395 37.4673957825 8388608 0.466521888276 0.0 0.466521888276 -1.3458876726 0.576288574107 -0.576288574107 -1.3458876726 
113.858067505 69.8659254152 5.40826749802 296.329345703 36.5841712952 12911105 0.0341887853711 0.0 0.0341887853711 2.39873047526 -4.84721047997 4.84721047997 2.39873047526 
111.00801392 82.7319449238 1.29629993439 275.941741943 36.1605834961 8388608 0.59509870049 0.0 0.59509870049 0.134189319621 -1.28933577721 1.28933577721 0.134189319621 
110.465457713 73.5253581462 2.24815535545 78.8280944824 35.7100524902 16253184 0.197855151145 0.0 0.197855151145 0.435587575554 2.20555343764 -2.20555343764 0.435587575554 
49.7088677481 98.3799831283 2.53498363495 85.2480163574 35.6815338135 24903936 0.155614363239 0.0 0.155614363239 0.210004913239 2.5262699709 -2.5262699709 0.210004913239 
140.121437569 107.398642482 4.41987657547 214.533508301 35.5543746948 15008001 0.0511893619368 0.0 0.0511893619368 -3.64107132292 -2.50557549553 2.50557549553 -3.64107132292 
131.455260991 68.1010248934 3.15125489235 284.943603516 35.5329055786 23986688 0.100700803106 0.0 0.100700803106 0.812608284694 -3.0446798144 3.0446798144 0.812608284694 
93.9121109427 109.673509704 1.79396343231 101.980316162 35.2065391541 16646144 0.31072258945 0.0 0.31072258945 -0.372383104222 1.75488906207 -1.75488906207 -0.372383104222 
53.2178432508 88.6917970329 1.33378589153 116.261260986 34.7891464233 8388608 0.56211834834 0.0 0.56211834834 -0.590153513409 1.19612024273 -1.19612024273 -0.590153513409 
64.2552728606 98.4197868541 4.37316942215 312.159423828 34.6854095459 14221569 0.0522886458045 0.0 0.0522886458045 2.9352529145 -3.24174353131 3.24174353131 2.9352529145 
113.113523737 135.991131259 2.54306221008 117.028335571 34.5511627197 8454656 0.154627249726 0.0 0.154627249726 -1.1556465336 2.26531377379 -2.26531377379 -1.1556465336 
13.2026045634 55.8734838036 1.82183921337 281.017456055 34.4351539612 17760256 0.301286664037 0.0 0.301286664037 0.348168147824 -1.78826090384 1.78826090384 0.348168147824 
141.337941797 111.948068156 2.74473333359 50.7879333496 34.2181015015 13959680 0.132739350007 0.0 0.132739350007 1.73519981183 2.12665057909 -2.12665057909 1.73519981183 
112.479619082 136.966080312 1.39573121071 117.024230957 33.9898834229 8388608 0.513329732613 0.0 0.513329732613 -0.634174586398 1.24333752719 -1.24333752719 -0.634174586398 
61.555683207 101.516563669 2.04241371155 54.7419433594 33.9157180786 9306368 0.239724579331 0.0 0.239724579331 1.17900377243 1.66775414067 -1.66775414067 1.17900377243 
36.008576716 168.887106418 2.75217843056 153.829666138 32.5878715515 14156288 0.132022157675 0.0 0.132022157675 -2.4700439466 1.21382412873 -1.21382412873 -2.4700439466 
184.802717389 85.6252282074 3.40444016457 258.875366211 32.517829895 12845057 0.0862796925572 0.0 0.0862796925572 -0.65686578019 -3.34047005389 3.34047005389 -0.65686578019 
243.26831922 23.9271727071 1.56019151211 91.2166137695 32.3938598633 8388608 0.410813000026 0.0 0.410813000026 -0.0331264860459 1.55983979638 -1.55983979638 -0.0331264860459 
247.440221463 171.104259307 1.30736398697 329.615539551 31.488817215 8388608 0.585068834672 0.0 0.585068834672 1.12779869659 -0.661264466309 0.661264466309 1.12779869659 
209.852110315 35.0039603355 2.03917050362 341.582122803 31.4563579559 9175296 0.240487727804 0.0 0.240487727804 1.93471904748 -0.644265900197 0.644265900197 1.93471904748 
26.187847623 76.1972806396 2.97779011726 346.775085449 31.129529953 19857920 0.112774739223 0.0 0.112774739223 2.89881767771 -0.681241553263 0.681241553263 2.89881767771 
131.323015771 135.014129268 1.88892138004 63.4119873047 31.0517177582 20381696 0.280267174663 0.0 0.280267174663 0.845428329235 1.68916397076 -1.68916397076 0.845428329235 
220.993279275 179.85102817 1.8204792738 249.889938354 30.7087974548 17694720 0.3017369682 0.0 0.3017369682 -0.625925562746 -1.70949173038 1.70949173038 -0.625925562746 
107.21106798 120.465447162 1.27346146107 263.326721191 30.6049003601 8388608 0.616635306296 0.0 0.616635306296 -0.147985819449 -1.26483370056 1.26483370056 -0.147985819449 
139.595208627 112.455402312 1.37017834187 49.7043762207 30.3755378723 8388608 0.53265474865 0.0 0.53265474865 0.886137529144 1.04505931313 -1.04505931313 0.886137529144 
134.954542861 157.372031019 1.45630383492 356.705718994 29.6843299866 8388608 0.47151554337 0.0 0.47151554337 1.45389737643 -0.0836855924612 0.0836855924612 1.45389737643 
137.40873327 143.585221304 2.59156918526 44.6375732422 29.5430774689 9830912 0.14889303592 0.0 0.14889303592 1.84407106047 1.82088790591 -1.82088790591 1.84407106047 
12.7915195467 31.8428995137 1.35052323341 82.2235107422 29.3861713409 8388608 0.548271763956 0.0 0.548271763956 0.182737972079 1.33810307434 -1.33810307434 0.182737972079 
96.6112670316 131.62279355 1.5383695364 95.9267883301 29.0291976929 8388608 0.422550536666 0.0 0.422550536666 -0.15884833613 1.53014641019 -1.53014641019 -0.15884833613 
117.801511421 139.405767397 1.2735708952 111.904052734 28.8370552063 8388608 0.616529339604 0.0 0.616529339604 -0.475109966352 1.18163164521 -1.18163164521 -0.475109966352 
144.865688796 138.130948228 2.52817988396 69.3742675781 28.7125396729 24707328 0.156453058331 0.0 0.156453058331 0.890581731963 2.36612715304 -2.36612715304 0.890581731963 
159.981265961 59.2727224604 1.38685274124 255.632080078 28.6543254852 8388608 0.519923325107 0.0 0.519923325107 -0.344144089988 -1.34347511001 1.34347511001 -0.344144089988 
27.1570123217 61.4928563957 1.59277772903 355.663208008 28.6401386261 8388608 0.39417552152 0.0 0.39417552152 1.58821725756 -0.120444331059 0.120444331059 1.58821725756 
74.5663339102 106.762223553 1.70533251762 107.67489624 28.3366928101 12976128 0.343860153964 0.0 0.343860153964 -0.517765605925 1.62483161373 -1.62483161373 -0.517765605925 
86.7367653568 11.3440529093 1.51786255836 51.288269043 28.018371582 8388608 0.434045345672 0.0 0.434045345672 0.949274934739 1.18439176135 -1.18439176135 0.949274934739 
234.078176296 115.131123563 2.03606128693 247.821746826 27.6779289246 9044224 0.241222773826 0.0 0.241222773826 -0.768591435448 -1.88542111197 1.88542111197 -0.768591435448 
22.1664509078 78.5113754841 1.34433197975 140.43069458 27.6708316803 8388608 0.55333346924 0.0 0.55333346924 -1.03628450923 0.856354417116 -0.856354417116 -1.03628450923 
84.2041001421 108.191909228 2.02458000183 86.1150817871 27.3360481262 8651008 0.243966454405 0.0 0.243966454405 0.137170702838 2.01992781606 -2.01992781606 0.137170702838 
104.506609131 128.331445413 1.52360892296 57.0913391113 26.925403595 8388608 0.43077747384 0.0 0.43077747384 0.827778802302 1.27912720422 -1.27912720422 0.827778802302 
183.43825307 125.946828326 2.24136829376 249.217681885 26.7747116089 16056576 0.199055211182 0.0 0.199055211182 -0.795278827582 -2.09553415975 2.09553415975 -0.795278827582 
164.145173284 62.2127318106 2.66879868507 305.34161377 26.7576789856 11928064 0.140400408064 0.0 0.140400408064 1.54376721438 -2.17698626758 2.17698626758 1.54376721438 
56.7940817486 173.301458837 1.34813559055 250.294708252 26.7092437744 8388608 0.550215539353 0.0 0.550215539353 -0.45456733743 -1.26918797121 1.26918797121 -0.45456733743 
46.338795388 86.0886513933 2.05019259453 262.824859619 26.2791900635 9568512 0.237908894557 0.0 0.237908894557 -0.256074715365 -2.03413751128 2.03413751128 -0.256074715365 
158.002181369 97.337279413 1.50697493553 328.711669922 26.1614685059 8388608 0.440339801074 0.0 0.440339801074 1.28780747415 -0.782639997596 0.782639997596 1.28780747415 
70.5667227378 15.0274994824 1.47097277641 111.068908691 25.9920825958 8388608 0.462158270752 0.0 0.462158270752 -0.528800726985 1.37263640491 -1.37263640491 -0.528800726985 
218.622928367 118.572255353 3.01914620399 277.795135498 25.9266548157 20840960 0.109706336092 0.0 0.109706336092 0.409491195201 -2.9912473589 2.9912473589 0.409491195201 
158.830691419 152.029565928 2.13101816177 164.101577759 25.8884544373 12386560 0.220204250612 0.0 0.220204250612 -2.04950427328 0.583755633465 -0.583755633465 -2.04950427328 
36.6292050687 50.5168701814 1.3950637579 247.106079102 25.3164672852 8388608 0.513821043972 0.0 0.513821043972 -0.542716366258 -1.28516996323 1.28516996323 -0.542716366258 
142.45521167 103.475018476 1.68515396118 9.5964050293 25.2878875732 12124160 0.352144434415 0.0 0.352144434415 1.66157275734 0.280926760837 -0.280926760837 1.66157275734 
209.038539785 151.249975935 2.01203942299 73.3090820312 25.1156921387 24903680 0.247017105441 0.0 0.247017105441 0.577875207922 1.92726824384 -1.92726824384 0.577875207922 
36.237506207 48.8917995564 1.94351518154 245.724731445 25.0459480286 22413312 0.264742780115 0.0 0.264742780115 -0.799019744567 -1.77167116268 1.77167116268 -0.799019744567 
171.522150297 128.85110454 1.74309408665 330.844726562 24.5307655334 14548992 0.329123081723 0.0 0.329123081723 1.52224867999 -0.849197239258 0.849197239258 1.52224867999 
121.416732955 114.331343286 2.12361741066 117.315368652 24.4651145935 12124416 0.221741737106 0.0 0.221741737106 -0.974502323294 1.88682170031 -1.88682170031 -0.974502323294 
154.654037601 117.726563291 2.25270032883 214.603866577 23.5920009613 16384256 0.197057584564 0.0 0.197057584564 -1.8541932389 -1.27930692342 1.27930692342 -1.8541932389 
140.501979794 86.6838858651 3.00410699844 310.22543335 23.1999511719 20513280 0.110807512586 0.0 0.110807512586 1.94004229558 -2.29366404459 2.29366404459 1.94004229558 
145.728681976 126.08477369 1.55059099197 63.697052002 23.1312885284 8388608 0.415915864984 0.0 0.415915864984 0.687093719355 1.39004843269 -1.39004843269 0.687093719355 
74.6922582971 79.975988662 1.88918316364 123.209136963 23.0354537964 20381696 0.280189506951 0.0 0.280189506951 -1.03469930018 1.58063606944 -1.58063606944 -1.03469930018 
208.493636709 100.169714427 1.46657323837 247.482635498 23.0168418884 8388608 0.464935264956 0.0 0.464935264956 -0.561643892577 -1.35476684394 1.35476684394 -0.561643892577 
115.846938292 47.0268536995 1.59901607037 358.844055176 22.5087680817 8388608 0.391105877924 0.0 0.391105877924 1.59869065576 -0.032258029776 0.032258029776 1.59869065576 
111.54716951 89.996252635 1.55118906498 270.849456787 22.4955787659 8388608 0.41559520762 0.0 0.41559520762 0.022996803943 -1.55101858864 1.55101858864 0.022996803943 
116.674136676 151.345702167 2.51474547386 295.352935791 22.335231781 24379648 0.158129147533 0.0 0.158129147533 1.07679632373 -2.27254361355 2.27254361355 1.07679632373 
61.6517312425 172.644206923 1.56856584549 248.960723877 22.3037128448 8388608 0.406438173873 0.0 0.406438173873 -0.563127424319 -1.46399669249 1.46399669249 -0.563127424319 
79.7149988786 80.4044915906 3.48359465599 136.355895996 22.2899742126 14483457 0.0824033312103 0.0 0.0824033312103 -2.52087124236 2.40429613539 -2.40429613539 -2.52087124236 
151.852496833 177.217351235 1.53346073627 232.518371582 22.2016677856 8388608 0.425260141145 0.0 0.425260141145 -0.933121612579 -1.21687546028 1.21687546028 -0.933121612579 
239.481333492 132.604424031 1.25784659386 80.8786621094 22.1811504364 8388608 0.632040115634 0.0 0.632040115634 0.199401119229 1.24194091942 -1.24194091942 0.199401119229 
164.390610665 172.661507775 1.79153001308 48.4222412109 22.1006851196 16515072 0.311567266159 0.0 0.311567266159 1.18892359787 1.34016434298 -1.34016434298 1.18892359787 
92.5906089574 100.029133097 1.90799689293 93.6993103027 21.8316345215 21102592 0.274691153901 0.0 0.274691153901 -0.123104524014 1.90402138108 -1.90402138108 -0.123104524014 
200.281612478 109.664720225 1.29368364811 92.4145812988 21.7318325043 8388608 0.597508134847 0.0 0.597508134847 -0.0545027896503 1.2925350391 -1.2925350391 -0.0545027896503 
104.495269299 90.9882670725 1.45686089993 86.9838867188 21.4652729034 8388608 0.471155022207 0.0 0.471155022207 0.0766553565087 1.45484282246 -1.45484282246 0.0766553565087 
26.6614526938 99.3648150076 1.37828266621 271.738647461 21.3591079712 8388608 0.526409127917 0.0 0.526409127917 0.0418177381526 -1.37764813532 1.37764813532 0.0418177381526 
86.5865160504 137.16372883 3.42385315895 102.922698975 21.2488632202 13238273 0.0853040673209 0.0 0.0853040673209 -0.765697754359 3.33713610796 -3.33713610796 -0.765697754359 
192.354522401 110.935894964 1.36557590961 78.4384460449 21.0157642365 8388608 0.536251236494 0.0 0.536251236494 0.273689503647 1.3378683121 -1.3378683121 0.273689503647 
45.3641637642 101.18922253 1.30071544647 30.2623901367 20.9756278992 8388608 0.591065219578 0.0 0.591065219578 1.12346245802 0.655509556073 -0.655509556073 1.12346245802 
15.9530547426 98.2307301126 2.0151321888 178.702545166 20.8699073792 25034752 0.246259458072 0.0 0.246259458072 -2.01461554143 0.0456284839069 -0.0456284839069 -2.01461554143 
188.224447291 58.9779317018 1.7814283371 262.918579102 20.8393478394 16121856 0.315110799301 0.0 0.315110799301 -0.219613933598 -1.76783954034 1.76783954034 -0.219613933598 
150.328118463 119.660179626 1.33417785168 213.027618408 20.7444553375 8388608 0.56178811407 0.0 0.56178811407 -1.1185853002 -0.727184616223 0.727184616223 -1.1185853002 
72.0134626348 122.709790539 3.96781396866 346.781188965 20.7374343872 23920641 0.0635180849767 0.0 0.0635180849767 3.86268229163 -0.90732199566 0.90732199566 3.86268229163 
188.246387285 78.2204246809 1.32023370266 140.240447998 20.6810913086 8388608 0.573717859892 0.0 0.573717859892 -1.01491014326 0.844378132555 -0.844378132555 -1.01491014326 
218.552339038 147.890300548 2.01669955254 71.5536804199 20.6309242249 8388864 0.245876824818 0.0 0.245876824818 0.638116071708 1.91308258165 -1.91308258165 0.638116071708 
157.379298551 84.1217350592 1.31005382538 326.281799316 20.5850906372 8388608 0.582668742448 0.0 0.582668742448 1.08967372445 -0.72722224913 0.72722224913 1.08967372445 
159.525298045 164.18658491 1.34585905075 196.452270508 20.4616394043 8388608 0.552078508525 0.0 0.552078508525 -1.29075419426 -0.381169508873 0.381169508873 -1.29075419426 
223.643138668 118.400921706 1.57429599762 269.744689941 20.41355896 8388608 0.403484835887 0.0 0.403484835887 -0.00701504153857 -1.57428036808 1.57428036808 -0.00701504153857 
130.219415762 83.1745742516 3.33410811424 305.865020752 20.2467689514 11337729 0.0899581764133 0.0 0.0899581764133 1.95337964221 -2.70195945397 2.70195945397 1.95337964221 
48.6101284849 174.507067223 2.44326210022 271.896606445 20.2117500305 22282496 0.167517384429 0.0 0.167517384429 0.0808621589562 -2.44192362731 2.44192362731 0.0808621589562 
80.8707837832 74.7249925752 1.7275236845 263.089233398 20.1654815674 13893632 0.335082679315 0.0 0.335082679315 -0.207861503212 -1.71497279162 1.71497279162 -0.207861503212 
128.321635093 94.6259525509 2.65987730026 317.464874268 19.6089706421 11665920 0.14134380997 0.0 0.14134380997 1.95996522341 -1.79818897102 1.79818897102 1.95996522341 
197.010493052 38.7625925055 1.23752212524 11.4970092773 19.2720336914 8388608 0.652971243253 0.0 0.652971243253 1.21269137979 0.246658930229 -0.246658930229 1.21269137979 
211.937429793 112.203527726 1.13391375542 294.058959961 19.2240982056 8388608 0.777749879625 0.0 0.777749879625 0.462269999443 -1.03540661208 1.03540661208 0.462269999443 
74.9304518594 89.7909051985 1.58254575729 242.33265686 18.9845809937 8388608 0.39928909389 0.0 0.39928909389 -0.734835059952 -1.40159498736 1.40159498736 -0.734835059952 
127.921851655 86.9361345946 2.08410811424 337.384307861 18.4858856201 10748160 0.230228726409 0.0 0.230228726409 1.92385047884 -0.801439933453 0.801439933453 1.92385047884 
96.2841446642 119.229266612 1.34050488472 306.692382812 18.3706302643 8388608 0.556497475157 0.0 0.556497475157 0.80097653449 -1.07489066288 1.07489066288 0.80097653449 
112.975205732 125.51489938 1.41768038273 276.567016602 17.9809875488 8388608 0.497557572577 0.0 0.497557572577 0.16213341062 -1.40837865105 1.40837865105 0.16213341062 
177.894862636 172.523793592 1.56556582451 342.238220215 17.7571811676 8388608 0.407997343466 0.0 0.407997343466 1.49094015588 -0.477591669149 0.477591669149 1.49094015588 
120.416484551 74.2345226117 1.83626723289 132.575012207 17.7195243835 18350080 0.296570692235 0.0 0.296570692235 -1.24233555594 1.35221289635 -1.35221289635 -1.24233555594 
45.7844751737 38.9443884945 1.29530453682 89.1186218262 17.3889122009 8388608 0.596013678221 0.0 0.596013678221 0.019924820494 1.29515128253 -1.29515128253 0.019924820494 
14.1042765882 47.0454221131 1.82407188416 278.521575928 17.3002910614 17825792 0.300549563421 0.0 0.300549563421 0.270294319535 -1.80393437225 1.80393437225 0.270294319535 
37.9543942341 80.8813414021 1.31231057644 189.604980469 17.2332134247 8388608 0.580666460837 0.0 0.580666460837 -1.29391399902 -0.218964865184 0.218964865184 -1.29391399902 
118.73566316 103.96615767 1.91270971298 89.3201293945 17.1903419495 21299200 0.273339171327 0.0 0.273339171327 0.0226956436522 1.91257505837 -1.91257505837 0.0226956436522 
185.550514302 148.798374866 1.95803117752 151.632415771 16.9628753662 22937600 0.260831953784 0.0 0.260831953784 -1.72290594201 0.930312424474 -0.930312424474 -1.72290594201 
216.852167229 23.4661777166 1.2973293066 181.413955688 16.7252311707 8388608 0.59415470726 0.0 0.59415470726 -1.29693428165 -0.03201247949 0.03201247949 -1.29693428165 
119.538275196 133.346423594 1.48976922035 110.328369141 16.6111812592 8388608 0.450569723581 0.0 0.450569723581 -0.517545813117 1.39698198315 -1.39698198315 -0.517545813117 
55.3116431189 116.711049522 1.46296525002 100.512908936 16.5476455688 8388608 0.467231354406 0.0 0.467231354406 -0.266928326062 1.43840765831 -1.43840765831 -0.266928326062 
90.3900908786 76.0130269462 1.5977127552 61.750793457 16.3083496094 8388608 0.391744218107 0.0 0.391744218107 0.756209379043 1.40742084082 -1.40742084082 0.756209379043 
59.585810046 117.252843009 1.309491992 280.15612793 16.0685024261 8388608 0.583168834054 0.0 0.583168834054 0.230904134603 -1.28897345113 1.28897345113 0.230904134603 
183.455052822 137.766810346 1.94331943989 166.209838867 16.0547008514 22413312 0.264796115453 0.0 0.264796115453 -1.8873036976 0.463222623033 -0.463222623033 -1.8873036976 
163.58109025 65.4857852037 1.27357196808 359.932281494 15.6980705261 8388608 0.61652830085 0.0 0.61652830085 1.27357107854 -0.00150524823008 0.00150524823008 1.27357107854 
134.140676014 106.840721501 1.6261177063 111.55821228 15.555311203 9502720 0.378177809974 0.0 0.378177809974 -0.597510996154 1.51236219346 -1.51236219346 -0.597510996154 
129.16479251 181.97872583 1.48356938362 123.473236084 15.1376142502 8388608 0.454343454268 0.0 0.454343454268 -0.818258838708 1.23750983386 -1.23750983386 -0.818258838708 
153.323890475 126.507277616 1.43525493145 110.907653809 15.0809516907 8388608 0.485447092718 0.0 0.485447092718 -0.512189080715 1.34075317037 -1.34075317037 -0.512189080715 
77.6284898912 126.776741543 2.43201732635 309.77355957 15.0365982056 21954816 0.169070045958 0.0 0.169070045958 1.55589546248 -1.86919704299 1.86919704299 1.55589546248 
34.8867278704 100.521502832 1.73514819145 303.467651367 14.6580486298 14221312 0.332144340042 0.0 0.332144340042 0.956875395038 -1.44745594913 1.44745594913 0.956875395038 
186.135373854 136.179410945 3.06999874115 270.492279053 14.3506546021 22086144 0.10610200852 0.0 0.10610200852 0.0263767679046 -3.0698854273 3.0698854273 0.0263767679046 
88.2357230491 89.2612191971 1.89785552025 101.639434814 14.2330741882 20709376 0.277634674398 0.0 0.277634674398 -0.382896304689 1.85882920022 -1.85882920022 -0.382896304689 
159.861982666 72.1367822835 1.32193005085 297.88067627 14.0217132568 8388608 0.572246373842 0.0 0.572246373842 0.618176431929 -1.16848489864 1.16848489864 0.618176431929 
95.5490032051 75.0019391476 1.76907551289 90.5961914062 13.6700725555 15597568 0.319526776213 0.0 0.319526776213 -0.0184077883898 1.76897974087 -1.76897974087 -0.0184077883898 
191.904679664 139.244375586 1.27595889568 47.1471862793 13.616153717 8388608 0.61422378781 0.0 0.61422378781 0.867801780452 0.935409628622 -0.935409628622 0.867801780452 
142.707929583 64.4664181967 1.32182335854 25.3210144043 13.5658540726 8388608 0.572338756464 0.0 0.572338756464 1.19483016621 0.565329872805 -0.565329872805 1.19483016621 
88.9373360484 69.4296067041 1.26598465443 225.511642456 13.2473869324 8388608 0.623940414544 0.0 0.623940414544 -0.887156872852 -0.903144411595 0.903144411595 -0.887156872852 
181.410178702 80.3599618039 2.03948545456 92.4055175781 12.6494750977 9175296 0.240413458102 0.0 0.240413458102 -0.085601016262 2.03768824538 -2.03768824538 -0.085601016262 
194.25947328 147.587677958 1.25076305866 22.9887695312 12.4813518524 8388608 0.639219342827 0.0 0.639219342827 1.15142923569 0.488486380672 -0.488486380672 1.15142923569 
148.79277221 68.5108395315 1.3384667635 254.488754272 12.3825588226 8388608 0.55819355442 0.0 0.55819355442 -0.357942830393 -1.28971710354 1.28971710354 -0.357942830393 
121.477221633 176.55527109 1.59115719795 145.10925293 12.096903801 8388608 0.394978834943 0.0 0.394978834943 -1.30513756372 0.91016326468 -0.91016326468 -1.30513756372 
237.319882972 47.4195306741 1.46957933903 88.7043457031 11.8689117432 8388608 0.463035112045 0.0 0.463035112045 0.0332294023388 1.46920360758 -1.46920360758 0.0332294023388 
195.680448693 126.53489859 1.85216140747 6.24005126953 11.5873756409 18939904 0.291502536707 0.0 0.291502536707 1.84118777097 0.201319326837 -0.201319326837 1.84118777097 
247.514600925 53.1577780479 1.26245319843 77.4951782227 11.4803409576 8388608 0.62743598955 0.0 0.62743598955 0.273348606409 1.23250501727 -1.23250501727 0.273348606409 
155.960585184 137.777013031 1.80498337746 158.304199219 10.2554607391 17104896 0.306940069086 0.0 0.306940069086 -1.67711775547 0.667263836256 -0.667263836256 -1.67711775547 
163.767356688 182.311449509 1.46608042717 97.4442138672 9.29953575134 8388608 0.465247886026 0.0 0.465247886026 -0.18994656552 1.45372353671 -1.45372353671 -0.18994656552 
206.866957259 125.412909751 1.93323290348 345.120697021 8.58294296265 22020096 0.267566442016 0.0 0.267566442016 1.86840947893 -0.496422680951 0.496422680951 1.86840947893 
65.1173991722 155.707910285 1.42113518715 74.2797546387 7.81478977203 8388608 0.495141370796 0.0 0.495141370796 0.385043212449 1.3679791463 -1.3679791463 0.385043212449 
48.0539407602 152.453845653 2.37723565102 88.1477050781 7.79299116135 20250880 0.176952022421 0.0 0.176952022421 0.0768394213843 2.37599348564 -2.37599348564 0.0768394213843 
114.93150427 167.731223847 2.0137989521 147.7734375 7.79259967804 24969216 0.246585638427 0.0 0.246585638427 -1.70356523301 1.07389557982 -1.07389557982 -1.70356523301 
45.8180723148 157.144479373 1.53597056866 124.439987183 7.76217079163 8388608 0.42387149521 0.0 0.42387149521 -0.868656971848 1.26674411506 -1.26674411506 -0.868656971848 
171.965524171 177.053423996 1.24172770977 215.937866211 7.53265953064 8388608 0.648555661103 0.0 0.648555661103 -1.00536972755 -0.728779401566 0.728779401566 -1.00536972755 
60.7041316751 156.334875009 1.43065035343 97.6889343262 7.24750328064 8388608 0.488576964602 0.0 0.488576964602 -0.191413566341 1.41778745953 -1.41778745953 -0.191413566341 
179.529717211 47.3820454297 1.78193998337 115.828887939 7.1533164978 16121856 0.314929870515 0.0 0.314929870515 -0.776364477901 1.60392278548 -1.60392278548 -0.776364477901 
73.6667138093 155.081469948 1.80372059345 56.6320495605 6.7695775032 17039360 0.307369996748 0.0 0.307369996748 0.992070973956 1.5063874541 -1.5063874541 0.992070973956 
207.916773663 117.387623672 1.28668951988 121.870391846 6.74077796936 8388608 0.604021604628 0.0 0.604021604628 -0.679371487184 1.09271419089 -1.09271419089 -0.679371487184 
203.131947662 116.263348208 1.26403045654 109.276794434 6.56781387329 8388608 0.625871136317 0.0 0.625871136317 -0.417297046087 1.19316225652 -1.19316225652 -0.417297046087 
73.7977433408 147.137754458 1.87059414387 79.5532836914 6.47406291962 19660800 0.285785940327 0.0 0.285785940327 0.33917808213 1.83958709489 -1.83958709489 0.33917808213 
213.513881464 127.356260381 1.25246059895 198.900588989 6.27645301819 8388608 0.637487767028 0.0 0.637487767028 -1.18493046466 -0.405705984477 0.405705984477 -1.18493046466 
219.63308699 125.084602884 1.39957952499 357.780151367 6.23886871338 8388608 0.510510688418 0.0 0.510510688418 1.39852922173 -0.0542112789311 0.0542112789311 1.39852922173 
220.629785725 64.4976301906 1.24109423161 122.276611328 6.11929702759 8388608 0.649217900426 0.0 0.649217900426 -0.6627533314 1.04932021492 -1.04932021492 -0.6627533314 
173.657174428 56.7397413787 1.63681483269 300.641021729 6.07320213318 10027008 0.373250927978 0.0 0.373250927978 0.834215030441 -1.40827840979 1.40827840979 0.834215030441 
42.0885333947 144.618937326 1.36259949207 70.0871276855 5.9872841835 8388608 0.538596534344 0.0 0.538596534344 0.464088838503 1.28113189242 -1.28113189242 0.464088838503 
21.0169107765 171.171557995 1.52009046078 109.628753662 4.90566253662 8388608 0.432773971298 0.0 0.432773971298 -0.510635316866 1.43175646746 -1.43175646746 -0.510635316866 
56.1143936824 149.167401801 1.30941724777 81.2282714844 4.82161474228 8388608 0.583235412903 0.0 0.583235412903 0.199683767663 1.294101975 -1.294101975 0.199683767663 
218.48602021 132.960318532 1.62547397614 317.44140625 4.63565063477 9502720 0.378477405874 0.0 0.378477405874 1.19730146597 -1.09937930064 1.09937930064 1.19730146597 
23.2638008589 139.331052328 1.4901278019 105.46496582 4.5941696167 8388608 0.450352901176 0.0 0.450352901176 -0.397341241669 1.43617575653 -1.43617575653 -0.397341241669 
49.2405820137 150.054919231 1.46881508827 83.6365356445 4.36598968506 8388608 0.4635170883 0.0 0.4635170883 0.162796437998 1.45976542065 -1.45976542065 0.162796437998 
56.5954895391 138.168355141 1.67181169987 107.350738525 3.78059959412 11534336 0.357787595525 0.0 0.357787595525 -0.498568102956 1.5957393918 -1.5957393918 -0.498568102956 
68.3047212805 134.428357549 2.19792819023 105.494171143 3.17619514465 14614784 0.207001265981 0.0 0.207001265981 -0.587155288245 2.11805028196 -2.11805028196 -0.587155288245 
65.208942601 142.818458243 1.90526485443 114.099899292 3.06563949585 20971520 0.275479500853 0.0 0.275479500853 -0.777974618205 1.73919224324 -1.73919224324 -0.777974618205 
60.5510960704 141.203030142 3.28210401535 110.019592285 2.71038913727 10158081 0.0928314895523 0.0 0.0928314895523 -1.1236002513 3.0837848892 -3.0837848892 -1.1236002513 
96.3382510269 164.329867413 1.27212154865 109.048797607 2.65292549133 8388608 0.61793498153 0.0 0.61793498153 -0.415186526305 1.20246138521 -1.20246138521 -0.415186526305 
103.513971197 175.549754222 1.5135819912 283.956054688 2.35594558716 8388608 0.436503867932 0.0 0.436503867932 0.36504209779 -1.46890255324 1.46890255324 0.36504209779 
87.3307805291 171.57845946 1.51593577862 9.44595336914 2.31483316422 8388608 0.435149404663 0.0 0.435149404663 1.49538097914 0.248791101392 -0.248791101392 1.49538097914 
90.3385170808 179.125622971 1.35780358315 104.107543945 2.145570755 8388608 0.542408016039 0.0 0.542408016039 -0.330954724333 1.31685213325 -1.31685213325 -0.330954724333 
110.472273211 173.536243458 1.34734666348 119.25340271 1.93837785721 8388608 0.550860075812 0.0 0.550860075812 -0.658412012687 1.175515484 -1.175515484 -0.658412012687 
80.9155760044 179.66796027 1.52730083466 102.439544678 1.32426452637 8388608 0.428697372595 0.0 0.428697372595 -0.328994895866 1.49144567385 -1.49144567385 -0.328994895866 
