13
184
198.521238025 178.825343014 1.73457026482 131.997902009 106.968223572 14221312 0.332365705579 0.0 0.332365705579 -1.16060685181 1.28907941537 -1.28907941537 -1.16060685181 
70.2584859063 49.7466053246 1.61193132401 133.054391804 87.494178772 8912896 0.38486368189 0.0 0.38486368189 -1.10045316503 1.1778477936 -1.1778477936 -1.10045316503 
95.7803772771 51.8351261632 1.51391327381 139.465342098 83.4569168091 8388608 0.436312852602 0.0 0.436312852602 -1.1505937371 0.983904188812 -0.983904188812 -1.1505937371 
47.9594291926 25.5747938084 1.36361968517 136.372560298 81.3715057373 8388608 0.537790933003 0.0 0.537790933003 -0.987044532712 0.9408516016 -0.9408516016 -0.987044532712 
63.1085752636 164.044098776 1.55720257759 133.513526803 76.7296676636 8388608 0.412391563532 0.0 0.412391563532 -1.07217416319 1.12930174508 -1.12930174508 -1.07217416319 
145.1595112 171.03809128 1.5790784359 133.362837978 75.6049728394 8388608 0.401044527415 0.0 0.401044527415 -1.08422069343 1.14802186157 -1.14802186157 -1.08422069343 
171.60013603 99.4490897503 2.05166721344 148.744718206 73.7503051758 9634048 0.237567027341 0.0 0.237567027341 -1.75389653119 1.06451177193 -1.06451177193 -1.75389653119 
142.984684792 43.5155809264 2.44555425644 147.761735398 73.0267181396 22348032 0.167203511966 0.0 0.167203511966 -2.06854051918 1.30455959684 -1.30455959684 -2.06854051918 
178.353045708 71.2527758081 1.72842085361 133.402515522 72.622795105 13959168 0.334734907756 0.0 0.334734907756 -1.18763151678 1.25577467229 -1.25577467229 -1.18763151678 
72.26007718 62.3260613555 3.52078151703 134.033037102 70.6242980957 15269889 0.0806718188332 0.0 0.0806718188332 -2.44720027967 2.53122762347 -2.53122762347 -2.44720027967 
188.883787503 70.473649959 2.39782786369 134.495673349 70.6240386963 20906240 0.173925794087 0.0 0.173925794087 -1.68053061059 1.71037870975 -1.71037870975 -1.68053061059 
148.758084826 148.880450738 1.37860560417 137.405202256 67.9741592407 8388608 0.52616253443 0.0 0.52616253443 -1.01487229164 0.933052862124 -0.933052862124 -1.01487229164 
199.847660008 47.3274257033 2.60296487808 146.17189242 65.800453186 10158592 0.147592192269 0.0 0.147592192269 -2.16231277361 1.44907888868 -1.44907888868 -2.16231277361 
214.799594056 93.0133548622 2.25734615326 128.511808104 65.6646728516 16515328 0.196247294256 0.0 0.196247294256 -1.40559507324 1.7663278704 -1.7663278704 -1.40559507324 
165.6177353 76.367825733 3.40013790131 137.682779487 65.4636001587 12713985 0.0864981735744 0.0 0.0864981735744 -2.5141598356 2.28909110106 -2.28909110106 -2.5141598356 
187.329138279 160.05088551 1.71076703072 146.610350569 64.1253585815 13172736 0.341678975171 0.0 0.341678975171 -1.42840030435 0.941486273887 -0.941486273887 -1.42840030435 
49.5580628067 164.075849159 2.64379000664 129.275082787 63.4294586182 11272704 0.143069179573 0.0 0.143069179573 -1.67363613959 2.04659905 -2.04659905 -1.67363613959 
82.257993795 57.4918136133 1.42541766167 142.632184038 63.3741798401 8388608 0.492170669524 0.0 0.492170669524 -1.132858767 0.865128039211 -0.865128039211 -1.132858767 
217.745151986 34.3136505826 1.78392601013 135.664453728 62.5362472534 16252928 0.314229044372 0.0 0.314229044372 -1.27596966839 1.24671304435 -1.24671304435 -1.27596966839 
177.870192996 116.210155388 1.24419176579 138.292551616 61.3046531677 8388608 0.64598934445 0.0 0.64598934445 -0.928853473911 0.827794886462 -0.827794886462 -0.928853473911 
200.418511649 84.793897923 1.9834343195 129.119120964 60.3287773132 23920640 0.254193448398 0.0 0.254193448398 -1.25141765128 1.53881953517 -1.53881953517 -1.25141765128 
52.741492099 53.8228347454 2.05643892288 119.73014477 59.5225830078 9765120 0.236465817259 0.0 0.236465817259 -1.01982016085 1.78575134973 -1.78575134973 -1.01982016085 
202.888259288 62.1818207437 3.07089447975 137.264086506 59.3488616943 22086144 0.10604012049 0.0 0.10604012049 -2.25553936534 2.08397098761 -2.08397098761 -2.25553936534 
93.7758925278 60.6250020688 2.14925670624 145.589636977 58.3142318726 12976384 0.216482811203 0.0 0.216482811203 -1.77316106889 1.21457985043 -1.21457985043 -1.77316106889 
186.65152919 169.087435386 1.65186810493 149.706914543 56.6813964844 10682368 0.36647914421 0.0 0.36647914421 -1.42631613919 0.833240965868 -0.833240965868 -1.42631613919 
151.433642683 79.3100837103 1.57788312435 144.191568825 54.6688194275 8388608 0.401652373103 0.0 0.401652373103 -1.27962807857 0.923183153354 -0.923183153354 -1.27962807857 
117.827067436 62.2627059589 1.99734663963 146.072059752 54.1124839783 24379392 0.250664662491 0.0 0.250664662491 -1.65727880502 1.1148186226 -1.1148186226 -1.65727880502 
138.366962669 172.563247756 1.33999359608 147.07469434 54.0262527466 8388608 0.5569222311 0.0 0.5569222311 -1.12476366438 0.728347126592 -0.728347126592 -1.12476366438 
127.21360512 48.1532737955 2.10679125786 131.583391088 53.2696876526 11534592 0.225297817593 0.0 0.225297817593 -1.39829718887 1.57585988457 -1.57585988457 -1.39829718887 
164.374492372 111.534254709 3.42222809792 140.220368387 50.5053710938 13238273 0.0853851006273 0.0 0.0853851006273 -2.63002004423 2.18966657762 -2.18966657762 -2.63002004423 
187.80871602 100.391734712 2.24753046036 127.758690822 50.3607673645 16253184 0.197965188276 0.0 0.197965188276 -1.37624652592 1.77689016828 -1.77689016828 -1.37624652592 
45.8884422373 56.7100258888 1.92227244377 118.528147594 49.7048606873 21626880 0.270626374491 0.0 0.270626374491 -0.918058937512 1.68887510946 -1.68887510946 -0.918058937512 
107.392158295 61.4652940568 1.95168995857 144.181402476 49.2028808594 22740992 0.262529640967 0.0 0.262529640967 -1.58257446002 1.14216976535 -1.14216976535 -1.58257446002 
223.705669949 58.6791693439 1.62338638306 153.480566126 49.1437416077 9437184 0.37945143749 0.0 0.37945143749 -1.45257848358 0.724844188598 -0.724844188598 -1.45257848358 
127.369856114 37.9617574925 2.00778126717 152.810448979 49.0832710266 24772608 0.248065977373 0.0 0.248065977373 -1.78592087302 0.917426973705 -0.917426973705 -1.78592087302 
233.956020968 86.2415256269 1.35894107819 132.86093453 48.5183486938 8388608 0.541500356074 0.0 0.541500356074 -0.924380595589 0.996113130362 -0.996113130362 -0.924380595589 
146.853842891 54.2938024375 1.31719374657 128.025144432 48.0846862793 8388608 0.576369086698 0.0 0.576369086698 -0.811400880441 1.03760685099 -1.03760685099 -0.811400880441 
205.838320429 93.6605378306 1.49187147617 127.246475156 47.6792182922 8388608 0.449300786596 0.0 0.449300786596 -0.902947776592 1.18758823427 -1.18758823427 -0.902947776592 
83.6210880187 98.1890863771 2.41795730591 142.921220738 46.3649902344 21496064 0.171041991121 0.0 0.171041991121 -1.92906395422 1.45781679018 -1.45781679018 -1.92906395422 
126.413139869 165.50242109 2.34866285324 133.745604038 44.6176490784 19398912 0.181283652197 0.0 0.181283652197 -1.62400085272 1.69671400906 -1.69671400906 -1.62400085272 
90.9962133164 124.669964106 1.50237607956 143.390344217 41.5103759766 8388608 0.443039735878 0.0 0.443039735878 -1.20598279673 0.89595724141 -0.89595724141 -1.20598279673 
100.147236278 129.730801221 3.31923913956 148.766805713 41.0612297058 11010049 0.0907659409272 0.0 0.0907659409272 -2.83816188862 1.72110010155 -1.72110010155 -2.83816188862 
65.2206197563 36.775892782 1.60952293873 129.581587864 40.9609451294 8781824 0.386016313492 0.0 0.386016313492 -1.02554995225 1.24048836582 -1.24048836582 -1.02554995225 
137.733714223 141.70824835 6.01673793793 135.397937066 40.4187431335 20578817 0.0276234429824 0.0 0.0276234429824 -4.28392201167 4.22482515753 -4.22482515753 -4.28392201167 
85.2027790121 47.6551776608 2.34444642067 137.783134103 38.9043922424 19267840 0.181936307459 0.0 0.181936307459 -1.73631303844 1.57532411012 -1.57532411012 -1.73631303844 
171.727099361 138.072054289 1.685333848 136.564248268 38.8869400024 12124160 0.352069265022 0.0 0.352069265022 -1.22379809018 1.15873569622 -1.15873569622 -1.22379809018 
150.533976871 104.003857054 1.59296441078 140.314509413 38.6164779663 8388608 0.394083138962 0.0 0.394083138962 -1.22588374694 1.01722399352 -1.01722399352 -1.22588374694 
33.2716728072 170.145968241 1.46407723427 133.302722513 37.4673957825 8388608 0.466521888276 0.0 0.466521888276 -1.00414166614 1.06546781379 -1.06546781379 -1.00414166614 
111.00801392 82.7319449238 1.29629993439 143.453807804 36.1605834961 8388608 0.59509870049 0.0 0.59509870049 -1.04141761693 0.771908587232 -0.771908587232 -1.04141761693 
110.465457713 73.5253581462 2.24815535545 141.896600749 35.7100524902 16253184 0.197855151145 0.0 0.197855151145 -1.76906988139 1.38729746523 -1.38729746523 -1.76906988139 
49.7088677481 98.3799831283 2.53498363495 145.059488282 35.6815338135 24903936 0.155614363239 0.0 0.155614363239 -2.07804555375 1.45185009764 -1.45185009764 -2.07804555375 
140.121437569 107.398642482 4.41987657547 135.382733315 35.5543746948 15008001 0.0511893619368 0.0 0.0511893619368 -3.14613184774 3.10437809216 -3.10437809216 -3.14613184774 
131.455260991 68.1010248934 3.15125489235 133.077267264 35.5329055786 23986688 0.100700803106 0.0 0.100700803106 -2.1522567342 2.30178155928 -2.30178155928 -2.1522567342 
93.9121109427 109.673509704 1.79396343231 137.471793492 35.2065391541 16646144 0.31072258945 0.0 0.31072258945 -1.32205176599 1.21263511599 -1.21263511599 -1.32205176599 
53.2178432508 88.6917970329 1.33378589153 136.950703467 34.7891464233 8388608 0.56211834834 0.0 0.56211834834 -0.974686245903 0.910478734787 -0.910478734787 -0.974686245903 
113.113523737 135.991131259 2.54306221008 149.825966194 34.5511627197 8454656 0.154627249726 0.0 0.154627249726 -2.19848409502 1.27821480523 -1.27821480523 -2.19848409502 
141.337941797 111.948068156 2.74473333359 129.725440797 34.2181015015 13959680 0.132739350007 0.0 0.132739350007 -1.75418484018 2.11101791062 -2.11101791062 -1.75418484018 
112.479619082 136.966080312 1.39573121071 150.490326557 33.9898834229 8388608 0.513329732613 0.0 0.513329732613 -1.21466655424 0.687496017843 -0.687496017843 -1.21466655424 
61.555683207 101.516563669 2.04241371155 143.607617066 33.9157180786 9306368 0.239724579331 0.0 0.239724579331 -1.64408724121 1.21178831172 -1.21178831172 -1.64408724121 
184.802717389 85.6252282074 3.40444016457 128.375456683 32.517829895 12845057 0.0862796925572 0.0 0.0862796925572 -2.11351737228 2.66894307755 -2.66894307755 -2.11351737228 
131.323015771 135.014129268 1.88892138004 142.520818435 31.0517177582 20381696 0.280267174663 0.0 0.280267174663 -1.4989998048 1.14935789256 -1.14935789256 -1.4989998048 
220.993279275 179.85102817 1.8204792738 123.253435457 30.7087974548 17694720 0.3017369682 0.0 0.3017369682 -0.998247744171 1.52238176144 -1.52238176144 -0.998247744171 
107.21106798 120.465447162 1.27346146107 136.755132995 30.6049003601 8388608 0.616635306296 0.0 0.616635306296 -0.927630525865 0.872471031214 -0.872471031214 -0.927630525865 
139.595208627 112.455402312 1.37017834187 124.505347043 30.3755378723 8388608 0.53265474865 0.0 0.53265474865 -0.776182936046 1.12912742341 -1.12912742341 -0.776182936046 
134.954542861 157.372031019 1.45630383492 133.411437848 29.6843299866 8388608 0.47151554337 0.0 0.47151554337 -1.00081938616 1.05791370908 -1.05791370908 -1.00081938616 
137.40873327 143.585221304 2.59156918526 132.883958101 29.5430774689 9830912 0.14889303592 0.0 0.14889303592 -1.76360362711 1.89892945852 -1.89892945852 -1.76360362711 
96.6112670316 131.62279355 1.5383695364 140.021976645 29.0291976929 8388608 0.422550536666 0.0 0.422550536666 -1.17883863422 0.988392788814 -0.988392788814 -1.17883863422 
117.801511421 139.405767397 1.2735708952 148.957588204 28.8370552063 8388608 0.616529339604 0.0 0.616529339604 -1.09117748579 0.656745399363 -0.656745399363 -1.09117748579 
144.865688796 138.130948228 2.52817988396 134.175298496 28.7125396729 24707328 0.156453058331 0.0 0.156453058331 -1.76177722446 1.81323868727 -1.81323868727 -1.76177722446 
159.981265961 59.2727224604 1.38685274124 127.662151773 28.6543254852 8388608 0.519923325107 0.0 0.519923325107 -0.847372909845 1.09787051948 -1.09787051948 -0.847372909845 
74.5663339102 106.762223553 1.70533251762 144.641319934 28.3366928101 12976128 0.343860153964 0.0 0.343860153964 -1.39077599351 0.986864292366 -0.986864292366 -1.39077599351 
84.2041001421 108.191909228 2.02458000183 144.742504865 27.3360481262 8651008 0.243966454405 0.0 0.243966454405 -1.65320329308 1.16869288334 -1.16869288334 -1.65320329308 
104.506609131 128.331445413 1.52360892296 139.901592041 26.925403595 8388608 0.43077747384 0.0 0.43077747384 -1.16546834067 0.981360126057 -0.981360126057 -1.16546834067 
183.43825307 125.946828326 2.24136829376 141.234684649 26.7747116089 16056576 0.199055211182 0.0 0.199055211182 -1.74763328426 1.40339222316 -1.40339222316 -1.74763328426 
164.145173284 62.2127318106 2.66879868507 130.007423489 26.7576789856 11928064 0.140400408064 0.0 0.140400408064 -1.71573559681 2.04419612153 -2.04419612153 -1.71573559681 
56.7940817486 173.301458837 1.34813559055 125.895938335 26.7092437744 8388608 0.550215539353 0.0 0.550215539353 -0.790432026937 1.09210200133 -1.09210200133 -0.790432026937 
46.338795388 86.0886513933 2.05019259453 138.410768603 26.2791900635 9568512 0.237908894557 0.0 0.237908894557 -1.53338591011 1.36088843236 -1.36088843236 -1.53338591011 
158.002181369 97.337279413 1.50697493553 150.202032747 26.1614685059 8388608 0.440339801074 0.0 0.440339801074 -1.30772735786 0.748880907639 -0.748880907639 -1.30772735786 
158.830691419 152.029565928 2.13101816177 136.257631006 25.8884544373 12386560 0.220204250612 0.0 0.220204250612 -1.53956697563 1.473421845 -1.473421845 -1.53956697563 
36.6292050687 50.5168701814 1.3950637579 128.355171426 25.3164672852 8388608 0.513821043972 0.0 0.513821043972 -0.865685084873 1.09397999178 -1.09397999178 -0.865685084873 
142.45521167 103.475018476 1.68515396118 137.53734606 25.2878875732 12124160 0.352144434415 0.0 0.352144434415 -1.24316763101 1.137663445 -1.137663445 -1.24316763101 
209.038539785 151.249975935 2.01203942299 124.472644689 25.1156921387 24903680 0.247017105441 0.0 0.247017105441 -1.13883986908 1.65871829804 -1.65871829804 -1.13883986908 
36.237506207 48.8917995564 1.94351518154 130.951862389 25.0459480286 22413312 0.264742780115 0.0 0.264742780115 -1.27382789537 1.46786026374 -1.46786026374 -1.27382789537 
171.522150297 128.85110454 1.74309408665 138.299051869 24.5307655334 14548992 0.329123081723 0.0 0.329123081723 -1.30144141183 1.15958063388 -1.15958063388 -1.30144141183 
121.416732955 114.331343286 2.12361741066 148.564651335 24.4651145935 12124416 0.221741737106 0.0 0.221741737106 -1.81193237941 1.10754320877 -1.10754320877 -1.81193237941 
154.654037601 117.726563291 2.25270032883 132.03974198 23.5920009613 16384256 0.197057584564 0.0 0.197057584564 -1.50851156551 1.6730366488 -1.6730366488 -1.50851156551 
140.501979794 86.6838858651 3.00410699844 141.18945248 23.1999511719 20513280 0.110807512586 0.0 0.110807512586 -2.34086806866 1.88281585483 -1.88281585483 -2.34086806866 
145.728681976 126.08477369 1.55059099197 126.569675385 23.1312885284 8388608 0.415915864984 0.0 0.415915864984 -0.923841940568 1.24533067626 -1.24533067626 -0.923841940568 
74.6922582971 79.975988662 1.88918316364 139.097040472 23.0354537964 20381696 0.280189506951 0.0 0.280189506951 -1.42788175471 1.23699907857 -1.23699907857 -1.42788175471 
208.493636709 100.169714427 1.46657323837 124.964506119 23.0168418884 8388608 0.464935264956 0.0 0.464935264956 -0.840447474135 1.20186734157 -1.20186734157 -0.840447474135 
115.846938292 47.0268536995 1.59901607037 139.031655592 22.5087680817 8388608 0.391105877924 0.0 0.391105877924 -1.20737215658 1.04838202427 -1.04838202427 -1.20737215658 
111.54716951 89.996252635 1.55118906498 139.328410464 22.4955787659 8388608 0.41559520762 0.0 0.41559520762 -1.17651111982 1.01094465737 -1.01094465737 -1.17651111982 
116.674136676 151.345702167 2.51474547386 150.208932017 22.335231781 24379648 0.158129147533 0.0 0.158129147533 -2.18240404915 1.24942281256 -1.24942281256 -2.18240404915 
61.6517312425 172.644206923 1.56856584549 125.751330259 22.3037128448 8388608 0.406438173873 0.0 0.406438173873 -0.916463626432 1.27298595164 -1.27298595164 -0.916463626432 
79.7149988786 80.4044915906 3.48359465599 133.988569435 22.2899742126 14483457 0.0824033312103 0.0 0.0824033312103 -2.41940821173 2.50637100851 -2.50637100851 -2.41940821173 
151.852496833 177.217351235 1.53346073627 119.977795568 22.2016677856 8388608 0.425260141145 0.0 0.425260141145 -0.766215650683 1.32831299261 -1.32831299261 -0.766215650683 
164.390610665 172.661507775 1.79153001308 128.898152909 22.1006851196 16515072 0.311567266159 0.0 0.311567266159 -1.12496971685 1.39428222536 -1.39428222536 -1.12496971685 
92.5906089574 100.029133097 1.90799689293 136.013865942 21.8316345215 21102592 0.274691153901 0.0 0.274691153901 -1.37281882046 1.32507382044 -1.32507382044 -1.37281882046 
200.281612478 109.664720225 1.29368364811 136.654824251 21.7318325043 8388608 0.597508134847 0.0 0.597508134847 -0.94080787167 0.887974059301 -0.887974059301 -0.94080787167 
104.495269299 90.9882670725 1.45686089993 138.235390726 21.4652729034 8388608 0.471155022207 0.0 0.471155022207 -1.08665442825 0.970374069781 -0.970374069781 -1.08665442825 
26.6614526938 99.3648150076 1.37828266621 129.719748215 21.3591079712 8388608 0.526409127917 0.0 0.526409127917 -0.8807680651 1.06014655754 -1.06014655754 -0.8807680651 
86.5865160504 137.16372883 3.42385315895 146.374038994 21.2488632202 13238273 0.0853040673209 0.0 0.0853040673209 -2.85094121612 1.89602337441 -1.89602337441 -2.85094121612 
192.354522401 110.935894964 1.36557590961 135.589140127 21.0157642365 8388608 0.536251236494 0.0 0.536251236494 -0.9754855666 0.955628313874 -0.955628313874 -0.9754855666 
45.3641637642 101.18922253 1.30071544647 144.20637036 20.9756278992 8388608 0.591065219578 0.0 0.591065219578 -1.05504782657 0.76074618391 -0.76074618391 -1.05504782657 
188.224447291 58.9779317018 1.7814283371 123.959553378 20.8393478394 16121856 0.315110799301 0.0 0.315110799301 -0.995119273289 1.47757387367 -1.47757387367 -0.995119273289 
150.328118463 119.660179626 1.33417785168 126.38430041 20.7444553375 8388608 0.56178811407 0.0 0.56178811407 -0.791432054538 1.07408837763 -1.07408837763 -0.791432054538 
72.0134626348 122.709790539 3.96781396866 152.871828452 20.7374343872 23920641 0.0635180849767 0.0 0.0635180849767 -3.53130964277 1.80925396137 -1.80925396137 -3.53130964277 
188.246387285 78.2204246809 1.32023370266 135.282405568 20.6810913086 8388608 0.573717859892 0.0 0.573717859892 -0.938136207861 0.928933520301 -0.928933520301 -0.938136207861 
218.552339038 147.890300548 2.01669955254 122.644182934 20.6309242249 8388864 0.245876824818 0.0 0.245876824818 -1.08784862022 1.69813499601 -1.69813499601 -1.08784862022 
157.379298551 84.1217350592 1.31005382538 152.509458627 20.5850906372 8388608 0.582668742448 0.0 0.582668742448 -1.16213178131 0.604723695791 -0.604723695791 -1.16213178131 
159.525298045 164.18658491 1.34585905075 133.513502931 20.4616394043 8388608 0.552078508525 0.0 0.552078508525 -0.926658283909 0.976033303402 -0.976033303402 -0.926658283909 
223.643138668 118.400921706 1.57429599762 132.565350214 20.41355896 8388608 0.403484835887 0.0 0.403484835887 -1.06490212654 1.1594789127 -1.1594789127 -1.06490212654 
130.219415762 83.1745742516 3.33410811424 138.376363715 20.2467689514 11337729 0.0899581764133 0.0 0.0899581764133 -2.49232628987 2.21463012313 -2.21463012313 -2.49232628987 
48.6101284849 174.507067223 2.44326210022 134.819941715 20.2117500305 22282496 0.167517384429 0.0 0.167517384429 -1.72220935587 1.73306798047 -1.73306798047 -1.72220935587 
80.8707837832 74.7249925752 1.7275236845 130.293343059 20.1654815674 13893632 0.335082679315 0.0 0.335082679315 -1.1171915778 1.31765741337 -1.31765741337 -1.1171915778 
128.321635093 94.6259525509 2.65987730026 134.228628447 19.6089706421 11665920 0.14134380997 0.0 0.14134380997 -1.85532620013 1.90596745607 -1.90596745607 -1.85532620013 
197.010493052 38.7625925055 1.23752212524 139.136995409 19.2720336914 8388608 0.652971243253 0.0 0.652971243253 -0.935908372236 0.809652103837 -0.809652103837 -0.935908372236 
211.937429793 112.203527726 1.13391375542 135.045216666 19.2240982056 8388608 0.777749879625 0.0 0.777749879625 -0.80243061877 0.801165093338 -0.801165093338 -0.80243061877 
74.9304518594 89.7909051985 1.58254575729 146.277253398 18.9845809937 8388608 0.39928909389 0.0 0.39928909389 -1.3162567673 0.87858932185 -0.87858932185 -1.3162567673 
127.921851655 86.9361345946 2.08410811424 131.412112091 18.4858856201 10748160 0.230228726409 0.0 0.230228726409 -1.37857587158 1.56302117649 -1.56302117649 -1.37857587158 
96.2841446642 119.229266612 1.34050488472 142.61769032 18.3706302643 8388608 0.556497475157 0.0 0.556497475157 -1.06516801334 0.813861443567 -0.813861443567 -1.06516801334 
112.975205732 125.51489938 1.41768038273 133.349340097 17.9809875488 8388608 0.497557572577 0.0 0.497557572577 -0.973159352294 1.03091151057 -1.03091151057 -0.973159352294 
177.894862636 172.523793592 1.56556582451 142.566784817 17.7571811676 8388608 0.407997343466 0.0 0.407997343466 -1.24315692874 0.951607693014 -0.951607693014 -1.24315692874 
120.416484551 74.2345226117 1.83626723289 140.328416801 17.7195243835 18350080 0.296570692235 0.0 0.296570692235 -1.41340476155 1.17224755518 -1.17224755518 -1.41340476155 
45.7844751737 38.9443884945 1.29530453682 131.816557754 17.3889122009 8388608 0.596013678221 0.0 0.596013678221 -0.863641548094 0.965368903328 -0.965368903328 -0.863641548094 
37.9543942341 80.8813414021 1.31231057644 127.803464048 17.2332134247 8388608 0.580666460837 0.0 0.580666460837 -0.804387099125 1.03688014919 -1.03688014919 -0.804387099125 
118.73566316 103.96615767 1.91270971298 146.996664297 17.1903419495 21299200 0.273339171327 0.0 0.273339171327 -1.60407268974 1.0418297616 -1.0418297616 -1.60407268974 
185.550514302 148.798374866 1.95803117752 149.64886223 16.9628753662 22937600 0.260831953784 0.0 0.260831953784 -1.68967302759 0.989389282333 -0.989389282333 -1.68967302759 
216.852167229 23.4661777166 1.2973293066 136.766449492 16.7252311707 8388608 0.59415470726 0.0 0.59415470726 -0.945192169875 0.88863664778 -0.88863664778 -0.945192169875 
119.538275196 133.346423594 1.48976922035 153.02855364 16.6111812592 8388608 0.450569723581 0.0 0.450569723581 -1.327730988 0.675679475356 -0.675679475356 -1.327730988 
55.3116431189 116.711049522 1.46296525002 149.748286406 16.5476455688 8388608 0.467231354406 0.0 0.467231354406 -1.26373928308 0.737041618337 -0.737041618337 -1.26373928308 
90.3900908786 76.0130269462 1.5977127552 134.735382419 16.3083496094 8388608 0.391744218107 0.0 0.391744218107 -1.12452378535 1.13495916416 -1.13495916416 -1.12452378535 
59.585810046 117.252843009 1.309491992 149.03020622 16.0685024261 8388608 0.583168834054 0.0 0.583168834054 -1.12280912255 0.673846385624 -0.673846385624 -1.12280912255 
183.455052822 137.766810346 1.94331943989 136.845822671 16.0547008514 22413312 0.264796115453 0.0 0.264796115453 -1.41768236259 1.329160323 -1.329160323 -1.41768236259 
163.58109025 65.4857852037 1.27357196808 140.002487389 15.6980705261 8388608 0.61652830085 0.0 0.61652830085 -0.975648267694 0.818593925961 -0.818593925961 -0.975648267694 
134.140676014 106.840721501 1.6261177063 135.649410546 15.555311203 9502720 0.378177809974 0.0 0.378177809974 -1.16279739901 1.13673259986 -1.13673259986 -1.16279739901 
129.16479251 181.97872583 1.48356938362 133.473975831 15.1376142502 8388608 0.454343454268 0.0 0.454343454268 -1.02073287601 1.07660694399 -1.07660694399 -1.02073287601 
153.323890475 126.507277616 1.43525493145 137.529190821 15.0809516907 8388608 0.485447092718 0.0 0.485447092718 -1.05867480653 0.969104933575 -0.969104933575 -1.05867480653 
77.6284898912 126.776741543 2.43201732635 144.404234956 15.0365982056 21954816 0.169070045958 0.0 0.169070045958 -1.97757977592 1.41558698269 -1.41558698269 -1.97757977592 
34.8867278704 100.521502832 1.73514819145 149.754567538 14.6580486298 14221312 0.332144340042 0.0 0.332144340042 -1.4989522936 0.874003013612 -0.874003013612 -1.4989522936 
186.135373854 136.179410945 3.06999874115 137.684024297 14.3506546021 22086144 0.10610200852 0.0 0.10610200852 -2.27009034117 2.06678061574 -2.06678061574 -2.27009034117 
88.2357230491 89.2612191971 1.89785552025 139.734797276 14.2330741882 20709376 0.277634674398 0.0 0.277634674398 -1.44817953481 1.22663426118 -1.22663426118 -1.44817953481 
159.861982666 72.1367822835 1.32193005085 148.287121568 14.0217132568 8388608 0.572246373842 0.0 0.572246373842 -1.1245566105 0.69488955174 -0.69488955174 -1.1245566105 
95.5490032051 75.0019391476 1.76907551289 131.514339557 13.6700725555 15597568 0.319526776213 0.0 0.319526776213 -1.17255646576 1.32466580876 -1.32466580876 -1.17255646576 
191.904679664 139.244375586 1.27595889568 131.677107328 13.616153717 8388608 0.61422378781 0.0 0.61422378781 -0.848425875432 0.953018697283 -0.953018697283 -0.848425875432 
142.707929583 64.4664181967 1.32182335854 130.147930047 13.5658540726 8388608 0.572338756464 0.0 0.572338756464 -0.852263176745 1.01037837899 -1.01037837899 -0.852263176745 
88.9373360484 69.4296067041 1.26598465443 129.8620463 13.2473869324 8388608 0.623940414544 0.0 0.623940414544 -0.811421859825 0.97175702243 -0.97175702243 -0.811421859825 
181.410178702 80.3599618039 2.03948545456 131.653147088 12.6494750977 9175296 0.240413458102 0.0 0.240413458102 -1.35548196256 1.5238666505 -1.5238666505 -1.35548196256 
194.25947328 147.587677958 1.25076305866 140.69286369 12.4813518524 8388608 0.639219342827 0.0 0.639219342827 -0.967792068777 0.792329944233 -0.792329944233 -0.967792068777 
148.79277221 68.5108395315 1.3384667635 137.2860058 12.3825588226 8388608 0.55819355442 0.0 0.55819355442 -0.983437030631 0.907934404993 -0.907934404993 -0.983437030631 
121.477221633 176.55527109 1.59115719795 125.438516418 12.096903801 8388608 0.394978834943 0.0 0.394978834943 -0.922599089382 1.29637654594 -1.29637654594 -0.922599089382 
195.680448693 126.53489859 1.85216140747 133.832003137 11.5873756409 18939904 0.291502536707 0.0 0.291502536707 -1.28270736742 1.33610017922 -1.33610017922 -1.28270736742 
155.960585184 137.777013031 1.80498337746 142.555514957 10.2554607391 17104896 0.306940069086 0.0 0.306940069086 -1.43305357142 1.09741626302 -1.09741626302 -1.43305357142 
163.767356688 182.311449509 1.46608042717 131.492992209 9.29953575134 8388608 0.465247886026 0.0 0.465247886026 -0.971319977182 1.09814813248 -1.09814813248 -0.971319977182 
206.866957259 125.412909751 1.93323290348 132.033921621 8.58294296265 22020096 0.267566442016 0.0 0.267566442016 -1.29443565119 1.43590591754 -1.43590591754 -1.29443565119 
65.1173991722 155.707910285 1.42113518715 135.395931211 7.81478977203 8388608 0.495141370796 0.0 0.495141370796 -1.01181440418 0.99792626564 -0.99792626564 -1.01181440418 
48.0539407602 152.453845653 2.37723565102 137.916763803 7.79299116135 20250880 0.176952022421 0.0 0.176952022421 -1.76431765443 1.59324591784 -1.59324591784 -1.76431765443 
114.93150427 167.731223847 2.0137989521 132.015816248 7.79259967804 24969216 0.246585638427 0.0 0.246585638427 -1.34790757702 1.49617224386 -1.49617224386 -1.34790757702 
45.8180723148 157.144479373 1.53597056866 136.167851363 7.76217079163 8388608 0.42387149521 0.0 0.42387149521 -1.10800578209 1.06373341333 -1.06373341333 -1.10800578209 
171.965524171 177.053423996 1.24172770977 130.806932215 7.53265953064 8388608 0.648555661103 0.0 0.648555661103 -0.811484192535 0.939883562191 -0.939883562191 -0.811484192535 
60.7041316751 156.334875009 1.43065035343 136.705864124 7.24750328064 8388608 0.488576964602 0.0 0.488576964602 -1.04128876818 0.981059700038 -0.981059700038 -1.04128876818 
179.529717211 47.3820454297 1.78193998337 141.559504451 7.1533164978 16121856 0.314929870515 0.0 0.314929870515 -1.39571205876 1.10783480418 -1.10783480418 -1.39571205876 
73.6667138093 155.081469948 1.80372059345 141.563253539 6.7695775032 17039360 0.307369996748 0.0 0.307369996748 -1.41284518711 1.12128339706 -1.12128339706 -1.41284518711 
207.916773663 117.387623672 1.28668951988 140.881949665 6.74077796936 8388608 0.604021604628 0.0 0.604021604628 -0.998275081271 0.811798486503 -0.811798486503 -0.998275081271 
203.131947662 116.263348208 1.26403045654 143.60570349 6.56781387329 8388608 0.625871136317 0.0 0.625871136317 -1.01748493751 0.749998264664 -0.749998264664 -1.01748493751 
73.7977433408 147.137754458 1.87059414387 147.134599575 6.47406291962 19660800 0.285785940327 0.0 0.285785940327 -1.5712012894 1.01511031877 -1.01511031877 -1.5712012894 
213.513881464 127.356260381 1.25246059895 131.2258249 6.27645301819 8388608 0.637487767028 0.0 0.637487767028 -0.825407265923 0.941998087723 -0.941998087723 -0.825407265923 
219.63308699 125.084602884 1.39957952499 130.922447442 6.23886871338 8388608 0.510510688418 0.0 0.510510688418 -0.916776223651 1.05751794431 -1.05751794431 -0.916776223651 
220.629785725 64.4976301906 1.24109423161 147.112533593 6.11929702759 8388608 0.649217900426 0.0 0.649217900426 -1.04219481343 0.673902710024 -0.673902710024 -1.04219481343 
173.657174428 56.7397413787 1.63681483269 131.106188491 6.07320213318 10027008 0.373250927978 0.0 0.373250927978 -1.07613477038 1.23332751225 -1.23332751225 -1.07613477038 
42.0885333947 144.618937326 1.36259949207 138.188007896 5.9872841835 8388608 0.538596534344 0.0 0.538596534344 -1.01559510496 0.908429391084 -0.908429391084 -1.01559510496 
56.1143936824 149.167401801 1.30941724777 133.083633635 4.82161474228 8388608 0.583235412903 0.0 0.583235412903 -0.894417324348 0.956342605277 -0.956342605277 -0.894417324348 
218.48602021 132.960318532 1.62547397614 132.589782372 4.63565063477 9502720 0.378477405874 0.0 0.378477405874 -1.10003088177 1.19670284793 -1.19670284793 -1.10003088177 
49.2405820137 150.054919231 1.46881508827 130.984564643 4.36598968506 8388608 0.4635170883 0.0 0.4635170883 -0.963330730384 1.10878837811 -1.10878837811 -0.963330730384 
56.5954895391 138.168355141 1.67181169987 138.993340822 3.78059959412 11534336 0.357787595525 0.0 0.357787595525 -1.26160482174 1.09695379737 -1.09695379737 -1.26160482174 
68.3047212805 134.428357549 2.19792819023 140.122670058 3.17619514465 14614784 0.207001265981 0.0 0.207001265981 -1.68673161711 1.40919295388 -1.40919295388 -1.68673161711 
65.208942601 142.818458243 1.90526485443 143.149745447 3.06563949585 20971520 0.275479500853 0.0 0.275479500853 -1.52460371073 1.1426362898 -1.1426362898 -1.52460371073 
60.5510960704 141.203030142 3.28210401535 142.085595604 2.71038913727 10158081 0.0928314895523 0.0 0.0928314895523 -2.58934909352 2.01679895861 -2.01679895861 -2.58934909352 
96.3382510269 164.329867413 1.27212154865 138.190663494 2.65292549133 8388608 0.61793498153 0.0 0.61793498153 -0.948197901274 0.848064841015 -0.848064841015 -0.948197901274 
103.513971197 175.549754222 1.5135819912 133.006194422 2.35594558716 8388608 0.436503867932 0.0 0.436503867932 -1.03238010703 1.10685218466 -1.10685218466 -1.03238010703 
87.3307805291 171.57845946 1.51593577862 132.519255899 2.31483316422 8388608 0.435149404663 0.0 0.435149404663 -1.02452693314 1.11732083493 -1.11732083493 -1.02452693314 
90.3385170808 179.125622971 1.35780358315 133.399179756 2.145570755 8388608 0.542408016039 0.0 0.542408016039 -0.932915760654 0.986559047358 -0.986559047358 -0.932915760654 
110.472273211 173.536243458 1.34734666348 135.923061056 1.93837785721 8388608 0.550860075812 0.0 0.550860075812 -0.967942383154 0.93724627205 -0.93724627205 -0.967942383154 
80.9155760044 179.66796027 1.52730083466 133.515344775 1.32426452637 8388608 0.428697372595 0.0 0.428697372595 -1.05162118517 1.10758328013 -1.10758328013 -1.05162118517 
