13
136
178.486143023 125.851784033 1.30076503754 91.000213623 130.796554565 8388608 0.591020152262 0.0 0.591020152262 -0.0227063291813 1.30056684007 -1.30056684007 -0.0227063291813 
203.615234164 135.734334615 1.68793869019 36.7355651855 124.416343689 12255232 0.350983470553 0.0 0.350983470553 1.35272170625 1.00959447664 -1.00959447664 1.35272170625 
37.1362282376 109.468324855 1.73016560078 83.7934570312 122.46471405 14024704 0.334060136156 0.0 0.334060136156 0.187053191878 1.72002445027 -1.72002445027 0.187053191878 
51.0021554555 104.918973834 4.01915693283 72.525604248 119.016967773 24838145 0.0619056191916 0.0 0.0619056191916 1.20687073146 3.83367780183 -3.83367780183 1.20687073146 
22.1945231354 98.9803208692 1.34243607521 145.279754639 114.726928711 8388608 0.554897503831 0.0 0.554897503831 -1.10340571455 0.764611303295 -0.764611303295 -1.10340571455 
199.669121896 97.447831465 2.71768426895 21.8297119141 112.641418457 13238784 0.135394804335 0.0 0.135394804335 2.52280761344 1.01056891467 -1.01056891467 2.52280761344 
13.5646959286 81.2530859358 1.19582521915 38.8015441895 111.892776489 8388608 0.699301699466 0.0 0.699301699466 0.931931797611 0.749333756991 -0.749333756991 0.931931797611 
54.7290540553 105.365032577 2.08295035362 71.8421020508 107.09186554 10748160 0.230484732348 0.0 0.230484732348 0.649123933501 1.97922214383 -1.97922214383 0.649123933501 
218.408986784 132.243302934 1.30549561977 113.568145752 106.830589294 8388608 0.586744681938 0.0 0.586744681938 -0.521988726704 1.19659792012 -1.19659792012 -0.521988726704 
167.688306049 123.89513888 2.324914217 100.25088501 98.8120803833 18678016 0.18500613637 0.0 0.18500613637 -0.413738816927 2.28780381758 -2.28780381758 -0.413738816927 
188.755891891 101.883082319 1.8768119812 102.871856689 97.6134796143 19922944 0.283895471836 0.0 0.283895471836 -0.418099831399 1.82964907667 -1.82964907667 -0.418099831399 
44.2767430345 108.312747521 1.55954098701 75.0335998535 96.5861816406 8388608 0.411155793071 0.0 0.411155793071 0.402755443918 1.50663736266 -1.50663736266 0.402755443918 
14.8849731785 71.7593904253 1.69169974327 10.3400268555 91.8913803101 12386304 0.349424565011 0.0 0.349424565011 1.66422634752 0.30364236463 -0.30364236463 1.66422634752 
21.0784831082 89.7458727839 2.37778520584 98.9877624512 87.4004211426 20316416 0.176870237405 0.0 0.176870237405 -0.371465940293 2.34859011756 -2.34859011756 -0.371465940293 
225.882879959 119.337922134 1.31952571869 131.202774048 87.3368148804 8388608 0.574333675121 0.0 0.574333675121 -0.869205751401 0.992788740877 -0.992788740877 -0.869205751401 
252.628302724 63.9368093311 3.62266159058 113.416732788 86.7171478271 17301505 0.0761981569657 0.0 0.0761981569657 -1.43970330488 3.32429411962 -3.32429411962 -1.43970330488 
18.2754220305 91.6457948642 1.35387039185 99.3107299805 84.8560638428 8388608 0.545564142967 0.0 0.545564142967 -0.219040836139 1.33603373835 -1.33603373835 -0.219040836139 
201.959926487 95.145142124 1.41922914982 334.445068359 82.3762664795 8388608 0.49647222237 0.0 0.49647222237 1.28038897405 -0.612221736648 0.612221736648 1.28038897405 
212.44225976 137.188676137 1.65958428383 312.300079346 77.6254730225 11010048 0.363079202739 0.0 0.363079202739 1.11692269011 -1.2274785943 1.2274785943 1.11692269011 
216.497326945 45.1809217274 1.30476653576 48.8056030273 76.6583938599 8388608 0.587400593439 0.0 0.587400593439 0.859339956693 0.981809834778 -0.981809834778 0.859339956693 
22.6669625905 64.0427720246 1.50660324097 78.8173217773 75.0581512451 8388608 0.44055710062 0.0 0.44055710062 0.292187284847 1.47799861849 -1.47799861849 0.292187284847 
181.968266376 103.385194705 1.76909184456 21.7579650879 74.8708572388 15597568 0.319520876709 0.0 0.319520876709 1.64305825664 0.655778560019 -0.655778560019 1.64305825664 
191.988593515 136.862042091 1.38376450539 129.619354248 72.9250946045 8388608 0.522246607081 0.0 0.522246607081 -0.882404801969 1.06591086486 -1.06591086486 -0.882404801969 
203.602097123 109.479923843 1.68073225021 115.131454468 72.8202972412 11927552 0.353999731843 0.0 0.353999731843 -0.713801106797 1.5216270492 -1.5216270492 -0.713801106797 
41.3378478517 83.3084954365 1.29931676388 120.358657837 72.6547393799 8388608 0.592338438897 0.0 0.592338438897 -0.656689348476 1.1211526 -1.1211526 -0.656689348476 
27.9001909224 77.6463521075 3.11598730087 345.534423828 71.7200012207 23134720 0.102993221347 0.0 0.102993221347 3.01720394811 -0.778368289905 0.778368289905 3.01720394811 
24.5606526732 73.876589907 1.97682881355 355.920684814 70.9064025879 23658496 0.255895044015 0.0 0.255895044015 1.97182057667 -0.14062635428 0.14062635428 1.97182057667 
41.7655085003 91.375931864 1.22303235531 294.679534912 70.8381195068 8388608 0.66853493562 0.0 0.66853493562 0.510668040205 -1.11131736909 1.11131736909 0.510668040205 
58.8510129865 36.4020115024 4.85204124451 254.630493164 69.7101974487 21758209 0.0424767257221 0.0 0.0424767257221 -1.28599948234 -4.67851574432 4.67851574432 -1.28599948234 
214.379722344 102.163110963 1.71913027763 31.3087158203 68.7146606445 13565952 0.338362653004 0.0 0.338362653004 1.46879016752 0.893344477387 -0.893344477387 1.46879016752 
260.948707097 47.604095218 1.33706152439 276.646820068 67.5813369751 8388608 0.559367483357 0.0 0.559367483357 0.154763348317 -1.3280744806 1.3280744806 0.154763348317 
34.9295764653 80.6777773059 1.69756317139 106.938247681 65.9934158325 12648448 0.347014890362 0.0 0.347014890362 -0.494569493435 1.62392171517 -1.62392171517 -0.494569493435 
57.0520515873 27.6824455121 1.2620677948 258.809509277 64.7860794067 8388608 0.627819254274 0.0 0.627819254274 -0.244931442017 -1.23807257759 1.23807257759 -0.244931442017 
25.7605506694 78.7805326898 1.70114040375 1.93017578125 63.995010376 12779520 0.345556988701 0.0 0.345556988701 1.70017520322 0.0572970471822 -0.0572970471822 1.70017520322 
38.800141294 92.6539206505 2.19791650772 142.942077637 63.9283256531 14614784 0.20700346652 0.0 0.20700346652 -1.75399606986 1.32451302818 -1.32451302818 -1.75399606986 
49.8066384947 31.1057205954 1.64217817783 250.478881836 62.295627594 10223616 0.370816838272 0.0 0.370816838272 -0.548740861328 -1.5477831356 1.5477831356 -0.548740861328 
214.835112691 106.649271936 2.90803337097 336.981781006 55.2417526245 18153984 0.118250021433 0.0 0.118250021433 2.67649738734 -1.13711029468 1.13711029468 2.67649738734 
272.837624801 55.5695399337 3.13474369049 291.655761719 55.1742362976 23593472 0.101764411671 0.0 0.101764411671 1.15681214587 -2.91348651348 2.91348651348 1.15681214587 
231.906918977 106.003582704 2.79857802391 334.744842529 52.7774887085 15401472 0.12768067238 0.0 0.12768067238 2.53108082497 -1.19401374086 1.19401374086 2.53108082497 
197.103688361 113.705887564 1.76796674728 8.72146606445 52.5028076172 15597568 0.319927678991 0.0 0.319927678991 1.74752400774 0.268078835153 -0.268078835153 1.74752400774 
204.489608695 90.9500033287 5.6093211174 97.2933349609 52.2877502441 15532545 0.0317818661551 0.0 0.0317818661551 -0.712098961673 5.56393731695 -5.56393731695 -0.712098961673 
109.784659825 52.5337119503 2.21944189072 101.886932373 51.2555160522 15335680 0.203007667971 0.0 0.203007667971 -0.457162878829 2.17184815503 -2.17184815503 -0.457162878829 
234.888377971 117.98607463 3.88266396523 180.624069214 48.8132820129 22347777 0.0663346420295 0.0 0.0663346420295 -3.88243365365 -0.0422893825474 0.0422893825474 -3.88243365365 
313.295638611 74.8651305032 1.31774270535 318.645050049 48.2091598511 8388608 0.575888967228 0.0 0.575888967228 0.989138272309 -0.870661424289 0.870661424289 0.989138272309 
268.791073901 65.8100787224 7.59894132614 277.33807373 47.8967399597 20774914 0.0173178437778 0.0 0.0173178437778 0.970564949477 -7.53670438302 7.53670438302 0.970564949477 
97.816867831 43.1468821909 1.32396304607 93.0018005371 47.6896820068 8388608 0.570490311321 0.0 0.570490311321 -0.0693324209299 1.32214642259 -1.32214642259 -0.0693324209299 
48.4251541934 86.4139031533 1.83553242683 340.669616699 45.6117362976 18284544 0.29680818797 0.0 0.29680818797 1.7320552974 -0.607588459988 0.607588459988 1.7320552974 
16.3865380853 44.9708159731 1.29543423653 242.611618042 45.0151939392 8388608 0.595894337652 0.0 0.595894337652 -0.595925333964 -1.15022730689 1.15022730689 -0.595925333964 
190.818497506 41.1952004838 1.85816991329 239.717407227 43.5897521973 19202048 0.289620402147 0.0 0.289620402147 -0.937010589047 -1.60462038585 1.60462038585 -0.937010589047 
147.419772699 68.5323799493 1.76080048084 99.7568054199 43.2550201416 15269888 0.322537119991 0.0 0.322537119991 -0.298396807433 1.73533215225 -1.73533215225 -0.298396807433 
42.0051518451 69.4792253084 2.99146676064 146.199890137 42.3597640991 20185600 0.111745910076 0.0 0.111745910076 -2.48585922749 1.66414460943 -1.66414460943 -2.48585922749 
230.724691248 58.5628828379 3.58614683151 274.266998291 42.1931686401 16580609 0.0777577822084 0.0 0.0777577822084 0.266824914215 -3.57620658832 3.57620658832 0.266824914215 
281.466463467 98.1468593247 4.83349609375 326.963439941 40.8132133484 21496065 0.0428033003014 0.0 0.0428033003014 4.0520303013 -2.63509675831 2.63509675831 4.0520303013 
262.993307843 95.3266038021 1.29443609715 102.333343506 40.4214630127 8388608 0.596813679946 0.0 0.596813679946 -0.276490185642 1.26456236969 -1.26456236969 -0.276490185642 
50.9329488104 92.5449757776 2.63109922409 339.730712891 39.4964027405 10879488 0.144452661151 0.0 0.144452661151 2.46816780373 -0.911499215386 0.911499215386 2.46816780373 
295.316675897 65.2728043093 1.23173689842 303.449401855 39.1695327759 8388608 0.659119403705 0.0 0.659119403705 0.678933824424 -1.02772790611 1.02772790611 0.678933824424 
140.969668623 67.2189578208 1.73423087597 102.444580078 39.0897865295 14155776 0.332495806193 0.0 0.332495806193 -0.373718395914 1.69348495468 -1.69348495468 -0.373718395914 
267.499800314 81.2686931811 2.09198021889 267.118011475 36.4586372375 11010304 0.228499288802 0.0 0.228499288802 -0.105182632902 -2.08933430785 2.08933430785 -0.105182632902 
288.235573199 61.9626805662 1.5574426651 307.067169189 33.9653930664 8388608 0.412264428923 0.0 0.412264428923 0.938749919143 -1.24272935283 1.24272935283 0.938749919143 
177.849494036 83.9603311977 1.70794188976 21.9397277832 33.6666412354 13107200 0.342810266142 0.0 0.342810266142 1.58424831177 0.638140098623 -0.638140098623 1.58424831177 
301.347623101 82.8542519541 1.69548165798 62.7452087402 31.6068687439 12517376 0.347867461701 0.0 0.347867461701 0.776442868397 1.50724733361 -1.50724733361 0.776442868397 
268.12416907 96.3162716482 1.28802132607 102.725219727 31.3819274902 8388608 0.602773141115 0.0 0.602773141115 -0.283719646472 1.25638453453 -1.25638453453 -0.283719646472 
302.924673544 84.6929813359 3.01121807098 238.539886475 31.2784919739 20644352 0.11028478069 0.0 0.11028478069 -1.57156938323 -2.56858014177 2.56858014177 -1.57156938323 
174.421039238 86.4965509086 3.00785207748 32.7315063477 30.8495788574 20578816 0.110531751322 0.0 0.110531751322 2.53024602099 1.62635457183 -1.62635457183 2.53024602099 
205.607522863 38.8368238336 1.35082828999 295.025817871 30.366481781 8388608 0.548024160288 0.0 0.548024160288 0.57143630859 -1.22400882932 1.22400882932 0.57143630859 
204.395164694 38.6920360661 1.4415589571 295.450256348 30.2012348175 8388608 0.481210596482 0.0 0.481210596482 0.619477265345 -1.30166821599 1.30166821599 0.619477265345 
303.544790538 72.9679348967 2.52621769905 289.821655273 30.082359314 24707328 0.156696195772 0.0 0.156696195772 0.856624020044 -2.37654605495 2.37654605495 0.856624020044 
199.646350868 39.2627626756 1.62170481682 259.995849609 29.9371261597 9306112 0.380238761463 0.0 0.380238761463 -0.28172177376 -1.59704707353 1.59704707353 -0.28172177376 
52.0089142245 75.5304756214 5.66507530212 185.477294922 29.9269447327 16253441 0.0311593669648 0.0 0.0311593669648 -5.63920914504 -0.540738751323 0.540738751323 -5.63920914504 
297.824767828 120.577309367 2.89665699005 100.07510376 29.1652431488 17891840 0.119180679765 0.0 0.119180679765 -0.506738050913 2.85198847574 -2.85198847574 -0.506738050913 
295.711168756 120.666632028 2.09948515892 98.861328125 28.6537818909 11272448 0.226868595286 0.0 0.226868595286 -0.323412096813 2.07442583578 -2.07442583578 -0.323412096813 
99.8017638795 51.7006582199 2.0701854229 112.588790894 27.5597038269 10289408 0.233335870501 0.0 0.233335870501 -0.795188657473 1.91137193769 -1.91137193769 -0.795188657473 
170.409919698 82.0633681194 1.4932962656 280.695800781 26.1644191742 8388608 0.448443818518 0.0 0.448443818518 0.277147721611 -1.46735233576 1.46735233576 0.277147721611 
316.260084635 114.701120211 1.76236212254 18.3088989258 26.0884437561 15335424 0.32196576834 0.0 0.32196576834 1.67314553306 0.553628283362 -0.553628283362 1.67314553306 
275.578135542 97.8065968589 1.65353226662 90.3240661621 25.8429336548 10747904 0.365741845446 0.0 0.365741845446 -0.00935236422436 1.65350581796 -1.65350581796 -0.00935236422436 
31.4498537046 45.2750954003 1.67471170425 251.424102783 25.5806846619 11665408 0.356549546935 0.0 0.356549546935 -0.533497132807 -1.58746341742 1.58746341742 -0.533497132807 
74.8030733919 39.002790274 1.369186759 35.5848388672 25.3073654175 8388608 0.533426539022 0.0 0.533426539022 1.11349766157 0.79674044625 -0.79674044625 1.11349766157 
158.854251843 79.1836175637 1.38976144791 278.251556396 23.4749088287 8388608 0.51774925149 0.0 0.51774925149 0.199457875168 -1.37537392665 1.37537392665 0.199457875168 
298.176411215 93.3552469132 2.24451637268 225.385314941 23.2653007507 16122112 0.198497227227 0.0 0.198497227227 -1.5764035829 -1.59775013411 1.59775013411 -1.5764035829 
296.855028422 97.2032258841 1.50870454311 222.533401489 23.0749359131 8388608 0.439330751957 0.0 0.439330751957 -1.11173928121 -1.01991429495 1.01991429495 -1.11173928121 
59.629104107 47.8655714735 1.90543580055 22.3025512695 22.9492263794 20971520 0.275430073798 0.0 0.275430073798 1.76289552359 0.72310785013 -0.72310785013 1.76289552359 
137.685279158 56.7627766155 1.52680838108 96.0968322754 22.8608608246 8388608 0.428973959497 0.0 0.428973959497 -0.16216093943 1.51817247448 -1.51817247448 -0.16216093943 
144.381856616 56.7649889248 2.54098558426 96.6293640137 22.8171653748 8389120 0.154880091893 0.0 0.154880091893 -0.293347225618 2.52399586859 -2.52399586859 -0.293347225618 
190.241751742 70.2184876381 3.93041014671 295.238006592 22.024017334 23199745 0.0647327795329 0.0 0.0647327795329 1.67584594358 -3.55523055438 3.55523055438 1.67584594358 
156.410721226 57.5176241246 2.07399487495 82.9757995605 21.5428295135 10420480 0.232479488948 0.0 0.232479488948 0.253625849887 2.05842868946 -2.05842868946 0.253625849887 
219.365160045 77.1805125407 2.63714051247 290.217895508 21.4413852692 11076096 0.143791581023 0.0 0.143791581023 0.911372836101 -2.47465343758 2.47465343758 0.911372836101 
240.657634251 81.9446724649 1.86033904552 288.447753906 19.0633239746 19267584 0.288945408306 0.0 0.288945408306 0.588685278605 -1.76474105949 1.76474105949 0.588685278605 
107.143043387 39.1402445145 1.30595135689 269.378295898 18.6702003479 8388608 0.586335241465 0.0 0.586335241465 -0.0141703174229 -1.30587447661 1.30587447661 -0.0141703174229 
261.251101229 55.8846138045 1.76348018646 284.623016357 18.5932102203 15400960 0.32155763878 0.0 0.32155763878 0.445204817627 -1.70635724232 1.70635724232 0.445204817627 
116.837177971 46.9354855153 1.47613871098 278.270050049 16.9382476807 8388608 0.458929168062 0.0 0.458929168062 0.212326214458 -1.4607885106 1.4607885106 0.212326214458 
214.941015554 52.4728209411 1.42632472515 278.464324951 16.4280815125 8388608 0.491544882027 0.0 0.491544882027 0.209945834971 -1.4107887751 1.4107887751 0.209945834971 
44.9706117206 117.461991327 1.96887099743 79.3600158691 16.0259513855 23330816 0.25796778623 0.0 0.25796778623 0.363526930211 1.9350196835 -1.9350196835 0.363526930211 
49.7788593919 63.9901758708 1.74649965763 252.920455933 15.9941158295 14680064 0.327840792071 0.0 0.327840792071 -0.512945318304 -1.66947541298 1.66947541298 -0.512945318304 
211.84252944 65.0926581379 1.42433738708 290.33706665 15.6774349213 8388608 0.492917516574 0.0 0.492917516574 0.495017537339 -1.33555030979 1.33555030979 0.495017537339 
232.713395001 78.2707433282 1.40909826756 289.071136475 15.2521877289 8388608 0.503636779409 0.0 0.503636779409 0.460411341883 -1.33175798248 1.33175798248 0.460411341883 
180.634709147 36.6893121479 1.75005698204 114.022506714 15.2320699692 14811136 0.326509348849 0.0 0.326509348849 -0.712440264724 1.59847687177 -1.59847687177 -0.712440264724 
297.864918177 109.43402728 1.52848958969 213.445953369 15.1970615387 8388608 0.428030808699 0.0 0.428030808699 -1.27538101992 -0.842427254912 0.842427254912 -1.27538101992 
95.7272828836 77.1981682703 4.57216119766 269.153625488 13.8320894241 17432833 0.0478362286131 0.0 0.0478362286131 -0.0675376091773 -4.57166235507 4.57166235507 -0.0675376091773 
286.761787252 111.09264423 1.97758364677 202.42300415 13.2597618103 23658496 0.255699733726 0.0 0.255699733726 -1.82806440097 -0.754332569824 0.754332569824 -1.82806440097 
178.113867148 29.9490594721 1.54242396355 108.023773193 13.0660877228 8388608 0.42033201732 0.0 0.42033201732 -0.477243836527 1.46673446943 -1.46673446943 -0.477243836527 
38.3820885416 123.995350361 2.99265885353 84.9400939941 12.2621307373 20251136 0.111656902287 0.0 0.111656902287 0.263944350807 2.98099654366 -2.98099654366 0.263944350807 
133.371790796 36.9987303859 1.37389433384 299.545349121 11.4513931274 8388608 0.529777287194 0.0 0.529777287194 0.677484174177 -1.19524091057 1.19524091057 0.677484174177 
129.531050621 34.6558113803 1.3837287426 300.711608887 10.9498844147 8388608 0.522273602597 0.0 0.522273602597 0.706693965108 -1.18965914142 1.18965914142 0.706693965108 
194.492333815 20.2361035874 1.73842179775 288.42956543 10.1530036926 14352384 0.330894601855 0.0 0.330894601855 0.549582282541 -1.64926336939 1.64926336939 0.549582282541 
76.703952594 70.8499708581 1.82777523994 267.157745361 9.96251392365 17956864 0.299332877317 0.0 0.299332877317 -0.0906327184164 -1.82552678373 1.82552678373 -0.0906327184164 
62.8358180249 66.6615406727 1.48838424683 294.813842773 9.74429798126 8388608 0.451408643337 0.0 0.451408643337 0.624632287257 -1.35097082571 1.35097082571 0.624632287257 
162.327965837 50.3310676744 1.31033039093 300.420806885 8.97429180145 8388608 0.582422805854 0.0 0.582422805854 0.663481798799 -1.12993700535 1.12993700535 0.663481798799 
172.20730541 29.5120379707 1.45286488533 102.973602295 8.00531768799 8388608 0.47375035168 0.0 0.47375035168 -0.32617123523 1.41577847855 -1.41577847855 -0.32617123523 
304.408488935 105.793306281 1.2791352272 246.65512085 7.8718547821 8388608 0.611177110627 0.0 0.611177110627 -0.50687625224 -1.17442045043 1.17442045043 -0.50687625224 
309.294784518 103.244616127 1.3035184145 247.951187134 7.7932510376 8388608 0.588526006255 0.0 0.588526006255 -0.489336077431 -1.20818477902 1.20818477902 -0.489336077431 
60.1933196288 113.54663719 2.022772789 88.7758178711 7.70359420776 8585472 0.244402584717 0.0 0.244402584717 0.0432152930128 2.02231110227 -2.02231110227 0.0432152930128 
147.125294456 49.1885266302 1.37428176403 123.417480469 7.2934513092 8388608 0.529478625319 0.0 0.529478625319 -0.756865644022 1.14708533416 -1.14708533416 -0.756865644022 
157.291061597 90.4195881397 2.38341712952 199.145278931 6.76309776306 20447488 0.17603534974 0.0 0.17603534974 -2.25159039433 -0.781676345697 0.781676345697 -2.25159039433 
76.9936319585 122.948946788 3.45283746719 99.1644592285 5.61408233643 13828097 0.083877934766 0.0 0.083877934766 -0.549929393629 3.40876286017 -3.40876286017 -0.549929393629 
186.287750663 16.8458709131 1.52329528332 289.780792236 4.99921035767 8388608 0.430954882387 0.0 0.430954882387 0.51551736992 -1.43341213944 1.43341213944 0.51551736992 
27.7487241672 20.5898325272 1.70603823662 198.184906006 4.94466400146 12976128 0.343575730736 0.0 0.343575730736 -1.62082896273 -0.532428341081 0.532428341081 -1.62082896273 
107.510358769 118.966651921 1.4660333395 99.6136169434 4.12121200562 8388608 0.465277773192 0.0 0.465277773192 -0.244832074739 1.44544491687 -1.44544491687 -0.244832074739 
222.864134681 19.9033177185 2.19153428078 281.30670166 3.91162109375 14418176 0.20821090082 0.0 0.20821090082 0.429674055288 -2.14900039787 2.14900039787 0.429674055288 
218.634169789 22.5889895833 1.63308513165 275.604797363 3.89252471924 9830400 0.374957763745 0.0 0.374957763745 0.159497267412 -1.62527772054 1.62527772054 0.159497267412 
188.629150317 11.7361315729 1.25406444073 276.579467773 3.73806381226 8388608 0.635858224426 0.0 0.635858224426 0.143692162179 -1.24580503452 1.24580503452 0.143692162179 
300.499248917 28.0000655593 3.59801244736 286.052612305 3.68918228149 16842753 0.0772457647394 0.0 0.0772457647394 0.994922134514 -3.4577194099 3.4577194099 0.994922134514 
114.76372973 126.838827967 1.58410155773 93.2743530273 3.67437744141 8388608 0.398505168028 0.0 0.398505168028 -0.0904793493927 1.58151548603 -1.58151548603 -0.0904793493927 
153.764996181 133.529624614 1.38629198074 90.2717590332 3.61841583252 8388608 0.520344032193 0.0 0.520344032193 -0.00657528284032 1.38627638714 -1.38627638714 -0.00657528284032 
291.759911862 30.3730911496 2.88566994667 282.433563232 3.61060714722 17564160 0.120089956392 0.0 0.120089956392 0.621306134117 -2.81799037061 2.81799037061 0.621306134117 
303.535397321 48.0927296319 1.37656247616 279.690979004 3.58142852783 8388608 0.527725580374 0.0 0.527725580374 0.231722518845 -1.35691890879 1.35691890879 0.231722518845 
322.202178162 60.0528830452 1.27203989029 293.151824951 3.57270812988 8388608 0.618014320518 0.0 0.618014320518 0.500126587116 -1.16959774254 1.16959774254 0.500126587116 
63.3477809848 96.5484605343 1.81613361835 98.1238098145 3.50403022766 17498112 0.303182691864 0.0 0.303182691864 -0.256642624671 1.79790875267 -1.79790875267 -0.256642624671 
138.757377058 129.049297245 2.20907878876 100.453308105 3.48815536499 15008000 0.204916811057 0.0 0.204916811057 -0.400802407006 2.17241490638 -2.17241490638 -0.400802407006 
249.06483319 98.2656074436 2.07042598724 259.397949219 2.58571434021 10289408 0.233281650712 0.0 0.233281650712 -0.380930498371 -2.03508125736 2.03508125736 -0.380930498371 
76.759770718 87.9415359066 1.98521721363 289.644500732 1.50103569031 23986176 0.253737078688 0.0 0.253737078688 0.66739657578 -1.86967087904 1.86967087904 0.66739657578 
65.6481202613 85.6125756375 1.96341848373 359.763824463 1.12364578247 23134208 0.259402555192 0.0 0.259402555192 1.96340180332 -0.00809326805112 0.00809326805112 1.96340180332 
267.269067295 107.051905224 1.31076383591 100.370880127 0.896062850952 8388608 0.582037676981 0.0 0.582037676981 -0.235962701554 1.28935000562 -1.28935000562 -0.235962701554 
248.028370627 107.765029401 1.49604558945 70.0039367676 0.697938919067 8388608 0.446797098112 0.0 0.446797098112 0.511581132242 1.40585815459 -1.40585815459 0.511581132242 
115.254946964 95.0498693073 1.67948210239 273.383666992 0.59553527832 11862016 0.35452693806 0.0 0.35452693806 0.0991260704726 -1.67655425036 1.67655425036 0.0991260704726 
247.443687746 115.255945574 1.25719070435 352.024414062 0.439855575562 8388608 0.632699771513 0.0 0.632699771513 1.24503025231 -0.174436630094 0.174436630094 1.24503025231 
122.852886602 99.4136155908 1.21600711346 295.795898438 0.361061096191 8388608 0.676281907583 0.0 0.676281907583 0.529165739805 -1.09483191395 1.09483191395 0.529165739805 
