13
219
77.0415588761 100.402339027 5.96496677399 86.9833068848 144.710510254 19988993 0.0281050228152 0.0 0.0281050228152 0.313917737094 5.95670078727 -5.95670078727 0.313917737094 
118.834604775 97.9235169713 6.73509073257 46.5620727539 114.645271301 12058626 0.0220451520455 0.0 0.0220451520455 4.63083502141 4.89048199879 -4.89048199879 4.63083502141 
32.8335665946 116.249035987 1.90541636944 20.4521484375 109.939651489 20971520 0.275435691406 0.0 0.275435691406 1.78530719922 0.665800079097 -0.665800079097 1.78530719922 
151.530847519 95.6863442888 1.89108169079 92.072845459 90.9223861694 20447232 0.279627204047 0.0 0.279627204047 -0.0684005888257 1.88984425831 -1.88984425831 -0.0684005888257 
139.312602639 96.7529659481 2.77196192741 93.475769043 78.7200546265 14680576 0.130144397745 0.0 0.130144397745 -0.168054108408 2.76686297884 -2.76686297884 -0.168054108408 
152.673884002 118.487439574 1.5835596323 43.5465698242 76.6991043091 8388608 0.398777967401 0.0 0.398777967401 1.14778720337 1.09098379677 -1.09098379677 1.14778720337 
122.319104578 112.070332529 2.60860466957 16.028503418 75.2220230103 10289664 0.146954694845 0.0 0.146954694845 2.50719373702 0.720276257528 -0.720276257528 2.50719373702 
148.03386181 125.407843001 4.11631584167 258.993560791 75.0538711548 9830657 0.0590177460226 0.0 0.0590177460226 -0.785884199717 -4.04059922945 4.04059922945 -0.785884199717 
60.3745708923 111.105058393 2.38950061798 357.418914795 74.3105621338 20644096 0.175140145291 0.0 0.175140145291 2.3870764477 -0.107606859363 0.107606859363 2.3870764477 
114.341393968 101.2323804 2.60801529884 64.8395690918 73.4007568359 10289664 0.147021121282 0.0 0.147021121282 1.10880893604 2.36056911408 -2.36056911408 1.10880893604 
157.273258343 79.9242561479 4.40339231491 91.4610595703 72.6291656494 14745857 0.051573337814 0.0 0.051573337814 -0.112275656271 4.40196070587 -4.40196070587 -0.112275656271 
117.512159459 100.7336866 1.47388017178 60.5309143066 70.5756072998 8388608 0.460336750167 0.0 0.460336750167 0.725081072743 1.28319141156 -1.28319141156 0.725081072743 
118.873411269 125.187190101 3.03146529198 301.665100098 70.4223175049 21168640 0.10881651164 0.0 0.10881651164 1.59137773641 -2.58017416399 2.58017416399 1.59137773641 
62.4093960825 124.311087768 3.32592439651 281.675109863 69.7523193359 11141121 0.0904014204363 0.0 0.0904014204363 0.673040337954 -3.25711372151 3.25711372151 0.673040337954 
34.3487762694 67.7476515935 3.90790200233 76.973236084 69.5365371704 22806529 0.0654806031445 0.0 0.0654806031445 0.880865246625 3.80733167417 -3.80733167417 0.880865246625 
75.4075288097 125.089702966 3.57752919197 272.557739258 68.2414016724 16449537 0.0781328430761 0.0 0.0781328430761 0.159651340246 -3.57396510461 3.57396510461 0.159651340246 
196.663364459 77.8557215511 1.46990513802 50.8141479492 67.5779953003 8388608 0.462829874783 0.0 0.462829874783 0.928741816284 1.13932425299 -1.13932425299 0.928741816284 
143.53150709 97.7245415487 1.80676686764 91.9721069336 67.043586731 17170432 0.306334396685 0.0 0.306334396685 -0.0621762019077 1.80569671703 -1.80569671703 -0.0621762019077 
229.643642919 21.9797732549 1.71797275543 73.9644775391 65.0791397095 13500416 0.338818765277 0.0 0.338818765277 0.474561231284 1.65112750149 -1.65112750149 0.474561231284 
27.9650186884 68.3026450061 1.89664852619 83.7282104492 64.8150558472 20643840 0.277988150569 0.0 0.277988150569 0.207199189964 1.88529682745 -1.88529682745 0.207199189964 
34.0095025009 11.2196024109 1.43388199806 52.1650390625 64.7365341187 8388608 0.486377163116 0.0 0.486377163116 0.879527558257 1.1324525856 -1.1324525856 0.879527558257 
140.964542701 129.162369731 2.62909579277 95.2507324219 64.5501327515 10879488 0.144672897516 0.0 0.144672897516 -0.240599987838 2.61806347009 -2.61806347009 -0.240599987838 
55.9214090008 89.8030554369 1.58997547626 172.09552002 64.4659042358 8388608 0.395566175459 0.0 0.395566175459 -1.57486866352 0.21865659784 -0.21865659784 -1.57486866352 
142.422859189 81.5815303609 3.50827121735 82.2289428711 64.2582931519 15007745 0.0812481870747 0.0 0.0812481870747 0.474371174922 3.4760522037 -3.4760522037 0.474371174922 
181.186531033 117.510763983 1.52388072014 49.6074829102 63.2566986084 8388608 0.430623821839 0.0 0.430623821839 0.987505851041 1.16062252407 -1.16062252407 0.987505851041 
83.9076796593 81.4123836477 1.98873257637 35.4006958008 62.6963996887 24117248 0.252840840014 0.0 0.252840840014 1.62105721082 1.15205502454 -1.15205502454 1.62105721082 
263.166980267 134.210785054 4.07806158066 77.4394226074 59.6277503967 9175297 0.0601301712777 0.0 0.0601301712777 0.886863009483 3.98045980485 -3.98045980485 0.886863009483 
85.9580918221 15.4436570254 1.95603203773 68.6132202148 57.4284439087 22872064 0.261365386767 0.0 0.261365386767 0.713290449855 1.82133963521 -1.82133963521 0.713290449855 
33.3262656603 88.1468741011 1.25493204594 348.293212891 55.8132820129 8388608 0.634979319137 0.0 0.634979319137 1.22882793099 -0.254629841006 0.254629841006 1.22882793099 
170.493922691 19.4801283466 1.26276028156 82.3873291016 55.6652259827 8388608 0.627130861835 0.0 0.627130861835 0.167284917426 1.25163065043 -1.25163065043 0.167284917426 
95.8400459239 15.2957388264 1.47566592693 53.4354858398 55.559387207 8388608 0.459223284964 0.0 0.459223284964 0.87909483231 1.18523508374 -1.18523508374 0.87909483231 
18.6718504216 63.46338068 1.48762750626 34.1291503906 55.5396080017 8388608 0.451868013867 0.0 0.451868013867 1.2314208456 0.834648607735 -0.834648607735 1.2314208456 
141.218417604 22.3738048988 1.71786534786 77.3368225098 54.9391212463 13500416 0.338861135114 0.0 0.338861135114 0.376589081479 1.67607935883 -1.67607935883 0.376589081479 
44.6846979696 116.209054632 2.6109380722 325.057617188 54.8046760559 10355200 0.146692144577 0.0 0.146692144577 2.14026015108 -1.49542104526 1.49542104526 2.14026015108 
156.890358457 80.1892038084 1.75103187561 82.2662658691 54.3691978455 14876672 0.326145879447 0.0 0.326145879447 0.235635702827 1.73510473602 -1.73510473602 0.235635702827 
138.513671091 83.9458255639 1.57440245152 80.0426940918 54.2764778137 8388608 0.403430274132 0.0 0.403430274132 0.272236694032 1.55068702895 -1.55068702895 0.272236694032 
79.6023232279 62.1491662955 3.54495501518 85.4713439941 54.1067695618 15728641 0.0795753473704 0.0 0.0795753473704 0.279901444182 3.53388755356 -3.53388755356 0.279901444182 
30.9892097041 108.714309005 1.43353939056 179.963821411 54.0640716553 8388608 0.48660967347 0.0 0.48660967347 -1.43353910478 0.000905187593754 -0.000905187593754 -1.43353910478 
99.8143597193 40.1508899234 1.35332846642 18.7713623047 53.8446960449 8388608 0.546001160715 0.0 0.546001160715 1.28134521946 0.435490948905 -0.435490948905 1.28134521946 
267.918559029 65.7913694421 1.54675483704 70.1460571289 52.6964950562 8388608 0.417981475135 0.0 0.417981475135 0.525314432276 1.45481795189 -1.45481795189 0.525314432276 
102.740365775 113.487208838 1.54271519184 182.329849243 52.5865097046 8388608 0.420173334729 0.0 0.420173334729 -1.54143990966 -0.0627149746979 0.0627149746979 -1.54143990966 
36.5834520495 67.3211817037 1.40600287914 59.432434082 52.2410697937 8388608 0.505856785542 0.0 0.505856785542 0.715028506388 1.21061072654 -1.21061072654 0.715028506388 
211.614830276 51.2121398145 1.92083609104 357.179473877 52.0733833313 21561344 0.271031260956 0.0 0.271031260956 1.91850913813 -0.0945197097996 0.0945197097996 1.91850913813 
220.160692895 20.3250856864 1.85093200207 86.9315490723 52.0118408203 18874368 0.291889902435 0.0 0.291889902435 0.0990784935836 1.84827831465 -1.84827831465 0.0990784935836 
17.4426691035 68.6600959802 1.63251769543 60.9020385742 51.8175048828 9830400 0.375218467311 0.0 0.375218467311 0.793900361149 1.42647686362 -1.42647686362 0.793900361149 
58.9786948257 98.741313178 1.76131701469 116.816116333 51.759475708 15335424 0.322347969587 0.0 0.322347969587 -0.794580465138 1.57190314927 -1.57190314927 -0.794580465138 
46.5972413964 122.010479709 3.19753503799 324.121124268 51.5537033081 25035264 0.0978068733567 0.0 0.0978068733567 2.59082762169 -1.87399107625 1.87399107625 2.59082762169 
82.7066918069 48.9183333852 2.28979849815 79.661315918 51.3874092102 17563904 0.190724053198 0.0 0.190724053198 0.410942027509 2.25262154215 -2.25262154215 0.410942027509 
41.9233473609 120.989064436 4.64747810364 312.390563965 50.5790328979 18612481 0.046298326727 0.0 0.046298326727 3.13324033076 -3.4324710856 3.4324710856 3.13324033076 
227.50083173 61.1070765141 2.66076850891 77.4237670898 50.1912117004 11731456 0.141249141284 0.0 0.141249141284 0.579351474528 2.59692913399 -2.59692913399 0.579351474528 
213.432825345 62.243705688 3.03340125084 57.7331542969 50.1464767456 21168640 0.108677659541 0.0 0.108677659541 1.61942114034 2.56495581225 -2.56495581225 1.61942114034 
126.841792801 88.2606894547 1.29768407345 346.683868408 50.098903656 8388608 0.593829886169 0.0 0.593829886169 1.2627946223 -0.298887430948 0.298887430948 1.2627946223 
44.1639619203 82.0553164415 1.48651409149 112.800933838 49.9472312927 8388608 0.452545175208 0.0 0.452545175208 -0.576069714774 1.37035317635 -1.37035317635 -0.576069714774 
97.2518247857 60.9916358318 2.78430914879 81.0070495605 49.3730239868 15008256 0.128992687502 0.0 0.128992687502 0.435223550633 2.75008325274 -2.75008325274 0.435223550633 
97.569347144 61.4165236777 1.77464962006 80.1743164062 48.7923927307 15859712 0.317522685572 0.0 0.317522685572 0.302846094734 1.74861817355 -1.74861817355 0.302846094734 
260.35130025 67.3911908128 1.79506492615 68.4166870117 48.51304245 16646144 0.310341373147 0.0 0.310341373147 0.660321357229 1.66920154393 -1.66920154393 0.660321357229 
47.8618048078 82.6996494036 1.68872594833 115.845626831 48.152381897 12255232 0.350656300605 0.0 0.350656300605 -0.736196564171 1.51980589138 -1.51980589138 -0.736196564171 
36.2879253068 127.761190844 2.70917224884 148.910964966 47.9171447754 13042176 0.136246941962 0.0 0.136246941962 -2.32004278629 1.39893378816 -1.39893378816 -2.32004278629 
275.369443708 114.342098305 2.97323822975 0.880310058594 47.6680755615 19726848 0.113120309161 0.0 0.113120309161 2.97288730239 0.0456799535099 -0.0456799535099 2.97288730239 
264.143463796 67.4832723831 2.50375199318 66.3142700195 47.5636024475 24051968 0.159520823862 0.0 0.159520823862 1.00580652547 2.29284261926 -2.29284261926 1.00580652547 
275.027694673 117.773376238 1.39680504799 358.226013184 47.5189590454 8388608 0.51254075964 0.0 0.51254075964 1.39613558493 -0.0432408438413 0.0432408438413 1.39613558493 
257.258914318 14.7100269477 1.45200490952 55.6672363281 47.2103385925 8388608 0.47431169206 0.0 0.47431169206 0.818928370004 1.19903068437 -1.19903068437 0.818928370004 
63.0357596502 63.5402596473 2.21131825447 75.4556274414 46.7543029785 15073536 0.204501970906 0.0 0.204501970906 0.55532770791 2.14045312011 -2.14045312011 0.55532770791 
227.118380672 58.6422758233 1.36403989792 79.4831237793 45.5163230896 8388608 0.537459635076 0.0 0.537459635076 0.248971561065 1.34112564844 -1.34112564844 0.248971561065 
27.0559913253 36.7650045296 1.45165586472 5.56884765625 45.3013839722 8388608 0.47453981215 0.0 0.47453981215 1.44480449871 0.14087125354 -0.14087125354 1.44480449871 
211.588508925 69.582009123 1.29171848297 355.03918457 44.6355934143 8388608 0.599327564332 0.0 0.599327564332 1.28687979713 -0.1117006132 0.1117006132 1.28687979713 
211.209983249 62.2075888738 1.74187779427 57.7450256348 44.5790519714 14483456 0.329582872484 0.0 0.329582872484 0.929619170346 1.47307380952 -1.47307380952 0.929619170346 
259.406873454 30.287493444 3.44731450081 68.3139343262 44.3368797302 13762561 0.0841469128972 0.0 0.0841469128972 1.27385434814 3.20332208296 -3.20332208296 1.27385434814 
223.759144656 49.809087662 1.95168173313 263.251190186 44.1081619263 22740992 0.262531853855 0.0 0.262531853855 -0.22935533093 -1.93815833193 1.93815833193 -0.22935533093 
74.3580522537 62.9137806994 7.92779636383 85.8279724121 44.0333633423 23855106 0.0159109103107 0.0 0.0159109103107 0.57675740304 7.90678860754 -7.90678860754 0.57675740304 
33.5845336889 94.7188131961 2.02364397049 309.012908936 42.245765686 8651008 0.24419219872 0.0 0.24419219872 1.27387470974 -1.57237977066 1.57237977066 1.27387470974 
152.65499477 20.2151064477 2.62505412102 90.0475769043 42.1971435547 10748416 0.145118732512 0.0 0.145118732512 -0.00217977546337 2.625053216 -2.625053216 -0.00217977546337 
217.889294323 59.1817198763 1.25937628746 78.8479309082 41.8822250366 8388608 0.630505640901 0.0 0.630505640901 0.243580581099 1.23559586189 -1.23559586189 0.243580581099 
237.775902137 116.019933982 1.50198471546 72.0216674805 41.8287582397 8388608 0.443270646931 0.0 0.443270646931 0.463598565412 1.42864777172 -1.42864777172 0.463598565412 
286.095634583 129.769398635 1.14945268631 79.9292602539 41.3542900085 8388608 0.756863916704 0.0 0.756863916704 0.200997813516 1.1317426196 -1.1317426196 0.200997813516 
237.637767639 113.234319112 3.18869233131 255.626785278 41.2313537598 24838656 0.0983500908376 0.0 0.0983500908376 -0.7915515962 -3.08888407914 3.08888407914 -0.7915515962 
43.7356206414 19.9777734831 2.13304972649 218.198928833 40.9151191711 12452096 0.219784995362 0.0 0.219784995362 -1.67629649176 -1.31906451979 1.31906451979 -1.67629649176 
143.482734702 117.801907941 1.28048694134 270.004089355 40.4943351746 8388608 0.609887443912 0.0 0.609887443912 9.13918322832e-05 -1.28048693808 1.28048693808 9.13918322832e-05 
275.70289033 103.375722977 2.60964632034 8.55850219727 40.2320289612 10289664 0.146837403149 0.0 0.146837403149 2.58058641104 0.388365410995 -0.388365410995 2.58058641104 
275.875352333 88.6400095984 3.09251737595 356.08480835 40.1519126892 22610432 0.104562438541 0.0 0.104562438541 3.08530008951 -0.211156525413 0.211156525413 3.08530008951 
276.875028369 67.4180057683 2.1481616497 8.91888427734 39.7550201416 12976384 0.216703577959 0.0 0.216703577959 2.12218784198 0.333042394604 -0.333042394604 2.12218784198 
66.8686671397 63.1666262416 1.37050795555 90.673034668 39.7410430908 8388608 0.532398567456 0.0 0.532398567456 -0.0160985357391 1.37041340236 -1.37041340236 -0.0160985357391 
58.1032866297 47.8245223549 1.37480950356 92.0736999512 39.1964225769 8388608 0.529072208043 0.0 0.529072208043 -0.0497474690991 1.37390915289 -1.37390915289 -0.0497474690991 
11.6728528119 30.3021513284 1.3356333971 71.6367797852 38.6948509216 8388608 0.560564331315 0.0 0.560564331315 0.420777760494 1.26762086119 -1.26762086119 0.420777760494 
50.8281969568 45.1441908694 4.00458431244 60.310333252 38.5619430542 24576001 0.0623569861408 0.0 0.0623569861408 1.9834786324 3.47886591151 -3.47886591151 1.9834786324 
103.872949676 61.2247069898 1.31082129478 79.8858642578 38.2458572388 8388608 0.581986651721 0.0 0.581986651721 0.230192819888 1.29045098029 -1.29045098029 0.230192819888 
28.0082380835 29.773327014 1.23405838013 351.549682617 38.2100257874 8388608 0.656641896262 0.0 0.656641896262 1.22066102375 -0.18134704478 0.18134704478 1.22066102375 
146.283304109 34.5436205045 1.70851957798 342.665283203 38.1926994324 13107200 0.342578481884 0.0 0.342578481884 1.63091936733 -0.509059098345 0.509059098345 1.63091936733 
263.113234465 51.3462764322 3.54547429085 55.9793395996 37.4904403687 15794177 0.0795520396197 0.0 0.0795520396197 1.98366383338 2.93861629737 -2.93861629737 1.98366383338 
254.330044263 29.3622540557 1.32653236389 71.9348754883 37.4705505371 8388608 0.568282522865 0.0 0.568282522865 0.411354768596 1.2611405024 -1.2611405024 0.411354768596 
158.502779889 34.0923968371 2.66652107239 269.169769287 36.5917930603 11862528 0.140640356904 0.0 0.140640356904 -0.0386372301498 -2.66624113574 2.66624113574 -0.0386372301498 
115.865775855 15.6159835763 1.27289509773 37.3653564453 36.4195137024 8388608 0.617184161146 0.0 0.617184161146 1.01167375708 0.772514167554 -0.772514167554 1.01167375708 
283.621276017 31.4395008878 1.40743744373 79.4603271484 36.3745269775 8388608 0.504826097606 0.0 0.504826097606 0.257443262309 1.38369184601 -1.38369184601 0.257443262309 
123.010274063 14.1843540181 1.55855071545 94.411895752 36.084854126 8388608 0.41167843919 0.0 0.41167843919 -0.119893126266 1.5539324216 -1.5539324216 -0.119893126266 
45.084253484 96.8476165167 2.90533900261 315.446990967 35.950428009 18088448 0.11846944977 0.0 0.11846944977 2.0703494404 -2.03829534531 2.03829534531 2.0703494404 
211.077994458 41.9673359838 4.85143947601 350.969085693 35.8148918152 21758209 0.0424872639307 0.0 0.0424872639307 4.79130002127 -0.761517626594 0.761517626594 4.79130002127 
276.616023217 75.6598660174 2.25908398628 357.842834473 35.351348877 16580864 0.195945478252 0.0 0.195945478252 2.25748305475 -0.0850336085396 0.0850336085396 2.25748305475 
51.4053985862 14.4049657919 1.28533959389 123.843292236 35.2499694824 8388608 0.605291016459 0.0 0.605291016459 -0.715835622119 1.06755666534 -1.06755666534 -0.715835622119 
11.3644622258 13.7414931271 1.33234155178 339.020050049 35.186466217 8388608 0.563337750293 0.0 0.563337750293 1.24401500302 -0.4770332094 0.4770332094 1.24401500302 
143.689319017 90.0897049226 1.44725894928 211.175674438 34.4855957031 8388608 0.477427589682 0.0 0.477427589682 -1.23825177048 -0.749193579237 0.749193579237 -1.23825177048 
176.523298256 91.6732146302 2.71274232864 203.329299927 34.4834671021 13107712 0.135888564846 0.0 0.135888564846 -2.4909593319 -1.07428699538 1.07428699538 -2.4909593319 
146.217884498 55.0382427905 5.27710342407 99.9899597168 32.3253135681 11141633 0.0359094528875 0.0 0.0359094528875 -0.915448689247 5.19709286483 -5.19709286483 -0.915448689247 
135.250584913 137.967950125 1.61205983162 296.23046875 32.1281318665 8912896 0.384802324438 0.0 0.384802324438 0.712502934814 -1.446055486 1.446055486 0.712502934814 
260.290112664 46.6753686531 2.14243578911 41.4288635254 32.0831680298 12779776 0.217863447096 0.0 0.217863447096 1.60635085612 1.41762760889 -1.41762760889 1.60635085612 
21.6577878911 20.582409671 2.00482797623 61.0193481445 32.0158615112 24641536 0.248797362422 0.0 0.248797362422 0.971367709863 1.75379017744 -1.75379017744 0.971367709863 
61.930194324 129.955584482 1.24187338352 279.897674561 31.7097949982 8388608 0.648403516776 0.0 0.648403516776 0.213464520467 -1.22338971681 1.22338971681 0.213464520467 
207.262893361 78.9546505238 2.04509115219 67.7025756836 30.6522216797 9371904 0.239097293671 0.0 0.239097293671 0.775937374231 1.89217309252 -1.89217309252 0.775937374231 
260.103709667 55.4859318739 2.343719244 61.4729919434 29.9120178223 19267840 0.182049222316 0.0 0.182049222316 1.11929694524 2.05917319405 -2.05917319405 1.11929694524 
180.927044967 125.883311132 2.18693208694 195.099502563 29.8966884613 14221568 0.209088143583 0.0 0.209088143583 -2.11142802159 -0.569687337548 0.569687337548 -2.11142802159 
174.943499782 11.8317399763 1.56353223324 30.6507873535 29.7771606445 8388608 0.409059348314 0.0 0.409059348314 1.34509188179 0.797095272805 -0.797095272805 1.34509188179 
41.7110515489 108.090861453 1.7604085207 327.881652832 29.2242774963 15269888 0.32268076366 0.0 0.32268076366 1.49098101448 -0.935956074937 0.935956074937 1.49098101448 
19.8077232674 38.7832323135 1.29557871819 24.897277832 29.1051330566 8388608 0.595761437967 0.0 0.595761437967 1.17517283647 0.545429206614 -0.545429206614 1.17517283647 
122.38318398 26.8269208398 1.41976976395 51.2353820801 28.9296188354 8388608 0.496094205026 0.0 0.496094205026 0.888949686675 1.10702964602 -1.10702964602 0.888949686675 
164.870508261 85.861760983 1.52300786972 194.549179077 27.7146682739 8388608 0.431117552564 0.0 0.431117552564 -1.47416862203 -0.382596190584 0.382596190584 -1.47416862203 
35.0364748465 131.322864524 1.58438074589 145.222106934 27.6092643738 8388608 0.398364736985 0.0 0.398364736985 -1.30136178567 0.903725539496 -0.903725539496 -1.30136178567 
195.142090283 125.945376036 3.53125715256 15.9719238281 27.291343689 15466497 0.0801938955112 0.0 0.0801938955112 3.39493879249 0.971682907491 -0.971682907491 3.39493879249 
173.955152387 80.7821747564 2.72913551331 173.38949585 27.1298236847 13566464 0.134260975531 0.0 0.134260975531 -2.71099133958 0.314176075975 -0.314176075975 -2.71099133958 
114.032429847 59.0087046276 2.66912889481 89.849822998 27.078748703 11928064 0.140365671103 0.0 0.140365671103 0.00699600074711 2.66911972625 -2.66911972625 0.00699600074711 
56.9856545451 79.1880579233 1.80710673332 263.434661865 26.8190040588 17170432 0.306219181843 0.0 0.306219181843 -0.206617671813 -1.79525593811 1.79525593811 -0.206617671813 
187.862777097 72.9130351797 2.00818586349 45.3344421387 26.6259689331 24772608 0.247966029978 0.0 0.247966029978 1.41168898185 1.42826632001 -1.42826632001 1.41168898185 
189.962363626 71.3999571608 1.36729896069 64.4547729492 26.6168823242 8388608 0.534900535447 0.0 0.534900535447 0.589611345181 1.23363888943 -1.23363888943 0.589611345181 
264.178915871 106.915479769 1.65287566185 190.746948242 26.3363189697 10682368 0.366032485019 0.0 0.366032485019 -1.62388477018 -0.308214546571 0.308214546571 -1.62388477018 
211.283962603 76.0033902055 2.98311901093 291.248382568 26.3330173492 19988992 0.112372188856 0.0 0.112372188856 1.08111731563 -2.78032091371 2.78032091371 1.08111731563 
120.546330761 89.524496623 1.51116323471 280.794311523 26.3170471191 8388608 0.437902315812 0.0 0.437902315812 0.283016377279 -1.48442448516 1.48442448516 0.283016377279 
96.8169656662 29.7426220255 1.99483430386 350.182312012 26.2452659607 24313856 0.25129644465 0.0 0.25129644465 1.96562056497 -0.340146577844 0.340146577844 1.96562056497 
194.663195529 70.2165933237 1.35916531086 98.5162353516 26.160779953 8388608 0.541321699283 0.0 0.541321699283 -0.201278319341 1.34417907304 -1.34417907304 -0.201278319341 
198.159953348 91.3111115627 3.44186520576 354.870300293 25.8176651001 13631489 0.0844135731633 0.0 0.0844135731633 3.42808002813 -0.307739200232 0.307739200232 3.42808002813 
263.462752063 79.7398781622 2.37409639359 302.085540771 25.8097076416 20185344 0.177420297609 0.0 0.177420297609 1.26108387513 -2.0114674111 2.0114674111 1.26108387513 
199.307896247 69.8822465368 1.90959918499 107.750228882 25.1075744629 21168128 0.274230375738 0.0 0.274230375738 -0.582175882165 1.81869191716 -1.81869191716 -0.582175882165 
238.768156399 84.1606520686 5.32440948486 70.9077758789 24.5821838379 11731457 0.0352741943308 0.0 0.0352741943308 1.74155924827 5.03153135211 -5.03153135211 1.74155924827 
33.7429613442 78.3106745921 2.32054591179 151.968856812 24.4550571442 18546944 0.185703320534 0.0 0.185703320534 -2.04832796316 1.09054384785 -1.09054384785 -2.04832796316 
253.497987879 80.8836693585 3.0666205883 81.6603393555 24.4507141113 22020608 0.106335898701 0.0 0.106335898701 0.444786099619 3.0341929995 -3.0341929995 0.444786099619 
214.651102569 115.888912035 1.48924851418 76.0065612793 24.3069667816 8388608 0.450884856283 0.0 0.450884856283 0.360116344379 1.4450527172 -1.4450527172 0.360116344379 
207.993368852 81.3308167406 1.24472284317 74.9200744629 24.2068939209 8388608 0.645438222334 0.0 0.645438222334 0.323834842514 1.20185937242 -1.20185937242 0.323834842514 
72.7139745202 48.5007352744 1.37239813805 35.0848693848 24.1201114655 8388608 0.530933048926 0.0 0.530933048926 1.12303550401 0.788839594627 -0.788839594627 1.12303550401 
239.162414401 25.4819266781 1.50623273849 114.657806396 23.9993610382 8388608 0.440773863363 0.0 0.440773863363 -0.628397164649 1.36888789387 -1.36888789387 -0.628397164649 
101.60896209 51.8797946905 2.0819144249 40.0006408691 23.9303474426 10682624 0.230714160758 0.0 0.230714160758 1.59482400768 1.33824663538 -1.33824663538 1.59482400768 
27.6161702922 85.6424784541 1.26210355759 198.02166748 23.90350914 8388608 0.627783675184 0.0 0.627783675184 -1.20018423666 -0.390465348187 0.390465348187 -1.20018423666 
27.4802260829 10.3283954245 1.32322406769 247.912139893 23.6430358887 8388608 0.571127690491 0.0 0.571127690491 -0.497569221381 -1.22611043681 1.22611043681 -0.497569221381 
274.794166171 15.0590907456 1.51815259457 292.845825195 23.0391693115 8388608 0.433879516705 0.0 0.433879516705 0.589426948719 -1.39905795895 1.39905795895 0.589426948719 
61.7822464758 13.8919160446 1.44574940205 318.054016113 22.9557647705 8388608 0.478425101073 0.0 0.478425101073 1.07531273 -0.96638184286 0.96638184286 1.07531273 
75.0272469509 26.1013900955 1.26527714729 98.3835449219 22.869600296 8388608 0.624638389238 0.0 0.624638389238 -0.184476026627 1.25175670762 -1.25175670762 -0.184476026627 
35.0941122369 78.725698311 1.41094636917 18.1199951172 22.8414726257 8388608 0.502318285114 0.0 0.502318285114 1.34097366383 0.438815780919 -0.438815780919 1.34097366383 
229.906195055 111.876336645 1.34015190601 71.7758178711 22.138502121 8388608 0.55679066226 0.0 0.55679066226 0.419113523702 1.27293007877 -1.27293007877 0.419113523702 
66.1315961458 51.8613778249 1.2865935564 190.445526123 22.0893173218 8388608 0.604111712612 0.0 0.604111712612 -1.26527177199 -0.233260203201 0.233260203201 -1.26527177199 
276.338390107 45.1178039744 1.91383099556 105.58770752 21.6739559174 21299200 0.273018975168 0.0 0.273018975168 -0.514271600226 1.84344075054 -1.84344075054 -0.514271600226 
264.356746792 97.6435388187 1.25337636471 192.725814819 21.5585632324 8388608 0.636556560381 0.0 0.636556560381 -1.22258766618 -0.276100905678 0.276100905678 -1.22258766618 
249.107109993 27.5229025116 1.36179947853 125.769744873 21.3332977295 8388608 0.539229536623 0.0 0.539229536623 -0.796011709436 1.10492677503 -1.10492677503 -0.796011709436 
136.963025974 102.368273349 1.3794233799 239.465179443 21.276720047 8388608 0.525538860203 0.0 0.525538860203 -0.700832477071 -1.18812570888 1.18812570888 -0.700832477071 
73.4413351202 37.3896104588 1.31964039803 173.970626831 21.1178436279 8388608 0.574233858015 0.0 0.574233858015 -1.31234038128 0.138612783521 -0.138612783521 -1.31234038128 
207.981146244 89.2834623418 1.94202804565 86.3170776367 21.0806598663 22347776 0.265148396537 0.0 0.265148396537 0.124745910649 1.93801738586 -1.93801738586 0.124745910649 
200.736222778 119.997854066 1.33306419849 48.7825012207 21.0643577576 8388608 0.562727151295 0.0 0.562727151295 0.878381629108 1.00274915655 -1.00274915655 0.878381629108 
112.614159442 35.3219096204 3.85426092148 33.069152832 20.9428482056 21823489 0.0673159186004 0.0 0.0673159186004 3.22991924713 2.10308081343 -2.10308081343 3.22991924713 
188.746183663 36.3391503837 3.4145359993 270.313049316 20.5717582703 13041665 0.0857702366502 0.0 0.0857702366502 0.0186560485119 -3.41448503326 3.41448503326 0.0186560485119 
72.5355589466 29.1574254254 1.66532576084 60.8372802734 20.5205287933 11272192 0.360579971141 0.0 0.360579971141 0.811499216816 1.45422794322 -1.45422794322 0.811499216816 
36.433685305 59.3242726829 1.63913154602 12.6959533691 20.4290237427 10092544 0.372196583904 0.0 0.372196583904 1.59905489216 0.360243913225 -0.360243913225 1.59905489216 
200.717877005 95.8644380889 1.79130065441 348.151885986 20.3065376282 16515072 0.3116470576 0.0 0.3116470576 1.7531375645 -0.367786234677 0.367786234677 1.7531375645 
268.516406364 43.5856685294 1.54549312592 18.998840332 19.6721916199 8388608 0.418664217924 0.0 0.418664217924 1.46130264275 0.503133768033 -0.503133768033 1.46130264275 
65.9757282379 35.6005684467 1.98938322067 107.74458313 19.6084098816 24117248 0.252675479667 0.0 0.252675479667 -0.606312791086 1.89473755387 -1.89473755387 -0.606312791086 
113.019240841 25.4496598022 1.81996977329 10.1499023438 19.5487861633 17694720 0.301905934365 0.0 0.301905934365 1.79148737218 0.320722576382 -0.320722576382 1.79148737218 
286.836141046 42.6115387517 1.56948554516 349.600921631 19.2719955444 8388608 0.405961977665 0.0 0.405961977665 1.54370576325 -0.283297357864 0.283297357864 1.54370576325 
160.373472539 44.7640305107 2.22193050385 359.030792236 18.727350235 15401216 0.202553176145 0.0 0.202553176145 2.22161261256 -0.0375840875381 0.0375840875381 2.22161261256 
163.853794077 131.38990448 1.77239775658 252.205276489 18.5467586517 15728640 0.318330034778 0.0 0.318330034778 -0.54165826019 -1.68760188928 1.68760188928 -0.54165826019 
252.010027179 49.3715074268 1.5807145834 148.3878479 18.5023860931 8388608 0.400214740155 0.0 0.400214740155 -1.34616148391 0.82855769467 -0.82855769467 -1.34616148391 
187.733285886 82.0824756943 1.83063995838 297.075622559 18.4284725189 18087936 0.298396774654 0.0 0.298396774654 0.833245269004 -1.63001379715 1.63001379715 0.833245269004 
223.936095332 101.167622089 2.52368140221 78.7242736816 18.3675270081 24576256 0.157011313024 0.0 0.157011313024 0.493457150049 2.47496825453 -2.47496825453 0.493457150049 
110.586923099 55.1613266603 1.29238343239 65.2840270996 18.1299285889 8388608 0.5987109981 0.0 0.5987109981 0.540371788787 1.17399031776 -1.17399031776 0.540371788787 
215.253194271 87.91933831 1.9484295845 81.6001586914 18.1184978485 22609920 0.263408975773 0.0 0.263408975773 0.284627155995 1.92752826901 -1.92752826901 0.284627155995 
183.453565232 108.454762245 1.38683128357 180.843673706 17.8359947205 8388608 0.519939414203 0.0 0.519939414203 -1.38668093838 -0.0204201918109 0.0204201918109 -1.38668093838 
285.73974257 117.635576378 1.47716236115 269.210205078 17.5995769501 8388608 0.458293327133 0.0 0.458293327133 -0.0203613319386 -1.47702202331 1.47702202331 -0.0203613319386 
59.2725906695 136.187430615 1.49321949482 281.348327637 17.5372943878 8388608 0.44848993132 0.0 0.44848993132 0.293825577916 -1.46402561093 1.46402561093 0.293825577916 
82.8579488102 38.4726944244 1.53659152985 158.664459229 17.4371204376 8388608 0.423528977944 0.0 0.423528977944 -1.43128233931 0.559056700867 -0.559056700867 -1.43128233931 
188.138742924 92.447678239 1.31063973904 209.032867432 17.4250183105 8388608 0.582147901739 0.0 0.582147901739 -1.145946656 -0.636068225235 0.636068225235 -1.145946656 
170.420502489 132.019430492 1.29388320446 199.220062256 17.3628749847 8388608 0.597323841014 0.0 0.597323841014 -1.22176365412 -0.425942860325 0.425942860325 -1.22176365412 
272.926442746 54.0140707968 2.3505692482 124.954467773 17.335565567 19464448 0.180989716509 0.0 0.180989716509 -1.34670055786 1.92654441891 -1.92654441891 -1.34670055786 
162.545806911 70.7150610247 1.36537027359 253.773620605 16.7972068787 8388608 0.536412776376 0.0 0.536412776376 -0.381529788375 -1.3109809322 1.3109809322 -0.381529788375 
137.53774205 42.7312254795 1.5142326355 201.83581543 14.9498233795 8388608 0.436128829472 0.0 0.436128829472 -1.40559175055 -0.563216037771 0.563216037771 -1.40559175055 
212.792668424 103.719713176 2.36950874329 49.5762329102 14.8251209259 20054272 0.178107976208 0.0 0.178107976208 1.53647416018 1.80383448232 -1.80383448232 1.53647416018 
170.816198813 35.388865124 2.29087519646 260.014953613 14.5561418533 17629440 0.190544816889 0.0 0.190544816889 -0.397217477925 -2.2561754012 2.2561754012 -0.397217477925 
262.63230663 115.820379963 1.83621633053 191.981903076 14.4123744965 18284544 0.296587135133 0.0 0.296587135133 -1.79621109121 -0.381203526112 0.381203526112 -1.79621109121 
209.415010447 131.436547289 1.34750819206 256.470184326 14.4086742401 8388608 0.55072801826 0.0 0.55072801826 -0.31525134142 -1.31011255982 1.31011255982 -0.31525134142 
194.005394925 41.4022584481 1.3355576992 93.4445800781 14.3159866333 8388608 0.56062787742 0.0 0.56062787742 -0.080244386903 1.3331448557 -1.3331448557 -0.080244386903 
119.995477915 51.8465448561 1.35455751419 68.6669311523 14.118227005 8388608 0.545010789965 0.0 0.545010789965 0.492772994986 1.2617451544 -1.2617451544 0.492772994986 
11.0081665237 52.3737675959 1.30745840073 107.012908936 13.3411121368 8388608 0.584984340125 0.0 0.584984340125 -0.382545535109 1.25024252975 -1.25024252975 -0.382545535109 
253.080315234 122.379844258 2.28115820885 276.157989502 12.8841152191 17301760 0.192171591442 0.0 0.192171591442 0.244700739538 -2.26799566178 2.26799566178 0.244700739538 
54.0092911964 60.3708614298 1.44725728035 194.50289917 12.591843605 8388608 0.477428690791 0.0 0.477428690791 -1.40114038354 -0.362435181974 0.362435181974 -1.40114038354 
234.874353588 42.9830795045 2.52836346626 339.509338379 12.5008821487 24772864 0.15643033931 0.0 0.15643033931 2.36839202743 -0.885065546688 0.885065546688 2.36839202743 
123.953962445 36.3275983476 1.72897660732 225.321426392 12.4778738022 13959168 0.334519751267 0.0 0.334519751267 -1.21569332026 -1.22941037077 1.22941037077 -1.21569332026 
253.263248358 106.625269733 2.40566921234 188.220001221 12.388589859 21168384 0.172793809615 0.0 0.172793809615 -2.38095428262 -0.343949216103 0.343949216103 -2.38095428262 
231.722797084 41.6200346969 1.3401876688 336.550994873 12.1450138092 8388608 0.55676094684 0.0 0.55676094684 1.22950774632 -0.533304499636 0.533304499636 1.22950774632 
233.475058201 45.3778145708 1.74213659763 342.715240479 11.7501087189 14483456 0.32948495729 0.0 0.32948495729 1.66346147615 -0.517625194685 0.517625194685 1.66346147615 
113.657042727 139.262492241 1.88061332703 266.520843506 11.5043678284 20054016 0.282748937187 0.0 0.282748937187 -0.114125821336 -1.87714724587 1.87714724587 -0.114125821336 
253.782822129 76.1005429416 1.28835225105 268.416015625 11.4864864349 8388608 0.602463525362 0.0 0.602463525362 -0.0356129179472 -1.28785994692 1.28785994692 -0.0356129179472 
18.7265275032 83.5927065008 1.45888102055 53.3138427734 11.191991806 8388608 0.469851103672 0.0 0.469851103672 0.871581358194 1.16990588004 -1.16990588004 0.871581358194 
19.0327965912 94.0580483994 1.30996394157 85.4142150879 10.7785320282 8388608 0.582748705381 0.0 0.582748705381 0.104733740497 1.30577041314 -1.30577041314 0.104733740497 
20.0229431124 110.520227467 2.76588058472 181.211639404 10.3003005981 14549504 0.130717323974 0.0 0.130717323974 -2.76526215727 -0.0584859855023 0.0584859855023 -2.76526215727 
188.495176001 46.4495236417 2.16525626183 338.12310791 9.87798690796 13500672 0.213295352911 0.0 0.213295352911 2.00932881345 -0.806803816819 0.806803816819 2.00932881345 
285.814338812 100.058479816 1.3805924654 52.5644226074 9.62835025787 8388608 0.524649184588 0.0 0.524649184588 0.8392193731 1.09624194379 -1.09624194379 0.8392193731 
127.62855977 138.324658423 1.29498541355 264.827270508 9.59980010986 8388608 0.596307465729 0.0 0.596307465729 -0.116754031324 -1.28971148614 1.28971148614 -0.116754031324 
220.763309192 152.780022535 1.50019681454 83.6044921875 9.50281333923 8388608 0.444327836558 0.0 0.444327836558 0.167108448898 1.49086057318 -1.49086057318 0.167108448898 
224.790606159 42.4390140449 1.57830488682 172.466049194 9.32856559753 8388608 0.401437738703 0.0 0.401437738703 -1.56467992302 0.206937319633 -0.206937319633 -1.56467992302 
11.8137496605 77.7555476888 1.46713387966 116.671768188 9.31295681 8388608 0.464579997988 0.0 0.464579997988 -0.658565216116 1.31102009022 -1.31102009022 -0.658565216116 
229.003023336 151.019157458 1.53057968616 77.2075500488 8.24159240723 8388608 0.426862604443 0.0 0.426862604443 0.338900949725 1.4925884637 -1.4925884637 0.338900949725 
21.665107211 93.8048846182 2.52953839302 190.269805908 7.5890455246 24772864 0.156285054695 0.0 0.156285054695 -2.48901298127 -0.450975454793 0.450975454793 -2.48901298127 
74.5241350491 73.9152843301 1.4666993618 276.767578125 7.14433097839 8388608 0.46485530759 0.0 0.46485530759 0.172838876408 -1.45647991428 1.45647991428 0.172838876408 
68.6031604786 73.2419882478 1.28400206566 269.394836426 7.10857820511 8388608 0.606552720805 0.0 0.606552720805 -0.0135615020637 -1.28393044604 1.28393044604 -0.0135615020637 
252.816604485 96.7588658096 1.486135602 201.89364624 5.84649372101 8388608 0.452775713263 0.0 0.452775713263 -1.37895195098 -0.554157508668 0.554157508668 -1.37895195098 
242.302710241 155.685343416 1.56697058678 83.4404296875 5.35240745544 8388608 0.407266146118 0.0 0.407266146118 0.179004713882 1.55671260425 -1.55671260425 0.179004713882 
180.877458972 143.679194559 1.16707110405 80.3859863281 4.76550102234 8388608 0.73418476344 0.0 0.73418476344 0.19491242988 1.15067984539 -1.15067984539 0.19491242988 
282.761897864 25.2434448649 1.30264151096 48.2461853027 4.64317321777 8388608 0.589318632985 0.0 0.589318632985 0.867469802115 0.971787553174 -0.971787553174 0.867469802115 
240.557206311 39.5140746437 1.43547606468 328.713775635 4.26286411285 8388608 0.485297539244 0.0 0.485297539244 1.22673446601 -0.745462327805 0.745462327805 1.22673446601 
282.905355675 145.575495216 1.33655178547 27.3199768066 4.00597953796 8388608 0.55979423188 0.0 0.55979423188 1.1874691444 0.613422942466 -0.613422942466 1.1874691444 
16.8118544177 105.917533111 1.67185997963 261.998168945 4.00354957581 11534336 0.357766931533 0.0 0.357766931533 -0.232730846837 -1.65558211648 1.65558211648 -0.232730846837 
12.6331593067 132.248803858 1.19736349583 167.001266479 2.69169044495 8388608 0.697506040093 0.0 0.697506040093 -1.16668110045 0.269322392289 -0.269322392289 -1.16668110045 
11.5791070351 147.153469587 1.52757132053 94.4606018066 2.57531356812 8388608 0.428545567808 0.0 0.428545567808 -0.118804673145 1.52294438144 -1.52294438144 -0.118804673145 
11.8780125752 111.428898278 1.53179085255 94.0948486328 2.25848007202 8388608 0.426187842295 0.0 0.426187842295 -0.109381762484 1.52788050776 -1.52788050776 -0.109381762484 
12.2009181942 139.151006897 1.57227826118 298.279632568 1.85297203064 8388608 0.404521100862 0.0 0.404521100862 0.744906428966 -1.38462028827 1.38462028827 0.744906428966 
24.3417086647 126.612128551 1.91164696217 160.803100586 1.59350013733 21233664 0.273643173248 0.0 0.273643173248 -1.80534823779 0.628579229914 -0.628579229914 -1.80534823779 
38.9778685027 149.298186622 1.69925606251 129.856246948 0.279346466064 12713984 0.346323804645 0.0 0.346323804645 -1.08899137552 1.30444200714 -1.30444200714 -1.08899137552 
