13
76
186.055039583 122.223393704 2.1106364727 91.6032714844 135.217330933 11665664 0.224477658004 0.0 0.224477658004 -0.0590528954731 2.10981019891 -2.10981019891 -0.0590528954731 
152.976285441 121.316071759 2.24068641663 92.23828125 134.515197754 15991040 0.19917638106 0.0 0.19917638106 -0.0875109980563 2.23897687413 -2.23897687413 -0.0875109980563 
256.968165627 120.451643573 2.34251570702 82.0283508301 130.395751953 19202304 0.182236336757 0.0 0.182236336757 0.32486730285 2.3198795385 -2.3198795385 0.32486730285 
73.42718638 97.0072971982 2.01642656326 81.7382507324 121.562271118 8388864 0.245943404262 0.0 0.245943404262 0.289751544721 1.99549996927 -1.99549996927 0.289751544721 
84.0720057491 97.3745949546 2.30159974098 276.182556152 119.345306396 17957120 0.188773227007 0.0 0.188773227007 0.247874648223 -2.2882131733 2.2882131733 0.247874648223 
227.061178845 87.6505584472 2.71476793289 38.8952331543 114.32434082 13173248 0.135685855981 0.0 0.135685855981 2.11289136864 1.7045981913 -1.7045981913 2.11289136864 
228.550256732 121.247830969 1.30675077438 90.4128417969 109.448738098 8388608 0.585618068327 0.0 0.585618068327 -0.00941564412222 1.30671685227 -1.30671685227 -0.00941564412222 
272.095668918 128.960543124 1.75332641602 89.9869384766 109.01008606 14942208 0.325292797883 0.0 0.325292797883 0.000399699839546 1.75332637046 -1.75332637046 0.000399699839546 
34.6369350053 120.927919604 2.67357802391 102.863433838 107.29826355 12059136 0.139898891854 0.0 0.139898891854 -0.595213269672 2.6064805032 -2.6064805032 -0.595213269672 
208.717530907 92.4831825639 5.51724624634 102.503326416 106.038734436 14352897 0.0328515045401 0.0 0.0328515045401 -1.1944633671 5.38639614282 -5.38639614282 -1.1944633671 
216.694149606 121.38818467 2.10296964645 79.5041809082 104.679084778 11403520 0.226117404348 0.0 0.226117404348 0.383084892227 2.06778318478 -2.06778318478 0.383084892227 
223.163172911 121.9293784 1.8034607172 89.5569763184 100.272201538 17039360 0.307458586332 0.0 0.307458586332 0.0139446195167 1.80340680549 -1.80340680549 0.0139446195167 
290.934193307 118.033046631 3.95502948761 49.1359863281 96.7902069092 23658497 0.0639293882094 0.0 0.0639293882094 2.58764111797 2.99104859413 -2.99104859413 2.58764111797 
47.8080974252 103.642796696 2.37227654457 257.637329102 94.1963882446 20119808 0.17769261156 0.0 0.17769261156 -0.507901951192 -2.31726813552 2.31726813552 -0.507901951192 
201.244632111 110.510829482 1.48814713955 259.530517578 93.8046035767 8388608 0.451552501156 0.0 0.451552501156 -0.27041387519 -1.46337221685 1.46337221685 -0.27041387519 
107.282734781 106.527495498 1.33530783653 270.674224854 92.4978027344 8388608 0.560837706316 0.0 0.560837706316 0.015712797007 -1.33521538574 1.33521538574 0.015712797007 
120.126638098 107.092762273 1.49701046944 278.154266357 89.3400115967 8388608 0.446221328394 0.0 0.446221328394 0.21233423796 -1.48187533787 1.48187533787 0.21233423796 
238.447296061 87.3200637752 2.66748547554 103.028839111 86.3682250977 11928064 0.14053868101 0.0 0.14053868101 -0.601361827517 2.59881563691 -2.59881563691 -0.601361827517 
279.776560779 128.939561074 1.74432861805 80.1131896973 85.1681365967 14614528 0.32865737934 0.0 0.32865737934 0.299505270507 1.71842338226 -1.71842338226 0.299505270507 
194.430553256 123.712336046 1.38411915302 126.739990234 83.0991973877 8388608 0.521979014806 0.0 0.521979014806 -0.827958775331 1.10917541269 -1.10917541269 -0.827958775331 
36.5946759294 106.889135612 2.77972340584 257.904418945 83.0590209961 14877184 0.12941864012 0.0 0.12941864012 -0.582472000274 -2.71801188038 2.71801188038 -0.582472000274 
132.818110422 93.570055779 4.19911909103 274.859863281 78.4113693237 11272449 0.0567131299586 0.0 0.0567131299586 0.355744937342 -4.18402278677 4.18402278677 0.355744937342 
250.079878992 90.585905819 1.5684762001 307.255950928 78.2642745972 8388608 0.406484634696 0.0 0.406484634696 0.949518883557 -1.2484115828 1.2484115828 0.949518883557 
188.654310512 99.3532106152 3.51568961143 257.328430176 74.6734848022 15138817 0.0809056681204 0.0 0.0809056681204 -0.771209115518 -3.43005975809 3.43005975809 -0.771209115518 
114.983324687 90.3987090954 1.62259662151 36.8602294922 74.6316375732 9371648 0.379820905883 0.0 0.379820905883 1.29824155799 0.97333892004 -0.97333892004 1.29824155799 
125.832684592 91.646566212 2.32084846497 102.350891113 72.3398666382 18546944 0.185654905941 0.0 0.185654905941 -0.496425149205 2.26713468249 -2.26713468249 -0.496425149205 
158.271666876 95.7787453107 6.61285829544 280.026489258 70.6695632935 10747906 0.022867651609 0.0 0.022867651609 1.15132151043 -6.51186253043 6.51186253043 1.15132151043 
166.158529666 122.134220492 1.38393521309 84.2330627441 67.2145309448 8388608 0.522117777322 0.0 0.522117777322 0.139060828229 1.37693092059 -1.37693092059 0.139060828229 
269.697867131 117.767540239 2.94680118561 18.2507019043 66.919342041 19137024 0.115159117522 0.0 0.115159117522 2.79856320567 0.922865760218 -0.922865760218 2.79856320567 
213.470547588 114.434680917 1.48925244808 322.09362793 65.8846969604 8388608 0.450882474233 0.0 0.450882474233 1.17504365675 -0.91495642457 0.91495642457 1.17504365675 
159.938200749 96.758518359 1.47375881672 81.9582214355 65.0987243652 8388608 0.46041256514 0.0 0.46041256514 0.206171697667 1.45926635024 -1.45926635024 0.206171697667 
294.558839012 116.325331929 1.69326019287 20.4610900879 65.0308074951 12451840 0.348780826761 0.0 0.348780826761 1.58643207069 0.591914998849 -0.591914998849 1.58643207069 
230.720777012 110.152967615 1.98256623745 96.1838989258 63.8756484985 23855104 0.254416098289 0.0 0.254416098289 -0.213561992204 1.97103022842 -1.97103022842 -0.213561992204 
260.501405423 98.8462903282 3.05024957657 287.758361816 63.7182655334 21627392 0.107480393799 0.0 0.107480393799 0.930336154934 -2.90490914112 2.90490914112 0.930336154934 
194.130998692 105.405765409 1.27070486546 247.191543579 62.1902656555 8388608 0.619313596065 0.0 0.619313596065 -0.492590827864 -1.17134330211 1.17134330211 -0.492590827864 
160.386534542 88.8948919202 1.96642243862 273.391571045 59.0302810669 23265280 0.2586106212 0.0 0.2586106212 0.116332605345 -1.96297833204 1.96297833204 0.116332605345 
176.965832999 98.0542493847 1.45453619957 105.943572998 57.0679893494 8388608 0.472662264888 0.0 0.472662264888 -0.399547328643 1.39858410117 -1.39858410117 -0.399547328643 
32.0124959338 113.650876717 1.51046919823 192.413574219 52.5536117554 8388608 0.438304826512 0.0 0.438304826512 -1.47515650821 -0.324700592991 0.324700592991 -1.47515650821 
258.436312215 110.087751129 1.70260119438 88.6228942871 52.3587799072 12845056 0.344964284001 0.0 0.344964284001 0.0409181289257 1.7021094365 -1.7021094365 0.0409181289257 
153.585964531 96.8931454025 1.27915585041 99.857421875 51.8304367065 8388608 0.611157403363 0.0 0.611157403363 -0.218987631442 1.26027144176 -1.26027144176 -0.218987631442 
117.884372438 98.3052975439 1.7287222147 278.777099609 51.1683540344 13959168 0.334618211989 0.0 0.334618211989 0.263787178021 -1.70847792503 1.70847792503 0.263787178021 
171.839618219 89.557773604 1.88343787193 292.540618896 50.0909042358 20185088 0.281901510007 0.0 0.281901510007 0.721993881924 -1.73955829218 1.73955829218 0.721993881924 
54.7675067053 99.0361497736 1.36041522026 249.544021606 48.2032318115 8388608 0.540327455394 0.0 0.540327455394 -0.475448266844 -1.27462877618 1.27462877618 -0.475448266844 
204.266714823 121.937142254 1.67764830589 40.8427429199 44.8106422424 11796480 0.355302411176 0.0 0.355302411176 1.2691533416 1.09715706887 -1.09715706887 1.2691533416 
129.984309817 111.401877683 2.90611505508 286.121734619 41.9572486877 18088448 0.118406185768 0.0 0.118406185768 0.806967401207 -2.79182884984 2.79182884984 0.806967401207 
212.621483794 104.642534553 1.51238679886 302.879150391 39.7993812561 8388608 0.437194051452 0.0 0.437194051452 0.821027729264 -1.27012885061 1.27012885061 0.821027729264 
291.660703383 103.092822239 2.78290772438 346.860473633 38.7696228027 14942720 0.129122637206 0.0 0.129122637206 2.71004946548 -0.632619393544 0.632619393544 2.71004946548 
61.1650247444 115.909163909 1.66978597641 160.737792969 38.5258483887 11468800 0.358656231833 0.0 0.358656231833 -1.57630928261 0.550848665757 -0.550848665757 -1.57630928261 
153.435271289 111.16036447 1.4373755455 273.859008789 38.0600814819 8388608 0.484015752747 0.0 0.484015752747 0.0967375280684 -1.43411656063 1.43411656063 0.0967375280684 
135.283073158 117.797632853 1.36020934582 173.407272339 33.8725624084 8388608 0.540491030262 0.0 0.540491030262 -1.35121475224 0.156167082909 -0.156167082909 -1.35121475224 
102.627569832 88.2064678165 2.69234514236 286.693969727 32.0390319824 12583424 0.137955345723 0.0 0.137955345723 0.773402282757 -2.57887015467 2.57887015467 0.773402282757 
125.007389294 118.762979741 1.30316436291 69.413269043 31.9688205719 8388608 0.588845838318 0.0 0.588845838318 0.458224984525 1.21994558088 -1.21994558088 0.458224984525 
186.497806975 81.2899980342 3.70771861076 293.919525146 31.6826629639 19005441 0.0727422057943 0.0 0.0727422057943 1.50330608241 -3.38928430781 3.38928430781 1.50330608241 
141.636542389 116.928221903 1.4964274168 352.145294189 31.0081424713 8388608 0.446569118342 0.0 0.446569118342 1.48238764766 -0.204503975038 0.204503975038 1.48238764766 
130.264342356 101.181946887 1.25743460655 279.989501953 29.6341781616 8388608 0.632454348168 0.0 0.632454348168 0.21812433044 -1.23837133616 1.23837133616 0.21812433044 
51.1746564676 118.617994302 1.26610207558 101.653381348 28.4071044922 8388608 0.62382468864 0.0 0.62382468864 -0.255740571903 1.24000452647 -1.24000452647 -0.255740571903 
131.696126664 69.6941359331 5.53985929489 267.713317871 26.748085022 14615041 0.0325838600139 0.0 0.0325838600139 -0.221037826484 -5.5354478849 5.5354478849 -0.221037826484 
281.24226909 85.1417148874 4.04472827911 280.353302002 23.5136451721 8585473 0.0611253413043 0.0 0.0611253413043 0.726908217353 -3.97887311879 3.97887311879 0.726908217353 
285.859766416 113.281745499 1.3899217844 329.339324951 22.3303833008 8388608 0.51762980691 0.0 0.51762980691 1.1956141661 -0.708794280855 0.708794280855 1.1956141661 
236.942720361 92.1657850517 1.34540867805 107.025161743 22.0852565765 8388608 0.552448184603 0.0 0.552448184603 -0.393924417063 1.28644784761 -1.28644784761 -0.393924417063 
116.222634281 78.8683373884 2.95880317688 250.899078369 19.463092804 19399168 0.114226757098 0.0 0.114226757098 -0.968218332623 -2.79590226937 2.79590226937 -0.968218332623 
274.773872552 138.027275182 1.98610246181 89.3011169434 18.1619377136 23986176 0.253510937053 0.0 0.253510937053 0.0242255005648 1.98595471095 -1.98595471095 0.0242255005648 
53.0546896544 136.637871433 1.67746937275 90.3177185059 16.4639816284 11796480 0.35537821437 0.0 0.35537821437 -0.00930191256435 1.67744358204 -1.67744358204 -0.00930191256435 
132.115759234 136.584918435 1.69932425022 89.5571289062 15.084728241 12713984 0.346296011768 0.0 0.346296011768 0.0131348958297 1.69927348649 -1.69927348649 0.0131348958297 
17.3678366393 92.5944866939 2.27626729012 209.866348267 6.60192489624 17170688 0.1929983005 0.0 0.1929983005 -1.9739548154 -1.13353216222 1.13353216222 -1.9739548154 
183.736011807 72.0921451894 2.29210495949 226.705795288 5.58267211914 17629440 0.19034040905 0.0 0.19034040905 -1.57179891375 -1.66829053826 1.66829053826 -1.57179891375 
52.1555013682 83.8057350518 1.50301778316 249.430023193 5.0750541687 8388608 0.442661510804 0.0 0.442661510804 -0.528086953807 -1.40719104095 1.40719104095 -0.528086953807 
303.277502061 127.24294097 1.28526461124 60.0421142578 4.22542953491 8388608 0.605361644163 0.0 0.605361644163 0.64181398819 1.1135438588 -1.1135438588 0.64181398819 
303.114199461 120.823348213 1.37087583542 15.4365844727 4.13201522827 8388608 0.532112863339 0.0 0.532112863339 1.3214223738 0.364888292694 -0.364888292694 1.3214223738 
266.545929488 141.161448808 1.26732325554 92.8693847656 3.72973632812 8388608 0.622623045454 0.0 0.622623045454 -0.0634412903748 1.26573434681 -1.26573434681 -0.0634412903748 
264.605425759 76.6632791753 1.48905813694 275.236114502 3.7156791687 8388608 0.451000155609 0.0 0.451000155609 0.135891869937 -1.48284440683 1.48284440683 0.135891869937 
302.248145664 90.7797336663 1.5943261385 282.061676025 3.67973327637 8388608 0.393410246826 0.0 0.393410246826 0.333157559362 -1.55912856318 1.55912856318 0.333157559362 
285.610568837 78.1218613198 1.44652748108 355.200592041 3.52920532227 8388608 0.47791055513 0.0 0.47791055513 1.44145555626 -0.12102740529 0.12102740529 1.44145555626 
311.684990347 117.142380809 1.41758561134 2.09225463867 3.5271987915 8388608 0.497624102311 0.0 0.497624102311 1.4166405612 0.0517540902971 -0.0517540902971 1.4166405612 
291.077505339 67.6917866933 2.36777448654 326.807220459 3.52154922485 19988736 0.178368979171 0.0 0.178368979171 1.98143256365 -1.29625653897 1.29625653897 1.98143256365 
256.320801005 76.9010052569 1.38633584976 286.343811035 3.48594284058 8388608 0.520311101326 0.0 0.520311101326 0.390115655157 -1.3303145733 1.3303145733 0.390115655157 
