13
162
276.710190007 42.4823547087 2.23818993568 17.2202148438 144.865997314 15925504 0.199620952222 0.0 0.199620952222 2.13786077154 0.662605093325 -0.662605093325 2.13786077154 
126.091577705 55.4537455471 2.66316413879 91.3141174316 127.879020691 11796992 0.140995136309 0.0 0.140995136309 -0.0610761145339 2.6624636971 -2.6624636971 -0.0610761145339 
263.391790671 37.9912694035 2.68189048767 89.561340332 105.584960938 12321280 0.139033008423 0.0 0.139033008423 0.0205325018358 2.6818118883 -2.6818118883 0.0205325018358 
206.068554835 39.7104419559 3.12622570992 270.579162598 96.7409210205 23396864 0.102319719111 0.0 0.102319719111 0.0316002711697 -3.12606599614 3.12606599614 0.0316002711697 
126.720347941 51.398362524 1.28570199013 324.101867676 87.6622924805 8388608 0.604949842104 0.0 0.604949842104 1.0414967236 -0.753866156647 0.753866156647 1.0414967236 
266.929100039 39.2881726958 1.64410078526 91.1996154785 86.5312042236 10354688 0.36995008076 0.0 0.36995008076 -0.0344204175613 1.64374043782 -1.64374043782 -0.0344204175613 
259.453735595 38.4071959107 1.28203988075 93.9758605957 85.0289306641 8388608 0.608410821163 0.0 0.608410821163 -0.0888917502161 1.27895446072 -1.27895446072 -0.0888917502161 
197.272650163 39.0931918193 2.25837635994 95.2583312988 82.0523223877 16580864 0.196068290293 0.0 0.196068290293 -0.206972100026 2.2488722358 -2.2488722358 -0.206972100026 
93.0385678011 66.1977146593 1.5332351923 261.158569336 81.425453186 8388608 0.425385264699 0.0 0.425385264699 -0.235658840348 -1.5150165233 1.5150165233 -0.235658840348 
136.265793901 56.6405793953 2.18072462082 85.755065918 78.6985473633 14024960 0.210280182975 0.0 0.210280182975 0.161417925734 2.17474231234 -2.17474231234 0.161417925734 
153.078636441 41.4060025619 2.23323297501 84.7469482422 77.0835723877 15794432 0.200508106765 0.0 0.200508106765 0.204462881958 2.22385351374 -2.22385351374 0.204462881958 
41.6334218222 96.8366608667 2.00013375282 182.092651367 75.75440979 24510464 0.249966565148 0.0 0.249966565148 -1.99879983443 -0.0730359574685 0.0730359574685 -1.99879983443 
32.8357789139 123.089521684 1.57169783115 108.243469238 72.1474990845 8388608 0.404819936358 0.0 0.404819936358 -0.492028736218 1.49269614965 -1.49269614965 -0.492028736218 
247.003044874 50.1809056862 1.81786262989 338.122314453 71.2418136597 17563648 0.302606237879 0.0 0.302606237879 1.68694279483 -0.677383604855 0.677383604855 1.68694279483 
33.6689150672 106.331417467 1.32559704781 108.162536621 71.0916595459 8388608 0.569084744479 0.0 0.569084744479 -0.41320676541 1.25955059532 -1.25955059532 -0.41320676541 
59.9024742729 82.3579540549 5.3999209404 254.716995239 70.3221511841 12780033 0.0342945569951 0.0 0.0342945569951 -1.42334857514 -5.20895622905 5.20895622905 -1.42334857514 
274.427489226 71.0039701986 2.90423822403 359.026733398 68.6703414917 18022912 0.11855927253 0.0 0.11855927253 2.90381922774 -0.0493310704112 0.0493310704112 2.90381922774 
96.1398325982 76.1179523919 2.23427796364 106.66607666 66.2919921875 15794432 0.200320592323 0.0 0.200320592323 -0.64077610167 2.1404214553 -2.1404214553 -0.64077610167 
162.744115121 56.1217217567 3.1122303009 102.578796387 65.2822265625 23069184 0.10324203268 0.0 0.10324203268 -0.67778794528 3.03752875659 -3.03752875659 -0.67778794528 
251.295401153 114.329179475 2.73522853851 81.8167724609 64.6984786987 13697536 0.133663479313 0.0 0.133663479313 0.389330203103 2.70737827997 -2.70737827997 0.389330203103 
103.141006299 80.0577541995 7.10984706879 268.597290039 63.9634552002 15990786 0.0197824228868 0.0 0.0197824228868 -0.17404522935 -7.10771648279 7.10771648279 -0.17404522935 
51.5159953391 106.52551032 5.32234573364 156.262359619 61.4975280762 11731457 0.0353015549266 0.0 0.0353015549266 -4.87206643217 2.14250619345 -2.14250619345 -4.87206643217 
81.4349436528 72.5550491884 2.35686278343 67.2202758789 61.40284729 19661056 0.180024412681 0.0 0.180024412681 0.91255212787 2.17302802417 -2.17302802417 0.91255212787 
40.9040617837 108.171688103 1.47887098789 130.371948242 59.9547920227 8388608 0.457234952345 0.0 0.457234952345 -0.957934212734 1.12668604451 -1.12668604451 -0.957934212734 
173.835364508 41.9573499403 3.53069972992 268.997924805 59.3160247803 15466497 0.0802192193421 0.0 0.0802192193421 -0.0617470655587 -3.53015975315 3.53015975315 -0.0617470655587 
250.891109787 100.530792052 1.67866206169 4.1799621582 56.2584762573 11796480 0.354873401518 0.0 0.354873401518 1.67419687023 0.122356679778 -0.122356679778 1.67419687023 
272.43763444 97.68191612 2.27768373489 8.36776733398 54.7117424011 17170688 0.192758331773 0.0 0.192758331773 2.25343632877 0.331463283622 -0.331463283622 2.25343632877 
216.351139971 78.0290351318 1.44506812096 15.5045166016 53.1488876343 8388608 0.478876316905 0.0 0.478876316905 1.39248120177 0.386287427859 -0.386287427859 1.39248120177 
271.502222604 103.745142429 1.89624905586 10.6148071289 53.0705032349 20643840 0.27810528678 0.0 0.27810528678 1.86380001953 0.349299254297 -0.349299254297 1.86380001953 
231.634149233 92.1144585737 4.46339988708 82.7055358887 52.9448165894 15728897 0.0501959183032 0.0 0.0501959183032 0.566712401175 4.42727631918 -4.42727631918 0.566712401175 
216.610587131 58.9874924441 1.62316179276 84.8637695312 51.4892311096 9371648 0.379556451062 0.0 0.379556451062 0.145312125635 1.6166442378 -1.6166442378 0.145312125635 
215.777998274 101.989543021 1.87547457218 51.8128356934 50.7624778748 19857408 0.284300510377 0.0 0.284300510377 1.15947901117 1.47411440993 -1.47411440993 1.15947901117 
129.013473348 73.3210400013 3.92250919342 260.452056885 48.706741333 23068673 0.0649938194641 0.0 0.0649938194641 -0.6506377299 -3.86817126261 3.86817126261 -0.6506377299 
199.968815613 80.4535040655 2.71120691299 307.422515869 48.0263595581 13107712 0.136042521749 0.0 0.136042521749 1.64756784889 -2.15317512255 2.15317512255 1.64756784889 
48.8082615174 77.2376990771 1.50495386124 232.68598938 44.1379508972 8388608 0.441523301858 0.0 0.441523301858 -0.912277296619 -1.19692784182 1.19692784182 -0.912277296619 
150.14148711 102.436174264 1.52951300144 94.7081604004 43.4981117249 8388608 0.427458201331 0.0 0.427458201331 -0.125543122675 1.52435197574 -1.52435197574 -0.125543122675 
47.947301578 82.203216015 2.10011029243 206.264770508 43.3281440735 11337984 0.226733552803 0.0 0.226733552803 -1.88329215966 -0.929340562839 0.929340562839 -1.88329215966 
192.812459363 80.100190914 1.68993151188 101.197631836 41.8645820618 12320768 0.35015617659 0.0 0.35015617659 -0.328174232104 1.65776059436 -1.65776059436 -0.328174232104 
200.218501805 48.7624489525 1.24348628521 279.766601562 41.4526367188 8388608 0.646722544676 0.0 0.646722544676 0.210938874957 -1.22546437424 1.22546437424 0.210938874957 
128.25431724 40.6245655598 3.02033782005 232.638671875 40.3844261169 20906496 0.109619788128 0.0 0.109619788128 -1.83286032287 -2.40063816184 2.40063816184 -1.83286032287 
151.850870006 83.6048255028 1.82998216152 5.12866210938 39.4131355286 18087936 0.298611333838 0.0 0.298611333838 1.82265577592 0.16358677819 -0.16358677819 1.82265577592 
75.4416638587 103.156356841 2.028195858 278.578643799 38.7644729614 8782080 0.243097345771 0.0 0.243097345771 0.302539461452 -2.00550450328 2.00550450328 0.302539461452 
76.8010925175 101.971597873 1.34404814243 280.090026855 38.3617630005 8388608 0.553567200855 0.0 0.553567200855 0.235470993694 -1.32326067738 1.32326067738 0.235470993694 
211.029673745 51.0874453186 1.66435563564 280.56628418 37.863658905 11206656 0.361000445776 0.0 0.361000445776 0.305197733606 -1.63613386534 1.63613386534 0.305197733606 
241.961162285 43.7761647187 1.30686736107 307.201324463 35.3750572205 8388608 0.585513586073 0.0 0.585513586073 0.790154912589 -1.04094068685 1.04094068685 0.790154912589 
203.307200081 92.1377673766 6.9434800148 290.183654785 34.6387138367 14221314 0.020741760743 0.0 0.020741760743 2.39571205984 -6.51709125625 6.51709125625 2.39571205984 
254.394193202 63.4132905574 2.97267317772 262.691467285 34.0976486206 19726848 0.113163317545 0.0 0.113163317545 -0.378160663573 -2.94852172013 2.94852172013 -0.378160663573 
230.477592235 42.0647002781 2.64330625534 279.614807129 33.7271461487 11272704 0.143121550526 0.0 0.143121550526 0.441494408271 -2.60617548277 2.60617548277 0.441494408271 
240.769261345 55.3520226362 1.71330952644 62.4537963867 33.3138313293 13303808 0.340665646585 0.0 0.340665646585 0.792343553909 1.51908565459 -1.51908565459 0.792343553909 
172.687883796 80.7276713536 5.29794883728 238.061508179 33.1282997131 11403777 0.0356274287374 0.0 0.0356274287374 -2.80266029736 -4.49592672761 4.49592672761 -2.80266029736 
155.521174418 78.1980453455 2.68317222595 249.08782959 33.0079269409 12321280 0.138900209369 0.0 0.138900209369 -0.957721913061 -2.50642812212 2.50642812212 -0.957721913061 
84.0386702121 102.068279719 1.43288147449 349.709564209 32.9238586426 8388608 0.487056635522 0.0 0.487056635522 1.40983339132 -0.255967046036 0.255967046036 1.40983339132 
132.825714568 113.905262978 4.06887865067 294.804016113 32.6891098022 9044225 0.0604018895028 0.0 0.0604018895028 1.70695852228 -3.6935167628 3.6935167628 1.70695852228 
221.165476837 66.0368102101 1.46699273586 91.7776184082 32.0531463623 8388608 0.464669399576 0.0 0.464669399576 -0.0455065796685 1.46628675172 -1.46628675172 -0.0455065796685 
163.779330301 71.2654770919 1.46695148945 249.113357544 31.2013301849 8388608 0.464695530251 0.0 0.464695530251 -0.522997831985 -1.37055461042 1.37055461042 -0.522997831985 
94.594723127 102.951732385 1.34702825546 269.409484863 31.1658840179 8388608 0.551120529134 0.0 0.551120529134 -0.0138828112469 -1.34695671369 1.34695671369 -0.0138828112469 
123.094113484 44.8807619588 1.42190432549 263.225128174 30.5349617004 8388608 0.494605850644 0.0 0.494605850644 -0.167739881571 -1.4119756524 1.4119756524 -0.167739881571 
51.4299787318 58.0253293108 3.67674899101 241.405426025 30.5284976959 18415617 0.0739727963136 0.0 0.0739727963136 -1.75972408806 -3.22828968291 3.22828968291 -1.75972408806 
167.718716916 71.5886877217 2.1066095829 249.671234131 30.4076461792 11534592 0.225336678839 0.0 0.225336678839 -0.731849827366 -1.97539863444 1.97539863444 -0.731849827366 
159.613301399 50.5074971102 1.22985732555 200.420928955 30.2173786163 8388608 0.661135588169 0.0 0.661135588169 -1.15256645104 -0.429114923023 0.429114923023 -1.15256645104 
209.066503807 80.009048296 1.30229854584 250.374832153 29.5662651062 8388608 0.589629072329 0.0 0.589629072329 -0.437396953278 -1.22664803744 1.22664803744 -0.437396953278 
177.87416759 116.923522631 1.52876865864 39.0749816895 29.4890403748 8388608 0.427874553266 0.0 0.427874553266 1.18681631281 0.963639274456 -0.963639274456 1.18681631281 
86.7360006325 89.6324069148 3.56154417992 267.064910889 29.3332328796 16121857 0.0788357725749 0.0 0.0788357725749 -0.182367326812 -3.55687209548 3.55687209548 -0.182367326812 
177.236949141 107.984059905 5.20629358292 0.439697265625 29.3131771088 10158593 0.036892891221 0.0 0.036892891221 5.20614027704 0.0399535638134 -0.0399535638134 5.20614027704 
260.66313236 61.9268267116 1.86326098442 217.025909424 29.250957489 19398656 0.288039878872 0.0 0.288039878872 -1.48755915994 -1.1220112485 1.1220112485 -1.48755915994 
271.35106087 26.4248006989 1.76972138882 261.578399658 28.2713127136 15663104 0.319293590361 0.0 0.319293590361 -0.259186264323 -1.75063881895 1.75063881895 -0.259186264323 
134.340528158 114.837582262 2.28428769112 65.5276794434 28.2027187347 17367296 0.191645400602 0.0 0.191645400602 0.946274386548 2.07907071576 -2.07907071576 0.946274386548 
189.382599619 90.9750271704 1.63924729824 157.711730957 28.1286678314 10092544 0.372144021902 0.0 0.372144021902 -1.51677485464 0.621711947057 -0.621711947057 -1.51677485464 
78.7656077712 112.198541165 5.18524742126 275.550689697 28.035364151 9830913 0.0371929847152 0.0 0.0371929847152 0.501550025884 -5.16093386814 5.16093386814 0.501550025884 
202.458802773 103.09427439 4.62154054642 358.802459717 27.7605781555 18219265 0.0468194669427 0.0 0.0468194669427 4.62053111699 -0.0965878825949 0.0965878825949 4.62053111699 
134.142806031 66.0442534694 1.33586513996 261.112213135 27.69373703 8388608 0.560369857324 0.0 0.560369857324 -0.206390883379 -1.31982516851 1.31982516851 -0.206390883379 
200.605356764 116.648975859 2.04876422882 48.3282775879 27.5358428955 9502976 0.238240742761 0.0 0.238240742761 1.36214503212 1.53035805508 -1.53035805508 1.36214503212 
273.400731006 25.6815649296 1.85628962517 262.1277771 26.8227005005 19070976 0.290207428654 0.0 0.290207428654 -0.254245463106 -1.83879591499 1.83879591499 -0.254245463106 
195.449814177 95.8702225627 1.28000450134 42.8999633789 26.6772136688 8388608 0.610347269708 0.0 0.610347269708 0.93765876479 0.871325177113 -0.871325177113 0.93765876479 
204.707035131 49.3646772811 1.28668296337 270.404266357 26.0473842621 8388608 0.604027760433 0.0 0.604027760433 0.00907847529479 -1.28665093538 1.28665093538 0.00907847529479 
194.1688076 104.785542407 1.92488718033 147.400512695 25.9053592682 21757952 0.269891644607 0.0 0.269891644607 -1.62163509893 1.03705846649 -1.03705846649 -1.62163509893 
193.044907337 125.564693765 1.47414267063 101.416656494 25.8711051941 8388608 0.460172821514 0.0 0.460172821514 -0.291795201525 1.44497480038 -1.44497480038 -0.291795201525 
165.569091099 112.975249066 2.8568315506 68.6540527344 24.3356704712 16843264 0.1225266989 0.0 0.1225266989 1.0398817299 2.66085183659 -2.66085183659 1.0398817299 
46.394221272 67.8672632564 1.61563742161 234.748840332 23.8741874695 9043968 0.383100035651 0.0 0.383100035651 -0.932484071155 -1.31937778333 1.31937778333 -0.932484071155 
210.638836551 71.0764834725 1.68483519554 257.746154785 23.5032730103 12124160 0.352277696309 0.0 0.352277696309 -0.357594906512 -1.64644936727 1.64644936727 -0.357594906512 
259.009372481 103.174898564 1.57943236828 336.29800415 23.5017280579 8388608 0.400864808747 0.0 0.400864808747 1.44620502303 -0.634899706512 0.634899706512 1.44620502303 
78.5682524463 112.841924519 1.52934837341 35.6293029785 23.0615673065 8388608 0.4275502345 0.0 0.4275502345 1.24305885046 0.890904675907 -0.890904675907 1.24305885046 
204.771443182 105.546472718 2.71050286293 3.36273193359 23.0147190094 13042176 0.136113204711 0.0 0.136113204711 2.70583589907 0.158990116907 -0.158990116907 2.70583589907 
195.201251873 93.0405979399 2.68458652496 325.183959961 22.682094574 12386816 0.138753896572 0.0 0.138753896572 2.20401709338 -1.53274703135 1.53274703135 2.20401709338 
204.474278541 94.3746053511 1.52032828331 340.923461914 22.6164340973 8388608 0.432638585601 0.0 0.432638585601 1.43683614834 -0.496890301642 0.496890301642 1.43683614834 
151.606639226 49.3570166549 1.48823726177 206.15411377 22.3443317413 8388608 0.451497814065 0.0 0.451497814065 -1.33585913216 -0.655995828006 0.655995828006 -1.33585913216 
164.02110319 115.475809837 1.59873092175 60.3947753906 22.0896224976 8388608 0.391245405153 0.0 0.391245405153 0.789806889857 1.39001641605 -1.39001641605 0.789806889857 
31.4716886505 97.189484622 1.93210864067 182.536392212 21.9743728638 22020096 0.267877917793 0.0 0.267877917793 -1.93021578204 -0.0855034158169 0.0855034158169 -1.93021578204 
241.684839876 103.029169384 1.53910017014 251.29284668 21.7237129211 8388608 0.422149449844 0.0 0.422149449844 -0.493637515802 -1.45778988085 1.45778988085 -0.493637515802 
134.194504925 85.2935225303 1.71474337578 79.5015869141 21.717206955 13369344 0.340096163134 0.0 0.340096163134 0.312440462291 1.68603849372 -1.68603849372 0.312440462291 
58.7334317016 110.812033225 1.45895147324 91.6499633789 21.5819129944 8388608 0.469805726598 0.0 0.469805726598 -0.0420080471131 1.4583465724 -1.4583465724 -0.0420080471131 
187.261511975 71.1544219281 2.02277541161 317.169769287 21.5712890625 8585472 0.244401950963 0.0 0.244401950963 1.48344537627 -1.37514005884 1.37514005884 1.48344537627 
111.355051621 114.115505807 1.3001486063 63.09765625 21.2227401733 8388608 0.591580718413 0.0 0.591580718413 0.588279785692 1.15944525192 -1.15944525192 0.588279785692 
268.418915354 55.6629183508 2.97420239449 315.306060791 20.871919632 19792384 0.113046979293 0.0 0.113046979293 2.11428278275 -2.09181457063 2.09181457063 2.11428278275 
265.31922674 83.1602161759 1.24875831604 24.9734802246 20.8709907532 8388608 0.641273381425 0.0 0.641273381425 1.13200353681 0.527224169142 -0.527224169142 1.13200353681 
124.988520579 114.716555393 1.56054854393 83.0593566895 20.5692119598 8388608 0.410625044917 0.0 0.410625044917 0.188578294176 1.54911264436 -1.54911264436 0.188578294176 
113.66563727 53.4187228933 1.85004651546 187.816940308 19.6348190308 18874368 0.292169383465 0.0 0.292169383465 -1.83285527447 -0.251622042453 0.251622042453 -1.83285527447 
258.198151657 44.6453713071 1.29400908947 280.085144043 19.4281387329 8388608 0.597207627827 0.0 0.597207627827 0.226595811768 -1.2740148593 1.2740148593 0.226595811768 
86.3960646121 49.173357235 3.71151733398 268.820495605 19.3664054871 19070977 0.0725933792787 0.0 0.0725933792787 -0.076400772264 -3.71073090408 3.71073090408 -0.076400772264 
86.6850277008 82.0516478762 1.9932551384 232.91494751 18.9598312378 24248320 0.251694783886 0.0 0.251694783886 -1.20193263104 -1.59010188265 1.59010188265 -1.20193263104 
177.304848059 101.559892689 1.30092871189 342.57409668 18.6582775116 8388608 0.590871445026 0.0 0.590871445026 1.24122263444 -0.38959194702 0.38959194702 1.24122263444 
216.732164881 110.006943719 1.5392357111 254.058319092 17.3954029083 8388608 0.422075106424 0.0 0.422075106424 -0.422764607481 -1.48003941197 1.48003941197 -0.422764607481 
259.484515051 89.0296280743 1.70971822739 8.10180664062 17.1730499268 13172736 0.342098300361 0.0 0.342098300361 1.69265389624 0.240954777095 -0.240954777095 1.69265389624 
206.624193555 100.077915353 1.28052830696 352.913696289 16.9625072479 8388608 0.609848041476 0.0 0.609848041476 1.270746935 -0.157971428132 0.157971428132 1.270746935 
22.4866804582 119.384607759 1.97508180141 244.932556152 16.4092941284 23592960 0.256347936105 0.0 0.256347936105 -0.836812136415 -1.78904823038 1.78904823038 -0.836812136415 
205.406579643 110.55485233 1.38491988182 359.674560547 15.9432811737 8388608 0.521375596795 0.0 0.521375596795 1.38489754154 -0.00786628874447 0.00786628874447 1.38489754154 
225.593148676 107.80040824 1.43876075745 256.291473389 14.1055450439 8388608 0.483084198778 0.0 0.483084198778 -0.340961447652 -1.39777602225 1.39777602225 -0.340961447652 
172.425934792 81.1403573685 1.50517249107 41.6592102051 13.7114028931 8388608 0.441395046582 0.0 0.441395046582 1.12453179996 1.00048611122 -1.00048611122 1.12453179996 
119.042501808 121.572338898 1.37731587887 85.450592041 13.2044849396 8388608 0.527148398122 0.0 0.527148398122 0.109246959722 1.37297637706 -1.37297637706 0.109246959722 
204.083066244 66.7415180711 1.55580365658 97.4979248047 10.4633369446 8388608 0.413133511382 0.0 0.413133511382 -0.203017259443 1.54250089471 -1.54250089471 -0.203017259443 
189.039135141 142.564523731 1.64813566208 81.5838012695 9.06379699707 10485760 0.368140914363 0.0 0.368140914363 0.241225603537 1.63038687704 -1.63038687704 0.241225603537 
287.214271168 114.863699238 2.63526344299 59.1723327637 7.99158096313 11010560 0.143996496333 0.0 0.143996496333 1.35046073579 2.26293376286 -2.26293376286 1.35046073579 
24.7934758852 125.817759027 1.47174608707 239.676254272 7.86516571045 8388608 0.461672727726 0.0 0.461672727726 -0.743063122324 -1.27039117639 1.27039117639 -0.743063122324 
18.8448610914 109.18066542 2.19157838821 183.361602783 7.85802841187 14418176 0.208202520051 0.0 0.208202520051 -2.18780744534 -0.128508419231 0.128508419231 -2.18780744534 
21.1675830185 133.462497741 1.4792765379 134.65322876 7.65580749512 8388608 0.456984280868 0.0 0.456984280868 -1.03965660727 1.05231801968 -1.05231801968 -1.03965660727 
247.611697546 61.0586133623 1.56929171085 50.9631652832 7.16923904419 8388608 0.406062270322 0.0 0.406062270322 0.988371113984 1.21893355635 -1.21893355635 0.988371113984 
27.960493419 81.9693946706 1.57048892975 192.587310791 7.01137924194 8388608 0.405443405567 0.0 0.405443405567 -1.53274230662 -0.342252100006 0.342252100006 -1.53274230662 
69.9684468774 144.998702356 1.24704933167 90.9206542969 6.98221206665 8388608 0.643032216625 0.0 0.643032216625 -0.0200372859978 1.24688834415 -1.24688834415 -0.0200372859978 
219.688454401 134.138361318 1.26388967037 79.2108459473 6.40441513062 8388608 0.626010577141 0.0 0.626010577141 0.236594290337 1.24154751848 -1.24154751848 0.236594290337 
227.783346348 51.521356945 1.26335942745 256.74621582 6.29732131958 8388608 0.626536171564 0.0 0.626536171564 -0.289643693108 -1.22970873542 1.22970873542 -0.289643693108 
212.89647449 65.1757558297 1.28514432907 90.3388366699 6.23567914963 8388608 0.605474966255 0.0 0.605474966255 -0.00760006217442 1.28512185632 -1.28512185632 -0.00760006217442 
222.707720127 140.014065793 1.58561301231 81.0800476074 6.2255859375 8388608 0.397745795619 0.0 0.397745795619 0.245856304479 1.56643649803 -1.56643649803 0.245856304479 
32.5415088826 64.9027138162 2.01021265984 189.217208862 5.90196990967 24838144 0.247466258694 0.0 0.247466258694 -1.98425719606 -0.321991176326 0.321991176326 -1.98425719606 
28.0318770213 62.182918025 2.69831585884 201.35395813 5.8876991272 12714496 0.137345497964 0.0 0.137345497964 -2.51307303132 -0.982533670327 0.982533670327 -2.51307303132 
230.30993224 135.188639604 3.00591850281 77.6415405273 5.85763549805 20513280 0.11067399745 0.0 0.11067399745 0.643348214946 2.93626448397 -2.93626448397 0.643348214946 
230.597425401 139.957802989 1.54581439495 79.5741271973 5.44250488281 8388608 0.418490212722 0.0 0.418490212722 0.2797356337 1.52029277407 -1.52029277407 0.2797356337 
163.442925027 19.7744104469 1.34315776825 257.138122559 5.35555267334 8388608 0.5543013593 0.0 0.5543013593 -0.298988927867 -1.30945729652 1.30945729652 -0.298988927867 
243.859508637 133.291745652 1.76617264748 73.7121887207 5.05632019043 15532032 0.320577982026 0.0 0.320577982026 0.495345231496 1.69528726838 -1.69528726838 0.495345231496 
43.5245025681 148.658399208 1.35430145264 92.5160827637 4.99785232544 8388608 0.545216902869 0.0 0.545216902869 -0.0594535841197 1.35299582259 -1.35299582259 -0.0594535841197 
235.031977537 133.585072974 1.75454676151 79.3555908203 4.95091247559 15007744 0.324840451377 0.0 0.324840451377 0.3240878681 1.72435535551 -1.72435535551 0.3240878681 
191.593058827 148.437319901 1.27695429325 82.5757446289 4.85490036011 8388608 0.613266574897 0.0 0.613266574897 0.165002153672 1.2662490104 -1.2662490104 0.165002153672 
244.666832031 141.115795886 2.08594536781 79.7503051758 4.72178268433 10813696 0.229823344488 0.0 0.229823344488 0.371169581306 2.05265711199 -2.05265711199 0.371169581306 
267.325317876 140.144194923 1.45888078213 74.4620056152 4.54294204712 8388608 0.469851257244 0.0 0.469851257244 0.390801083968 1.40556310752 -1.40556310752 0.390801083968 
286.942480613 67.3760573724 1.6272238493 12.6607971191 4.51324081421 9568256 0.377663834524 0.0 0.377663834524 1.58765747606 0.356652764508 -0.356652764508 1.58765747606 
259.307058127 141.586387544 1.66130363941 76.9447021484 4.47552108765 11075584 0.362328058636 0.0 0.362328058636 0.375274109906 1.61836310041 -1.61836310041 0.375274109906 
283.717503867 131.804105538 2.02070665359 74.8158569336 4.39423751831 8519936 0.244902634532 0.0 0.244902634532 0.52926771966 1.95016180375 -1.95016180375 0.52926771966 
274.766431876 132.905434583 1.97353518009 79.0122680664 4.36745834351 23527424 0.256749883375 0.0 0.256749883375 0.376153450515 1.93735636596 -1.93735636596 0.376153450515 
263.136425684 132.409116431 1.72443044186 77.3399658203 4.34066772461 13762560 0.336285884299 0.0 0.336285884299 0.377935972622 1.68250549758 -1.68250549758 0.377935972622 
292.170513584 44.9734969185 2.84837841988 12.4739990234 4.33623123169 16646656 0.123255022826 0.0 0.123255022826 2.78113996195 0.615239900257 -0.615239900257 2.78113996195 
289.111745025 50.0363660144 1.91169250011 359.020935059 4.29325866699 21233664 0.273630136632 0.0 0.273630136632 1.91141340309 -0.0326652335639 0.0326652335639 1.91141340309 
295.203545378 138.857050009 1.39517045021 30.7788085938 4.25945281982 8388608 0.513742460513 0.0 0.513742460513 1.19865960721 0.713943787134 -0.713943787134 1.19865960721 
231.231721483 147.581956365 1.32626676559 72.052734375 4.23407363892 8388608 0.56851015427 0.0 0.56851015427 0.408677859937 1.26173132652 -1.26173132652 0.408677859937 
266.524427807 132.965792321 2.02717447281 78.0451049805 4.20080184937 8782080 0.243342375081 0.0 0.243342375081 0.419912161603 1.98320702897 -1.98320702897 0.419912161603 
291.158841111 92.8632709765 2.57394695282 7.24432373047 4.16313552856 9306624 0.15093877315 0.0 0.15093877315 2.5534002856 0.324576489323 -0.324576489323 2.5534002856 
279.773635783 140.320225089 1.30242490768 67.8903808594 4.15592193604 8388608 0.589514665726 0.0 0.589514665726 0.490206437628 1.2066516849 -1.2066516849 0.490206437628 
27.716804529 147.505981574 1.33806204796 97.8536682129 4.11444473267 8388608 0.558531272346 0.0 0.558531272346 -0.182837526144 1.32551140441 -1.32551140441 -0.182837526144 
291.606761684 132.034630666 1.68010938168 71.7266235352 4.08080673218 11862016 0.354262257807 0.0 0.354262257807 0.52680040368 1.59538361189 -1.59538361189 0.52680040368 
221.914158131 148.131839332 1.3557292223 89.6454162598 4.05084228516 8388608 0.544069130533 0.0 0.544069130533 0.00839008516737 1.35570326055 -1.35570326055 0.00839008516737 
286.948238007 139.940451967 1.33044469357 89.5956115723 4.02489852905 8388608 0.564945233255 0.0 0.564945233255 0.00939008030962 1.33041155626 -1.33041155626 0.00939008030962 
287.393905285 103.018299701 1.91102206707 280.258728027 3.95901489258 21233664 0.273822162531 0.0 0.273822162531 0.340340503582 -1.88047166489 1.88047166489 0.340340503582 
215.873105058 148.029574801 1.38369619846 86.9085388184 3.95593261719 8388608 0.522298170335 0.0 0.522298170335 0.0746227359429 1.38168253116 -1.38168253116 0.0746227359429 
162.606919218 13.6206072637 1.33140301704 265.398864746 3.93149185181 8388608 0.564132248113 0.0 0.564132248113 -0.106803385131 -1.32711229017 1.32711229017 -0.106803385131 
288.701980082 40.0641619127 1.4668211937 6.8981628418 3.89337158203 8388608 0.464778090475 0.0 0.464778090475 1.45620315897 0.17617256907 -0.17617256907 1.45620315897 
296.344558028 99.7876394771 1.34037101269 268.678466797 3.8766708374 8388608 0.556608643136 0.0 0.556608643136 -0.030913057786 -1.34001449041 1.34001449041 -0.030913057786 
293.892325797 123.457814059 2.08546662331 67.3966674805 3.71793365479 10813696 0.229928874149 0.0 0.229928874149 0.801547051013 1.92527747661 -1.92527747661 0.801547051013 
288.604321175 146.424463868 1.52966237068 89.7970275879 3.63320922852 8388608 0.4273747241 0.0 0.4273747241 0.00541887403108 1.52965277239 -1.52965277239 0.00541887403108 
296.407714587 67.308253427 1.43773853779 0.332397460938 3.55059051514 8388608 0.48377138035 0.0 0.48377138035 1.43771434317 0.00834089286798 -0.00834089286798 1.43771434317 
296.173197293 85.7656177647 1.4150942564 0.259643554688 3.54917144775 8388608 0.499377836515 0.0 0.499377836515 1.41507972644 0.00641266858632 -0.00641266858632 1.41507972644 
296.378459408 56.5258473572 1.42530429363 0.609436035156 3.54906082153 8388608 0.492248966686 0.0 0.492248966686 1.42522366589 0.0151601989845 -0.0151601989845 1.42522366589 
297.762064894 73.7342224136 1.66269123554 2.29244995117 3.54879379272 11141120 0.361723550462 0.0 0.361723550462 1.66136054174 0.0665078574758 -0.0665078574758 1.66136054174 
296.626248483 46.4399989799 1.37370657921 352.068511963 3.54145431519 8388608 0.529922114245 0.0 0.529922114245 1.36056539748 -0.189556231576 0.189556231576 1.36056539748 
294.151314353 27.707862572 2.38143610954 352.375854492 3.54145431519 20381952 0.17632834487 0.0 0.17632834487 2.36038354023 -0.315954881055 0.315954881055 2.36038354023 
