13
104
61.7414722689 135.41840292 1.40577971935 137.375910376 117.859130859 8388608 0.506017402248 0.0 0.506017402248 -1.03439019715 0.951973497211 -0.951973497211 -1.03439019715 
117.494307185 150.1148082 3.09646821022 138.188340392 110.502098083 22675968 0.104295782924 0.0 0.104295782924 -2.30792268674 2.06436630686 -2.06436630686 -2.30792268674 
57.2657467689 63.6318367036 1.44945085049 128.020521479 110.090446472 8388608 0.475984722053 0.0 0.475984722053 -0.892780084411 1.14186316556 -1.14186316556 -0.892780084411 
223.689649988 124.149183507 2.98297381401 140.805909749 106.401535034 19988992 0.112383128604 0.0 0.112383128604 -2.31183356607 1.88508841647 -1.88508841647 -2.31183356607 
38.0995911713 86.3452142817 1.38536596298 139.683546912 103.149169922 8388608 0.521039889994 0.0 0.521039889994 -1.05631739395 0.896343915377 -0.896343915377 -1.05631739395 
134.629414376 117.320708947 2.02202320099 127.881477352 102.014915466 8585472 0.244583824185 0.0 0.244583824185 -1.2415830516 1.59594779091 -1.59594779091 -1.2415830516 
58.599334717 124.401260793 1.9165725708 137.353515244 98.1637191772 21430272 0.272238449845 0.0 0.272238449845 -1.40973052198 1.29842607588 -1.29842607588 -1.40973052198 
109.874427369 80.4324187167 2.10899281502 124.476950683 93.8717803955 11600128 0.224827690685 0.0 0.224827690685 -1.19384738287 1.73855661979 -1.73855661979 -1.19384738287 
131.104895847 149.871142218 3.0958840847 135.94665391 90.9865264893 22675968 0.104335143297 0.0 0.104335143297 -2.22498934313 2.15265433566 -2.15265433566 -2.22498934313 
110.361691911 64.9348334556 3.11794185638 126.206866398 89.4791107178 23200256 0.102864134352 0.0 0.102864134352 -1.84177564568 2.51583463105 -2.51583463105 -1.84177564568 
260.814605523 110.732486657 1.42057347298 124.553101074 87.7027130127 8388608 0.495533019546 0.0 0.495533019546 -0.805706350258 1.16998558507 -1.16998558507 -0.805706350258 
63.7734348621 90.8910586968 1.29201877117 134.864588938 87.2322006226 8388608 0.599049007881 0.0 0.599049007881 -0.911433522532 0.915751843605 -0.915751843605 -0.911433522532 
199.56641996 79.2169517901 2.63322615623 130.779717046 86.5510025024 10945024 0.144219398296 0.0 0.144219398296 -1.71989846697 1.99394815711 -1.99394815711 -1.71989846697 
253.781221488 106.902171881 1.31910192966 134.279165689 85.6314315796 8388608 0.57470276776 0.0 0.57470276776 -0.920937599571 0.944406606574 -0.944406606574 -0.920937599571 
155.947337151 73.1686374042 1.79427397251 137.576236798 85.1853256226 16646144 0.310615043439 0.0 0.310615043439 -1.32448928924 1.21043265452 -1.21043265452 -1.32448928924 
125.338877798 100.741869703 3.69441556931 131.603856747 84.9418029785 18743297 0.0732670167257 0.0 0.0732670167257 -2.45300529522 2.76251179551 -2.76251179551 -2.45300529522 
127.827639871 74.9733779221 1.71240890026 133.29786211 80.7090072632 13238272 0.341024080932 0.0 0.341024080932 -1.17435494931 1.24628836741 -1.24628836741 -1.17435494931 
260.88186047 107.991458903 1.32890582085 126.270128395 80.6305389404 8388608 0.566254403797 0.0 0.566254403797 -0.786171276709 1.07141280763 -1.07141280763 -0.786171276709 
122.683918142 110.914042511 6.24126625061 129.909851004 78.4716567993 23265793 0.0256716971243 0.0 0.0256716971243 -4.00428110446 4.78739357557 -4.78739357557 -4.00428110446 
72.9318573043 86.1106510318 1.55013728142 134.76647283 78.1837005615 8388608 0.416159369913 0.0 0.416159369913 -1.09163593596 1.10057102204 -1.10057102204 -1.09163593596 
80.8620554285 85.7140724659 1.93154537678 131.35838205 76.3586578369 21954560 0.268034173981 0.0 0.268034173981 -1.27630112052 1.44980101818 -1.44980101818 -1.27630112052 
131.923618235 77.4670075254 4.0143032074 129.705856976 74.6514587402 24772609 0.0620554108316 0.0 0.0620554108316 -2.56452341309 3.08834096314 -3.08834096314 -2.56452341309 
124.892368018 113.711933912 1.64058375359 132.563172798 72.5570297241 10158080 0.371537955569 0.0 0.371537955569 -1.10969527907 1.20834243497 -1.20834243497 -1.10969527907 
119.859781555 133.551855542 1.6158567667 131.730734291 72.0028991699 9043968 0.38299603459 0.0 0.38299603459 -1.07556397823 1.20588358444 -1.20588358444 -1.07556397823 
73.0764363877 124.146107927 2.0601747036 135.406962019 71.9390106201 9896192 0.235609012732 0.0 0.235609012732 -1.46707380891 1.44637970415 -1.44637970415 -1.46707380891 
110.437419724 83.7938689805 4.13372373581 125.799120543 71.7925109863 10158337 0.0585217228215 0.0 0.0585217228215 -2.41800196307 3.35275087511 -3.35275087511 -2.41800196307 
111.69087865 115.46467268 3.48060274124 130.695792448 70.5771408081 14417921 0.0825450593674 0.0 0.0825450593674 -2.26950170646 2.63893111822 -2.63893111822 -2.26950170646 
249.915124282 124.007804455 1.2797614336 130.302049079 69.6167221069 8388608 0.610579140769 0.0 0.610579140769 -0.827771520996 0.976003911858 -0.976003911858 -0.827771520996 
129.19248658 138.585861622 2.00355911255 127.292692529 66.2541503906 24641536 0.249112591355 0.0 0.249112591355 -1.21393030202 1.5939329783 -1.5939329783 -1.21393030202 
251.581117861 120.153250908 1.67731738091 140.309909637 65.1727600098 11796480 0.355442623215 0.0 0.355442623215 -1.2907125349 1.07119314249 -1.07119314249 -1.2907125349 
67.3179772454 64.5683705361 1.30795276165 134.791320861 64.7585067749 8388608 0.584542215983 0.0 0.584542215983 -0.921487664403 0.928224601625 -0.928224601625 -0.921487664403 
81.5488228281 104.897983857 2.39614629745 137.911557544 64.7329711914 20840704 0.174169994842 0.0 0.174169994842 -1.77820667459 1.60608159856 -1.60608159856 -1.77820667459 
95.6851650282 91.2250346826 1.3105982542 126.633098647 63.8924713135 8388608 0.582184756191 0.0 0.582184756191 -0.782018968461 1.05171959994 -1.05171959994 -0.782018968461 
240.915020271 55.7605178701 2.47176504135 127.336816685 63.8582725525 23134464 0.163676235832 0.0 0.163676235832 -1.49912407484 1.96526065138 -1.96526065138 -1.49912407484 
27.477087313 83.6792954567 1.26602053642 144.362438284 63.2803077698 8388608 0.623905047171 0.0 0.623905047171 -1.02891889461 0.737654327554 -0.737654327554 -1.02891889461 
120.163842555 77.1424727824 1.97723400593 127.248881592 60.7482299805 23658496 0.255790174186 0.0 0.255790174186 -1.1967771345 1.57390558946 -1.57390558946 -1.1967771345 
69.1644371114 111.5066712 2.10446643829 147.41078035 58.9181289673 11469056 0.225795868857 0.0 0.225795868857 -1.77312609611 1.13349143676 -1.13349143676 -1.77312609611 
256.960698671 128.259104338 1.66641259193 127.498316549 57.6556739807 11272192 0.360109785388 0.0 0.360109785388 -1.01440886608 1.3220838018 -1.3220838018 -1.01440886608 
92.2411927765 87.6086791159 3.52107524872 126.801041488 57.3379974365 15269889 0.0806583599438 0.0 0.0806583599438 -2.10925841579 2.81939707075 -2.81939707075 -2.10925841579 
160.785577449 51.8966953754 1.93467032909 122.598149067 56.2153167725 22085632 0.267168995512 0.0 0.267168995512 -1.04229119872 1.6299013281 -1.6299013281 -1.04229119872 
243.526561142 110.972254206 2.27245163918 138.92085372 54.2924308777 17039616 0.193646967681 0.0 0.193646967681 -1.71297996461 1.49323008718 -1.49323008718 -1.71297996461 
136.616894487 128.864059734 2.16338849068 126.986433226 52.9227828979 13435136 0.213663810894 0.0 0.213663810894 -1.30155055094 1.72806710661 -1.72806710661 -1.30155055094 
92.9367812324 83.5172521499 1.72625994682 124.677246493 52.4223480225 13828096 0.335573464735 0.0 0.335573464735 -0.982160750915 1.4196244797 -1.4196244797 -0.982160750915 
66.5477917414 116.127828086 1.39471042156 127.559564642 50.1362686157 8388608 0.514081420088 0.0 0.514081420088 -0.850195764793 1.10561490653 -1.10561490653 -0.850195764793 
87.548501593 92.9720441762 1.99669349194 129.868668647 49.9062805176 24379392 0.250828681481 0.0 0.250828681481 -1.2799404745 1.53249381156 -1.53249381156 -1.2799404745 
124.339264384 99.2005035503 1.60107254982 128.822367614 47.6827087402 8388608 0.390101820157 0.0 0.390101820157 -1.00372520319 1.24738487495 -1.24738487495 -1.00372520319 
111.799712349 109.745768607 1.24090707302 128.676632012 45.9492530823 8388608 0.649413750492 0.0 0.649413750492 -0.775472992789 0.968757968395 -0.968757968395 -0.775472992789 
83.5279006493 77.5803430445 1.32988929749 130.541899056 45.6947364807 8388608 0.565417203196 0.0 0.565417203196 -0.864433285288 1.01062388595 -1.01062388595 -0.864433285288 
254.563190632 88.3107143381 1.29695725441 133.141574382 45.6248931885 8388608 0.594495641038 0.0 0.594495641038 -0.886863788906 0.946345993648 -0.946345993648 -0.886863788906 
123.643254474 68.0117119763 1.31081593037 128.062388767 45.1457748413 8388608 0.581991415206 0.0 0.581991415206 -0.808143145116 1.03205768264 -1.03205768264 -0.808143145116 
68.3010266946 75.5477590187 2.61935162544 134.437380546 44.8856811523 10617344 0.145751285793 0.0 0.145751285793 -1.83388488095 1.87025912139 -1.87025912139 -1.83388488095 
119.359324771 101.65955786 1.35256659985 120.094332954 42.2169189453 8388608 0.546616431248 0.0 0.546616431248 -0.678210928848 1.1702420019 -1.1702420019 -0.678210928848 
56.9963491401 98.3244346744 1.32144618034 137.248911585 38.4165077209 8388608 0.572665526497 0.0 0.572665526497 -0.970350635298 0.897017085746 -0.897017085746 -0.970350635298 
230.244369412 52.9205327853 1.85900962353 121.536867627 35.9831542969 19202048 0.289358819541 0.0 0.289358819541 -0.972349588026 1.58444092949 -1.58444092949 -0.972349588026 
140.785824903 37.8139768515 1.88983952999 130.537766675 35.9022674561 20381696 0.279994913682 0.0 0.279994913682 -1.22829956015 1.43623592757 -1.43623592757 -1.22829956015 
139.813008988 66.377512271 1.49236857891 124.282718865 35.5714035034 8388608 0.449001515417 0.0 0.449001515417 -0.84061668943 1.23309673455 -1.23309673455 -0.84061668943 
225.976133073 42.2433984449 2.13412165642 147.814772727 34.4229431152 12452096 0.219564262915 0.0 0.219564262915 -1.80617231457 1.13675714842 -1.13675714842 -1.80617231457 
189.198533528 81.3384202306 1.48192083836 131.300626399 33.8796157837 8388608 0.455354874503 0.0 0.455354874503 -0.978082396594 1.11330328151 -1.11330328151 -0.978082396594 
145.940930412 60.3182318516 1.33292448521 119.150728205 33.7424201965 8388608 0.56284512434 0.0 0.56284512434 -0.649279253265 1.16409799181 -1.16409799181 -0.649279253265 
95.1958687526 104.48017043 3.52422738075 133.08650322 33.3820838928 15335425 0.0805141399081 0.0 0.0805141399081 -2.40740590997 2.57382505542 -2.57382505542 -2.40740590997 
232.738514078 73.1440375956 3.00884485245 133.07325804 32.773223877 20644352 0.110458822967 0.0 0.110458822967 -2.05483916119 2.1979043127 -2.1979043127 -2.05483916119 
234.481908049 66.6229272552 1.49723827839 129.131544164 32.480140686 8388608 0.446085551102 0.0 0.446085551102 -0.944911515024 1.16140634192 -1.16140634192 -0.944911515024 
147.608926833 131.302285869 2.24967551231 134.297298442 32.3330192566 16318720 0.197587851043 0.0 0.197587851043 -1.57113184647 1.61015049971 -1.61015049971 -1.57113184647 
170.869016719 32.6644328928 1.76539242268 120.27454734 31.2284584045 15466496 0.320861407015 0.0 0.320861407015 -0.890012042544 1.52462748571 -1.52462748571 -0.890012042544 
127.973423755 83.8566601327 1.96038877964 132.727688445 31.1577987671 23068672 0.260204967744 0.0 0.260204967744 -1.33015268601 1.44007569219 -1.44007569219 -1.33015268601 
233.795282283 42.9574445196 1.80678474903 148.412085846 30.9997673035 17170432 0.306328333253 0.0 0.306328333253 -1.53908690181 0.946405113049 -0.946405113049 -1.53908690181 
28.9847947358 77.6472054954 1.30323600769 140.63241118 30.828420639 8388608 0.588781097055 0.0 0.588781097055 -1.00752199025 0.82663385541 -0.82663385541 -1.00752199025 
62.0391689044 98.2743643031 1.54818463326 138.964447733 28.920211792 8388608 0.417209794089 0.0 0.417209794089 -1.16779930342 1.0164253271 -1.0164253271 -1.16779930342 
147.087301121 127.102405099 1.34242355824 130.833381232 26.9814586639 8388608 0.554907851788 0.0 0.554907851788 -0.87775911872 1.01569677523 -1.01569677523 -0.87775911872 
86.3059245373 55.8765346649 2.07956719398 132.127723004 26.8732528687 10617088 0.231235274029 0.0 0.231235274029 -1.39494362643 1.54231384399 -1.54231384399 -1.39494362643 
149.961262538 128.585408246 3.34445571899 130.658305153 26.6362686157 11534337 0.0894023839473 0.0 0.0894023839473 -2.17906851002 2.53713312322 -2.53713312322 -2.17906851002 
164.829696931 128.125802535 3.4158411026 135.189610116 26.4540290833 13107201 0.0857047080549 0.0 0.0857047080549 -2.42334438218 2.40735797994 -2.40735797994 -2.42334438218 
188.55437 75.4689835596 1.26104915142 127.758103035 24.8581218719 8388608 0.628833936725 0.0 0.628833936725 -0.772177088028 0.996989221118 -0.996989221118 -0.772177088028 
167.888062087 85.9746272359 1.32605135441 131.993872377 24.6107444763 8388608 0.5686948732 0.0 0.5686948732 -0.887196150835 0.985543091128 -0.985543091128 -0.887196150835 
211.716052771 70.6621810035 1.29475605488 129.158370332 23.690990448 8388608 0.596518749395 0.0 0.596518749395 -0.817594531534 1.00395837745 -1.00395837745 -0.817594531534 
92.2051168147 49.2973429775 1.29876947403 122.079551848 22.8317108154 8388608 0.592837756327 0.0 0.592837756327 -0.689771556225 1.10046233325 -1.10046233325 -0.689771556225 
207.504182472 71.5294926938 1.30034852028 128.004557409 22.2600784302 8388608 0.591398834615 0.0 0.591398834615 -0.800655991462 1.02462493505 -1.02462493505 -0.800655991462 
252.056614658 64.3244439538 1.54226148129 130.278807461 21.7411880493 8388608 0.420420588675 0.0 0.420420588675 -0.997083830274 1.17660286931 -1.17660286931 -0.997083830274 
233.972275674 118.764438187 1.36546635628 130.816625938 20.5131225586 8388608 0.536337288368 0.0 0.536337288368 -0.892523755878 1.03339233369 -1.03339233369 -0.892523755878 
45.3840672787 68.4173604493 2.16328167915 125.105407166 20.1770782471 13435136 0.213684910616 0.0 0.213684910616 -1.24406535102 1.7697708964 -1.7697708964 -1.24406535102 
252.646646246 54.0449701 1.27917587757 133.421346931 19.6844596863 8388608 0.611138266586 0.0 0.611138266586 -0.879251985342 0.929089270217 -0.929089270217 -0.879251985342 
221.128722001 46.5109162375 1.29381895065 128.722996184 18.896812439 8388608 0.597383171238 0.0 0.597383171238 -0.809355998976 1.00941088957 -1.00941088957 -0.809355998976 
113.63236479 90.1901540553 2.07185506821 125.204892066 17.3323059082 10354944 0.2329599454 0.0 0.2329599454 -1.19442876472 1.69290382174 -1.69290382174 -1.19442876472 
242.740255464 78.1603486523 1.55539989471 135.832769732 15.9921798706 8388608 0.413348027543 0.0 0.413348027543 -1.11570269582 1.08373259018 -1.08373259018 -1.11570269582 
118.322289385 55.0921553063 1.47816205025 120.713567622 15.8785457611 8388608 0.457673644169 0.0 0.457673644169 -0.754966117745 1.27082225659 -1.27082225659 -0.754966117745 
234.404514305 35.075517739 1.56291341782 153.398560459 13.0790777206 8388608 0.409383335994 0.0 0.409383335994 -1.39746807141 0.699843797554 -0.699843797554 -1.39746807141 
191.452906559 54.0968222496 1.6294387579 127.604806179 12.6177663803 9699328 0.376637809647 0.0 0.376637809647 -0.994302467252 1.29090405118 -1.29090405118 -0.994302467252 
212.947135541 50.3433363475 1.70953416824 134.03897524 12.5831298828 13172736 0.342171969213 0.0 0.342171969213 -1.18837846803 1.22892786164 -1.22892786164 -1.18837846803 
116.371984962 142.156796608 1.70674586296 140.759616134 12.3121013641 13041664 0.343290892972 0.0 0.343290892972 -1.32187266055 1.07964536308 -1.07964536308 -1.32187266055 
98.0909045496 142.510690273 1.45573449135 137.677468986 10.0388336182 8388608 0.471884438714 0.0 0.471884438714 -1.07632114417 0.980150857729 -0.980150857729 -1.07632114417 
163.447699891 97.4107551709 2.27192544937 126.616554986 9.61879730225 16974080 0.193736677367 0.0 0.193736677367 -1.35510541826 1.8235499864 -1.8235499864 -1.35510541826 
248.029090947 32.8108487452 1.58268463612 141.726797952 9.45914077759 8388608 0.399219022613 0.0 0.399219022613 -1.24251215464 0.980333720206 -0.980333720206 -1.24251215464 
198.965180347 91.7848390351 2.6255235672 132.671945098 8.55201911926 10748416 0.145066842409 0.0 0.145066842409 -1.77957918425 1.93040719251 -1.93040719251 -1.77957918425 
203.367625948 51.7117595659 1.36262333393 127.527776985 7.8222026825 8388608 0.538577686832 0.0 0.538577686832 -0.830036519354 1.08063949896 -1.08063949896 -0.830036519354 
181.663003244 153.799368138 1.92455041409 130.895678272 6.79502868652 21692416 0.269986106511 0.0 0.269986106511 -1.25997197656 1.45477314885 -1.45477314885 -1.25997197656 
237.858177873 85.0349062558 1.295129776 135.398739687 4.92782402039 8388608 0.59617453757 0.0 0.59617453757 -0.922146129972 0.909399610546 -0.909399610546 -0.922146129972 
208.453521564 90.2495037885 2.56482172012 128.790681218 4.92116546631 9044480 0.152014716649 0.0 0.152014716649 -1.60680194211 1.999124302 -1.999124302 -1.60680194211 
207.201705865 156.90473088 1.22004151344 125.426166743 4.41176605225 8388608 0.671816681436 0.0 0.671816681436 -0.707201183803 0.994166877416 -0.994166877416 -0.707201183803 
215.805026389 156.356752 1.31183505058 125.476237244 3.99606704712 8388608 0.581087507616 0.0 0.581087507616 -0.761343491351 1.0683011224 -1.0683011224 -0.761343491351 
243.268587987 25.6615639608 1.27694225311 125.089178847 3.74675750732 8388608 0.613278139788 0.0 0.613278139788 -0.734051176337 1.04486859858 -1.04486859858 -0.734051176337 
90.1638213766 116.288996606 1.24697709084 131.990953192 3.59086608887 8388608 0.64310672405 0.0 0.64310672405 -0.834244206177 0.926816308407 -0.926816308407 -0.834244206177 
218.740446366 91.4728292777 1.34256744385 123.039503135 3.35921382904 8388608 0.554788917014 0.0 0.554788917014 -0.731990775468 1.12546738998 -1.12546738998 -0.731990775468 
183.359096098 94.654294292 1.40831506252 121.345484322 3.09329605103 8388608 0.504197109343 0.0 0.504197109343 -0.732601638504 1.20276604316 -1.20276604316 -0.732601638504 
190.602629351 94.4624189036 1.42553281784 119.570352737 3.03851318359 8388608 0.492091156515 0.0 0.492091156515 -0.703488880223 1.23985773786 -1.23985773786 -0.703488880223 
