13
161
113.247911658 118.265060043 1.24642074108 140.484445237 145.450424194 8388608 0.643680963724 0.0 0.643680963724 -0.961553613102 0.793082160263 -0.793082160263 -0.961553613102 
109.049861636 124.04101994 1.27421152592 144.389174333 131.787216187 8388608 0.615909554992 0.0 0.615909554992 -1.03592219451 0.741943542124 -0.741943542124 -1.03592219451 
107.734377877 129.943380113 1.64110767841 133.566012545 128.756530762 10158080 0.371300765908 0.0 0.371300765908 -1.13103475267 1.18911513337 -1.18911513337 -1.13103475267 
116.289732538 150.133975328 1.27763354778 143.22016051 125.908256531 8388608 0.612614661259 0.0 0.612614661259 -1.02331049446 0.764972623269 -0.764972623269 -1.02331049446 
141.052156247 127.720653586 1.35946464539 135.192786731 122.547172546 8388608 0.541083343051 0.0 0.541083343051 -0.964515723796 0.958046731951 -0.958046731951 -0.964515723796 
135.632833837 117.601896804 1.82490432262 132.595357528 107.438163757 17891328 0.300275431838 0.0 0.300275431838 -1.23512503555 1.34340683833 -1.34340683833 -1.23512503555 
126.473235125 114.104331189 1.89078819752 137.928695326 103.547294617 20447232 0.27971401977 0.0 0.27971401977 -1.40355385385 1.26693195839 -1.26693195839 -1.40355385385 
198.673901001 69.6112659747 2.53618884087 148.52424232 102.918746948 24969472 0.155466501387 0.0 0.155466501387 -2.16301696062 1.32423995734 -1.32423995734 -2.16301696062 
127.439765811 149.491649084 1.24116516113 127.935597649 97.9642105103 8388608 0.649143700143 0.0 0.649143700143 -0.763037729509 0.978909791837 -0.978909791837 -0.763037729509 
138.914074552 136.941055435 1.72608995438 146.111563796 95.6306533813 13828096 0.335639565303 0.0 0.335639565303 -1.43287014 0.962429058426 -0.962429058426 -1.43287014 
26.5039798483 126.610891361 1.49034500122 135.142467858 92.8137130737 8388608 0.450221644026 0.0 0.450221644026 -1.05645018701 1.05120941064 -1.05120941064 -1.05645018701 
73.9199167039 96.4997615952 2.85866737366 136.556069659 91.695892334 16908800 0.122369377265 0.0 0.122369377265 -2.07552872154 1.96574659589 -1.96574659589 -2.07552872154 
117.055490499 116.543632084 1.74369680882 131.253339027 87.6394348145 14548992 0.328895593215 0.0 0.328895593215 -1.14977559179 1.31091366977 -1.31091366977 -1.14977559179 
181.370850624 87.4720295541 2.02070331573 142.08809874 87.1506576538 8519936 0.244903443608 0.0 0.244903443608 -1.59424695659 1.24161931832 -1.24161931832 -1.59424695659 
210.95546527 99.4985437226 2.30684614182 130.118872949 85.262336731 18088192 0.187915559216 0.0 0.187915559216 -1.48647526565 1.76406644053 -1.76406644053 -1.48647526565 
195.731685901 79.1888311112 1.94372034073 143.996807728 85.0020751953 22413312 0.264686895999 0.0 0.264686895999 -1.57243913093 1.14257776211 -1.14257776211 -1.57243913093 
194.049832006 81.3017306289 3.33347940445 142.378916418 82.7971496582 11337729 0.0899921126782 0.0 0.0899921126782 -2.64033259705 2.03487805945 -2.03487805945 -2.64033259705 
134.038151097 143.421595786 1.96985292435 134.929066772 82.390914917 23396352 0.257710668172 0.0 0.257710668172 -1.39117086245 1.39461972416 -1.39461972416 -1.39117086245 
152.273377141 70.4515571327 2.40433812141 135.270801615 79.7098922729 21102848 0.172985186974 0.0 0.172985186974 -1.70814020154 1.69206939986 -1.69206939986 -1.70814020154 
81.445149346 122.670854614 2.36975550652 137.151371357 78.521987915 20054272 0.178070885283 0.0 0.178070885283 -1.73739321225 1.61158493003 -1.61158493003 -1.73739321225 
217.604430829 108.946631155 1.72176468372 128.778544777 74.6107788086 13631488 0.337328013712 0.0 0.337328013712 -1.07836176759 1.34224048677 -1.34224048677 -1.07836176759 
105.535838718 115.989205089 1.71380996704 137.157084237 72.9943161011 13303808 0.340466723679 0.0 0.340466723679 -1.25660101684 1.16537482709 -1.16537482709 -1.25660101684 
125.931658365 142.170144182 1.37107515335 131.225666247 70.5286560059 8388608 0.531958164414 0.0 0.531958164414 -0.903574785766 1.03121272425 -1.03121272425 -0.903574785766 
61.8596798595 94.466476248 2.61851239204 140.090988396 66.5790939331 10551808 0.145844727358 0.0 0.145844727358 -2.00856725392 1.67995974171 -1.67995974171 -2.00856725392 
192.047457893 100.378055758 2.92309498787 134.727134544 66.2431335449 18547200 0.117034564514 0.0 0.117034564514 -2.05707328793 2.07676040896 -2.07676040896 -2.05707328793 
99.7000650991 130.6328511 2.28889274597 134.472724241 64.7728500366 17563904 0.190875028299 0.0 0.190875028299 -1.60352876872 1.63331732693 -1.63331732693 -1.60352876872 
61.7413865899 92.1406256949 1.51436650753 139.825527881 64.4202270508 8388608 0.436051724133 0.0 0.436051724133 -1.15710251229 0.976944059394 -0.976944059394 -1.15710251229 
164.440854823 107.00393296 1.72660648823 133.895782725 61.9243011475 13893632 0.335438774601 0.0 0.335438774601 -1.1971405194 1.24419634383 -1.24419634383 -1.1971405194 
124.884527204 76.9010757963 1.40081167221 129.60514807 58.8031082153 8388608 0.509612997896 0.0 0.509612997896 -0.893007941275 1.07926371097 -1.07926371097 -0.893007941275 
131.451509771 130.401040283 1.70391070843 136.310186943 58.5415077209 12910592 0.344434253894 0.0 0.344434253894 -1.23208074373 1.17698289844 -1.17698289844 -1.23208074373 
230.333795617 104.435062293 1.2746925354 127.142283081 56.0728797913 8388608 0.615444811642 0.0 0.615444811642 -0.769654794079 1.01610656811 -1.01610656811 -0.769654794079 
131.353157925 76.6727093995 1.31943666935 136.718560812 55.986907959 8388608 0.574411201783 0.0 0.574411201783 -0.960543150923 0.9045827655 -0.9045827655 -0.960543150923 
178.083629443 100.704589476 3.05681467056 137.740510107 55.0175704956 21758464 0.107019220167 0.0 0.107019220167 -2.26236918127 2.0556754651 -2.0556754651 -2.26236918127 
234.202377502 122.172176919 2.0812253952 135.294189836 54.0952033997 10682624 0.230866950766 0.0 0.230866950766 -1.47918545704 1.46407292487 -1.46407292487 -1.47918545704 
89.4119037669 97.1218134292 4.20215797424 131.502272552 54.0154571533 11337985 0.0566311329171 0.0 0.0566311329171 -2.78455894752 3.14711981155 -3.14711981155 -2.78455894752 
170.372019485 80.4740999559 1.44287979603 131.083335252 53.8086700439 8388608 0.480329981521 0.0 0.480329981521 -0.948197173699 1.08757722741 -1.08757722741 -0.948197173699 
115.127033996 106.786470011 2.70628476143 126.559810595 50.8705711365 12976640 0.136537836115 0.0 0.136537836115 -1.61202991674 2.17378397212 -2.17378397212 -1.61202991674 
117.463634288 129.643980626 2.32549238205 136.053334803 50.5910415649 18678016 0.184914155173 0.0 0.184914155173 -1.67432224603 1.61386487521 -1.61386487521 -1.67432224603 
131.454815347 101.203547501 3.57922744751 140.48124134 50.4975662231 16449537 0.0780587164348 0.0 0.0780587164348 -2.76107435784 2.27757272365 -2.27757272365 -2.76107435784 
36.4541240246 141.600227183 1.90322113037 146.620358587 49.5562820435 20905984 0.276071451372 0.0 0.276071451372 -1.58927226228 1.04712193532 -1.04712193532 -1.58927226228 
118.441345489 160.725790934 2.63694906235 138.360181488 49.5463218689 11076096 0.143812461149 0.0 0.143812461149 -1.97068829625 1.7521095846 -1.7521095846 -1.97068829625 
38.9072676949 84.3641393643 1.5321187973 128.136948793 47.7005577087 8388608 0.426005413739 0.0 0.426005413739 -0.946149581576 1.20506803888 -1.20506803888 -0.946149581576 
153.416661118 115.336214437 2.47839546204 135.235869746 47.1643676758 23265536 0.162801645276 0.0 0.162801645276 -1.75968985037 1.74526092512 -1.74526092512 -1.75968985037 
85.5401633245 104.036299044 1.43024730682 135.048249367 47.0817108154 8388608 0.488852367371 0.0 0.488852367371 -1.01218886854 1.01048555313 -1.01048555313 -1.01218886854 
128.113291702 46.7195690423 2.23065900803 127.079997998 46.825214386 15663360 0.200971108066 0.0 0.200971108066 -1.3449301512 1.7796074001 -1.7796074001 -1.3449301512 
154.249033068 124.923097166 1.5492221117 126.49913666 46.0492172241 8388608 0.41665118957 0.0 0.41665118957 -0.921493848536 1.24536670844 -1.24536670844 -0.921493848536 
229.025662847 131.266966579 1.40465605259 137.290144272 45.8257904053 8388608 0.506827312065 0.0 0.506827312065 -1.03213836081 0.952758642168 -0.952758642168 -1.03213836081 
150.909194296 108.540904837 3.4639248848 137.59682305 45.1180000305 14090241 0.0833418369266 0.0 0.0833418369266 -2.55782431452 2.33587465065 -2.33587465065 -2.55782431452 
145.478123258 117.678516267 1.33400833607 129.023273778 44.8588790894 8388608 0.561930898643 0.0 0.561930898643 -0.839939697992 1.03637808952 -1.03637808952 -0.839939697992 
205.121721834 78.6425044735 1.2885197401 133.462700443 44.0217590332 8388608 0.602306912338 0.0 0.602306912338 -0.886349807865 0.935236407941 -0.935236407941 -0.886349807865 
131.660133773 124.109299079 5.2194647789 132.177448564 43.397441864 10289665 0.0367069294747 0.0 0.0367069294747 -3.50449980293 3.86798315786 -3.86798315786 -3.50449980293 
128.981600579 158.436060464 2.13062763214 129.157384371 43.2812576294 12386560 0.220284981909 0.0 0.220284981909 -1.34539065055 1.65211927664 -1.65211927664 -1.34539065055 
133.200920679 158.172870394 2.48372650146 124.62702042 42.7524147034 23462144 0.162103524478 0.0 0.162103524478 -1.41133255235 2.04378026235 -2.04378026235 -1.41133255235 
65.5898029951 107.430800056 1.81262791157 147.913986868 42.6618881226 17367040 0.304356564818 0.0 0.304356564818 -1.53575193364 0.962853023106 -0.962853023106 -1.53575193364 
102.539959854 143.447768339 2.92484807968 133.524880271 42.5303001404 18547200 0.116894310496 0.0 0.116894310496 -2.01425366247 2.12073536124 -2.12073536124 -2.01425366247 
213.655564276 82.8902546644 1.68953156471 134.826093034 42.0403594971 12320768 0.350321974672 0.0 0.350321974672 -1.19104757978 1.19829986683 -1.19829986683 -1.19104757978 
48.2070965271 71.5436222888 2.59114766121 128.853649551 41.118637085 9830912 0.148941483255 0.0 0.148941483255 -1.62551315733 2.01785856232 -2.01785856232 -1.62551315733 
66.6149324506 70.6314216783 1.7539087534 132.985386647 40.7136459351 15007744 0.325076824609 0.0 0.325076824609 -1.19583569348 1.28303270006 -1.28303270006 -1.19583569348 
219.408763421 131.721499475 1.86983633041 135.582724158 39.879360199 19660800 0.286017635812 0.0 0.286017635812 -1.33555244699 1.30865868883 -1.30865868883 -1.33555244699 
93.0954587488 117.359158355 1.49297010899 134.011424837 39.3345985413 8388608 0.448639775415 0.0 0.448639775415 -1.03731830973 1.07374599912 -1.07374599912 -1.03731830973 
47.3252273034 73.5870057417 1.79044163227 129.140214156 38.4617385864 16515072 0.3119461748 0.0 0.3119461748 -1.13016316743 1.38867291093 -1.38867291093 -1.13016316743 
237.468909293 104.083012086 1.45775651932 134.333284513 38.1199760437 8388608 0.470576261705 0.0 0.470576261705 -1.0187253454 1.04271412202 -1.04271412202 -1.0187253454 
88.6824264066 144.430065967 2.72658419609 132.623863767 37.731300354 13500928 0.134512354235 0.0 0.134512354235 -1.84639509244 2.0062618326 -2.0062618326 -1.84639509244 
93.2052174933 58.272173775 2.08556413651 131.481937113 35.8721084595 10813696 0.229907373419 0.0 0.229907373419 -1.38144411033 1.56243077847 -1.56243077847 -1.38144411033 
144.865490119 145.130972833 1.47764492035 136.806219807 35.1188659668 8388608 0.457994043389 0.0 0.457994043389 -1.07726658947 1.0114006159 -1.0114006159 -1.07726658947 
205.918848342 130.663157618 3.98522853851 127.750410637 34.8932304382 24248321 0.0629641778052 0.0 0.0629641778052 -2.43984835981 3.15106116814 -3.15106116814 -2.43984835981 
86.0064105475 116.836212269 1.50232791901 136.378458712 34.7738494873 8388608 0.443068141635 0.0 0.443068141635 -1.08755401448 1.03644365106 -1.03644365106 -1.08755401448 
225.981160611 85.7131023144 2.29532909393 155.463440429 34.0372467041 17760512 0.189806061216 0.0 0.189806061216 -2.08805278837 0.953190013807 -0.953190013807 -2.08805278837 
205.526352441 81.8061388706 1.95304179192 131.198749489 33.7859153748 22806528 0.262166337427 0.0 0.262166337427 -1.28641597063 1.469525839 -1.469525839 -1.28641597063 
125.578603955 84.6142910896 1.99371957779 140.507126466 33.6243591309 24248320 0.251577532334 0.0 0.251577532334 -1.53856076103 1.26797024393 -1.26797024393 -1.53856076103 
147.292344126 138.224174795 1.32469558716 132.001108678 32.9026412964 8388608 0.569859536905 0.0 0.569859536905 -0.886413410315 0.984423518944 -0.984423518944 -0.886413410315 
165.067717562 98.6296536531 4.36815643311 139.860036927 32.612953186 14156033 0.0524087297902 0.0 0.0524087297902 -3.3393330528 2.81596260389 -2.81596260389 -3.3393330528 
130.63899459 106.621762367 1.99062728882 146.353553138 31.5120353699 24182784 0.25235975277 0.0 0.25235975277 -1.6571421967 1.10294004501 -1.10294004501 -1.6571421967 
166.602726407 81.5543913847 3.37060379982 139.632107823 31.0700435638 12124161 0.088020653357 0.0 0.088020653357 -2.56806770692 2.1831166318 -2.1831166318 -2.56806770692 
57.5686377304 146.835449404 1.54809391499 138.534935211 31.0291557312 8388608 0.417258692491 0.0 0.417258692491 -1.1600790428 1.02509091502 -1.02509091502 -1.1600790428 
136.379748367 108.457774105 1.54671859741 156.367331579 30.6535720825 8388608 0.41800106198 0.0 0.41800106198 -1.41700197966 0.620035329 -0.620035329 -1.41700197966 
48.2600760242 46.4487704896 1.59546518326 132.359096778 30.259771347 8388608 0.392848715398 0.0 0.392848715398 -1.07498461059 1.17894751282 -1.17894751282 -1.07498461059 
233.650990984 78.055593218 1.59585702419 141.269803693 30.17694664 8388608 0.39265582179 0.0 0.39265582179 -1.2449293101 0.998454132407 -0.998454132407 -1.2449293101 
43.5892017307 116.533090258 1.67220008373 138.369750601 29.9762039185 11534336 0.357621415899 0.0 0.357621415899 -1.2498817142 1.11087750025 -1.11087750025 -1.2498817142 
76.9820889933 165.427055952 1.50298953056 131.145185204 29.0423622131 8388608 0.442678152912 0.0 0.442678152912 -0.988921006081 1.13181834793 -1.13181834793 -0.988921006081 
90.6758574561 49.3403236891 1.75344491005 128.929417566 29.0390357971 15007744 0.325248834194 0.0 0.325248834194 -1.10179911651 1.36404096692 -1.36404096692 -1.10179911651 
122.973192539 82.5601144432 3.20954823494 135.070070139 28.2978992462 8585217 0.09707607001 0.0 0.09707607001 -2.27226711099 2.26671613766 -2.26671613766 -2.27226711099 
172.516694504 87.9192708854 1.32036805153 133.967223412 28.2374973297 8388608 0.573601113014 0.0 0.573601113014 -0.916661230881 0.950317830674 -0.950317830674 -0.916661230881 
211.014461108 61.9018615438 2.48357892036 154.136371846 26.7680053711 23462144 0.162122790327 0.0 0.162122790327 -2.23481094762 1.08341325545 -1.08341325545 -2.23481094762 
221.819065567 87.95009661 1.2877818346 139.400115861 26.2095737457 8388608 0.602997359909 0.0 0.602997359909 -0.977777491799 0.838053238204 -0.838053238204 -0.977777491799 
133.638245875 79.8575030737 3.93771791458 134.80068053 26.0944366455 23330817 0.0644927353335 0.0 0.0644927353335 -2.77468393838 2.79405644484 -2.79405644484 -2.77468393838 
155.200116608 133.145658237 2.65936899185 132.158041543 26.0753517151 11665920 0.141397847687 0.0 0.141397847687 -1.78490971721 1.97138041387 -1.97138041387 -1.78490971721 
236.341182804 86.2349889595 1.71935975552 144.540947629 26.0217266083 13565952 0.338272338498 0.0 0.338272338498 -1.4004706552 0.997436671085 -0.997436671085 -1.4004706552 
68.5935430706 62.7278833934 1.49255001545 131.503560171 25.2751083374 8388608 0.448892359504 0.0 0.448892359504 -0.989063021043 1.11779241768 -1.11779241768 -0.989063021043 
84.5989352795 150.038851198 1.2460912466 135.870470096 24.372625351 8388608 0.644021416099 0.0 0.644021416099 -0.894403840077 0.867631929865 -0.867631929865 -0.894403840077 
78.7093742623 143.202697955 1.51196527481 139.552872031 24.2458686829 8388608 0.437437857971 0.0 0.437437857971 -1.15061305319 0.98088153926 -0.98088153926 -1.15061305319 
208.117314263 133.987045763 1.22540783882 137.501941693 24.1215686798 8388608 0.665945504759 0.0 0.665945504759 -0.903493483152 0.82784291828 -0.82784291828 -0.903493483152 
38.4576197178 61.5788010942 1.93807375431 132.320190823 23.8989887238 22216704 0.26623147567 0.0 0.26623147567 -1.30485295367 1.43299987664 -1.43299987664 -1.30485295367 
150.008345277 87.2601386953 3.47565054893 148.855566538 23.6768856049 14352385 0.082780451402 0.0 0.082780451402 -2.97469200262 1.79759679235 -1.79759679235 -2.97469200262 
77.9525823736 115.499866259 1.53269290924 137.0965046 23.0868282318 8388608 0.425686329614 0.0 0.425686329614 -1.12269965458 1.04340454266 -1.04340454266 -1.12269965458 
41.7497595016 157.518770454 1.39243936539 136.022750741 22.4397773743 8388608 0.515759712027 0.0 0.515759712027 -1.00202105504 0.966871858906 -0.966871858906 -1.00202105504 
84.4158357842 60.2421435483 1.52021276951 135.617944724 22.2049732208 8388608 0.432704336432 0.0 0.432704336432 -1.08648356309 1.06329691607 -1.06329691607 -1.08648356309 
166.538005599 40.6446274701 1.80116856098 126.59089488 21.9990005493 16908288 0.308241624136 0.0 0.308241624136 -1.07367169487 1.44618023659 -1.44618023659 -1.07367169487 
175.851493805 38.8594436531 2.0990550518 131.709086343 21.6930522919 11272448 0.226961577882 0.0 0.226961577882 -1.3966036614 1.56701318548 -1.56701318548 -1.3966036614 
154.733069786 86.1286130546 1.73690497875 145.886102928 21.1930732727 14286848 0.331472787053 0.0 0.331472787053 -1.4380258864 0.974125482294 -0.974125482294 -1.4380258864 
51.128412524 63.3259522272 1.49318301678 133.466176777 20.9548454285 8388608 0.448511844555 0.0 0.448511844555 -1.02719979029 1.08372326376 -1.08372326376 -1.02719979029 
83.121136243 165.637415504 1.31424152851 137.40824066 20.5314350128 8388608 0.578961423536 0.0 0.578961423536 -0.967537296005 0.889439360553 -0.889439360553 -0.967537296005 
55.4171952085 167.212783136 1.75836372375 136.210914658 20.115322113 15204352 0.323431689399 0.0 0.323431689399 -1.26934882133 1.21679766387 -1.21679766387 -1.26934882133 
165.499221826 86.6953189103 1.49884915352 144.117399505 19.8479442596 8388608 0.445127213206 0.0 0.445127213206 -1.21439706933 0.878514964592 -0.878514964592 -1.21439706933 
62.0599899282 155.270537365 1.4553732872 127.311847784 19.7783031464 8388608 0.472118698569 0.0 0.472118698569 -0.882178705978 1.15752846005 -1.15752846005 -0.882178705978 
31.0296612415 159.842443703 1.24029493332 139.561697853 19.6034317017 8388608 0.65005493676 0.0 0.65005493676 -0.943994514201 0.804491068176 -0.804491068176 -0.943994514201 
197.071039371 136.506843925 1.77972102165 132.387634708 18.9472694397 16056320 0.315715671167 0.0 0.315715671167 -1.19978647244 1.31450345586 -1.31450345586 -1.19978647244 
210.151221687 141.128526501 1.3595148325 138.04378865 17.1131763458 8388608 0.54104339511 0.0 0.54104339511 -1.01101135624 0.908920578125 -0.908920578125 -1.01101135624 
92.0928678117 165.469721417 1.67227196693 135.511158462 16.0091495514 11534336 0.357590671594 0.0 0.357590671594 -1.19297697972 1.17187860175 -1.17187860175 -1.19297697972 
168.398024407 132.311257666 2.16556453705 130.971980652 15.2522163391 13566208 0.213234630645 0.0 0.213234630645 -1.41993874066 1.63506689065 -1.63506689065 -1.41993874066 
47.869780997 37.7479769955 1.88973760605 127.660703615 14.3704013824 20381696 0.280025117827 0.0 0.280025117827 -1.15459988504 1.49599710066 -1.49599710066 -1.15459988504 
186.860612686 138.408898276 1.39667093754 136.961536695 14.3209028244 8388608 0.51263919424 0.0 0.51263919424 -1.02082078766 0.953212792219 -0.953212792219 -1.02082078766 
91.2539420726 41.8568593908 1.26241838932 131.035195865 14.1028194427 8388608 0.62747059106 0.0 0.62747059106 -0.828806090876 0.952250310277 -0.952250310277 -0.828806090876 
94.9105895739 105.852560401 1.34900844097 133.35372692 13.9126615524 8388608 0.549503756567 0.0 0.549503756567 -0.926094958848 0.980903614535 -0.980903614535 -0.926094958848 
41.827255226 42.2542870064 1.2786539793 133.427109886 13.9067325592 8388608 0.611637255525 0.0 0.611637255525 -0.878986661887 0.92862179977 -0.92862179977 -0.878986661887 
49.6824776264 55.5668298437 1.99547874928 139.95482568 13.6523313522 24313856 0.251134157087 0.0 0.251134157087 -1.52761362386 1.283873847 -1.283873847 -1.52761362386 
175.171040166 116.993391032 2.66771054268 128.924140869 13.437297821 11928064 0.140514968314 0.0 0.140514968314 -1.67609827124 2.07542143303 -2.07542143303 -1.67609827124 
139.286179907 171.385374883 1.40789711475 136.489283124 13.2262954712 8388608 0.504496505276 0.0 0.504496505276 -1.02107119505 0.969323424034 -0.969323424034 -1.02107119505 
62.8536844505 168.292341712 1.57416749001 131.723283346 13.1442832947 8388608 0.403550715777 0.0 0.403550715777 -1.04766153271 1.17490791106 -1.17490791106 -1.04766153271 
179.231209326 147.088313703 1.51727616787 135.211248099 12.9329833984 8388608 0.434380906532 0.0 0.434380906532 -1.07682463388 1.06891331616 -1.06891331616 -1.07682463388 
173.562073176 166.515036844 1.66689062119 135.627606891 12.846657753 11337728 0.359903271145 0.0 0.359903271145 -1.19150961199 1.16568828918 -1.16568828918 -1.19150961199 
171.286243654 144.399734854 1.58720326424 129.42992043 12.8139657974 8388608 0.396949175344 0.0 0.396949175344 -1.00808668795 1.22595898446 -1.22595898446 -1.00808668795 
224.988661408 73.7455754786 1.37564492226 157.721920965 12.6296920776 8388608 0.528429800109 0.0 0.528429800109 -1.27295967034 0.521509951786 -0.521509951786 -1.27295967034 
36.9791618498 172.53082938 1.28474152088 128.833530233 12.5875873566 8388608 0.605854697905 0.0 0.605854697905 -0.805609738939 1.00077656048 -1.00077656048 -0.805609738939 
125.555179768 170.366706549 1.293415308 127.84661729 12.4213876724 8388608 0.59775608619 0.0 0.59775608619 -0.793574626899 1.02135325451 -1.02135325451 -0.793574626899 
63.4721726758 51.9100947687 1.45577740669 131.053990205 12.3461303711 8388608 0.471856617449 0.0 0.471856617449 -0.95611078999 1.09778869328 -1.09778869328 -0.95611078999 
158.983785849 152.459637234 1.292121768 131.396517607 12.1969184875 8388608 0.598953509626 0.0 0.598953509626 -0.854436545695 0.96928677527 -0.96928677527 -0.854436545695 
245.212151582 133.190062988 1.32560873032 141.739977877 12.1341104507 8388608 0.569074713904 0.0 0.569074713904 -1.04087941179 0.82085842628 -0.82085842628 -1.04087941179 
249.888637636 89.7998239222 1.32577490807 123.044247389 11.9631080627 8388608 0.568932062797 0.0 0.568932062797 -0.722927221032 1.11133043689 -1.11133043689 -0.722927221032 
35.6364422232 39.1858396956 1.2886633873 128.335030634 11.7175445557 8388608 0.602172641626 0.0 0.602172641626 -0.799304713583 1.01082407006 -1.01082407006 -0.799304713583 
115.789916017 42.7884770004 1.57512283325 125.482726552 11.2351818085 8388608 0.403061341199 0.0 0.403061341199 -0.914291847757 1.28260763952 -1.28260763952 -0.914291847757 
222.935373205 161.326876404 1.76699137688 129.320760219 11.1847982407 15532032 0.320280973432 0.0 0.320280973432 -1.11967391126 1.36696337128 -1.36696337128 -1.11967391126 
123.91522619 38.209496423 1.45262277126 126.983112442 11.0210609436 8388608 0.473908288325 0.0 0.473908288325 -0.873868232069 1.16037374521 -1.16037374521 -0.873868232069 
30.7919362145 56.7859010745 1.65522515774 132.636497567 10.6278953552 10813440 0.364994098839 0.0 0.364994098839 -1.12115803452 1.21769248353 -1.21769248353 -1.12115803452 
187.74893452 166.685179624 1.30186057091 133.533637652 10.4209804535 8388608 0.590025867802 0.0 0.590025867802 -0.896695934732 0.943810016222 -0.943810016222 -0.896695934732 
237.875883818 138.927792736 1.25002896786 136.468973874 9.93432807922 8388608 0.639970337945 0.0 0.639970337945 -0.906272895656 0.860954040052 -0.860954040052 -0.906272895656 
98.3789766173 26.0937816976 1.34863853455 132.954412501 8.90805053711 8388608 0.549805235193 0.0 0.549805235193 -0.918984201007 0.987063288327 -0.987063288327 -0.918984201007 
149.333544854 172.577889952 1.36375391483 133.177576978 8.63971328735 8388608 0.537685072347 0.0 0.537685072347 -0.933164664315 0.994499094769 -0.994499094769 -0.933164664315 
38.0681694075 46.5228256456 1.46251833439 135.196772836 8.21836471558 8388608 0.467516950686 0.0 0.467516950686 -1.03770216526 1.03059890095 -1.03059890095 -1.03770216526 
201.628851778 160.699762933 1.28911912441 128.453778851 7.81598329544 8388608 0.601746949528 0.0 0.601746949528 -0.801681391365 1.00952219573 -1.00952219573 -0.801681391365 
170.075158796 47.1503480524 1.29981946945 128.525954974 7.68334579468 8388608 0.591880353355 0.0 0.591880353355 -0.809617375375 1.0168826671 -1.0168826671 -0.809617375375 
161.725604801 159.935430819 1.73431587219 132.100274833 7.51255750656 14155776 0.332463216749 0.0 0.332463216749 -1.16273769893 1.28681490046 -1.28681490046 -1.16273769893 
170.783104176 157.87303399 1.99380588531 131.569771714 7.23843288422 24248320 0.251555752316 0.0 0.251555752316 -1.32295319844 1.49166240921 -1.49166240921 -1.32295319844 
233.855133681 167.112333651 1.86078596115 130.823088906 7.08041858673 19267584 0.288806629625 0.0 0.288806629625 -1.21644342422 1.40811568733 -1.40811568733 -1.21644342422 
81.1781461129 158.787501695 1.50615096092 133.309289251 6.95618534088 8388608 0.440821728944 0.0 0.440821728944 -1.033123672 1.09596815439 -1.09596815439 -1.033123672 
166.00269745 33.6746348021 1.42009484768 127.777123944 6.74792480469 8388608 0.495867102312 0.0 0.495867102312 -0.869938069159 1.12244248505 -1.12244248505 -0.869938069159 
135.386748172 57.4530655883 1.25590240955 124.348310421 6.55090332031 8388608 0.633998474148 0.0 0.633998474148 -0.708608265049 1.03690172583 -1.03690172583 -0.708608265049 
113.376172851 27.0040775571 1.48582112789 127.806152868 6.29306602478 8388608 0.452967393544 0.0 0.452967393544 -0.910796320904 1.17393121005 -1.17393121005 -0.910796320904 
153.953229137 167.581286165 1.69893574715 133.796493839 6.21244621277 12713984 0.346454407926 0.0 0.346454407926 -1.1758317404 1.22629620859 -1.22629620859 -1.1758317404 
207.162288244 158.459707814 1.45047414303 129.168379262 6.14765071869 8388608 0.47531335565 0.0 0.47531335565 -0.916121681331 1.1245427091 -1.1245427091 -0.916121681331 
145.512719221 25.567403932 1.38272631168 128.014808194 5.43493556976 8388608 0.523031139323 0.0 0.523031139323 -0.851572902438 1.08938314878 -1.08938314878 -0.851572902438 
139.278650975 52.9834494244 1.72357690334 130.240946111 5.16547393799 13762560 0.336619033373 0.0 0.336619033373 -1.11343648018 1.31566581864 -1.31566581864 -1.11343648018 
155.97575261 50.6222476317 1.36958360672 130.602639678 4.99800682068 8388608 0.533117454657 0.0 0.533117454657 -0.891337607336 1.03984447181 -1.03984447181 -0.891337607336 
227.889078736 49.6683101191 1.44203698635 128.836181486 4.23176193237 8388608 0.480891610747 0.0 0.480891610747 -0.904295377172 1.12326334438 -1.12326334438 -0.904295377172 
233.637758691 48.0174319666 1.32712650299 130.480556993 3.86772441864 8388608 0.567773809812 0.0 0.567773809812 -0.861557216474 1.00944733279 -1.00944733279 -0.861557216474 
158.441368733 35.6985382827 1.5007404089 123.593696825 3.48802852631 8388608 0.444006008265 0.0 0.444006008265 -0.830359541071 1.25008991975 -1.25008991975 -0.830359541071 
231.258947128 40.4640818677 1.3084321022 124.801378305 3.13028860092 8388608 0.584114003523 0.0 0.584114003523 -0.746765799066 1.07440002207 -1.07440002207 -0.746765799066 
105.507540477 46.5773454783 1.3370462656 134.898518721 2.61988782883 8388608 0.559380250783 0.0 0.559380250783 -0.943758462133 0.947107534291 -0.947107534291 -0.943758462133 
181.709049331 31.1733879865 1.30618822575 127.786629676 2.39898395538 8388608 0.586122604475 0.0 0.586122604475 -0.80033111032 1.03227796399 -1.03227796399 -0.80033111032 
239.137257382 41.8801484424 1.72963273525 124.37419325 2.2610616684 13959168 0.334266002461 0.0 0.334266002461 -0.976542520796 1.42758330893 -1.42758330893 -0.976542520796 
108.677127377 32.856797494 1.26178061962 127.997464994 0.880341529846 8388608 0.628105064058 0.0 0.628105064058 -0.776785725196 0.994331066187 -0.994331066187 -0.776785725196 
