13
125
168.437767535 123.27553393 1.65780115128 140.030216028 140.788589478 10944512 0.363860679489 0.0 0.363860679489 -1.2705111551 1.06494415907 -1.06494415907 -1.2705111551 
39.5687356709 109.198191089 1.8306530714 134.603747472 137.500518799 18087936 0.29839249982 0.0 0.29839249982 -1.28548389489 1.30338859279 -1.30338859279 -1.28548389489 
120.48423361 58.7714813427 1.64779353142 136.000515504 130.472427368 10485760 0.368293804112 0.0 0.368293804112 -1.18533376856 1.14464290471 -1.14464290471 -1.18533376856 
113.668032031 68.7381616244 3.80646109581 138.372973336 126.896499634 20905985 0.0690171798185 0.0 0.0690171798185 -2.84527192694 2.52855170714 -2.52855170714 -2.84527192694 
35.344454083 100.098178701 1.52267086506 135.540898285 119.578681946 8388608 0.431308407602 0.0 0.431308407602 -1.08680721805 1.06647861399 -1.06647861399 -1.08680721805 
158.476924227 112.398753351 1.87593400478 138.763246023 116.93270874 19857408 0.28416127208 0.0 0.28416127208 -1.41068777567 1.23656313623 -1.23656313623 -1.41068777567 
202.978620481 68.870960657 1.60327613354 148.965950003 113.950561523 8519680 0.389030225243 0.0 0.389030225243 -1.37378490358 0.826564818423 -0.826564818423 -1.37378490358 
144.584544413 87.5669309377 1.4157346487 129.241934474 113.896255493 8388608 0.498926162333 0.0 0.498926162333 -0.895588516203 1.09646058077 -1.09646058077 -0.895588516203 
249.593151908 89.9550216534 1.33306229115 151.274805382 103.129264832 8388608 0.562728761598 0.0 0.562728761598 -1.16900886123 0.640681944839 -0.640681944839 -1.16900886123 
121.436216942 76.5941080319 1.54228878021 137.810649261 103.07119751 8388608 0.420405705691 0.0 0.420405705691 -1.14272715084 1.03577475365 -1.03577475365 -1.14272715084 
127.349564996 76.0240254437 2.25545668602 137.312792576 99.2275543213 16449792 0.196576237084 0.0 0.196576237084 -1.6579095047 1.529189634 -1.529189634 -1.6579095047 
241.592832352 86.9870971882 1.39600300789 153.093196259 98.0338363647 8388608 0.51312986486 0.0 0.51312986486 -1.24487702392 0.631748045777 -0.631748045777 -1.24487702392 
162.202807193 103.545175426 1.69520974159 138.227705854 96.1423873901 12517376 0.347979068481 0.0 0.347979068481 -1.26428440758 1.1293011134 -1.1293011134 -1.26428440758 
174.443063325 101.792330001 1.94374394417 131.20649016 89.3114242554 22413312 0.2646804677 0.0 0.2646804677 -1.28048930539 1.46235688506 -1.46235688506 -1.28048930539 
73.2706666593 70.2978460854 2.49646663666 138.084591119 88.3948364258 23789824 0.160453231139 0.0 0.160453231139 -1.8577004998 1.66772135592 -1.66772135592 -1.8577004998 
272.18760725 113.766502312 1.44112944603 132.725185873 80.2931671143 8388608 0.481497477135 0.0 0.481497477135 -0.977781333403 1.05867735607 -1.05867735607 -0.977781333403 
132.359401553 59.7164069874 2.39003419876 140.660289853 77.634765625 20644096 0.175061953118 0.0 0.175061953118 -1.84845494653 1.51508342407 -1.51508342407 -1.84845494653 
37.4409264852 92.4794228185 1.5572681427 138.753823892 73.7695999146 8388608 0.412356838711 0.0 0.412356838711 -1.17088470466 1.0267000909 -1.0267000909 -1.17088470466 
159.243315423 87.9789833718 1.94426751137 126.171409553 68.9496688843 22478848 0.264537936539 0.0 0.264537936539 -1.14751236825 1.56951951898 -1.56951951898 -1.14751236825 
155.265349052 89.4998217879 1.77529656887 119.666180134 67.5334091187 15859712 0.317291306208 0.0 0.317291306208 -0.878675681267 1.54259747005 -1.54259747005 -0.878675681267 
204.103262593 74.813596398 1.33521866798 148.961118509 67.0897827148 8388608 0.560912616524 0.0 0.560912616524 -1.14403884571 0.688464967039 -0.688464967039 -1.14403884571 
103.414616503 92.1813095216 5.39529037476 145.482299897 65.1052398682 12714497 0.0343534495972 0.0 0.0343534495972 -4.44545582871 3.0572995769 -3.0572995769 -4.44545582871 
125.877644862 67.1707862373 1.65149772167 131.221032729 61.6897964478 10616832 0.366643544028 0.0 0.366643544028 -1.08828022009 1.24221209431 -1.24221209431 -1.08828022009 
218.810796265 93.94955916 1.31499624252 154.858548056 61.6610679626 8388608 0.578297049151 0.0 0.578297049151 -1.19041568831 0.558682026616 -0.558682026616 -1.19041568831 
227.039214133 97.9632741089 1.24513995647 150.186179705 57.0989341736 8388608 0.645005860053 0.0 0.645005860053 -1.08034014636 0.619062742677 -0.619062742677 -1.08034014636 
217.777695045 86.3488580179 4.53028392792 148.902739225 56.8149642944 16777473 0.0487246981027 0.0 0.0487246981027 -3.87924488085 2.33985717981 -2.33985717981 -3.87924488085 
82.9125950203 82.024137078 1.53626728058 139.306360904 56.3474388123 8388608 0.423707779453 0.0 0.423707779453 -1.16480818607 1.00166813219 -1.00166813219 -1.16480818607 
147.537219414 107.960057744 2.19775915146 136.657352373 55.0101127625 14614784 0.207033109857 0.0 0.207033109857 -1.59834687651 1.50845369507 -1.50845369507 -1.59834687651 
194.606038422 91.5121680552 1.70755982399 158.16395224 53.3813323975 13041664 0.342963690602 0.0 0.342963690602 -1.58504581539 0.635130156446 -0.635130156446 -1.58504581539 
148.89407201 100.121053585 1.80385661125 141.069398914 52.7619628906 17039360 0.307323644711 0.0 0.307323644711 -1.40323385548 1.13350492755 -1.13350492755 -1.40323385548 
110.02818769 86.9204060467 3.0767519474 149.249231727 51.1998825073 22217216 0.105636750091 0.0 0.105636750091 -2.64415925615 1.57315745367 -1.57315745367 -2.64415925615 
185.77951942 132.262414341 4.47840499878 133.763981929 49.7601852417 15925505 0.0498601141264 0.0 0.0498601141264 -3.09766488217 3.23428254964 -3.23428254964 -3.09766488217 
159.06486393 99.7387854947 5.15781021118 132.275653776 48.7006568909 9437697 0.0375897367928 0.0 0.0375897367928 -3.4696494769 3.81635148828 -3.81635148828 -3.4696494769 
126.505313946 101.726948415 1.2709915638 132.280686728 47.7517776489 8388608 0.619034229686 0.0 0.619034229686 -0.855076301161 0.94035316474 -0.94035316474 -0.855076301161 
204.756679067 88.2486792665 1.40012252331 154.832245149 47.543296814 8388608 0.510114790652 0.0 0.510114790652 -1.26720403507 0.595430108227 -0.595430108227 -1.26720403507 
177.054273838 133.30293489 3.09283828735 132.385638044 45.442150116 22610432 0.10454074097 0.0 0.10454074097 -2.08493568011 2.28444563987 -2.28444563987 -2.08493568011 
47.3919498652 119.439438334 2.60311865807 134.40984183 44.2807540894 10158592 0.147574754682 0.0 0.147574754682 -1.8216261412 1.85954428547 -1.85954428547 -1.8216261412 
137.612196287 73.5915071777 2.82218766212 137.396624339 41.6637573242 15991296 0.125553326059 0.0 0.125553326059 -2.0772915675 1.91039340029 -1.91039340029 -2.0772915675 
90.307275587 80.0757848919 1.44508349895 126.592048325 40.815612793 8388608 0.47886612494 0.0 0.47886612494 -0.861433712814 1.16025784952 -1.16025784952 -0.861433712814 
169.694708604 96.1017671165 1.58873200417 149.512006396 40.5811767578 8388608 0.396185622909 0.0 0.396185622909 -1.36906676283 0.806055568779 -0.806055568779 -1.36906676283 
152.838925605 128.183009191 2.53452324867 154.132467254 40.2731590271 24903936 0.15567090186 0.0 0.15567090186 -2.28057707911 1.10579215239 -1.10579215239 -2.28057707911 
146.860805619 59.057083863 2.18912625313 141.10712737 39.3845558167 14287104 0.208669214599 0.0 0.208669214599 -1.70384350066 1.37447847469 -1.37447847469 -1.70384350066 
196.411786765 83.4303337127 1.7093051672 150.520078511 37.5124053955 13107200 0.342263659087 0.0 0.342263659087 -1.48799835986 0.841180739007 -0.841180739007 -1.48799835986 
184.220824694 98.8774609092 2.45836806297 144.539854672 37.1032562256 22741248 0.165465017432 0.0 0.165465017432 -2.0023881246 1.42618909389 -1.42618909389 -2.0023881246 
79.5643852899 93.5419866192 3.25610184669 145.662135753 36.7864990234 9633793 0.094320053579 0.0 0.094320053579 -2.68864699189 1.83667541745 -1.83667541745 -2.68864699189 
98.6188203426 62.5871486055 2.06064248085 135.460547439 33.485244751 9961728 0.235502055773 0.0 0.235502055773 -1.46875929865 1.44533510181 -1.44533510181 -1.46875929865 
142.84048344 78.3023319515 1.83675742149 136.130386961 32.6447143555 18350080 0.296412417471 0.0 0.296412417471 -1.32415287856 1.2729088654 -1.2729088654 -1.32415287856 
233.015644121 114.658446583 1.42307937145 142.732697776 28.5123195648 8388608 0.493789389275 0.0 0.493789389275 -1.13251385717 0.861723424752 -0.861723424752 -1.13251385717 
177.401824309 67.0533245561 1.31371760368 148.806940317 26.1980743408 8388608 0.579423307809 0.0 0.579423307809 -1.12378951279 0.68040508021 -0.68040508021 -1.12378951279 
141.595226176 126.647353477 2.07419419289 145.44968746 24.3634853363 10420480 0.232434811256 0.0 0.232434811256 -1.70836544888 1.17633712977 -1.17633712977 -1.70836544888 
54.3172253289 106.989282816 2.22606658936 131.343351603 22.68359375 15532288 0.201801178019 0.0 0.201801178019 -1.47047259906 1.67125186482 -1.67125186482 -1.47047259906 
123.973951037 114.833548531 2.85121107101 142.7311777 22.5295677185 16712192 0.12301023909 0.0 0.12301023909 -2.2690026484 1.72656640564 -1.72656640564 -2.2690026484 
205.208810594 101.669014506 1.4895106554 152.604539699 22.1294212341 8388608 0.450726166436 0.0 0.450726166436 -1.32246478388 0.685367702747 -0.685367702747 -1.32246478388 
223.080981262 103.676925436 1.27139496803 150.063999087 22.0934143066 8388608 0.618641462027 0.0 0.618641462027 -1.1017697243 0.63446720904 -0.63446720904 -1.1017697243 
52.6723919421 94.2886946348 1.51090931892 140.952400415 21.5040130615 8388608 0.438049511481 0.0 0.438049511481 -1.17340673634 0.951821202288 -0.951821202288 -1.17340673634 
187.548800787 118.502241629 2.6876206398 136.334758958 20.416639328 12452352 0.138440788676 0.0 0.138440788676 -1.94418752678 1.8556507118 -1.8556507118 -1.94418752678 
91.7699342771 69.0294803648 1.77888166904 133.376781012 20.1529846191 15990784 0.316013677825 0.0 0.316013677825 -1.2217234988 1.29298557028 -1.29298557028 -1.2217234988 
144.733238659 71.0368830794 1.65156245232 156.05604163 19.2247161865 10682368 0.366614804445 0.0 0.366614804445 -1.50943370149 0.670274894885 -0.670274894885 -1.50943370149 
103.159205799 123.43926966 1.83251583576 146.985415811 18.6964817047 18153472 0.297786172281 0.0 0.297786172281 -1.53662299874 0.998450824054 -0.998450824054 -1.53662299874 
126.988551796 109.969516715 1.51812028885 130.84415762 17.4234371185 8388608 0.433897982881 0.0 0.433897982881 -0.992856472417 1.14844470332 -1.14844470332 -0.992856472417 
193.342975086 105.007627855 1.27240848541 143.771632383 15.9913024902 8388608 0.617656315879 0.0 0.617656315879 -1.02641095296 0.75199993976 -0.75199993976 -1.02641095296 
217.17694501 68.4996656321 2.66627550125 145.157299293 15.7532424927 11862528 0.140666264807 0.0 0.140666264807 -2.18827535225 1.52331087809 -1.52331087809 -2.18827535225 
190.740731309 60.676374507 1.34222340584 152.614173917 15.1012630463 8388608 0.55507335988 0.0 0.55507335988 -1.19179935885 0.617396112258 -0.617396112258 -1.19179935885 
241.686375462 70.9934013562 2.69876503944 147.048861704 14.8978004456 12714496 0.137299782387 0.0 0.137299782387 -2.26462747215 1.46792205192 -1.46792205192 -2.26462747215 
59.2600628673 90.4978093626 1.52574837208 149.872921699 14.629907608 8388608 0.429570223237 0.0 0.429570223237 -1.31964159623 0.765802946197 -0.765802946197 -1.31964159623 
222.865559312 122.017763021 1.39822721481 135.544675189 12.5260848999 8388608 0.51149865753 0.0 0.51149865753 -0.998050044015 0.979252497514 -0.979252497514 -0.998050044015 
72.7498280618 155.788643881 1.32827961445 132.764654599 9.47669792175 8388608 0.566788441528 0.0 0.566788441528 -0.90188663843 0.97515497516 -0.97515497516 -0.90188663843 
101.659720562 140.13016054 1.24114739895 135.750548797 8.71953392029 8388608 0.649162280196 0.0 0.649162280196 -0.889044589313 0.866052298727 -0.866052298727 -0.889044589313 
112.693447803 150.402774014 1.55717074871 133.320785673 8.37143230438 8388608 0.412408422436 0.0 0.412408422436 -1.06834733245 1.13287895112 -1.13287895112 -1.06834733245 
53.682787678 145.975368708 1.48381876945 130.676190403 8.00933456421 8388608 0.45419074384 0.0 0.45419074384 -0.967128294704 1.1253359508 -1.1253359508 -0.967128294704 
131.592873463 33.1267150748 1.740447402 126.663952292 7.55827331543 14417920 0.330124832575 0.0 0.330124832575 -1.03925698063 1.39610246305 -1.39610246305 -1.03925698063 
199.240437967 32.6472840804 1.79276192188 125.005401362 7.48962783813 16580608 0.311139222058 0.0 0.311139222058 -1.02842443177 1.4684476486 -1.4684476486 -1.02842443177 
259.656650165 153.928001031 1.71533095837 127.418092389 7.43549442291 13369344 0.339863204758 0.0 0.339863204758 -1.04228082642 1.36235493746 -1.36235493746 -1.04228082642 
157.313277239 151.709748734 1.68806409836 132.007158671 7.43231916428 12255232 0.350931322579 0.0 0.350931322579 -1.12969208212 1.25433496314 -1.25433496314 -1.12969208212 
102.403233638 151.585269583 1.73838877678 127.090863437 7.39226531982 14352384 0.330907172766 0.0 0.330907172766 -1.04838888528 1.38667814739 -1.38667814739 -1.04838888528 
45.9809255658 135.518201191 1.4675539732 130.969837113 7.33701133728 8388608 0.464314060075 0.0 0.464314060075 -0.962218826532 1.10808374869 -1.10808374869 -0.962218826532 
107.720802257 30.1905824206 1.30447006226 127.584249651 7.26932525635 8388608 0.587667626783 0.0 0.587667626783 -0.795631960451 1.03373687505 -1.03373687505 -0.795631960451 
87.0874755844 45.7906973564 1.30182516575 126.652473687 7.22881698608 8388608 0.59005796158 0.0 0.59005796158 -0.777137389586 1.04441669839 -1.04441669839 -0.777137389586 
211.695959425 34.2601861943 1.31217515469 125.071264707 7.12783432007 8388608 0.580786321249 0.0 0.580786321249 -0.753969095129 1.07393400177 -1.07393400177 -0.753969095129 
235.032908741 147.834345206 1.46351253986 135.103496555 7.11265993118 8388608 0.466881971455 0.0 0.466881971455 -1.03672727649 1.03298862942 -1.03298862942 -1.03672727649 
117.608637938 138.602957539 1.57351076603 134.871699373 7.04180288315 8388608 0.403887639732 0.0 0.403887639732 -1.11014584559 1.11512884114 -1.11512884114 -1.11014584559 
25.802596951 144.252826304 1.38818836212 137.796843773 6.6349439621 8388608 0.518923336336 0.0 0.518923336336 -1.0283249508 0.932531352982 -0.932531352982 -1.0283249508 
64.4083679121 143.095627362 1.2851088047 133.263621494 5.97429084778 8388608 0.605508441106 0.0 0.605508441106 -0.880757201919 0.935826581794 -0.935826581794 -0.880757201919 
136.116163472 138.048462689 1.47870457172 135.698063666 5.93601083755 8388608 0.457337874284 0.0 0.457337874284 -1.05826321447 1.03278564055 -1.03278564055 -1.05826321447 
103.074999572 44.9429319479 1.33368301392 125.333344934 5.93423461914 8388608 0.562205073035 0.0 0.562205073035 -0.771312233442 1.08802013775 -1.08802013775 -0.771312233442 
44.2337751201 30.4325388382 1.43373608589 128.509245625 5.80730056763 8388608 0.486476165937 0.0 0.486476165937 -0.892702748884 1.1219095178 -1.1219095178 -0.892702748884 
46.7684495112 144.046908787 1.62326729298 130.208712455 5.77201938629 9371648 0.37950711601 0.0 0.37950711601 -1.04793887349 1.23968577546 -1.23968577546 -1.04793887349 
31.65451874 137.063962706 1.35158467293 132.290193308 5.70045661926 8388608 0.547410953957 0.0 0.547410953957 -0.909462281348 0.999829728953 -0.999829728953 -0.909462281348 
147.167174862 28.9384977911 1.2692745924 126.395700326 5.67590332031 8388608 0.620710120704 0.0 0.620710120704 -0.753134846552 1.02168776729 -1.02168776729 -0.753134846552 
34.9876396916 144.308879217 1.35217392445 133.409003099 5.67506456375 8388608 0.546933955478 0.0 0.546933955478 -0.929216181312 0.982309325183 -0.982309325183 -0.929216181312 
195.693715739 49.3300789058 1.52700340748 125.104095754 5.64352798462 8388608 0.428864390778 0.0 0.428864390778 -0.878124283635 1.24925463735 -1.24925463735 -0.878124283635 
156.719026203 42.2314348043 1.29862558842 125.327099442 5.64315795898 8388608 0.592969134532 0.0 0.592969134532 -0.75092189892 1.05950210977 -1.05950210977 -0.75092189892 
110.004011242 139.863641338 1.53422403336 136.579604992 5.57140398026 8388608 0.424837101132 0.0 0.424837101132 -1.1143530177 1.05454290405 -1.05454290405 -1.1143530177 
39.9004487891 135.934344354 1.48045420647 135.330860898 5.37739515305 8388608 0.456257528268 0.0 0.456257528268 -1.05286681134 1.04077669796 -1.04077669796 -1.05286681134 
83.4693113075 144.165192952 2.55236244202 134.503713713 5.36788320541 8716800 0.153502449218 0.0 0.153502449218 -1.78909247448 1.82035769923 -1.82035769923 -1.78909247448 
251.769451108 25.9800288052 1.4049321413 125.219570665 5.1184463501 8388608 0.506628134399 0.0 0.506628134399 -0.810240377609 1.14775644288 -1.14775644288 -0.810240377609 
195.884411309 25.4384474137 1.37685024738 125.211127994 5.08246994019 8388608 0.527505006834 0.0 0.527505006834 -0.793879476529 1.12493198926 -1.12493198926 -0.793879476529 
83.277658748 39.9406329048 1.29739832878 126.471310967 5.06366348267 8388608 0.594091490343 0.0 0.594091490343 -0.771199782544 1.043308832 -1.043308832 -0.771199782544 
171.761456774 31.7642890405 1.35864567757 125.919470725 4.95380020142 8388608 0.541735850777 0.0 0.541735850777 -0.797046223156 1.10028877815 -1.10028877815 -0.797046223156 
221.140624356 50.7453469881 2.9002456665 125.243156619 4.5555305481 17957376 0.118885921088 0.0 0.118885921088 -1.67357993653 2.36866103994 -2.36866103994 -1.67357993653 
60.3100385181 51.8004824913 1.5198045969 125.966196235 4.40382003784 8388608 0.432936789702 0.0 0.432936789702 -0.892593155816 1.23007457943 -1.23007457943 -0.892593155816 
100.017703659 34.1506419029 1.30510008335 127.503680028 4.27592468262 8388608 0.587100385019 0.0 0.587100385019 -0.794561092755 1.03535447912 -1.03535447912 -0.794561092755 
56.3107643819 135.302680254 1.35113227367 128.964996135 4.18569898605 8388608 0.547777594251 0.0 0.547777594251 -0.849653436364 1.05054626697 -1.05054626697 -0.849653436364 
98.8412903661 133.214082312 1.33805119991 135.781726284 4.07373523712 8388608 0.558540328796 0.0 0.558540328796 -0.958965532456 0.93314849898 -0.93314849898 -0.958965532456 
253.75516527 70.444952536 1.67479658127 125.653048852 4.05289077759 11665408 0.356513408703 0.0 0.356513408703 -0.976197981688 1.36087511887 -1.36087511887 -0.976197981688 
253.477111457 45.3076165304 2.42395377159 125.219527663 3.96089553833 21692672 0.170196777982 0.0 0.170196777982 -1.39792027915 1.98024513128 -1.98024513128 -1.39792027915 
47.1126281217 36.7360719791 1.59535598755 127.699735709 3.87741470337 8388608 0.392902495072 0.0 0.392902495072 -0.975597502506 1.26228770101 -1.26228770101 -0.975597502506 
54.1699776383 133.955600632 1.88086009026 133.136973764 3.80863046646 20054016 0.282674750421 0.0 0.282674750421 -1.28602833495 1.37250347935 -1.37250347935 -1.28602833495 
168.566664769 36.8329673765 1.26900398731 125.556764068 3.77405548096 8388608 0.620974872 0.0 0.620974872 -0.737937532829 1.03238525632 -1.03238525632 -0.737937532829 
251.85679716 47.8739811633 1.41336715221 124.950753219 3.75941848755 8388608 0.5005990401 0.0 0.5005990401 -0.809678676753 1.15845895368 -1.15845895368 -0.809678676753 
268.680986492 29.0837361469 1.31248795986 124.940821726 3.74812316895 8388608 0.580509516701 0.0 0.580509516701 -0.751701314148 1.07590416817 -1.07590416817 -0.751701314148 
52.4215256977 37.6110961967 1.33466243744 127.557020476 3.66135025024 8388608 0.561380242997 0.0 0.561380242997 -0.813544381272 1.05804979165 -1.05804979165 -0.813544381272 
240.88646086 46.376111766 2.43211984634 125.330683466 3.65462493896 21954816 0.1690557928 0.0 0.1690557928 -1.4064817874 1.98419150505 -1.98419150505 -1.4064817874 
271.263580365 43.7647472445 1.39005756378 125.059907684 3.64557647705 8388608 0.517528688763 0.0 0.517528688763 -0.798494403932 1.13783422234 -1.13783422234 -0.798494403932 
250.784244832 42.5086526635 1.24895298481 124.89538552 3.60692977905 8388608 0.641073492121 0.0 0.641073492121 -0.714500796625 1.02438868106 -1.02438868106 -0.714500796625 
244.065015673 43.308935222 1.56498420238 125.042015227 3.58836746216 8388608 0.408300662026 0.0 0.408300662026 -0.898577886792 1.28130142242 -1.28130142242 -0.898577886792 
78.8991800884 33.4644454652 1.4671933651 127.33245702 3.56437301636 8388608 0.464542327175 0.0 0.464542327175 -0.889763166084 1.16660956574 -1.16660956574 -0.889763166084 
27.0086394843 36.5793953176 1.30662596226 126.512785542 3.4840297699 8388608 0.585729953028 0.0 0.585729953028 -0.777445259973 1.05016678342 -1.05016678342 -0.777445259973 
108.804069006 37.5175186659 1.63589704037 126.966240247 3.47817230225 9961472 0.373669857681 0.0 0.373669857681 -0.983737438506 1.30706533072 -1.30706533072 -0.983737438506 
246.76385031 63.1962952775 1.85259389877 124.973870931 3.29462051392 18939904 0.291366449034 0.0 0.291366449034 -1.06191203232 1.5180405098 -1.5180405098 -1.06191203232 
32.1960318071 52.1367862638 1.36701261997 125.413289012 3.17110824585 8388608 0.53512464434 0.0 0.53512464434 -0.792143096885 1.11410628632 -1.11410628632 -0.792143096885 
39.8048783883 144.058332244 2.06147789955 131.458568365 3.09082603455 9961728 0.23531121894 0.0 0.23531121894 -1.36485976535 1.54494302526 -1.54494302526 -1.36485976535 
37.1293942901 51.6391342364 1.38648748398 125.683511836 2.96048736572 8388608 0.520197299142 0.0 0.520197299142 -0.808748536527 1.1261764284 -1.1261764284 -0.808748536527 
250.578495652 142.353370047 2.21492743492 133.775487588 2.08199834824 15139072 0.203836050066 0.0 0.203836050066 -1.53236282778 1.59930225598 -1.59930225598 -1.53236282778 
171.456812261 140.20622536 1.6952085495 132.073692176 1.95794725418 12517376 0.347979557888 0.0 0.347979557888 -1.13593528562 1.25832549572 -1.25832549572 -1.13593528562 
