13
154
128.864425833 137.133908545 1.33409106731 47.9428710938 132.381454468 8388608 0.561861206545 0.0 0.561861206545 0.893669256268 0.990532299468 -0.990532299468 0.893669256268 
78.2224572788 121.947730947 2.49194025993 14.3722229004 120.496101379 23658752 0.161036657143 0.0 0.161036657143 2.41395153222 0.618550126644 -0.618550126644 2.41395153222 
92.8215630404 97.4894556707 2.91465449333 63.1481933594 117.31287384 18285056 0.117713382483 0.0 0.117713382483 1.31650405113 2.60038995131 -2.60038995131 1.31650405113 
82.2093351325 112.602414234 2.38031840324 20.414855957 114.341308594 20381952 0.176493977815 0.0 0.176493977815 2.23081436133 0.830290904513 -0.830290904513 2.23081436133 
82.7897566374 110.825902771 1.43312335014 21.4594116211 111.969184875 8388608 0.486892243255 0.0 0.486892243255 1.33377488896 0.524296750243 -0.524296750243 1.33377488896 
26.5805064915 97.1609996583 1.88237917423 176.32131958 104.383987427 20119552 0.28221869627 0.0 0.28221869627 -1.87850064763 0.120775297291 -0.120775297291 -1.87850064763 
140.916385301 63.5994963952 2.38942885399 50.7445983887 96.0864181519 20644096 0.17515066575 0.0 0.17515066575 1.51197880542 1.85021359314 -1.85021359314 1.51197880542 
156.839070468 47.8334345288 3.48216533661 50.0513305664 94.5366744995 14483457 0.0824709930469 0.0 0.0824709930469 2.23590206162 2.66949759361 -2.66949759361 2.23590206162 
133.121067863 122.618269929 1.37306368351 60.3811950684 92.7294769287 8388608 0.530418470546 0.0 0.530418470546 0.678605440516 1.19364925128 -1.19364925128 0.678605440516 
189.444571399 25.1324360024 3.17554450035 268.946044922 91.5537414551 24510976 0.0991661822422 0.0 0.0991661822422 -0.0584108032589 -3.17500725224 3.17500725224 -0.0584108032589 
115.397232124 141.190835802 1.35559988022 61.9677429199 89.7522354126 8388608 0.544172958205 0.0 0.544172958205 0.637089352128 1.1965651644 -1.1965651644 0.637089352128 
168.728762683 61.1358827968 1.61954569817 71.7365722656 87.1257553101 9240576 0.381253277884 0.0 0.381253277884 0.50754354357 1.53796222965 -1.53796222965 0.50754354357 
217.977705348 107.326846969 1.24006688595 252.43939209 82.3894958496 8388608 0.650294047975 0.0 0.650294047975 -0.374146135786 -1.1822776961 1.1822776961 -0.374146135786 
152.838334993 66.9165804841 1.36412680149 80.9222717285 79.6954650879 8388608 0.537391158048 0.0 0.537391158048 0.215224059499 1.34704140054 -1.34704140054 0.215224059499 
59.078653468 100.467326945 1.50116634369 91.8996582031 79.6627349854 8388608 0.443754083117 0.0 0.443754083117 -0.0497624876593 1.50034132325 -1.50034132325 -0.0497624876593 
128.576916619 129.952842002 1.29521667957 134.622131348 78.2730560303 8388608 0.596094538663 0.0 0.596094538663 -0.909796502295 0.921876657398 -0.921876657398 -0.909796502295 
183.434700293 117.396692106 1.3257445097 252.05871582 76.4175872803 8388608 0.568958153503 0.0 0.568958153503 -0.408385261257 -1.26127712394 1.26127712394 -0.408385261257 
31.0423924625 86.735426546 2.7581551075 109.762710571 75.9427185059 14352896 0.131450617026 0.0 0.131450617026 -0.932602578703 2.59570260762 -2.59570260762 -0.932602578703 
177.244362725 119.14885977 1.43965923786 255.797546387 75.2645568848 8388608 0.482481408563 0.0 0.482481408563 -0.353218811569 -1.39565582875 1.39565582875 -0.353218811569 
48.0446993346 94.8554689298 2.85137319565 98.2162780762 75.14012146 16712192 0.122996251147 0.0 0.122996251147 -0.407490112176 2.822105758 -2.822105758 -0.407490112176 
160.234720619 111.659313718 2.61430239677 37.6001281738 73.2918624878 10420736 0.146314833649 0.0 0.146314833649 2.07128114522 1.59510859794 -1.59510859794 2.07128114522 
190.172235387 115.977076515 1.50494253635 251.431213379 71.8035964966 8388608 0.44152994692 0.0 0.44152994692 -0.479238326243 -1.42659828417 1.42659828417 -0.479238326243 
67.0322943038 119.266006617 1.93133306503 92.3677062988 66.5637359619 21954560 0.268093107297 0.0 0.268093107297 -0.0797882167458 1.92968423545 -1.92968423545 -0.0797882167458 
152.606562886 88.3055045989 1.36569309235 73.6825561523 64.9876556396 8388608 0.536159214811 0.0 0.536159214811 0.383703644125 1.31068269843 -1.31068269843 0.383703644125 
170.520393993 69.2062228268 5.98238563538 81.2991027832 64.0127716064 20185601 0.0279415947761 0.0 0.0279415947761 0.904993160726 5.91353745819 -5.91353745819 0.904993160726 
179.396198429 45.4906534131 1.91244351864 110.130828857 63.190536499 21233664 0.273415269161 0.0 0.273415269161 -0.658196006217 1.79561082348 -1.79561082348 -0.658196006217 
171.223731995 70.4695514998 2.0585038662 97.6053466797 63.0380134583 9896192 0.235991644139 0.0 0.235991644139 -0.272440695792 2.04039560733 -2.04039560733 -0.272440695792 
257.664453509 91.4274717628 4.85146284103 213.544448853 62.9458580017 21758209 0.0424868546877 0.0 0.0424868546877 -4.04348755792 -2.68083943326 2.68083943326 -4.04348755792 
88.7356220387 56.0073359348 1.30849838257 122.162811279 62.8071784973 8388608 0.584054829879 0.0 0.584054829879 -0.696548925555 1.10769472848 -1.10769472848 -0.696548925555 
133.067258388 68.8286722052 1.26463127136 51.6326599121 61.8002929688 8388608 0.62527658621 0.0 0.62527658621 0.78495783924 0.991530858381 -0.991530858381 0.78495783924 
32.8338135936 112.467278453 2.81739354134 298.324768066 60.7370567322 15860224 0.125980976594 0.0 0.125980976594 1.33676527995 -2.48007357816 2.48007357816 1.33676527995 
264.699484361 96.6888511309 1.27538466454 75.748840332 60.299369812 8388608 0.614777010445 0.0 0.614777010445 0.313965154539 1.23613588422 -1.23613588422 0.313965154539 
122.527298089 138.283857005 1.27474153042 332.20135498 60.0133705139 8388608 0.615397502992 0.0 0.615397502992 1.12762616559 -0.594495752755 0.594495752755 1.12762616559 
196.619472719 56.7226610199 7.1711730957 78.9390563965 58.3785591125 16580610 0.0194455212413 0.0 0.0194455212413 1.37581115246 7.03795902526 -7.03795902526 1.37581115246 
159.34260922 67.9948653521 3.73789858818 84.474822998 55.2653236389 19595265 0.0715722995693 0.0 0.0715722995693 0.359896619885 3.72053225742 -3.72053225742 0.359896619885 
144.870630693 77.3313068097 3.027821064 74.7766418457 54.4906616211 21037568 0.10907860825 0.0 0.10907860825 0.795053041273 2.92157338726 -2.92157338726 0.795053041273 
235.967897887 103.346056345 1.95856928825 247.802505493 54.183807373 23003136 0.260688647961 0.0 0.260688647961 -0.739948062646 -1.81341405131 1.81341405131 -0.739948062646 
99.2804612576 113.926357502 2.51408529282 213.673019409 53.7590103149 24314112 0.158212205632 0.0 0.158212205632 -2.09226026177 -1.39394112378 1.39394112378 -2.09226026177 
232.489844259 60.6597895317 3.41259813309 70.5532226562 53.394493103 12976129 0.0858676746895 0.0 0.0858676746895 1.13616000144 3.2179133719 -3.2179133719 1.13616000144 
100.426977381 119.198095261 4.0403881073 212.982009888 52.6316947937 8519937 0.061256733124 0.0 0.061256733124 -3.38924536601 -2.19948901034 2.19948901034 -3.38924536601 
110.729823614 134.455581333 1.51809370518 20.2746582031 52.1329040527 8388608 0.433913179179 0.0 0.433913179179 1.42403609828 0.526051032206 -0.526051032206 1.42403609828 
228.406854173 106.203172534 1.943338871 250.735473633 51.8972587585 22413312 0.264790820177 0.0 0.264790820177 -0.641165778795 -1.83452239334 1.83452239334 -0.641165778795 
260.899823631 101.103059749 1.32035517693 32.3497009277 51.6321487427 8388608 0.573612299281 0.0 0.573612299281 1.11543340495 0.706502733446 -0.706502733446 1.11543340495 
276.17704561 108.274648918 3.45605802536 23.1552429199 51.3736763 13893633 0.083721682815 0.0 0.083721682815 3.17764763264 1.35900426688 -1.35900426688 3.17764763264 
107.403704623 109.942297712 4.13769197464 229.343383789 50.8055801392 10223873 0.0584095265461 0.0 0.0584095265461 -2.6958063098 -3.13896849571 3.13896849571 -2.6958063098 
177.787491317 72.7366737047 3.4838449955 74.8522338867 50.7726173401 14483457 0.0823914890828 0.0 0.0823914890828 0.910361129595 3.36279921589 -3.36279921589 0.910361129595 
162.739552579 73.2945775326 1.86917603016 84.5006103516 50.4792938232 19595264 0.286219747194 0.0 0.286219747194 0.179132763195 1.86057262284 -1.86057262284 0.179132763195 
155.31765047 75.4513739271 2.02402806282 81.8070068359 49.2357177734 8651008 0.24409952861 0.0 0.24409952861 0.288439969689 2.00337015625 -2.00337015625 0.288439969689 
278.918243467 98.7462057135 1.26152300835 8.74188232422 49.1615142822 8388608 0.6283616166 0.0 0.6283616166 1.24686796294 0.191730497246 -0.191730497246 1.24686796294 
75.0496117861 86.30176734 1.36759126186 80.4422607422 48.6335067749 8388608 0.534671906687 0.0 0.534671906687 0.227076824493 1.34860742075 -1.34860742075 0.227076824493 
35.7023577234 100.962093206 1.98242068291 118.35559082 48.2338867188 23855104 0.254453459459 0.0 0.254453459459 -0.941535364609 1.74456381976 -1.74456381976 -0.941535364609 
122.70459705 113.943420894 1.23642838001 39.4000244141 48.1565475464 8388608 0.654126991664 0.0 0.654126991664 0.955429386053 0.784799227297 -0.784799227297 0.955429386053 
257.311400745 36.520559723 1.3597638607 9.41558837891 46.8995857239 8388608 0.540845239045 0.0 0.540845239045 1.34144469941 0.222449714096 -0.222449714096 1.34144469941 
109.351113758 45.9639962696 2.38986420631 239.711517334 46.6169776917 20644096 0.175086858523 0.0 0.175086858523 -1.2053377101 -2.06364045542 2.06364045542 -1.2053377101 
47.240829913 127.632261711 1.62560796738 317.801116943 45.4116249084 9502720 0.37841501621 0.0 0.37841501621 1.20427914069 -1.09193086544 1.09193086544 1.20427914069 
42.6979128069 104.931847564 1.29702353477 298.591094971 44.1254959106 8388608 0.594434882879 0.0 0.594434882879 0.620697608994 -1.13886106613 1.13886106613 0.620697608994 
236.295966216 45.7232446579 1.42659461498 69.5249328613 43.7898521423 8388608 0.491358914107 0.0 0.491358914107 0.499022433046 1.33646878258 -1.33646878258 0.499022433046 
124.494846522 45.5133735372 5.23027896881 238.710388184 42.3366966248 10486273 0.0365552949889 0.0 0.0365552949889 -2.71641956409 -4.46955063104 4.46955063104 -2.71641956409 
64.8631809202 127.140142834 1.53202700615 285.402526855 41.9166755676 8388608 0.426056463361 0.0 0.426056463361 0.40690428271 -1.47700225196 1.47700225196 0.40690428271 
58.8416285284 132.638680315 1.72411513329 302.290252686 41.263507843 13762560 0.336408896405 0.0 0.336408896405 0.921037034018 -1.45748542867 1.45748542867 0.921037034018 
287.00144451 76.9641572413 1.30174899101 9.90689086914 39.8219604492 8388608 0.590127020707 0.0 0.590127020707 1.282338145 0.223962759133 -0.223962759133 1.282338145 
275.440499818 60.0314366956 2.30177855492 260.0703125 39.6745681763 17957120 0.188743898406 0.0 0.188743898406 -0.396917557568 -2.26729816486 2.26729816486 -0.396917557568 
46.8510493877 108.472162506 2.63906002045 314.13067627 36.9422035217 11141632 0.143582484823 0.0 0.143582484823 1.83757005805 -1.89419483509 1.89419483509 1.83757005805 
212.056544126 33.006480134 1.44771611691 269.897216797 36.4979934692 8388608 0.477126107959 0.0 0.477126107959 -0.00259706423696 -1.44771378746 1.44771378746 -0.00259706423696 
123.615077775 34.3780284859 1.27189815044 239.762115479 33.9612426758 8388608 0.618152070754 0.0 0.618152070754 -0.640516847445 -1.09884624641 1.09884624641 -0.640516847445 
110.726618525 56.0352966519 1.38637733459 283.048370361 33.7610549927 8388608 0.520279963056 0.0 0.520279963056 0.31300734466 -1.35058080694 1.35058080694 0.31300734466 
40.5789697152 70.4923494351 1.79671013355 248.705230713 33.5699653625 16711680 0.309773288007 0.0 0.309773288007 -0.652504341254 -1.67403864611 1.67403864611 -0.652504341254 
257.682597649 32.9770944077 3.73369717598 283.592529297 30.8854293823 19529729 0.0717334663192 0.0 0.0717334663192 0.877476255751 -3.62912248657 3.62912248657 0.877476255751 
71.9616518004 126.860642148 1.37539231777 277.638580322 29.3860816956 8388608 0.528623920715 0.0 0.528623920715 0.182822371754 -1.36318744425 1.36318744425 0.182822371754 
209.953464963 35.3684931469 2.68914890289 268.333129883 28.8421478271 12517888 0.138283479553 0.0 0.138283479553 -0.0782226843078 -2.68801098093 2.68801098093 -0.0782226843078 
219.671535469 33.7796105597 1.75150024891 273.031219482 28.8261451721 14876672 0.325971471711 0.0 0.325971471711 0.0926194810992 -1.74904967158 1.74904967158 0.0926194810992 
279.991145101 69.8672502292 1.26495492458 298.534667969 28.3078670502 8388608 0.624956658776 0.0 0.624956658776 0.604256847848 -1.11129862011 1.11129862011 0.604256847848 
181.408268976 68.8436548518 1.35886645317 55.4415283203 27.1371498108 8388608 0.541559832974 0.0 0.541559832974 0.770812894277 1.11909138124 -1.11909138124 0.770812894277 
116.341067869 116.122786343 1.29715430737 357.035949707 26.9776287079 8388608 0.594315033034 0.0 0.594315033034 1.29541894306 -0.0670750256902 0.0670750256902 1.29541894306 
95.3134681341 38.7502472438 2.83390450478 240.223419189 26.9125823975 16253440 0.124517266137 0.0 0.124517266137 -1.40737146559 -2.45973988463 2.45973988463 -1.40737146559 
278.184408609 35.5741719958 2.9385073185 337.794555664 24.4923343658 18874880 0.11581010267 0.0 0.11581010267 2.72057197584 -1.11054643537 1.11054643537 2.72057197584 
54.4447035565 116.90504377 1.50127136707 129.388946533 23.2448310852 8388608 0.443691998505 0.0 0.443691998505 -0.952678925084 1.16026660009 -1.16026660009 -0.952678925084 
206.477280663 33.2737747821 1.42027544975 264.211517334 22.8522148132 8388608 0.495741001515 0.0 0.495741001515 -0.143243739341 -1.41303346893 1.41303346893 -0.143243739341 
142.553041152 94.0860122849 2.22201633453 317.191497803 22.0496406555 15401216 0.202537528247 0.0 0.202537528247 1.63013569531 -1.50997159106 1.50997159106 1.63013569531 
57.9223001652 121.239902658 1.3761947155 128.964080811 21.4531555176 8388608 0.528007666384 0.0 0.528007666384 -0.865396745529 1.07004689981 -1.07004689981 -0.865396745529 
139.53781331 126.4304722 1.29417228699 191.094604492 19.718454361 8388608 0.597057019352 0.0 0.597057019352 -1.26998522845 -0.249037001102 0.249037001102 -1.26998522845 
22.4479788674 78.7450246548 1.56974446774 210.857070923 19.703163147 8388608 0.405828065357 0.0 0.405828065357 -1.34754625541 -0.805119111383 0.805119111383 -1.34754625541 
232.806293586 70.1797250299 1.72557675838 261.424804688 19.4416236877 13828096 0.335839237085 0.0 0.335839237085 -0.257296045837 -1.70628658023 1.70628658023 -0.257296045837 
146.982288853 124.087213252 1.9175195694 349.004241943 15.9489517212 21430272 0.271969617367 0.0 0.271969617367 1.8823164172 -0.365740624705 0.365740624705 1.8823164172 
117.431701009 108.522549222 1.49392652512 58.8122253418 15.7616348267 8388608 0.448065518302 0.0 0.448065518302 0.773621614118 1.27801645553 -1.27801645553 0.773621614118 
76.2055577031 138.929890383 1.64888811111 108.362091064 15.2166786194 10551296 0.367804998215 0.0 0.367804998215 -0.519434641549 1.56493439356 -1.56493439356 -0.519434641549 
262.769025303 90.3579513684 1.31321012974 53.0086669922 14.9182300568 8388608 0.579871216395 0.0 0.579871216395 0.790150929778 1.04889577796 -1.04889577796 0.790150929778 
51.0157996193 84.3501801221 1.50054097176 280.150634766 14.3908147812 8388608 0.444124041928 0.0 0.444124041928 0.264450397573 -1.47705422891 1.47705422891 0.264450397573 
18.291749471 99.3657609443 1.84813332558 179.805755615 13.7151527405 18808832 0.292774604775 0.0 0.292774604775 -1.84812270484 0.00626553711581 -0.00626553711581 -1.84812270484 
240.273306205 67.994572169 1.65747845173 256.317932129 13.0956630707 10878976 0.364002375577 0.0 0.364002375577 -0.392050114487 -1.61044451183 1.61044451183 -0.392050114487 
128.584017918 108.641435093 1.44703149796 172.478210449 11.1063156128 8388608 0.477577690177 0.0 0.477577690177 -1.43458000991 0.189421095057 -0.189421095057 -1.43458000991 
143.350492988 107.505365353 1.53944587708 340.458953857 9.89285850525 8388608 0.42195987045 0.0 0.42195987045 1.45077704774 -0.514917047882 0.514917047882 1.45077704774 
87.6526466381 76.8458430883 1.2926851511 93.3407287598 9.74527072906 8388608 0.598431546866 0.0 0.598431546866 -0.0753295267731 1.29048842005 -1.29048842005 -0.0753295267731 
156.815068878 93.5600035897 1.36379623413 257.067810059 8.82625293732 8388608 0.537651703577 0.0 0.537651703577 -0.305214489836 -1.32920437985 1.32920437985 -0.305214489836 
112.999707045 70.8429773176 1.53213691711 112.098815918 6.57933425903 8388608 0.425995337495 0.0 0.425995337495 -0.576397745555 1.41958063234 -1.41958063234 -0.576397745555 
19.6468642686 106.596598779 1.4045060873 172.399810791 6.50577163696 8388608 0.506935550201 0.0 0.506935550201 -1.39216764668 0.185759502585 -0.185759502585 -1.39216764668 
13.851849026 79.1860890851 1.49197685719 263.964263916 5.83799743652 8388608 0.449237318991 0.0 0.449237318991 -0.156879484347 -1.48370609279 1.48370609279 -0.156879484347 
57.866211071 75.092838029 2.25835490227 248.770385742 5.53974914551 16580864 0.196072016181 0.0 0.196072016181 -0.81776478281 -2.10509563312 2.10509563312 -0.81776478281 
100.723994226 27.6543595951 1.74236428738 266.627288818 5.50169754028 14548992 0.329398849644 0.0 0.329398849644 -0.102504903536 -1.7393464447 1.7393464447 -0.102504903536 
91.1531628688 28.1135456272 2.2880628109 267.692749023 4.8967666626 17498368 0.191013523283 0.0 0.191013523283 -0.0921133901821 -2.28620789736 2.28620789736 -0.0921133901821 
86.0311578449 41.083864281 1.31113636494 269.638824463 4.63642120361 8388608 0.581706978918 0.0 0.581706978918 -0.00826495858232 -1.31111031493 1.31111031493 -0.00826495858232 
20.4778860268 52.9173048095 2.59926915169 260.243164062 4.59907913208 10027520 0.148012193512 0.0 0.148012193512 -0.440490576558 -2.56167292504 2.56167292504 -0.440490576558 
120.221215753 18.8286350408 1.48616778851 346.102111816 4.53289413452 8388608 0.4527561016 0.0 0.4527561016 1.44266072478 -0.356966005063 0.356966005063 1.44266072478 
159.240497276 150.960929504 1.2464851141 80.5447998047 4.47393035889 8388608 0.643614481397 0.0 0.643614481397 0.204768055705 1.22955080539 -1.22955080539 0.204768055705 
227.871131022 132.547622104 1.322707057 77.2355957031 4.39043045044 8388608 0.57157425472 0.0 0.57157425472 0.292242377813 1.29001874066 -1.29001874066 0.292242377813 
125.19624244 18.0347857958 1.30273330212 185.058868408 4.17945480347 8388608 0.589235588618 0.0 0.589235588618 -1.29765866652 -0.114874025163 0.114874025163 -1.29765866652 
163.998419778 148.496623106 1.41758847237 79.9258728027 4.10708999634 8388608 0.49762209367 0.0 0.49762209367 0.247967609883 1.39573247488 -1.39573247488 0.247967609883 
235.598760595 133.14204736 1.54671657085 71.9646911621 4.00103378296 8388608 0.418002157338 0.0 0.418002157338 0.478868136031 1.47072004775 -1.47072004775 0.478868136031 
86.4949836292 61.8830351998 1.28572416306 233.395263672 3.92210960388 8388608 0.604928976985 0.0 0.604928976985 -0.766666052207 -1.03213845382 1.03213845382 -0.766666052207 
276.233433138 124.037759768 1.28618252277 59.4476928711 3.86879730225 8388608 0.604497894049 0.0 0.604497894049 0.65379842202 1.10761595567 -1.10761595567 0.65379842202 
212.622443798 140.329285076 1.6385961771 76.9537963867 3.84238815308 10092544 0.372439834849 0.0 0.372439834849 0.369891323445 1.59630130002 -1.59630130002 0.369891323445 
23.4720222372 38.357468571 3.05845093727 265.274780273 3.80641937256 21824000 0.106904740551 0.0 0.106904740551 -0.251946587331 -3.04805594647 3.04805594647 -0.251946587331 
20.1045944859 43.2664022833 1.58253765106 267.728942871 3.79797363281 8388608 0.399293184457 0.0 0.399293184457 -0.0627112922766 -1.58129463126 1.58129463126 -0.0627112922766 
19.5923264393 35.3026619881 1.57171845436 268.628295898 3.75775909424 8388608 0.404809312788 0.0 0.404809312788 -0.0376245288158 -1.57126805307 1.57126805307 -0.0376245288158 
212.342133022 148.113001643 1.27739739418 77.1780395508 3.74889755249 8388608 0.612841191441 0.0 0.612841191441 0.283482889391 1.24554468169 -1.24554468169 0.283482889391 
35.2499700912 35.4615375284 1.71568191051 264.384155273 3.743019104 13434880 0.339724177212 0.0 0.339724177212 -0.167893404298 -1.7074472826 1.7074472826 -0.167893404298 
222.915335075 140.583455912 1.76670396328 78.4611816406 3.71741485596 15532032 0.320385190773 0.0 0.320385190773 0.353396966094 1.73099782733 -1.73099782733 0.353396966094 
263.494653755 139.147303019 1.46232783794 63.9283447266 3.6775932312 8388608 0.467638764845 0.0 0.467638764845 0.642685559478 1.3135288262 -1.3135288262 0.642685559478 
219.6192734 148.893355099 1.4718900919 78.3971862793 3.66819000244 8388608 0.461582395102 0.0 0.461582395102 0.296035405718 1.44181256798 -1.44181256798 0.296035405718 
227.977977883 148.021591976 1.58120298386 72.1817321777 3.66319274902 8388608 0.399967542449 0.0 0.399967542449 0.483846310972 1.50535564685 -1.50535564685 0.483846310972 
240.31407272 73.2051938825 1.27500998974 264.638946533 3.66143989563 8388608 0.615138380627 0.0 0.615138380627 -0.119126176342 -1.26943271899 1.26943271899 -0.119126176342 
27.2630925559 26.8123414248 1.81184244156 267.922790527 3.64373779297 17367040 0.30462051136 0.0 0.30462051136 -0.0656724093436 -1.81065186264 1.81065186264 -0.0656724093436 
290.003096923 19.8071996303 1.94298052788 270.033203125 3.61743545532 22413312 0.264888499715 0.0 0.264888499715 0.00112596463958 -1.94298020163 1.94298020163 0.00112596463958 
21.1424308773 27.2461173746 1.74029219151 268.9012146 3.61566925049 14417920 0.330183720529 0.0 0.330183720529 -0.0333722738558 -1.73997218459 1.73997218459 -0.0333722738558 
243.513373585 132.752391388 1.33120429516 64.0432739258 3.60416030884 8388608 0.564300687761 0.0 0.564300687761 0.582657719836 1.19691890158 -1.19691890158 0.582657719836 
203.823747472 141.094201974 1.53069519997 79.0790405273 3.57727050781 8388608 0.426798180563 0.0 0.426798180563 0.289997311765 1.50297350421 -1.50297350421 0.289997311765 
35.5092859717 27.4047324612 1.50333082676 268.530792236 3.55715942383 8388608 0.442477176232 0.0 0.442477176232 -0.0385449556201 -1.50283660492 1.50283660492 -0.0385449556201 
28.6771452655 20.2133288383 1.89882147312 267.951324463 3.55318832397 20709376 0.277352274182 0.0 0.277352274182 -0.0678800476714 -1.89760777979 1.89760777979 -0.0678800476714 
290.852944103 27.4903138831 1.669049263 269.832580566 3.515209198 11403264 0.358972921311 0.0 0.358972921311 -0.00487698896823 -1.66904213766 1.66904213766 -0.00487698896823 
52.2731733766 35.5891899062 1.59528172016 269.023345947 3.4987411499 8388608 0.392939078605 0.0 0.392939078605 -0.0271915823627 -1.59504996302 1.59504996302 -0.0271915823627 
41.7881549478 28.3333149047 2.25916409492 270.8644104 3.49865722656 16580864 0.195931582273 0.0 0.195931582273 0.0340822810255 -2.25890699364 2.25890699364 0.0340822810255 
231.526199554 141.256926466 1.93492519855 74.1163330078 3.49137115479 22085632 0.26709861684 0.0 0.26709861684 0.52956009779 1.86104852888 -1.86104852888 0.52956009779 
93.66010812 19.3932844961 1.71944200993 264.929473877 3.47944641113 13565952 0.338239974829 0.0 0.338239974829 -0.151967561184 -1.71271325266 1.71271325266 -0.151967561184 
92.3507231515 11.9652204276 1.35424637794 266.581726074 3.45180511475 8388608 0.545261249694 0.0 0.545261249694 -0.0807466008251 -1.35183698671 1.35183698671 -0.0807466008251 
20.1670359208 19.8758908735 1.4254553318 266.778747559 3.42488861084 8388608 0.492144656936 0.0 0.492144656936 -0.080098969138 -1.42320309798 1.42320309798 -0.080098969138 
60.1946997607 38.8766716917 1.70770084858 262.826171875 3.42472839355 13041664 0.342907047992 0.0 0.342907047992 -0.213257745162 -1.69433270711 1.69433270711 -0.213257745162 
256.243824776 139.53692164 1.48011136055 66.1267700195 3.3960723877 8388608 0.456468923372 0.0 0.456468923372 0.599022352041 1.3534776915 -1.3534776915 0.599022352041 
46.3366739699 39.1583113265 2.11206245422 273.283996582 3.34638595581 11731200 0.224174643354 0.0 0.224174643354 0.120989868428 -2.10859414357 2.10859414357 0.120989868428 
12.5417689322 52.426175127 1.18962526321 192.206253052 3.33875656128 8388608 0.706609778507 0.0 0.706609778507 -1.162731197 -0.251524214334 0.251524214334 -1.162731197 
292.513513948 91.9205428445 1.25210106373 94.5146179199 3.32741546631 8388608 0.63785392311 0.0 0.63785392311 -0.0985571788495 1.24821614967 -1.24821614967 -0.0985571788495 
262.810130119 145.73382877 1.38557875156 91.6941223145 3.31653213501 8388608 0.52087986614 0.0 0.52087986614 -0.0409628402403 1.38497311256 -1.38497311256 -0.0409628402403 
247.255887674 139.284377276 1.29099488258 60.7036437988 3.31239318848 8388608 0.599999596732 0.0 0.599999596732 0.631718640506 1.1258771452 -1.1258771452 0.631718640506 
35.2568394144 48.0814495866 1.34348320961 264.767944336 3.27096939087 8388608 0.554032847214 0.0 0.554032847214 -0.122511884958 -1.33788563508 1.33788563508 -0.122511884958 
270.725600711 138.400710314 1.29845798016 74.2686767578 3.20509719849 8388608 0.593122228342 0.0 0.593122228342 0.352046631187 1.24982250568 -1.24982250568 0.352046631187 
287.249679284 135.055006758 1.72595357895 82.7838439941 3.17666244507 13828096 0.33569260821 0.0 0.33569260821 0.216802173452 1.71228285463 -1.71228285463 0.216802173452 
296.460688099 82.9383761176 1.44340848923 305.148498535 3.15316009521 8388608 0.479978174408 0.0 0.479978174408 0.830966768798 -1.18022129108 1.18022129108 0.830966768798 
277.881694457 135.348147361 1.38349211216 89.634185791 3.07670593262 8388608 0.522452275681 0.0 0.522452275681 0.00883307005351 1.38346391398 -1.38346391398 0.00883307005351 
297.015714011 58.8737221092 1.37968957424 269.099243164 3.07655334473 8388608 0.525336087089 0.0 0.525336087089 -0.0216894443887 -1.37951907898 1.37951907898 -0.0216894443887 
291.883561485 116.334193093 1.29980385303 359.535705566 3.00849533081 8388608 0.591894575664 0.0 0.591894575664 1.2997611767 -0.0105328017883 0.0105328017883 1.2997611767 
292.531705164 41.774333179 1.19948911667 269.767944336 2.97266769409 8388608 0.695036122418 0.0 0.695036122418 -0.0048580800346 -1.19947927871 1.19947927871 -0.0048580800346 
288.649881014 128.37070633 1.51285862923 79.8147277832 2.89719390869 8388608 0.436921389805 0.0 0.436921389805 0.267521436875 1.48901763349 -1.48901763349 0.267521436875 
269.275671835 145.595704512 1.28810477257 91.9737548828 2.83752822876 8388608 0.602695045479 0.0 0.602695045479 -0.0443645289522 1.28734055078 -1.28734055078 -0.0443645289522 
295.563302492 107.404406475 1.56130599976 354.200805664 2.64702606201 8388608 0.410226718278 0.0 0.410226718278 1.5533154382 -0.15775796119 0.15775796119 1.5533154382 
175.508123997 94.4639669128 1.24975454807 262.17578125 2.36133480072 8388608 0.640251416824 0.0 0.640251416824 -0.17013451852 -1.2381198149 1.2381198149 -0.17013451852 
