13
107
128.864425833 137.133908545 1.33409106731 145.528848715 132.381454468 8388608 0.561861206545 0.0 0.561861206545 -1.09983971451 0.755083822025 -0.755083822025 -1.09983971451 
78.2224572788 121.947730947 2.49194025993 135.381490519 120.496101379 23658752 0.161036657143 0.0 0.161036657143 -1.77376102695 1.75029656868 -1.75029656868 -1.77376102695 
92.8215630404 97.4894556707 2.91465449333 133.147183317 117.31287384 18285056 0.117713382483 0.0 0.117713382483 -1.99325885678 2.12653002457 -2.12653002457 -1.99325885678 
82.2093351325 112.602414234 2.38031840324 136.236824168 114.341308594 20381952 0.176493977815 0.0 0.176493977815 -1.7190776655 1.64641661823 -1.64641661823 -1.7190776655 
82.7897566374 110.825902771 1.43312335014 137.022803727 111.969184875 8388608 0.486892243255 0.0 0.486892243255 -1.04850898443 0.976970545261 -0.976970545261 -1.04850898443 
140.916385301 63.5994963952 2.38942885399 126.864524231 96.0864181519 20644096 0.17515066575 0.0 0.17515066575 -1.43347803436 1.91167752859 -1.91167752859 -1.43347803436 
133.121067863 122.618269929 1.37306368351 130.963233083 92.7294769287 8388608 0.530418470546 0.0 0.530418470546 -0.900145666808 1.0368421565 -1.0368421565 -0.900145666808 
115.397232124 141.190835802 1.35559988022 130.383586621 89.7522354126 8388608 0.544172958205 0.0 0.544172958205 -0.87829549198 1.03259288397 -1.03259288397 -0.87829549198 
168.728762683 61.1358827968 1.61954569817 135.436125586 87.1257553101 9240576 0.381253277884 0.0 0.381253277884 -1.15387548738 1.13644165186 -1.13644165186 -1.15387548738 
217.977705348 107.326846969 1.24006688595 124.679614183 82.3894958496 8388608 0.650294047975 0.0 0.650294047975 -0.705581898621 1.01976471108 -1.01976471108 -0.705581898621 
152.838334993 66.9165804841 1.36412680149 119.709113662 79.6954650879 8388608 0.537391158048 0.0 0.537391158048 -0.676056918064 1.18481600854 -1.18481600854 -0.676056918064 
59.078653468 100.467326945 1.50116634369 141.794220964 79.6627349854 8388608 0.443754083117 0.0 0.443754083117 -1.17960827826 0.928452853555 -0.928452853555 -1.17960827826 
128.576916619 129.952842002 1.29521667957 149.054486679 78.2730560303 8388608 0.596094538663 0.0 0.596094538663 -1.11085126293 0.666029818176 -0.666029818176 -1.11085126293 
183.434700293 117.396692106 1.3257445097 129.324795213 76.4175872803 8388608 0.568958153503 0.0 0.568958153503 -0.840145108567 1.02555092587 -1.02555092587 -0.840145108567 
177.244362725 119.14885977 1.43965923786 130.455823656 75.2645568848 8388608 0.482481408563 0.0 0.482481408563 -0.934139546316 1.09544604119 -1.09544604119 -0.934139546316 
160.234720619 111.659313718 2.61430239677 123.539355709 73.2918624878 10420736 0.146314833649 0.0 0.146314833649 -1.44442727647 2.1790380595 -2.1790380595 -1.44442727647 
190.172235387 115.977076515 1.50494253635 128.371690007 71.8035964966 8388608 0.44152994692 0.0 0.44152994692 -0.934208850487 1.17987535842 -1.17987535842 -0.934208850487 
67.0322943038 119.266006617 1.93133306503 144.722602239 66.5637359619 21954560 0.268093107297 0.0 0.268093107297 -1.57667364828 1.11541365193 -1.11541365193 -1.57667364828 
152.606562886 88.3055045989 1.36569309235 128.813893079 64.9876556396 8388608 0.536159214811 0.0 0.536159214811 -0.856006551943 1.06412894215 -1.06412894215 -0.856006551943 
179.396198429 45.4906534131 1.91244351864 114.995376153 63.190536499 21233664 0.273415269161 0.0 0.273415269161 -0.808093676276 1.7333276731 -1.7333276731 -0.808093676276 
171.223731995 70.4695514998 2.0585038662 132.48171943 63.0380134583 9896192 0.235991644139 0.0 0.235991644139 -1.39022075582 1.51813188401 -1.51813188401 -1.39022075582 
88.7356220387 56.0073359348 1.30849838257 133.700170351 62.8071784973 8388608 0.584054829879 0.0 0.584054829879 -0.904021330077 0.945998653249 -0.945998653249 -0.904021330077 
133.067258388 68.8286722052 1.26463127136 140.051135543 61.8002929688 8388608 0.62527658621 0.0 0.62527658621 -0.96948886247 0.812024382672 -0.812024382672 -0.96948886247 
264.699484361 96.6888511309 1.27538466454 144.255548948 60.299369812 8388608 0.614777010445 0.0 0.614777010445 -1.03514117106 0.745042816564 -0.745042816564 -1.03514117106 
122.527298089 138.283857005 1.27474153042 134.953767679 60.0133705139 8388608 0.615397502992 0.0 0.615397502992 -0.900650759238 0.902105414716 -0.902105414716 -0.900650759238 
159.34260922 67.9948653521 3.73789858818 120.629311778 55.2653236389 19595265 0.0715722995693 0.0 0.0715722995693 -1.90439090315 3.21639256676 -3.21639256676 -1.90439090315 
144.870630693 77.3313068097 3.027821064 121.816310534 54.4906616211 21037568 0.10907860825 0.0 0.10907860825 -1.5962603471 2.57286869075 -2.57286869075 -1.5962603471 
235.967897887 103.346056345 1.95856928825 124.878739349 54.183807373 23003136 0.260688647961 0.0 0.260688647961 -1.11999120287 1.6067399797 -1.6067399797 -1.11999120287 
99.2804612576 113.926357502 2.51408529282 118.814226231 53.7590103149 24314112 0.158212205632 0.0 0.158212205632 -1.21171680967 2.20280894149 -2.20280894149 -1.21171680967 
232.489844259 60.6597895317 3.41259813309 128.63126606 53.394493103 12976129 0.0858676746895 0.0 0.0858676746895 -2.1305054087 2.6658530945 -2.6658530945 -2.1305054087 
100.426977381 119.198095261 4.0403881073 128.01513831 52.6316947937 8519937 0.061256733124 0.0 0.061256733124 -2.48835243697 3.18321193247 -3.18321193247 -2.48835243697 
110.729823614 134.455581333 1.51809370518 126.622621716 52.1329040527 8388608 0.433913179179 0.0 0.433913179179 -0.905606350902 1.21839469586 -1.21839469586 -0.905606350902 
228.406854173 106.203172534 1.943338871 124.293808277 51.8972587585 22413312 0.264790820177 0.0 0.264790820177 -1.09494858144 1.605507263 -1.605507263 -1.09494858144 
260.899823631 101.103059749 1.32035517693 141.882611144 51.6321487427 8388608 0.573612299281 0.0 0.573612299281 -1.03878642475 0.815021813808 -0.815021813808 -1.03878642475 
107.403704623 109.942297712 4.13769197464 119.433238683 50.8055801392 10223873 0.0584095265461 0.0 0.0584095265461 -2.03329942071 3.60363543422 -3.60363543422 -2.03329942071 
177.787491317 72.7366737047 3.4838449955 130.72453906 50.7726173401 14483457 0.0823914890828 0.0 0.0823914890828 -2.27294075467 2.64024928339 -2.64024928339 -2.27294075467 
162.739552579 73.2945775326 1.86917603016 125.256524946 50.4792938232 19595264 0.286219747194 0.0 0.286219747194 -1.07895978265 1.52632395616 -1.52632395616 -1.07895978265 
155.31765047 75.4513739271 2.02402806282 122.770485439 49.2357177734 8651008 0.24409952861 0.0 0.24409952861 -1.09555607408 1.70189496963 -1.70189496963 -1.09555607408 
278.918243467 98.7462057135 1.26152300835 132.165538843 49.1615142822 8388608 0.6283616166 0.0 0.6283616166 -0.846828735097 0.935051546174 -0.935051546174 -0.846828735097 
75.0496117861 86.30176734 1.36759126186 140.488020387 48.6335067749 8388608 0.534671906687 0.0 0.534671906687 -1.05508513376 0.870115636022 -0.870115636022 -1.05508513376 
35.7023577234 100.962093206 1.98242068291 156.850301487 48.2338867188 23855104 0.254453459459 0.0 0.254453459459 -1.82279782893 0.779358607355 -0.779358607355 -1.82279782893 
122.70459705 113.943420894 1.23642838001 124.337219907 48.1565475464 8388608 0.654126991664 0.0 0.654126991664 -0.697422971681 1.02095853857 -1.02095853857 -0.697422971681 
257.311400745 36.520559723 1.3597638607 130.275271395 46.8995857239 8388608 0.540845239045 0.0 0.540845239045 -0.879033700063 1.03742831609 -1.03742831609 -0.879033700063 
109.351113758 45.9639962696 2.38986420631 124.192380589 46.6169776917 20644096 0.175086858523 0.0 0.175086858523 -1.34304007665 1.97678888026 -1.97678888026 -1.34304007665 
47.240829913 127.632261711 1.62560796738 157.052765976 45.4116249084 9502720 0.37841501621 0.0 0.37841501621 -1.4969643478 0.633797290166 -0.633797290166 -1.4969643478 
42.6979128069 104.931847564 1.29702353477 151.416123044 44.1254959106 8388608 0.594434882879 0.0 0.594434882879 -1.13893925142 0.620554132487 -0.620554132487 -1.13893925142 
236.295966216 45.7232446579 1.42659461498 130.035928037 43.7898521423 8388608 0.491358914107 0.0 0.491358914107 -0.917682438047 1.09225964788 -1.09225964788 -0.917682438047 
64.8631809202 127.140142834 1.53202700615 144.991289998 41.9166755676 8388608 0.426056463361 0.0 0.426056463361 -1.25482945583 0.878925357669 -0.878925357669 -1.25482945583 
58.8416285284 132.638680315 1.72411513329 164.920700029 41.263507843 13762560 0.336408896405 0.0 0.336408896405 -1.66474813189 0.448538348629 -0.448538348629 -1.66474813189 
46.8510493877 108.472162506 2.63906002045 167.980122853 36.9422035217 11141632 0.143582484823 0.0 0.143582484823 -2.58119971892 0.549586938155 -0.549586938155 -2.58119971892 
212.056544126 33.006480134 1.44771611691 132.255433702 36.4979934692 8388608 0.477126107959 0.0 0.477126107959 -0.973497887909 1.07153339536 -1.07153339536 -0.973497887909 
123.615077775 34.3780284859 1.27189815044 117.219382686 33.9612426758 8388608 0.618152070754 0.0 0.618152070754 -0.581764666188 1.13105029874 -1.13105029874 -0.581764666188 
110.726618525 56.0352966519 1.38637733459 150.769980866 33.7610549927 8388608 0.520279963056 0.0 0.520279963056 -1.20984485084 0.676991544101 -0.676991544101 -1.20984485084 
40.5789697152 70.4923494351 1.79671013355 120.409825965 33.5699653625 16711680 0.309773288007 0.0 0.309773288007 -0.909461742818 1.54953110403 -1.54953110403 -0.909461742818 
71.9616518004 126.860642148 1.37539231777 129.510647999 29.3860816956 8388608 0.528623920715 0.0 0.528623920715 -0.875054314845 1.06112392012 -1.06112392012 -0.875054314845 
219.671535469 33.7796105597 1.75150024891 138.771226901 28.8261451721 14876672 0.325971471711 0.0 0.325971471711 -1.3172753655 1.15435641523 -1.15435641523 -1.3172753655 
279.991145101 69.8672502292 1.26495492458 141.937351229 28.3078670502 8388608 0.624956658776 0.0 0.624956658776 -0.995945943963 0.779873475593 -0.779873475593 -0.995945943963 
181.408268976 68.8436548518 1.35886645317 126.543455265 27.1371498108 8388608 0.541559832974 0.0 0.541559832974 -0.809112965055 1.09172077352 -1.09172077352 -0.809112965055 
116.341067869 116.122786343 1.29715430737 129.300771634 26.9776287079 8388608 0.594315033034 0.0 0.594315033034 -0.821606245647 1.00377909633 -1.00377909633 -0.821606245647 
54.4447035565 116.90504377 1.50127136707 159.71905677 23.2448310852 8388608 0.443691998505 0.0 0.443691998505 -1.40819895981 0.520376216976 -0.520376216976 -1.40819895981 
206.477280663 33.2737747821 1.42027544975 132.200464339 22.8522148132 8388608 0.495741001515 0.0 0.495741001515 -0.954036788931 1.05213884946 -1.05213884946 -0.954036788931 
142.553041152 94.0860122849 2.22201633453 135.204278852 22.0496406555 15401216 0.202537528247 0.0 0.202537528247 -1.5767946899 1.56559097367 -1.56559097367 -1.5767946899 
57.9223001652 121.239902658 1.3761947155 160.99113595 21.4531555176 8388608 0.528007666384 0.0 0.528007666384 -1.30114833592 0.448246475622 -0.448246475622 -1.30114833592 
139.53781331 126.4304722 1.29417228699 123.003691982 19.718454361 8388608 0.597057019352 0.0 0.597057019352 -0.704926683221 1.08533878567 -1.08533878567 -0.704926683221 
232.806293586 70.1797250299 1.72557675838 124.429711517 19.4416236877 13828096 0.335839237085 0.0 0.335839237085 -0.975632128671 1.42329093954 -1.42329093954 -0.975632128671 
146.982288853 124.087213252 1.9175195694 132.421490065 15.9489517212 21430272 0.271969617367 0.0 0.271969617367 -1.29351903639 1.41551750308 -1.41551750308 -1.29351903639 
117.431701009 108.522549222 1.49392652512 124.0433899 15.7616348267 8388608 0.448065518302 0.0 0.448065518302 -0.836330799435 1.2378882245 -1.2378882245 -0.836330799435 
76.2055577031 138.929890383 1.64888811111 136.149776955 15.2166786194 10551296 0.367804998215 0.0 0.367804998215 -1.18910101627 1.14230940471 -1.14230940471 -1.18910101627 
262.769025303 90.3579513684 1.31321012974 127.831514645 14.9182300568 8388608 0.579871216395 0.0 0.579871216395 -0.805446367036 1.03719670009 -1.03719670009 -0.805446367036 
51.0157996193 84.3501801221 1.50054097176 136.578973987 14.3908147812 8388608 0.444124041928 0.0 0.444124041928 -1.08987663902 1.03140298605 -1.03140298605 -1.08987663902 
240.273306205 67.994572169 1.65747845173 123.82675129 13.0956630707 10878976 0.364002375577 0.0 0.364002375577 -0.922690971834 1.37690819899 -1.37690819899 -0.922690971834 
128.584017918 108.641435093 1.44703149796 141.473926076 11.1063156128 8388608 0.477577690177 0.0 0.477577690177 -1.13204860476 0.901313548409 -0.901313548409 -1.13204860476 
143.350492988 107.505365353 1.53944587708 130.384360597 9.89285850525 8388608 0.42195987045 0.0 0.42195987045 -0.997425469612 1.1726193078 -1.1726193078 -0.997425469612 
87.6526466381 76.8458430883 1.2926851511 127.765373409 9.74527072906 8388608 0.598431546866 0.0 0.598431546866 -0.791678408465 1.02190028743 -1.02190028743 -0.791678408465 
156.815068878 93.5600035897 1.36379623413 127.515035573 8.82625293732 8388608 0.537651703577 0.0 0.537651703577 -0.83051044723 1.08175439231 -1.08175439231 -0.83051044723 
112.999707045 70.8429773176 1.53213691711 141.606163058 6.57933425903 8388608 0.425995337495 0.0 0.425995337495 -1.20082803918 0.951554282793 -0.951554282793 -1.20082803918 
57.866211071 75.092838029 2.25835490227 119.30388913 5.53974914551 16580864 0.196072016181 0.0 0.196072016181 -1.10533293846 1.96936689313 -1.96936689313 -1.10533293846 
86.0311578449 41.083864281 1.31113636494 124.712196187 4.63642120361 8388608 0.581706978918 0.0 0.581706978918 -0.746632522901 1.07778404294 -1.07778404294 -0.746632522901 
159.240497276 150.960929504 1.2464851141 127.797956337 4.47393035889 8388608 0.643614481397 0.0 0.643614481397 -0.763944387573 0.98494371025 -0.98494371025 -0.763944387573 
227.871131022 132.547622104 1.322707057 129.283130149 4.39043045044 8388608 0.57157425472 0.0 0.57157425472 -0.837475941204 1.02381053254 -1.02381053254 -0.837475941204 
163.998419778 148.496623106 1.41758847237 128.915783202 4.10708999634 8388608 0.49762209367 0.0 0.49762209367 -0.890497062906 1.1029832537 -1.1029832537 -0.890497062906 
235.598760595 133.14204736 1.54671657085 128.819005869 4.00103378296 8388608 0.418002157338 0.0 0.418002157338 -0.969578299266 1.20509338731 -1.20509338731 -0.969578299266 
86.4949836292 61.8830351998 1.28572416306 146.579058484 3.92210960388 8388608 0.604928976985 0.0 0.604928976985 -1.07312531109 0.708158661708 -0.708158661708 -1.07312531109 
276.233433138 124.037759768 1.28618252277 126.651713617 3.86879730225 8388608 0.604497894049 0.0 0.604497894049 -0.767785670854 1.03187724344 -1.03187724344 -0.767785670854 
212.622443798 140.329285076 1.6385961771 127.584746737 3.84238815308 10092544 0.372439834849 0.0 0.372439834849 -0.999435879858 1.29850889626 -1.29850889626 -0.999435879858 
212.342133022 148.113001643 1.27739739418 125.557666435 3.74889755249 8388608 0.612841191441 0.0 0.612841191441 -0.742834743169 1.03920192792 -1.03920192792 -0.742834743169 
35.2499700912 35.4615375284 1.71568191051 124.517937396 3.743019104 13434880 0.339724177212 0.0 0.339724177212 -0.97221554399 1.41363409484 -1.41363409484 -0.97221554399 
222.915335075 140.583455912 1.76670396328 127.199412062 3.71741485596 15532032 0.320385190773 0.0 0.320385190773 -1.06813321211 1.40724352372 -1.40724352372 -1.06813321211 
263.494653755 139.147303019 1.46232783794 124.822838579 3.6775932312 8388608 0.467638764845 0.0 0.467638764845 -0.83504891592 1.20045658549 -1.20045658549 -0.83504891592 
219.6192734 148.893355099 1.4718900919 125.436822571 3.66819000244 8388608 0.461582395102 0.0 0.461582395102 -0.853409109647 1.19923030907 -1.19923030907 -0.853409109647 
227.977977883 148.021591976 1.58120298386 125.54040787 3.66319274902 8388608 0.399967542449 0.0 0.399967542449 -0.919116873913 1.28663399934 -1.28663399934 -0.919116873913 
240.31407272 73.2051938825 1.27500998974 122.364081041 3.66143989563 8388608 0.615138380627 0.0 0.615138380627 -0.682509503256 1.07695461924 -1.07695461924 -0.682509503256 
243.513373585 132.752391388 1.33120429516 127.472598071 3.60416030884 8388608 0.564300687761 0.0 0.564300687761 -0.809880645086 1.05650282355 -1.05650282355 -0.809880645086 
203.823747472 141.094201974 1.53069519997 128.282029022 3.57727050781 8388608 0.426798180563 0.0 0.426798180563 -0.948315965932 1.20155092441 -1.20155092441 -0.948315965932 
35.5092859717 27.4047324612 1.50333082676 124.615697739 3.55715942383 8388608 0.442477176232 0.0 0.442477176232 -0.853996006782 1.23721234842 -1.23721234842 -0.853996006782 
52.2731733766 35.5891899062 1.59528172016 124.604183405 3.4987411499 8388608 0.392939078605 0.0 0.392939078605 -0.905966621431 1.313068257 -1.313068257 -0.905966621431 
231.526199554 141.256926466 1.93492519855 126.703308219 3.49137115479 22085632 0.26709861684 0.0 0.26709861684 -1.15644952963 1.55130912762 -1.55130912762 -1.15644952963 
60.1946997607 38.8766716917 1.70770084858 124.318015779 3.42472839355 13041664 0.342907047992 0.0 0.342907047992 -0.962777446415 1.41042609764 -1.41042609764 -0.962777446415 
256.243824776 139.53692164 1.48011136055 125.180243171 3.3960723877 8388608 0.456468923372 0.0 0.456468923372 -0.852766919076 1.20975957172 -1.20975957172 -0.852766919076 
46.3366739699 39.1583113265 2.11206245422 124.426091931 3.34638595581 11731200 0.224174643354 0.0 0.224174643354 -1.19403907641 1.74214766727 -1.74214766727 -1.19403907641 
262.810130119 145.73382877 1.38557875156 125.021430871 3.31653213501 8388608 0.52087986614 0.0 0.52087986614 -0.795159801446 1.13470232526 -1.13470232526 -0.795159801446 
247.255887674 139.284377276 1.29099488258 125.28609409 3.31239318848 8388608 0.599999596732 0.0 0.599999596732 -0.745755493978 1.05381048109 -1.05381048109 -0.745755493978 
35.2568394144 48.0814495866 1.34348320961 124.537873918 3.27096939087 8388608 0.554032847214 0.0 0.554032847214 -0.761688989018 1.10669644371 -1.10669644371 -0.761688989018 
270.725600711 138.400710314 1.29845798016 124.926365127 3.20509719849 8388608 0.593122228342 0.0 0.593122228342 -0.743397334132 1.06459078046 -1.06459078046 -0.743397334132 
277.881694457 135.348147361 1.38349211216 124.858385953 3.07670593262 8388608 0.522452275681 0.0 0.522452275681 -0.790734978309 1.13524826293 -1.13524826293 -0.790734978309 
269.275671835 145.595704512 1.28810477257 124.902955275 2.83752822876 8388608 0.602695045479 0.0 0.602695045479 -0.73703831971 1.05640353104 -1.05640353104 -0.73703831971 
175.508123997 94.4639669128 1.24975454807 119.969675681 2.36133480072 8388608 0.640251416824 0.0 0.640251416824 -0.624304359138 1.08264975758 -1.08264975758 -0.624304359138 
