13
126
144.005177175 85.7443951165 1.87742817402 137.825847295 127.741210938 19922944 0.283709147113 0.0 0.283709147113 -1.39137619014 1.26047960955 -1.26047960955 -1.39137619014 
220.658323407 94.6815067882 2.27492189407 137.164781258 124.611663818 17105152 0.19322664762 0.0 0.19322664762 -1.66822771711 1.54670162216 -1.54670162216 -1.66822771711 
107.199394683 115.057741792 1.58170187473 134.432219113 116.463760376 8388608 0.399715271535 0.0 0.399715271535 -1.10729412136 1.12946029117 -1.12946029117 -1.10729412136 
103.330810613 107.501380831 1.53097867966 126.625404925 114.900794983 8388608 0.426640141243 0.0 0.426640141243 -0.913352462964 1.22869157886 -1.22869157886 -0.913352462964 
107.161244324 123.693748469 1.61529171467 150.016875336 108.504730225 9043968 0.383264036385 0.0 0.383264036385 -1.39912147483 0.807233808856 -0.807233808856 -1.39912147483 
102.895278186 130.097088039 1.52670919895 144.86677867 106.588531494 8388608 0.429029697593 0.0 0.429029697593 -1.24856748423 0.87858990177 -0.87858990177 -1.24856748423 
250.189780215 116.810170097 1.34652888775 141.691335111 105.513504028 8388608 0.551529377148 0.0 0.551529377148 -1.0565978315 0.834710170066 -0.834710170066 -1.0565978315 
214.222637869 108.509235407 1.65783393383 138.758306782 96.3757247925 10944512 0.363846289429 0.0 0.363846289429 -1.2465840089 1.09290514727 -1.09290514727 -1.2465840089 
70.8328133919 100.333185138 1.71128606796 125.201263872 88.2622756958 13238272 0.341471742467 0.0 0.341471742467 -0.986471437779 1.39834692006 -1.39834692006 -0.986471437779 
78.093246127 97.8969024867 1.32086277008 121.06604816 88.1696777344 8388608 0.573171518091 0.0 0.573171518091 -0.681599318913 1.13141540817 -1.13141540817 -0.681599318913 
230.358157264 99.1444876761 1.31340956688 123.366053553 84.8047866821 8388608 0.579695126499 0.0 0.579695126499 -0.722356893903 1.09692534304 -1.09692534304 -0.722356893903 
49.6179054807 91.846521077 2.73302412033 131.609396127 83.0497894287 13632000 0.133879188375 0.0 0.133879188375 -1.81486149036 2.04345262072 -2.04345262072 -1.81486149036 
243.509041469 127.148970236 1.28335988522 134.491816927 80.8491439819 8388608 0.607159898502 0.0 0.607159898502 -0.899388091086 0.915485475905 -0.915485475905 -0.899388091086 
153.581058299 79.4427732407 3.77955460548 132.025073604 74.6037216187 20381697 0.0700033383816 0.0 0.0700033383816 -2.53024458214 2.80764943865 -2.80764943865 -2.53024458214 
96.2168175946 133.792660056 1.2157626152 135.383381084 72.9157485962 8388608 0.676553944852 0.0 0.676553944852 -0.865407005663 0.853902483354 -0.853902483354 -0.865407005663 
40.2791418126 97.0419777892 1.23318350315 131.351962037 72.5300827026 8388608 0.657573930556 0.0 0.657573930556 -0.814743036518 0.925708019242 -0.925708019242 -0.814743036518 
83.5509483953 92.9718002516 1.33270597458 124.424949084 70.9820022583 8388608 0.563029707776 0.0 0.563029707776 -0.753413658029 1.09930572389 -1.09930572389 -0.753413658029 
246.566917206 95.2369815114 1.46977460384 152.83213788 69.8118438721 8388608 0.462912088474 0.0 0.462912088474 -1.30761822996 0.671097571736 -0.671097571736 -1.30761822996 
144.610094133 56.3395657735 1.73005151749 129.228909061 69.3077545166 14024704 0.334104194885 0.0 0.334104194885 -1.09411957319 1.34014201215 -1.34014201215 -1.09411957319 
137.761116537 70.645572231 1.53574109077 122.362663255 69.2890548706 8388608 0.423998178543 0.0 0.423998178543 -0.822046078641 1.29720505029 -1.29720505029 -0.822046078641 
87.5810015316 106.399268682 1.58726155758 134.30600259 68.8502960205 8388608 0.396920019381 0.0 0.396920019381 -1.10868673981 1.13587541797 -1.13587541797 -1.10868673981 
142.872329544 67.4340985872 1.55696606636 123.892349509 68.5025939941 8388608 0.412516861888 0.0 0.412516861888 -0.868217644503 1.29241690393 -1.29241690393 -0.868217644503 
131.553834707 75.2540622377 1.69950175285 128.413583236 68.0639190674 12713984 0.346223678517 0.0 0.346223678517 -1.05595746539 1.3316381037 -1.3316381037 -1.05595746539 
121.894486272 98.0259925439 1.68817520142 132.892488717 64.5422058105 12255232 0.350885132753 0.0 0.350885132753 -1.14901395813 1.23681139819 -1.23681139819 -1.14901395813 
79.8879820271 105.37205559 1.61065804958 121.397930446 62.2883148193 8847360 0.385472415416 0.0 0.385472415416 -0.839118699161 1.37480877267 -1.37480877267 -0.839118699161 
145.217234883 76.5743032973 1.67068493366 131.032523919 61.5169639587 11468800 0.358270366285 0.0 0.358270366285 -1.09678349765 1.26025953948 -1.26025953948 -1.09678349765 
128.003560614 82.9935279615 3.53296613693 128.43599086 61.2082939148 15532033 0.0801163306766 0.0 0.0801163306766 -2.19623286374 2.7673834091 -2.7673834091 -2.19623286374 
82.2163889307 113.248359338 1.48248314857 141.690740749 60.5031814575 8388608 0.455009505129 0.0 0.455009505129 -1.16326924545 0.918999971928 -0.918999971928 -1.16326924545 
90.7589985725 115.324175186 1.35220777988 134.515209983 60.0787811279 8388608 0.546906568479 0.0 0.546906568479 -0.948030957203 0.964211171976 -0.964211171976 -0.948030957203 
131.00485118 85.7175951919 2.1810874939 133.539537359 59.3428421021 14024960 0.210210219097 0.0 0.210210219097 -1.50245294162 1.58106856722 -1.58106856722 -1.50245294162 
98.8974115026 97.1616872668 2.31065177917 140.488800328 58.2642631531 18219264 0.187297076099 0.0 0.187297076099 -1.78266838766 1.47010375969 -1.47010375969 -1.78266838766 
54.2825398423 117.05051231 1.29020166397 133.800233587 55.4733276367 8388608 0.60073758547 0.0 0.60073758547 -0.893008071065 0.93121260662 -0.93121260662 -0.893008071065 
227.159037555 62.7073310047 1.24604642391 154.160542271 54.7097396851 8388608 0.644067750317 0.0 0.644067750317 -1.12146524273 0.543090600088 -0.543090600088 -1.12146524273 
178.576518759 52.2819680982 2.95684146881 136.668735262 53.2332839966 19333632 0.114378374211 0.0 0.114378374211 -2.15080180383 2.02903008166 -2.02903008166 -2.15080180383 
113.629954653 103.216766025 1.88303089142 146.828200567 52.6095352173 20119552 0.282023378236 0.0 0.282023378236 -1.57616034954 1.03030281498 -1.03030281498 -1.57616034954 
40.2253993778 103.873986321 1.61454916 141.694822776 51.7378120422 8978432 0.383616654874 0.0 0.383616654874 -1.26696960508 1.00077820214 -1.00077820214 -1.26696960508 
178.445751474 52.8439754932 1.97419774532 137.688175896 51.6442871094 23527424 0.256577575408 0.0 0.256577575408 -1.45990381408 1.32896109472 -1.32896109472 -1.45990381408 
87.9790377261 98.4651788699 1.45638000965 116.469344643 50.7627830505 8388608 0.471466220209 0.0 0.471466220209 -0.649136134263 1.30371201257 -1.30371201257 -0.649136134263 
127.69711522 111.286473888 6.05672264099 136.509618547 50.5036087036 21103105 0.0272599231754 0.0 0.0272599231754 -4.39409121534 4.16843514297 -4.16843514297 -4.39409121534 
108.164935754 98.8876810731 1.39879143238 164.977283861 48.4238700867 8388608 0.511086103782 0.0 0.511086103782 -1.35098512786 0.362569518291 -0.362569518291 -1.35098512786 
114.054940083 84.6310079399 4.52448225021 132.394074999 47.7904052734 16711937 0.0488497361603 0.0 0.0488497361603 -3.05052365895 3.34144355611 -3.34144355611 -3.05052365895 
217.23316986 80.5664184322 1.89892542362 141.266623075 47.7375297546 20774912 0.277321909515 0.0 0.277321909515 -1.48128725029 1.18815228258 -1.18815228258 -1.48128725029 
75.6338348043 112.001081194 3.10496354103 128.962953131 44.6579475403 22872576 0.103725847039 0.0 0.103725847039 -1.9524562338 2.41427281935 -2.41427281935 -1.9524562338 
197.636933638 55.224770775 1.28734230995 141.923665766 42.2435340881 8388608 0.60340918114 0.0 0.60340918114 -1.01338275963 0.793917883329 -0.793917883329 -1.01338275963 
100.289327304 105.779510733 5.41482591629 141.51220833 41.8094482422 12976641 0.0341060168506 0.0 0.0341060168506 -4.23840507071 3.3699053637 -3.3699053637 -4.23840507071 
100.891388359 110.420331023 3.40152478218 139.633952326 41.2739486694 12779521 0.0864276533139 0.0 0.0864276533139 -2.59169736996 2.20306050446 -2.20306050446 -2.59169736996 
99.2274898411 116.409482022 4.54563903809 135.991812514 40.5090827942 17039617 0.0483960712841 0.0 0.0483960712841 -3.26940781867 3.15813343287 -3.15813343287 -3.26940781867 
120.980764945 138.275321248 5.12490558624 135.581803878 40.441192627 8978945 0.0380739786474 0.0 0.0380739786474 -3.66046608507 3.58687124218 -3.58687124218 -3.66046608507 
240.994590032 88.2760455092 1.29624950886 136.589260895 39.9334602356 8388608 0.595145001377 0.0 0.595145001377 -0.941655109351 0.890813361062 -0.890813361062 -0.941655109351 
110.767620843 138.253906511 2.50966191292 133.376905767 39.242729187 24183040 0.158770407856 0.0 0.158770407856 -1.72362223519 1.82415166791 -1.82415166791 -1.72362223519 
202.940725554 93.0691819427 2.70422387123 136.071444031 38.7896194458 12911104 0.136746026505 0.0 0.136746026505 -1.94759672607 1.87608468315 -1.87608468315 -1.94759672607 
142.228010827 95.7162018025 1.90145671368 135.473496174 38.6111221313 20840448 0.276584038457 0.0 0.276584038457 -1.35559820843 1.33337584022 -1.33337584022 -1.35559820843 
78.1636697485 140.505551227 4.07367992401 144.319502888 38.3118515015 9109761 0.0602595930604 0.0 0.0602595930604 -3.30897732905 2.37603391371 -2.37603391371 -3.30897732905 
124.49849981 121.008555783 3.5001616478 139.7568025 35.3586502075 14811137 0.0816251131616 0.0 0.0816251131616 -2.67170550369 2.26122118826 -2.26122118826 -2.67170550369 
68.5741351346 49.5871310085 1.63631284237 135.595046675 34.8543281555 9961472 0.373479975979 0.0 0.373479975979 -1.16900184089 1.14496917605 -1.14496917605 -1.16900184089 
99.8199457885 120.615416731 1.64207410812 145.76023762 33.9894943237 10223616 0.37086384227 0.0 0.37086384227 -1.35748673381 0.923924858472 -0.923924858472 -1.35748673381 
244.429071435 114.258095113 1.44983720779 139.207191826 32.7402305603 8388608 0.475731071959 0.0 0.475731071959 -1.09763850196 0.947215734732 -0.947215734732 -1.09763850196 
162.223544998 57.1134386825 1.34789407253 136.590880473 32.4864768982 8388608 0.550412734187 0.0 0.550412734187 -0.979198273058 0.926277049704 -0.926277049704 -0.979198273058 
152.337868092 98.1126540545 3.26738882065 133.517162548 32.3944854736 9895937 0.0936695346034 0.0 0.0936695346034 -2.24983188518 2.36940629562 -2.36940629562 -2.24983188518 
61.3685674515 50.1031101168 2.02596831322 140.515782183 32.3338432312 8716544 0.243632208943 0.0 0.243632208943 -1.56364186304 1.28824366108 -1.28824366108 -1.56364186304 
42.2053122445 47.6471028252 1.28535592556 140.510738906 31.8264541626 8388608 0.605275634958 0.0 0.605275634958 -0.991965452859 0.817401000554 -0.817401000554 -0.991965452859 
86.8307509657 140.070656168 2.02162027359 151.25451525 31.7819499969 8585472 0.244681329485 0.0 0.244681329485 -1.77248520732 0.972236967213 -0.972236967213 -1.77248520732 
98.1459346931 113.713078412 1.72622787952 132.270500129 31.2341537476 13828096 0.335585932422 0.0 0.335585932422 -1.16111543878 1.27736980936 -1.27736980936 -1.16111543878 
75.9094363067 115.163033634 1.30352091789 134.772085715 27.9774723053 8388608 0.588523745744 0.0 0.588523745744 -0.918054695783 0.925387680344 -0.925387680344 -0.918054695783 
48.00820491 48.2333319067 1.50864648819 143.333371894 27.6343193054 8388608 0.439364564787 0.0 0.439364564787 -1.21012094416 0.900900397838 -0.900900397838 -1.21012094416 
61.4888510045 59.9645728659 2.05997300148 134.372229184 25.7500152588 9896192 0.235655154272 0.0 0.235655154272 -1.44057405508 1.47249283824 -1.47249283824 -1.44057405508 
60.2411473067 72.5617731154 2.96755599976 128.104431002 25.0053424835 19595776 0.113553925916 0.0 0.113553925916 -1.8312691076 2.33513213058 -2.33513213058 -1.8312691076 
115.668609713 127.088302716 1.78881835938 139.585850846 24.7945289612 16449536 0.312512586167 0.0 0.312512586167 -1.36196735903 1.15970515036 -1.15970515036 -1.36196735903 
61.3778403465 75.8673468042 2.08963155746 126.713626616 24.4109134674 10944768 0.229013225394 0.0 0.229013225394 -1.24921479429 1.6751186357 -1.6751186357 -1.24921479429 
178.94971017 33.0810949249 1.23935675621 141.975173895 23.605764389 8388608 0.651039475697 0.0 0.651039475697 -0.976295743468 0.763447306924 -0.763447306924 -0.976295743468 
229.060727365 80.3485119834 1.29948675632 131.604026977 22.5199928284 8388608 0.592183475449 0.0 0.592183475449 -0.862831617138 0.971693074139 -0.971693074139 -0.862831617138 
41.1752279998 59.8981489487 1.40080201626 137.045624649 21.6365261078 8388608 0.509620023608 0.0 0.509620023608 -1.02524215623 0.954528579903 -0.954528579903 -1.02524215623 
189.405449747 70.6552030543 1.26324570179 132.687872771 20.904750824 8388608 0.626648986432 0.0 0.626648986432 -0.856485768397 0.928559008153 -0.928559008153 -0.856485768397 
217.508235805 52.3469881704 1.48578393459 140.025508362 19.7097759247 8388608 0.452990071892 0.0 0.452990071892 -1.13860160401 0.95453668742 -0.95453668742 -1.13860160401 
40.7322681923 111.351765926 1.43538498878 134.722563639 19.5848369598 8388608 0.485359125942 0.0 0.485359125942 -1.01004391196 1.01987320875 -1.01987320875 -1.01004391196 
209.236304942 49.9303620223 1.65888309479 135.584866836 19.5837402344 10944512 0.363386205643 0.0 0.363386205643 -1.18492005106 1.16097269338 -1.16097269338 -1.18492005106 
76.8572408849 125.694289095 1.55388081074 134.866794382 18.1953125 8388608 0.41415660602 0.0 0.41415660602 -1.09620221067 1.10131116734 -1.10131116734 -1.09620221067 
47.9994429687 59.5800006942 1.45233440399 136.300863402 16.289264679 8388608 0.474096500085 0.0 0.474096500085 -1.05000517916 1.00337647209 -1.00337647209 -1.05000517916 
57.555542638 127.258833948 2.32242465019 136.216072548 14.3982410431 18612480 0.185402990582 0.0 0.185402990582 -1.67668459948 1.60698009001 -1.60698009001 -1.67668459948 
171.793520851 64.7096494051 2.6761059761 133.607373061 14.3503932953 12124672 0.13963470899 0.0 0.13963470899 -1.84574435184 1.93772314405 -1.93772314405 -1.84574435184 
79.2996663452 54.4213009849 2.64409637451 132.907220436 14.1996040344 11272704 0.143036027029 0.0 0.143036027029 -1.80013565802 1.93668718445 -1.93668718445 -1.80013565802 
78.1900264263 70.9322057106 2.24967193604 131.34110098 14.0030002594 16318720 0.19758847925 0.0 0.19758847925 -1.48599923536 1.68903229463 -1.68903229463 -1.48599923536 
175.162433612 61.4175678228 1.76692855358 137.841296094 12.7159414291 15532032 0.320303749072 0.0 0.320303749072 -1.30980390248 1.18593855259 -1.18593855259 -1.30980390248 
137.390583204 63.3429604392 1.34286665916 127.805216069 10.5468273163 8388608 0.55454171027 0.0 0.55454171027 -0.823149041615 1.06099788859 -1.06099788859 -0.823149041615 
133.829084617 64.1540130845 1.5083206892 127.224377341 10.5345802307 8388608 0.43955439178 0.0 0.43955439178 -0.912440434157 1.20103445229 -1.20103445229 -0.912440434157 
166.814492332 31.391585201 1.52192485332 134.657456209 9.19553756714 8388608 0.431731345689 0.0 0.431731345689 -1.06971032907 1.08257797458 -1.08257797458 -1.06971032907 
110.675664117 55.9616605665 1.62660801411 123.113890833 8.65188407898 9568256 0.377949856361 0.0 0.377949856361 -0.888624159673 1.36242457935 -1.36242457935 -0.888624159673 
106.715478612 167.042062434 1.42946374416 137.724408276 8.62655925751 8388608 0.489388444549 0.0 0.489388444549 -1.057685575 0.96159649558 -0.96159649558 -1.057685575 
166.306452087 44.9632287189 1.60497152805 133.285412947 8.14775466919 8585216 0.388208763504 0.0 0.388208763504 -1.10042151673 1.16833475142 -1.16833475142 -1.10042151673 
175.354901119 67.3817539427 1.35442888737 130.165154403 8.13877677917 8388608 0.545114311583 0.0 0.545114311583 -0.873597219418 1.03503889258 -1.03503889258 -0.873597219418 
99.4905765484 167.056174097 1.4170396328 135.148556007 7.52836799622 8388608 0.498007640524 0.0 0.498007640524 -1.00459293537 0.999396995759 -0.999396995759 -1.00459293537 
67.8670913433 164.606537696 1.36963796616 139.679205522 6.61550235748 8388608 0.533075137797 0.0 0.533075137797 -1.04425792126 0.88624689123 -0.88624689123 -1.04425792126 
185.862967142 162.566656421 1.73015117645 136.120526704 5.89398956299 14024704 0.334065706318 0.0 0.334065706318 -1.24709207278 1.19924328449 -1.19924328449 -1.24709207278 
91.6924715441 167.366321719 1.69186127186 135.940356535 5.79154109955 12386304 0.349357846347 0.0 0.349357846347 -1.2157990684 1.17653184764 -1.17653184764 -1.2157990684 
240.598001756 146.812308549 1.57191681862 134.993561054 5.72647762299 8388608 0.404707151361 0.0 0.404707151361 -1.11138812215 1.11163794762 -1.11163794762 -1.11138812215 
232.977375953 45.5258789696 1.80719077587 131.086932315 5.64264297485 17170432 0.306190701349 0.0 0.306190701349 -1.18769185076 1.36210372881 -1.36210372881 -1.18769185076 
125.392658746 48.3275881625 2.02215123177 129.117501925 5.32706451416 8585472 0.244552853934 0.0 0.244552853934 -1.27580116433 1.56889355701 -1.56889355701 -1.27580116433 
204.230074652 148.537944956 1.34020757675 135.324725123 5.31908035278 8388608 0.556744406286 0.0 0.556744406286 -0.953025557387 0.942283734206 -0.942283734206 -0.953025557387 
208.724734723 67.4138805667 1.24225771427 132.373276753 5.26060009003 8388608 0.648002371574 0.0 0.648002371574 -0.837229390803 0.91774243437 -0.91774243437 -0.837229390803 
236.945225078 54.7293732527 1.50774478912 133.302579876 5.12936782837 8388608 0.439890241395 0.0 0.439890241395 -1.03408845515 1.0972490219 -1.0972490219 -1.03408845515 
234.366381503 155.49286332 2.03446125984 135.098696623 4.9570608139 9044224 0.241602348264 0.0 0.241602348264 -1.44105729027 1.43610114684 -1.43610114684 -1.44105729027 
43.8731086507 160.871121252 1.71540999413 137.733637319 4.91359424591 13369344 0.339831887781 0.0 0.339831887781 -1.26944813526 1.15374732062 -1.15374732062 -1.26944813526 
191.057173708 169.588528481 1.44896388054 134.962274839 4.78180408478 8388608 0.476304715131 0.0 0.476304715131 -1.02389735629 1.02524657078 -1.02524657078 -1.02389735629 
55.1068005213 35.4150041264 1.37609684467 130.555654019 4.64786195755 8388608 0.528082775029 0.0 0.528082775029 -0.894719397113 1.0455236613 -1.0455236613 -0.894719397113 
99.9524414079 159.445309386 1.55897581577 137.805177595 4.60148239136 8388608 0.41145395748 0.0 0.41145395748 -1.15499107612 1.04709178597 -1.04709178597 -1.15499107612 
221.634492951 155.033031215 2.48803329468 136.07776667 4.58711051941 23593216 0.161542806811 0.0 0.161542806811 -1.79208556386 1.72590237477 -1.72590237477 -1.79208556386 
220.021902859 165.726669913 1.52108478546 131.929801469 4.3540802002 8388608 0.432208352342 0.0 0.432208352342 -1.01641867706 1.13163244806 -1.13163244806 -1.01641867706 
176.633799497 163.364055233 1.45810043812 134.821479656 4.06371212006 8388608 0.470354300402 0.0 0.470354300402 -1.02781524952 1.0342401561 -1.0342401561 -1.02781524952 
176.820263272 156.032459564 1.40785253048 136.71767774 3.33474159241 8388608 0.50452845886 0.0 0.50452845886 -1.02489456962 0.96521493396 -0.96521493396 -1.02489456962 
45.2278396331 151.572274405 1.8371475935 134.575410366 3.28057479858 18350080 0.296286527155 0.0 0.296286527155 -1.28939727673 1.30865042813 -1.30865042813 -1.28939727673 
28.2914910544 158.495967253 1.30633115768 138.254454563 3.17030620575 8388608 0.585994350538 0.0 0.585994350538 -0.974665620495 0.869786193132 -0.869786193132 -0.974665620495 
49.3460133862 28.4001702885 1.5076662302 130.568365687 3.11135292053 8388608 0.439936084703 0.0 0.439936084703 -0.98051813093 1.1452692507 -1.1452692507 -0.98051813093 
151.549469174 148.809728312 1.37745296955 139.198987326 2.95228481293 8388608 0.527043474703 0.0 0.527043474703 -1.04270917914 0.900074580837 -0.900074580837 -1.04270917914 
209.419275405 155.698125584 1.46112442017 135.321900752 2.91719245911 8388608 0.4684093995 0.0 0.4684093995 -1.03895923956 1.02735012033 -1.02735012033 -1.03895923956 
64.0228156984 154.023821288 1.43013000488 140.099575267 2.8859500885 8388608 0.488932563833 0.0 0.488932563833 -1.09713910193 0.917364497825 -0.917364497825 -1.09713910193 
198.637107931 66.7844768403 1.31528067589 132.598944247 2.87523937225 8388608 0.578046959276 0.0 0.578046959276 -0.890264042817 0.968190678757 -0.968190678757 -0.890264042817 
155.700813288 147.811039924 1.70578551292 138.029011357 2.77182388306 12976128 0.343677544427 0.0 0.343677544427 -1.26822345208 1.14075128389 -1.14075128389 -1.26822345208 
86.4635990427 155.325080707 1.96424794197 138.837724003 2.68599891663 23199744 0.259183521584 0.0 0.259183521584 -1.47878098362 1.29285605542 -1.29285605542 -1.47878098362 
131.401865316 159.475188227 1.68278133869 137.582375512 2.06533908844 11993088 0.353138140243 0.0 0.353138140243 -1.24230976703 1.13508566928 -1.13508566928 -1.24230976703 
195.140042789 161.499398719 1.52411365509 134.801125536 1.54560375214 8388608 0.430492204785 0.0 0.430492204785 -1.0739638657 1.08144535175 -1.08144535175 -1.0739638657 
127.054888988 26.7365463207 1.45213878155 135.127883166 1.48432159424 8388608 0.474224242921 0.0 0.474224242921 -1.02910645785 1.02452278612 -1.02452278612 -1.02910645785 
121.301578132 27.1343795031 1.31179261208 134.695637022 1.26637268066 8388608 0.581125106372 0.0 0.581125106372 -0.922636969502 0.932491758465 -0.932491758465 -0.922636969502 
92.2134288242 48.0623470438 1.49705243111 133.612328091 0.82145690918 8388608 0.446196314 0.0 0.446196314 -1.0326298568 1.08390108419 -1.08390108419 -1.0326298568 
100.031451363 30.9418927699 1.52712011337 134.232484921 0.715789794922 8388608 0.428798843753 0.0 0.428798843753 -1.06527540212 1.09420480639 -1.09420480639 -1.06527540212 
100.216306227 39.1396183273 1.52965438366 133.367165264 0.709499359131 8388608 0.427379187148 0.0 0.427379187148 -1.05036933093 1.1120102527 -1.1120102527 -1.05036933093 
91.6860521612 55.10194349 1.62603330612 134.840744271 0.559995651245 9502720 0.378217070059 0.0 0.378217070059 -1.14657888626 1.15297058514 -1.15297058514 -1.14657888626 
