13
160
176.317656005 122.115816654 4.4533700943 46.1156921387 141.838088989 15532289 0.0504222734383 0.0 0.0504222734383 3.08709600295 3.20972638481 -3.20972638481 3.08709600295 
209.004852457 102.049219289 7.52707195282 99.4664611816 128.290390015 20119554 0.0176501282277 0.0 0.0176501282277 -1.23797935096 7.42456862784 -7.42456862784 -1.23797935096 
47.7432929201 119.253119367 1.93203771114 21.6391601562 114.921928406 22020096 0.267897586977 0.0 0.267897586977 1.79587670681 0.712458118926 -0.712458118926 1.79587670681 
94.1488729042 60.2953843885 2.68271541595 63.3680114746 103.994361877 12321280 0.138947516964 0.0 0.138947516964 1.20254926097 2.39809033982 -2.39809033982 1.20254926097 
27.8589412741 83.4033742135 2.93294930458 292.440124512 102.702575684 18743808 0.116249444769 0.0 0.116249444769 1.11955880036 -2.71086327869 2.71086327869 1.11955880036 
79.3705332126 58.8436391576 1.67335963249 95.4549255371 99.0019836426 11599872 0.357125962578 0.0 0.357125962578 -0.159073995975 1.6657814753 -1.6657814753 -0.159073995975 
145.81646732 126.76913644 2.55725216866 80.2924804688 98.3733062744 8847872 0.152915985805 0.0 0.152915985805 0.431200644697 2.52063576466 -2.52063576466 0.431200644697 
142.373081891 128.567197184 1.4055877924 93.7141723633 97.7268447876 8388608 0.506155600674 0.0 0.506155600674 -0.0910527755507 1.40263553149 -1.40263553149 -0.0910527755507 
103.435998179 37.5360490158 3.56641840935 268.895751953 97.5867385864 16187393 0.0786204298911 0.0 0.0786204298911 -0.0687304859055 -3.56575607562 3.56575607562 -0.0687304859055 
213.717529041 128.203744488 2.95261764526 270.972351074 92.9659042358 19268096 0.114705852865 0.0 0.114705852865 0.0501056649503 -2.95219247026 2.95219247026 0.0501056649503 
219.331119547 87.9429220113 2.08001947403 270.981811523 92.8634490967 10617088 0.23113472523 0.0 0.23113472523 0.035641144317 -2.07971409602 2.07971409602 0.035641144317 
108.356059962 56.3459430203 3.24330806732 91.0172119141 91.1239242554 9306113 0.0950656441717 0.0 0.0950656441717 -0.0575776842007 3.24279694551 -3.24279694551 -0.0575776842007 
115.165940219 133.677583139 1.96338868141 108.487518311 90.7502365112 23134208 0.259410430206 0.0 0.259410430206 -0.622586741539 1.86206360352 -1.86206360352 -0.622586741539 
78.8537568245 40.5104736641 5.26848936081 266.906799316 90.6584320068 11010561 0.0360269739279 0.0 0.0360269739279 -0.284289349699 -5.26081359778 5.26081359778 -0.284289349699 
148.300744289 87.4486195633 1.34956216812 96.1915283203 90.6410293579 8388608 0.549052924832 0.0 0.549052924832 -0.14555346568 1.34169006639 -1.34169006639 -0.14555346568 
73.0540105333 58.4369447104 1.29131877422 101.308654785 87.1786117554 8388608 0.599698647833 0.0 0.599698647833 -0.253220210122 1.26624788325 -1.26624788325 -0.253220210122 
99.9887790856 84.070323109 1.45245337486 312.146026611 86.8419494629 8388608 0.474018836506 0.0 0.474018836506 0.974628812779 -1.07690272701 1.07690272701 0.974628812779 
116.531573417 135.348270365 1.31728816032 30.3959960938 85.846534729 8388608 0.576286469663 0.0 0.576286469663 1.13622562416 0.666512886851 -0.666512886851 1.13622562416 
196.966545808 91.2657818841 2.96346068382 260.571594238 84.9325180054 19530240 0.113867991517 0.0 0.113867991517 -0.485459486895 -2.92342749374 2.92342749374 -0.485459486895 
144.459017116 54.678564482 3.55023026466 85.6235351562 84.8171463013 15859713 0.0793390427335 0.0 0.0793390427335 0.27091617684 3.5398784382 -3.5398784382 0.27091617684 
266.65612719 124.066319132 1.35652768612 17.8311462402 82.64012146 8388608 0.543428831526 0.0 0.543428831526 1.29136426705 0.41538619739 -0.41538619739 1.29136426705 
91.3035009647 48.0979044686 2.8950009346 344.585998535 81.0589904785 17826304 0.119317070923 0.0 0.119317070923 2.79086914365 -0.769467240612 0.769467240612 2.79086914365 
169.095613277 88.1839410599 1.99041581154 88.9375305176 80.3151092529 24117248 0.25241338095 0.0 0.25241338095 0.0369073407989 1.99007360442 -1.99007360442 0.0369073407989 
77.0598140874 46.0885840424 3.01931905746 81.7377319336 79.848526001 20840960 0.109693775261 0.0 0.109693775261 0.433889798977 2.98798045728 -2.98798045728 0.433889798977 
267.918470616 108.490369325 1.56706047058 357.78036499 79.6912765503 8388608 0.407219427333 0.0 0.407219427333 1.56588470887 -0.060692643478 0.060692643478 1.56588470887 
193.626463192 88.3864870087 1.4934772253 257.805114746 78.0916290283 8388608 0.44833515219 0.0 0.44833515219 -0.31547845888 -1.45977654608 1.45977654608 -0.31547845888 
112.043712039 86.5948546581 2.3201918602 296.894378662 77.5488433838 18546944 0.185759999961 0.0 0.185759999961 1.04953231954 -2.06924434961 2.06924434961 1.04953231954 
246.069588243 105.959631809 3.11232328415 58.7525939941 76.7682571411 23069184 0.103235863889 0.0 0.103235863889 1.61446962626 2.66083521679 -2.66083521679 1.61446962626 
24.855193681 109.350962893 1.48997044563 172.783325195 76.5741882324 8388608 0.450448030031 0.0 0.450448030031 -1.47816717323 0.18717301314 -0.18717301314 -1.47816717323 
110.698608409 100.914900603 1.4373626709 359.748687744 75.8082275391 8388608 0.484024423542 0.0 0.484024423542 1.43734884422 -0.00630457775616 0.00630457775616 1.43734884422 
119.585553106 89.0260137243 2.05897951126 324.552581787 75.2982177734 9896192 0.235882623825 0.0 0.235882623825 1.67734374936 -1.19411665019 1.19411665019 1.67734374936 
111.245849297 84.087299425 1.27462720871 282.675811768 75.207611084 8388608 0.615507898328 0.0 0.615507898328 0.279696991659 -1.24356106165 1.24356106165 0.279696991659 
200.462506187 128.169875443 2.51495051384 89.5126647949 75.1880111694 24379648 0.15810336454 0.0 0.15810336454 0.0213909149482 2.51485954197 -2.51485954197 0.0213909149482 
127.441108543 111.74557649 1.43648648262 9.31146240234 73.9723815918 8388608 0.48461506727 0.0 0.48461506727 1.41755842705 0.23242530121 -0.23242530121 1.41755842705 
38.8838186337 68.0602833107 1.32133328915 65.9692993164 73.1988677979 8388608 0.572763384712 0.0 0.572763384712 0.538081386163 1.20680987851 -1.20680987851 0.538081386163 
242.237085951 107.184779687 1.9460914135 75.1926879883 72.3277435303 22544384 0.264042312126 0.0 0.264042312126 0.497360910037 1.88146323771 -1.88146323771 0.497360910037 
157.61901923 87.0773480833 2.95985603333 94.9366455078 70.340965271 19399168 0.114145507884 0.0 0.114145507884 -0.254707903647 2.94887633207 -2.94887633207 -0.254707903647 
130.306869173 123.161611468 2.88325119019 5.2099609375 70.319442749 17498624 0.12029152759 0.0 0.12029152759 2.87133940403 0.261815684353 -0.261815684353 2.87133940403 
181.410917685 91.540413006 3.23376011848 104.978729248 69.9790115356 9109505 0.095627851557 0.0 0.095627851557 -0.835799038741 3.12388291566 -3.12388291566 -0.835799038741 
124.765911569 102.267417776 2.08440279961 343.906707764 69.0715789795 10748160 0.230163633194 0.0 0.230163633194 2.00271841709 -0.5778009803 0.5778009803 2.00271841709 
166.004468999 53.9905325098 4.08761453629 81.0482788086 68.9811782837 9371905 0.0598494453785 0.0 0.0598494453785 0.636041649197 4.0378265958 -4.0378265958 0.636041649197 
155.201296822 88.3902428336 1.29999887943 93.5357055664 68.2711105347 8388608 0.591716996421 0.0 0.591716996421 -0.0801716393677 1.29752441009 -1.29752441009 -0.0801716393677 
128.926330657 120.598228333 1.81412708759 7.60980224609 67.489692688 17432576 0.30385373838 0.0 0.30385373838 1.79814988734 0.24023753371 -0.24023753371 1.79814988734 
258.257665469 133.1494082 1.73388648033 37.6538696289 67.256729126 14155776 0.332627904204 0.0 0.332627904204 1.37274503287 1.05921357686 -1.05921357686 1.37274503287 
228.803890548 87.8711486966 1.98862552643 269.85534668 66.2383575439 24051712 0.252868062158 0.0 0.252868062158 -0.00502063122465 -1.98861918869 1.98861918869 -0.00502063122465 
258.663111581 124.255086283 1.32282078266 96.3157043457 65.9250946045 8388608 0.571475980083 0.0 0.571475980083 -0.145519207524 1.31479237269 -1.31479237269 -0.145519207524 
41.3364495825 54.804583722 1.80777382851 94.3562011719 65.6706695557 17170432 0.305993224759 0.0 0.305993224759 -0.137312760335 1.80255136428 -1.80255136428 -0.137312760335 
177.077652107 93.2110297764 5.16230344772 284.20199585 65.0654296875 9503233 0.037524329528 0.0 0.037524329528 1.26652549307 -5.00452695684 5.00452695684 1.26652549307 
135.04388937 82.079321912 1.92127597332 331.540252686 64.8243560791 21561344 0.270907168215 0.0 0.270907168215 1.68909384462 -0.915567228398 0.915567228398 1.68909384462 
121.558005304 105.423157851 1.3359246254 59.6948547363 63.3812637329 8388608 0.560319954654 0.0 0.560319954654 0.674114454334 1.15337084548 -1.15337084548 0.674114454334 
159.660285821 54.7194023938 1.54956281185 89.1994934082 60.7344055176 8388608 0.416467992715 0.0 0.416467992715 0.021648974851 1.54941157533 -1.54941157533 0.021648974851 
29.121584807 102.325276376 1.72530889511 104.523757935 60.6851844788 13828096 0.335943526794 0.0 0.335943526794 -0.432675430158 1.67017446864 -1.67017446864 -0.432675430158 
161.662403039 92.0185353808 5.46525239944 281.706420898 58.3372306824 13632001 0.0334795454389 0.0 0.0334795454389 1.10888348818 -5.35157558101 5.35157558101 1.10888348818 
168.259994641 54.4846265356 1.70492470264 86.6936950684 57.5863113403 12976128 0.344024675122 0.0 0.344024675122 0.0983296328665 1.70208681476 -1.70208681476 0.0983296328665 
101.358512861 45.9159692956 1.41970920563 161.361053467 56.8282241821 8388608 0.496136528161 0.0 0.496136528161 -1.34524741698 0.453743997911 -0.453743997911 -1.34524741698 
147.574195656 114.329057606 2.83921551704 276.754547119 56.469039917 16384512 0.12405185997 0.0 0.12405185997 0.333937766176 -2.81950887932 2.81950887932 0.333937766176 
87.8471621813 103.58117239 2.97012233734 104.62109375 55.7405281067 19661312 0.113357777896 0.0 0.113357777896 -0.749734938319 2.87393879911 -2.87393879911 -0.749734938319 
119.10505236 99.5681517987 8.44842147827 280.713989258 55.5233955383 11731202 0.0140103458468 0.0 0.0140103458468 1.57061666374 -8.301143823 8.301143823 1.57061666374 
83.4066785384 100.30338421 4.91241884232 101.771850586 54.8725509644 22675713 0.0414389958468 0.0 0.0414389958468 -1.00220766888 4.80909956965 -4.80909956965 -1.00220766888 
193.201265953 118.93083896 1.52273464203 237.628997803 54.4559364319 8388608 0.431272279223 0.0 0.431272279223 -0.815271222817 -1.28610016067 1.28610016067 -0.815271222817 
102.864350741 99.1780057198 1.52034139633 146.498199463 54.3967132568 8388608 0.432631122574 0.0 0.432631122574 -1.26776476448 0.83917248724 -0.83917248724 -1.26776476448 
193.107111799 56.4328288609 1.53516542912 90.7360229492 52.6888809204 8388608 0.424316222779 0.0 0.424316222779 -0.0197202293081 1.53503876411 -1.53503876411 -0.0197202293081 
51.6435352525 45.4983464422 2.74874067307 222.78515625 50.9536132812 14090752 0.132352595522 0.0 0.132352595522 -2.01731689942 -1.8670853797 1.8670853797 -2.01731689942 
27.3004840223 69.2334455853 2.91827511787 283.34854126 49.8474731445 18416128 0.117421476094 0.0 0.117421476094 0.673754247464 -2.83943390091 2.83943390091 0.673754247464 
124.183946114 98.2397288321 1.35739326477 338.808563232 48.9432106018 8388608 0.542735988218 0.0 0.542735988218 1.2656033975 -0.490677608505 0.490677608505 1.2656033975 
199.409769366 76.350439568 2.88088393211 266.67010498 47.3205604553 17498624 0.120489298893 0.0 0.120489298893 -0.167335913984 -2.87601997945 2.87601997945 -0.167335913984 
264.139856746 87.7348473672 2.67643857002 357.178771973 45.6846923828 12124672 0.139600007077 0.0 0.139600007077 2.67319464618 -0.131733832902 0.131733832902 2.67319464618 
134.082975404 86.7427854428 3.58011770248 348.74230957 44.8882598877 16449537 0.0780199001018 0.0 0.0780199001018 3.5112329653 -0.69891761107 0.69891761107 3.5112329653 
99.320361541 118.471873851 1.30515241623 172.937698364 44.5841445923 8388608 0.587053303871 0.0 0.587053303871 -1.29525028747 0.160466577184 -0.160466577184 -1.29525028747 
177.705262792 55.2695402521 2.21974015236 87.160369873 44.4778404236 15335680 0.202953116241 0.0 0.202953116241 0.109967277831 2.21701455606 -2.21701455606 0.109967277831 
149.072415302 71.5283567374 2.58250904083 282.930450439 42.9243011475 9568768 0.14993958306 0.0 0.14993958306 0.577883222542 -2.51702283007 2.51702283007 0.577883222542 
86.7359482185 28.3142998117 1.23848366737 263.178283691 42.7275123596 8388608 0.651957720596 0.0 0.651957720596 -0.14710747971 -1.22971589555 1.22971589555 -0.14710747971 
102.736100377 118.087114649 2.67421388626 289.53225708 42.5291213989 12059136 0.139832370726 0.0 0.139832370726 0.894090001677 -2.52032199895 2.52032199895 0.894090001677 
38.2982982923 111.245691715 1.29545474052 338.19039917 42.1796417236 8388608 0.595875474593 0.0 0.595875474593 1.20273073465 -0.481291766691 0.481291766691 1.20273073465 
142.33364405 37.1141646741 3.05118250847 280.936035156 41.7819023132 21627392 0.107414677273 0.0 0.107414677273 0.578848959549 -2.99577178403 2.99577178403 0.578848959549 
194.756885096 79.7996608659 1.79277253151 261.083343506 41.6365356445 16580608 0.311135539425 0.0 0.311135539425 -0.277875422209 -1.77110660308 1.77110660308 -0.277875422209 
263.376291733 83.160913666 1.56407916546 341.095062256 41.3200302124 8388608 0.408773315963 0.0 0.408773315963 1.47970873146 -0.506760008155 0.506760008155 1.47970873146 
158.252026175 114.732030845 2.54031014442 272.18182373 40.5842666626 8389120 0.154962464584 0.0 0.154962464584 0.0967116527611 -2.53846853163 2.53846853163 0.0967116527611 
248.147398526 116.821027188 2.08538126945 329.016876221 40.448348999 10813696 0.229947696334 0.0 0.229947696334 1.78783691307 -1.07352420152 1.07352420152 1.78783691307 
74.6482053933 32.9584462206 1.27260947227 274.902099609 40.0852813721 8388608 0.61746123482 0.0 0.61746123482 0.108748849864 -1.26795447733 1.26795447733 0.108748849864 
137.738322638 90.4815079101 2.04348564148 324.464599609 40.0176353455 9371904 0.239473145654 0.0 0.239473145654 1.66289987403 -1.18768580689 1.18768580689 1.66289987403 
54.8909312716 57.6931721158 1.369987607 100.501098633 39.8490333557 8388608 0.532803075397 0.0 0.532803075397 -0.249686240737 1.34704225046 -1.34704225046 -0.249686240737 
162.180437797 76.1499727517 2.30760073662 291.923736572 39.3257369995 18153728 0.187792681009 0.0 0.187792681009 0.861593815611 -2.14071886443 2.14071886443 0.861593815611 
104.1080392 115.029038488 1.36003363132 298.523254395 38.327495575 8388608 0.540630700694 0.0 0.540630700694 0.649437007169 -1.19495734319 1.19495734319 0.649437007169 
101.531837066 113.797129266 1.785343647 301.398620605 37.0763053894 16252928 0.313730220717 0.0 0.313730220717 0.930144548554 -1.52390388696 1.52390388696 0.930144548554 
88.7900563895 117.20753027 2.64895701408 273.773101807 36.1281700134 11403776 0.142511587631 0.0 0.142511587631 0.17431584332 -2.64321532404 2.64321532404 0.17431584332 
109.916197121 71.3130606621 3.48423457146 278.86895752 35.8039932251 14483457 0.0823730655535 0.0 0.0823730655535 0.537182190457 -3.44257546659 3.44257546659 0.537182190457 
257.858486865 115.566599912 1.90655946732 173.100799561 35.5201950073 21037056 0.275105509658 0.0 0.275105509658 -1.89275410518 0.22902161416 -0.22902161416 -1.89275410518 
73.1225521194 35.453339814 2.79187893867 264.022674561 35.1589508057 15204864 0.128294144469 0.0 0.128294144469 -0.290731970691 -2.7767000071 2.7767000071 -0.290731970691 
225.256293601 72.2351855217 3.99282813072 272.776733398 34.307762146 24379393 0.0627247251214 0.0 0.0627247251214 0.193429251846 -3.98814011865 3.98814011865 0.193429251846 
143.116289956 102.166305416 1.9360319376 278.012634277 32.7562980652 22151168 0.266793328514 0.0 0.266793328514 0.269866320958 -1.91713114633 1.91713114633 0.269866320958 
131.395265438 133.243667157 1.69822525978 289.076538086 31.5010414124 12648448 0.346744361181 0.0 0.346744361181 0.55503253531 -1.60496352535 1.60496352535 0.55503253531 
141.883685743 135.966857147 1.49838340282 270.135406494 31.4543037415 8388608 0.445403978858 0.0 0.445403978858 0.00354110994417 -1.49837921849 1.49837921849 0.00354110994417 
135.988193326 112.266410888 1.51916980743 189.432800293 30.4598865509 8388608 0.433298673055 0.0 0.433298673055 -1.49862835323 -0.24897783579 0.24897783579 -1.49862835323 
154.051478117 102.092655754 2.2226600647 273.327392578 30.0085830688 15401216 0.202420226786 0.0 0.202420226786 0.129006120242 -2.21891306367 2.21891306367 0.129006120242 
113.55064424 114.146158804 1.61906147003 358.926971436 29.1280632019 9240576 0.381481362084 0.0 0.381481362084 1.61877754875 -0.0303198187832 0.0303198187832 1.61877754875 
149.968306517 76.3235901929 1.20918953419 281.775482178 28.7438583374 8388608 0.683929349115 0.0 0.683929349115 0.24676796532 -1.18374190636 1.18374190636 0.24676796532 
260.167951325 102.162240936 1.61051130295 254.137557983 27.9731788635 8847360 0.3855426656 0.0 0.3855426656 -0.440199006476 -1.54918413742 1.54918413742 -0.440199006476 
151.189684601 103.561762412 1.63397908211 278.069641113 26.1362571716 9895936 0.374547596959 0.0 0.374547596959 0.22937248642 -1.61779971048 1.61779971048 0.22937248642 
127.266073199 76.8539924774 1.53182554245 236.46585083 25.0644798279 8388608 0.426168539512 0.0 0.426168539512 -0.846232352537 -1.27686346099 1.27686346099 -0.846232352537 
79.456628097 127.963659167 1.36048126221 261.134185791 24.9493789673 8388608 0.540274998353 0.0 0.540274998353 -0.209678580221 -1.34422623015 1.34422623015 -0.209678580221 
219.582302778 139.194565066 1.50067973137 90.1651000977 23.2498130798 8388608 0.444041914303 0.0 0.444041914303 -0.00432426313827 1.5006735011 -1.5006735011 -0.00432426313827 
32.5615320637 48.1864117004 2.02859830856 211.885803223 23.1078605652 8782080 0.243000899907 0.0 0.243000899907 -1.72248809468 -1.07156234592 1.07156234592 -1.72248809468 
267.645814098 99.5340860794 1.73574662209 348.736633301 19.5559196472 14221312 0.331915353759 0.0 0.331915353759 1.70231569176 -0.339024514847 0.339024514847 1.70231569176 
179.975974357 45.8332461733 1.34353709221 133.818847656 19.5252380371 8388608 0.553988409094 0.0 0.553988409094 -0.930238967085 0.969405685076 -0.969405685076 -0.930238967085 
176.661004057 44.2171464359 1.50699400902 295.626586914 19.4293346405 8388608 0.440328654696 0.0 0.440328654696 0.651781206452 -1.35875391522 1.35875391522 0.651781206452 
147.489537757 44.3234644716 1.362008214 2.39874267578 18.8577041626 8388608 0.539064269333 0.0 0.539064269333 1.36081475266 0.0570051220317 -0.0570051220317 1.36081475266 
35.9458559377 119.123122093 1.33767914772 178.317703247 18.4696331024 8388608 0.558851068562 0.0 0.558851068562 -1.33710257949 0.0392707800973 -0.0392707800973 -1.33710257949 
121.014893778 68.6446318287 1.32104825974 117.419815063 17.9226760864 8388608 0.573010570265 0.0 0.573010570265 -0.608351703621 1.17263664843 -1.17263664843 -0.608351703621 
161.72560439 38.6177280574 1.54219305515 324.043792725 17.562953949 8388608 0.420457897095 0.0 0.420457897095 1.2483528718 -0.905524448505 0.905524448505 1.2483528718 
110.603255685 64.3551659771 1.70100212097 89.1619567871 16.2429122925 12779520 0.345613175018 0.0 0.345613175018 0.0248790131964 1.70082016987 -1.70082016987 0.0248790131964 
161.157996195 40.2525092846 2.28255677223 321.811920166 16.1963615417 17367296 0.191936169641 0.0 0.191936169641 1.79405660271 -1.41117905481 1.41117905481 1.79405660271 
179.211268567 73.8439125203 2.00337600708 299.304443359 14.6607685089 24641536 0.249158130447 0.0 0.249158130447 0.980552547617 -1.74700661908 1.74700661908 0.980552547617 
37.7285710895 140.456499714 3.12385654449 100.746124268 14.14112854 23331328 0.10247497865 0.0 0.10247497865 -0.58246672662 3.06907351215 -3.06907351215 -0.58246672662 
18.2334816065 61.3081933864 1.29718339443 230.952728271 13.2414779663 8388608 0.594288380385 0.0 0.594288380385 -0.817175413988 -1.00742697083 1.00742697083 -0.817175413988 
166.076215417 48.6915903125 1.29484033585 330.25579834 13.1960515976 8388608 0.596441097287 0.0 0.596441097287 1.124243862 -0.642407373946 0.642407373946 1.124243862 
179.853030286 67.4433701162 3.00267577171 112.721740723 12.9570579529 20447744 0.11091317066 0.0 0.11091317066 -1.15980174013 2.76964288558 -2.76964288558 -1.15980174013 
92.2068005594 128.623202499 1.76208519936 276.379577637 12.7631397247 15335424 0.322066974332 0.0 0.322066974332 0.195793584159 -1.75117364136 1.75117364136 0.195793584159 
170.574423875 27.5775603885 1.62813472748 283.604400635 12.4822006226 9633792 0.37724137622 0.0 0.37724137622 0.382964582643 -1.58245404965 1.58245404965 0.382964582643 
192.019173034 111.995117736 1.36163663864 342.317199707 11.975438118 8388608 0.539358518653 0.0 0.539358518653 1.2973029927 -0.413593134401 0.413593134401 1.2973029927 
263.165953921 75.6944524283 1.37478375435 299.15713501 11.7286186218 8388608 0.529092026894 0.0 0.529092026894 0.669803524745 -1.20058053019 1.20058053019 0.669803524745 
114.338934621 48.2841977817 1.86394166946 227.288619995 11.4460945129 19398656 0.287829541133 0.0 0.287829541133 -1.26432211751 -1.36958684658 1.36958684658 -1.26432211751 
219.669077587 66.4996457852 2.2457909584 281.143341064 11.1524238586 16187648 0.198271979248 0.0 0.198271979248 0.434031003257 -2.20345050252 2.20345050252 0.434031003257 
62.9469524653 83.4009494946 3.31890130043 265.669433594 10.5602664948 11010049 0.0907844204444 0.0 0.0907844204444 -0.250612556688 -3.30942580948 3.30942580948 -0.250612556688 
61.3318125243 80.686807475 2.32599830627 268.280090332 10.5002813339 18678016 0.184833723149 0.0 0.184833723149 -0.0698115329939 -2.32495042327 2.32495042327 -0.0698115329939 
190.612852838 62.9420372563 1.30884706974 296.108947754 10.2595062256 8388608 0.583743677714 0.0 0.583743677714 0.575996642896 -1.1752908233 1.1752908233 0.575996642896 
79.6473320028 40.5169876842 1.45321428776 51.5308532715 9.97463226318 8388608 0.473522567485 0.0 0.473522567485 0.904034608582 1.13778433485 -1.13778433485 0.904034608582 
39.6794349277 76.5091013136 1.33405780792 267.454467773 9.92411327362 8388608 0.561889222415 0.0 0.561889222415 -0.0592499155257 -1.33274141618 1.33274141618 -0.0592499155257 
40.7300109432 77.5536902014 2.02317285538 269.394744873 9.81212329865 8585472 0.24430593693 0.0 0.24430593693 -0.0213717830406 -2.02305997183 2.02305997183 -0.0213717830406 
175.17698242 49.9686644545 1.25967144966 297.247192383 9.18573570251 8388608 0.630210199372 0.0 0.630210199372 0.576715821695 -1.11989777306 1.11989777306 0.576715821695 
229.491182886 100.605431688 1.42201936245 248.172943115 9.1685218811 8388608 0.494525829716 0.0 0.494525829716 -0.528715693106 -1.32007529446 1.32007529446 -0.528715693106 
46.1717980514 82.2635743148 3.53859996796 262.898834229 8.9866399765 15663105 0.0798614261578 0.0 0.0798614261578 -0.437447627759 -3.51145686378 3.51145686378 -0.437447627759 
184.657257985 72.4738253416 1.24733138084 121.700119019 8.82992172241 8388608 0.642741441926 0.0 0.642741441926 -0.655439484609 1.06124203444 -1.06124203444 -0.655439484609 
93.6055116538 148.562884557 1.65924489498 98.1929931641 7.6672706604 11010048 0.363227749388 0.0 0.363227749388 -0.236455489924 1.64231008729 -1.64231008729 -0.236455489924 
92.7837234547 67.2330481727 1.36075150967 69.2241516113 7.59463119507 8388608 0.540060420679 0.0 0.540060420679 0.482676084713 1.27226902356 -1.27226902356 0.482676084713 
83.3192677868 145.92812155 1.45226275921 100.501525879 7.52896118164 8388608 0.474143278643 0.0 0.474143278643 -0.264691895445 1.4279374364 -1.4279374364 -0.264691895445 
249.494948426 66.4935205149 1.37317109108 291.497070312 6.92481613159 8388608 0.530335496573 0.0 0.530335496573 0.503203560446 -1.27764823881 1.27764823881 0.503203560446 
58.5223816853 138.928725869 1.29736185074 101.266052246 6.66774368286 8388608 0.594124899063 0.0 0.594124899063 -0.253459222023 1.27236244621 -1.27236244621 -0.253459222023 
120.423287255 80.4693984593 1.44234228134 237.924194336 6.53606796265 8388608 0.480688055372 0.0 0.480688055372 -0.765942623882 -1.22216330884 1.22216330884 -0.765942623882 
60.9708471667 139.413619799 1.2588082552 102.313415527 6.34087753296 8388608 0.631074795658 0.0 0.631074795658 -0.268452379636 1.2298502117 -1.2298502117 -0.268452379636 
35.644089955 28.5769471247 2.01150083542 251.201309204 5.31034851074 24903680 0.24714940283 0.0 0.24714940283 -0.648194204517 -1.90420058926 1.90420058926 -0.648194204517 
11.7696882152 127.849472838 1.44374632835 134.808013916 5.19247436523 8388608 0.479753569252 0.0 0.479753569252 -1.01745633116 1.02429784478 -1.02429784478 -1.01745633116 
207.868170779 40.2393703664 4.13164710999 300.717193604 4.99488067627 10158337 0.0585805653404 0.0 0.0585805653404 2.11044916011 -3.55197299878 3.55197299878 2.11044916011 
59.8026050662 88.752358484 1.54218506813 243.628143311 4.90758943558 8388608 0.420462252234 0.0 0.420462252234 -0.685031139742 -1.38168995145 1.38168995145 -0.685031139742 
59.4682830755 148.971233317 1.31693100929 94.8710327148 4.64340209961 8388608 0.576599089254 0.0 0.576599089254 -0.111824807038 1.31217471998 -1.31217471998 -0.111824807038 
211.548703605 33.8832595899 2.54064249992 285.665649414 4.60271453857 8389120 0.154921924242 0.0 0.154921924242 0.686032504272 -2.44626730254 2.44626730254 0.686032504272 
113.440726194 156.32020349 1.34737670422 91.2592773438 4.43877792358 8388608 0.550835512436 0.0 0.550835512436 -0.0296109830942 1.34705128809 -1.34705128809 -0.0296109830942 
51.7207188223 148.221983434 1.33758807182 101.388885498 4.41447067261 8388608 0.558927175095 0.0 0.558927175095 -0.264129743337 1.31125029211 -1.31125029211 -0.264129743337 
91.2968430119 156.08541148 1.34165358543 94.7803955078 4.40399932861 8388608 0.555544955971 0.0 0.555544955971 -0.111809217837 1.33698655271 -1.33698655271 -0.111809217837 
223.650503999 51.0791968426 1.45646750927 2.20669555664 4.34629440308 8388608 0.471409573734 0.0 0.471409573734 1.45538742735 0.0560806729302 -0.0560806729302 1.45538742735 
197.067360494 25.7901687305 2.23602461815 327.564758301 4.00648880005 15859968 0.200007756582 0.0 0.200007756582 1.88720072489 -1.1992829178 1.1992829178 1.88720072489 
224.892256786 43.1460120169 2.19715738297 290.821838379 3.96263122559 14614784 0.207146531922 0.0 0.207146531922 0.781008697347 -2.05366160313 2.05366160313 0.781008697347 
231.033613413 35.7417980004 3.47599005699 313.263061523 3.96039962769 14352385 0.0827642814722 0.0 0.0827642814722 2.38226636785 -2.53126723775 2.53126723775 2.38226636785 
272.495015632 70.2580710597 1.64185130596 350.785675049 3.73517227173 10223616 0.370964502874 0.0 0.370964502874 1.62066528542 -0.262906339809 0.262906339809 1.62066528542 
188.500731554 28.1738337586 1.39942097664 270.408996582 3.66940307617 8388608 0.510626372285 0.0 0.510626372285 0.00998945367895 -1.39938532244 1.39938532244 0.00998945367895 
265.356725601 60.823946547 2.00747585297 277.418243408 3.62238693237 24772608 0.248141463845 0.0 0.248141463845 0.259187908673 -1.99067348609 1.99067348609 0.259187908673 
16.9276618684 149.92057195 1.28903234005 116.866912842 3.55037689209 8388608 0.601827977725 0.0 0.601827977725 -0.582539029512 1.14989245271 -1.14989245271 -0.582539029512 
200.164694149 24.449736974 1.43592774868 330.088928223 3.54735183716 8388608 0.484992277845 0.0 0.484992277845 1.24466275482 -0.716032908604 0.716032908604 1.24466275482 
234.34887813 38.8738576199 1.84147179127 335.89352417 3.54200744629 18546688 0.294896663603 0.0 0.294896663603 1.6808733903 -0.752119009081 0.752119009081 1.6808733903 
212.380930091 51.5943391453 1.6956076622 309.8777771 1.17980575562 12582912 0.347815762077 0.0 0.347815762077 1.08714229219 -1.30123286949 1.30123286949 1.08714229219 
