13
117
176.317656005 122.115816654 4.4533700943 137.340964191 141.838088989 15532289 0.0504222734383 0.0 0.0504222734383 -3.27500509109 3.01775526677 -3.01775526677 -3.27500509109 
47.7432929201 119.253119367 1.93203771114 141.186000824 114.921928406 22020096 0.267897586977 0.0 0.267897586977 -1.50541449964 1.21099005014 -1.21099005014 -1.50541449964 
94.1488729042 60.2953843885 2.68271541595 135.104791555 103.994361877 12321280 0.138947516964 0.0 0.138947516964 -1.90043255889 1.89349362082 -1.89349362082 -1.90043255889 
79.3705332126 58.8436391576 1.67335963249 139.604584254 99.0019836426 11599872 0.357125962578 0.0 0.357125962578 -1.27441423256 1.08443571662 -1.08443571662 -1.27441423256 
145.81646732 126.76913644 2.55725216866 136.26091945 98.3733062744 8847872 0.152915985805 0.0 0.152915985805 -1.84760379218 1.76802117669 -1.76802117669 -1.84760379218 
142.373081891 128.567197184 1.4055877924 134.308617668 97.7268447876 8388608 0.506155600674 0.0 0.506155600674 -0.981835292579 1.00582130639 -1.00582130639 -0.981835292579 
213.717529041 128.203744488 2.95261764526 142.370119526 92.9659042358 19268096 0.114705852865 0.0 0.114705852865 -2.33838854476 1.80274512143 -1.80274512143 -2.33838854476 
219.331119547 87.9429220113 2.08001947403 139.545017119 92.8634490967 10617088 0.23113472523 0.0 0.23113472523 -1.58272009848 1.34962146626 -1.34962146626 -1.58272009848 
108.356059962 56.3459430203 3.24330806732 128.461877735 91.1239242554 9306113 0.0950656441717 0.0 0.0950656441717 -2.01731745573 2.53958215114 -2.53958215114 -2.01731745573 
115.165940219 133.677583139 1.96338868141 131.209371153 90.7502365112 23134208 0.259410430206 0.0 0.259410430206 -1.29350503392 1.4770713732 -1.4770713732 -1.29350503392 
148.300744289 87.4486195633 1.34956216812 143.637825656 90.6410293579 8388608 0.549052924832 0.0 0.549052924832 -1.08678269221 0.800138378992 -0.800138378992 -1.08678269221 
73.0540105333 58.4369447104 1.29131877422 139.254792223 87.1786117554 8388608 0.599698647833 0.0 0.599698647833 -0.978328385573 0.842839098906 -0.842839098906 -0.978328385573 
99.9887790856 84.070323109 1.45245337486 139.533742165 86.8419494629 8388608 0.474018836506 0.0 0.474018836506 -1.1050095359 0.942642419865 -0.942642419865 -1.1050095359 
116.531573417 135.348270365 1.31728816032 131.445217375 85.846534729 8388608 0.576286469663 0.0 0.576286469663 -0.871917829599 0.987424627887 -0.987424627887 -0.871917829599 
196.966545808 91.2657818841 2.96346068382 132.497119912 84.9325180054 19530240 0.113867991517 0.0 0.113867991517 -2.0019751881 2.18499303678 -2.18499303678 -2.0019751881 
169.095613277 88.1839410599 1.99041581154 150.578126564 80.3151092529 24117248 0.25241338095 0.0 0.25241338095 -1.73370459645 0.977764529467 -0.977764529467 -1.73370459645 
193.626463192 88.3864870087 1.4934772253 127.296447626 78.0916290283 8388608 0.44833515219 0.0 0.44833515219 -0.904956214787 1.18807763712 -1.18807763712 -0.904956214787 
112.043712039 86.5948546581 2.3201918602 139.161751415 77.5488433838 18546944 0.185759999961 0.0 0.185759999961 -1.75536130758 1.51723332022 -1.51723332022 -1.75536130758 
110.698608409 100.914900603 1.4373626709 135.881679063 75.8082275391 8388608 0.484024423542 0.0 0.484024423542 -1.03188803073 1.00060908437 -1.00060908437 -1.03188803073 
119.585553106 89.0260137243 2.05897951126 148.241574143 75.2982177734 9896192 0.235882623825 0.0 0.235882623825 -1.75069845667 1.08372115492 -1.08372115492 -1.75069845667 
111.245849297 84.087299425 1.27462720871 134.267835932 75.207611084 8388608 0.615507898328 0.0 0.615507898328 -0.889706881585 0.912741029013 -0.912741029013 -0.889706881585 
200.462506187 128.169875443 2.51495051384 130.884011427 75.1880111694 24379648 0.15810336454 0.0 0.15810336454 -1.64611021996 1.9013934971 -1.9013934971 -1.64611021996 
127.441108543 111.74557649 1.43648648262 139.093459157 73.9723815918 8388608 0.48461506727 0.0 0.48461506727 -1.08566591444 0.940650273465 -0.940650273465 -1.08566591444 
38.8838186337 68.0602833107 1.32133328915 136.899247434 73.1988677979 8388608 0.572763384712 0.0 0.572763384712 -0.964775864013 0.902845054938 -0.902845054938 -0.964775864013 
242.237085951 107.184779687 1.9460914135 135.721237291 72.3277435303 22544384 0.264042312126 0.0 0.264042312126 -1.39330718262 1.35866363923 -1.35866363923 -1.39330718262 
157.61901923 87.0773480833 2.95985603333 152.359746206 70.340965271 19399168 0.114145507884 0.0 0.114145507884 -2.62207094856 1.37313206893 -1.37313206893 -2.62207094856 
130.306869173 123.161611468 2.88325119019 132.767074148 70.319442749 17498624 0.12029152759 0.0 0.12029152759 -1.95778390714 2.11665292352 -2.11665292352 -1.95778390714 
181.410917685 91.540413006 3.23376011848 139.973061386 69.9790115356 9109505 0.095627851557 0.0 0.095627851557 -2.47622639535 2.07978540789 -2.07978540789 -2.47622639535 
124.765911569 102.267417776 2.08440279961 131.744533801 69.0715789795 10748160 0.230163633194 0.0 0.230163633194 -1.38781724254 1.5552164905 -1.5552164905 -1.38781724254 
155.201296822 88.3902428336 1.29999887943 140.032988629 68.2711105347 8388608 0.591716996421 0.0 0.591716996421 -0.996337871122 0.835049659059 -0.835049659059 -0.996337871122 
128.926330657 120.598228333 1.81412708759 132.430110645 67.489692688 17432576 0.30385373838 0.0 0.30385373838 -1.22397408468 1.33900878637 -1.33900878637 -1.22397408468 
228.803890548 87.8711486966 1.98862552643 143.124148933 66.2383575439 24051712 0.252868062158 0.0 0.252868062158 -1.59077643353 1.19334061478 -1.19334061478 -1.59077643353 
258.663111581 124.255086283 1.32282078266 135.675374684 65.9250946045 8388608 0.571475980083 0.0 0.571475980083 -0.946336058456 0.924285068313 -0.924285068313 -0.946336058456 
41.3364495825 54.804583722 1.80777382851 132.922609157 65.6706695557 17170432 0.305993224759 0.0 0.305993224759 -1.23111183888 1.32378618183 -1.32378618183 -1.23111183888 
177.077652107 93.2110297764 5.16230344772 145.131730782 65.0654296875 9503233 0.037524329528 0.0 0.037524329528 -4.23550792518 2.95124541543 -2.95124541543 -4.23550792518 
135.04388937 82.079321912 1.92127597332 148.867695815 64.8243560791 21561344 0.270907168215 0.0 0.270907168215 -1.64456558381 0.993330461737 -0.993330461737 -1.64456558381 
121.558005304 105.423157851 1.3359246254 133.238312459 63.3812637329 8388608 0.560319954654 0.0 0.560319954654 -0.915154322258 0.973235414067 -0.973235414067 -0.915154322258 
159.660285821 54.7194023938 1.54956281185 135.972404266 60.7344055176 8388608 0.416467992715 0.0 0.416467992715 -1.1141436329 1.07695351485 -1.07695351485 -1.1141436329 
168.259994641 54.4846265356 1.70492470264 144.304706596 57.5863113403 12976128 0.344024675122 0.0 0.344024675122 -1.38462298708 0.994780088929 -0.994780088929 -1.38462298708 
101.358512861 45.9159692956 1.41970920563 128.999208194 56.8282241821 8388608 0.496136528161 0.0 0.496136528161 -0.893436704889 1.10333362266 -1.10333362266 -0.893436704889 
147.574195656 114.329057606 2.83921551704 139.813102204 56.469039917 16384512 0.12405185997 0.0 0.12405185997 -2.16900055089 1.83209753083 -1.83209753083 -2.16900055089 
87.8471621813 103.58117239 2.97012233734 146.394989592 55.7405281067 19661312 0.113357777896 0.0 0.113357777896 -2.47373423953 1.64385693141 -1.64385693141 -2.47373423953 
193.201265953 118.93083896 1.52273464203 126.903665481 54.4559364319 8388608 0.431272279223 0.0 0.431272279223 -0.9143585775 1.21764903884 -1.21764903884 -0.9143585775 
102.864350741 99.1780057198 1.52034139633 135.563561322 54.3967132568 8388608 0.432631122574 0.0 0.432631122574 -1.085565668 1.06441774782 -1.06441774782 -1.085565668 
193.107111799 56.4328288609 1.53516542912 147.081044116 52.6888809204 8388608 0.424316222779 0.0 0.424316222779 -1.28867944182 0.834289033243 -0.834289033243 -1.28867944182 
124.183946114 98.2397288321 1.35739326477 136.846462408 48.9432106018 8388608 0.542735988218 0.0 0.542735988218 -0.990250288081 0.928396920612 -0.928396920612 -0.990250288081 
199.409769366 76.350439568 2.88088393211 136.796860841 47.3205604553 17498624 0.120489298893 0.0 0.120489298893 -2.09996595384 1.97221581553 -1.97221581553 -2.09996595384 
134.082975404 86.7427854428 3.58011770248 144.014290555 44.8882598877 16449537 0.0780199001018 0.0 0.0780199001018 -2.89690083184 2.10361791544 -2.10361791544 -2.89690083184 
99.320361541 118.471873851 1.30515241623 130.010080401 44.5841445923 8388608 0.587053303871 0.0 0.587053303871 -0.839111690758 0.999657141236 -0.999657141236 -0.839111690758 
177.705262792 55.2695402521 2.21974015236 147.889373997 44.4778404236 15335680 0.202953116241 0.0 0.202953116241 -1.88017174953 1.17991547843 -1.17991547843 -1.88017174953 
149.072415302 71.5283567374 2.58250904083 149.439885426 42.9243011475 9568768 0.14993958306 0.0 0.14993958306 -2.22378866585 1.31305632614 -1.31305632614 -2.22378866585 
86.7359482185 28.3142998117 1.23848366737 145.853489994 42.7275123596 8388608 0.651957720596 0.0 0.651957720596 -1.024975228 0.695174493449 -0.695174493449 -1.024975228 
102.736100377 118.087114649 2.67421388626 135.304037844 42.5291213989 12059136 0.139832370726 0.0 0.139832370726 -1.90096238159 1.88089391867 -1.88089391867 -1.90096238159 
38.2982982923 111.245691715 1.29545474052 133.384314034 42.1796417236 8388608 0.595875474593 0.0 0.595875474593 -0.889833053484 0.941488248293 -0.941488248293 -0.889833053484 
194.756885096 79.7996608659 1.79277253151 134.679112088 41.6365356445 16580608 0.311135539425 0.0 0.311135539425 -1.26056205514 1.27476141096 -1.27476141096 -1.26056205514 
158.252026175 114.732030845 2.54031014442 145.871254889 40.5842666626 8389120 0.154962464584 0.0 0.154962464584 -2.10281528846 1.42525208034 -1.42525208034 -2.10281528846 
248.147398526 116.821027188 2.08538126945 137.200776607 40.448348999 10813696 0.229947696334 0.0 0.229947696334 -1.53012572121 1.41687342988 -1.41687342988 -1.53012572121 
74.6482053933 32.9584462206 1.27260947227 135.502759744 40.0852813721 8388608 0.61746123482 0.0 0.61746123482 -0.907732240495 0.891940047588 -0.891940047588 -0.907732240495 
137.738322638 90.4815079101 2.04348564148 152.28448346 40.0176353455 9371904 0.239473145654 0.0 0.239473145654 -1.80903184857 0.950387993287 -0.950387993287 -1.80903184857 
54.8909312716 57.6931721158 1.369987607 142.051874516 39.8490333557 8388608 0.532803075397 0.0 0.532803075397 -1.08032816647 0.842470828018 -0.842470828018 -1.08032816647 
162.180437797 76.1499727517 2.30760073662 151.265301282 39.3257369995 18153728 0.187792681009 0.0 0.187792681009 -2.02343165055 1.10938970393 -1.10938970393 -2.02343165055 
104.1080392 115.029038488 1.36003363132 150.237431006 38.327495575 8388608 0.540630700694 0.0 0.540630700694 -1.18063151127 0.675130145187 -0.675130145187 -1.18063151127 
101.531837066 113.797129266 1.785343647 144.556761235 37.0763053894 16252928 0.313730220717 0.0 0.313730220717 -1.45450233709 1.03531390858 -1.03531390858 -1.45450233709 
88.7900563895 117.20753027 2.64895701408 147.498368969 36.1281700134 11403776 0.142511587631 0.0 0.142511587631 -2.23406716868 1.42334716367 -1.42334716367 -2.23406716868 
109.916197121 71.3130606621 3.48423457146 135.559270957 35.8039932251 14483457 0.0823730655535 0.0 0.0823730655535 -2.48765686366 2.43956018118 -2.43956018118 -2.48765686366 
143.116289956 102.166305416 1.9360319376 133.668804971 32.7562980652 22151168 0.266793328514 0.0 0.266793328514 -1.33680814656 1.40041552501 -1.40041552501 -1.33680814656 
131.395265438 133.243667157 1.69822525978 134.028485584 31.5010414124 12648448 0.346744361181 0.0 0.346744361181 -1.18029358581 1.22101436693 -1.22101436693 -1.18029358581 
141.883685743 135.966857147 1.49838340282 144.025622666 31.4543037415 8388608 0.445403978858 0.0 0.445403978858 -1.21261137705 0.880185474832 -0.880185474832 -1.21261137705 
135.988193326 112.266410888 1.51916980743 128.420709268 30.4598865509 8388608 0.433298673055 0.0 0.433298673055 -0.944059215206 1.19022229101 -1.19022229101 -0.944059215206 
154.051478117 102.092655754 2.2226600647 139.498258206 30.0085830688 15401216 0.202420226786 0.0 0.202420226786 -1.69008008939 1.44355362029 -1.44355362029 -1.69008008939 
113.55064424 114.146158804 1.61906147003 140.118004093 29.1280632019 9240576 0.381481362084 0.0 0.381481362084 -1.24241382029 1.03815603013 -1.03815603013 -1.24241382029 
149.968306517 76.3235901929 1.20918953419 145.724213458 28.7438583374 8388608 0.683929349115 0.0 0.683929349115 -0.999197289594 0.680987596109 -0.680987596109 -0.999197289594 
151.189684601 103.561762412 1.63397908211 140.23001667 26.1362571716 9895936 0.374547596959 0.0 0.374547596959 -1.25590698419 1.04526804592 -1.04526804592 -1.25590698419 
127.266073199 76.8539924774 1.53182554245 133.224064111 25.0644798279 8388608 0.426168539512 0.0 0.426168539512 -1.04907564127 1.11621225194 -1.11621225194 -1.04907564127 
79.456628097 127.963659167 1.36048126221 149.958214837 24.9493789673 8388608 0.540274998353 0.0 0.540274998353 -1.17771492938 0.681099706314 -0.681099706314 -1.17771492938 
219.582302778 139.194565066 1.50067973137 156.322205168 23.2498130798 8388608 0.444041914303 0.0 0.444041914303 -1.37434996156 0.602662292916 -0.602662292916 -1.37434996156 
179.975974357 45.8332461733 1.34353709221 165.175869521 19.5252380371 8388608 0.553988409094 0.0 0.553988409094 -1.2988184278 0.343747886888 -0.343747886888 -1.2988184278 
176.661004057 44.2171464359 1.50699400902 161.111869986 19.4293346405 8388608 0.440328654696 0.0 0.440328654696 -1.42584606564 0.487846226095 -0.487846226095 -1.42584606564 
147.489537757 44.3234644716 1.362008214 130.880171244 18.8577041626 8388608 0.539064269333 0.0 0.539064269333 -0.891406033965 1.02978719044 -1.02978719044 -0.891406033965 
35.9458559377 119.123122093 1.33767914772 131.624073844 18.4696331024 8388608 0.558851068562 0.0 0.558851068562 -0.88854047162 0.99994066451 -0.99994066451 -0.88854047162 
121.014893778 68.6446318287 1.32104825974 143.349532444 17.9226760864 8388608 0.573010570265 0.0 0.573010570265 -1.05986644252 0.788575696155 -0.788575696155 -1.05986644252 
161.72560439 38.6177280574 1.54219305515 146.145907981 17.562953949 8388608 0.420457897095 0.0 0.420457897095 -1.28072796257 0.859124732073 -0.859124732073 -1.28072796257 
110.603255685 64.3551659771 1.70100212097 138.037991038 16.2429122925 12779520 0.345613175018 0.0 0.345613175018 -1.26484534625 1.13735415136 -1.13735415136 -1.26484534625 
161.157996195 40.2525092846 2.28255677223 145.036820088 16.1963615417 17367296 0.191936169641 0.0 0.191936169641 -1.87060200689 1.3080189411 -1.3080189411 -1.87060200689 
179.211268567 73.8439125203 2.00337600708 151.624609661 14.6607685089 24641536 0.249158130447 0.0 0.249158130447 -1.76267595251 0.95209711279 -0.95209711279 -1.76267595251 
166.076215417 48.6915903125 1.29484033585 145.666137941 13.1960515976 8388608 0.596441097287 0.0 0.596441097287 -1.06923396441 0.73030830797 -0.73030830797 -1.06923396441 
179.853030286 67.4433701162 3.00267577171 150.21605826 12.9570579529 20447744 0.11091317066 0.0 0.11091317066 -2.60603643266 1.491521338 -1.491521338 -2.60603643266 
92.2068005594 128.623202499 1.76208519936 147.789292473 12.7631397247 15335424 0.322066974332 0.0 0.322066974332 -1.49088895094 0.939252035272 -0.939252035272 -1.49088895094 
192.019173034 111.995117736 1.36163663864 141.373537126 11.975438118 8388608 0.539358518653 0.0 0.539358518653 -1.06375444314 0.849988717797 -0.849988717797 -1.06375444314 
114.338934621 48.2841977817 1.86394166946 133.373324873 11.4460945129 19398656 0.287829541133 0.0 0.287829541133 -1.2800603867 1.3548889082 -1.3548889082 -1.2800603867 
219.669077587 66.4996457852 2.2457909584 137.414555117 11.1524238586 16187648 0.198271979248 0.0 0.198271979248 -1.65350629317 1.51970193371 -1.51970193371 -1.65350629317 
62.9469524653 83.4009494946 3.31890130043 144.12373888 10.5602664948 11010049 0.0907844204444 0.0 0.0907844204444 -2.68925433936 1.94499792808 -1.94499792808 -2.68925433936 
61.3318125243 80.686807475 2.32599830627 146.799500001 10.5002813339 18678016 0.184833723149 0.0 0.184833723149 -1.94630126128 1.27364811512 -1.27364811512 -1.94630126128 
190.612852838 62.9420372563 1.30884706974 144.730333422 10.2595062256 8388608 0.583743677714 0.0 0.583743677714 -1.06859955689 0.755761628412 -0.755761628412 -1.06859955689 
79.6473320028 40.5169876842 1.45321428776 138.671460688 9.97463226318 8388608 0.473522567485 0.0 0.473522567485 -1.09126989291 0.959667539809 -0.959667539809 -1.09126989291 
39.6794349277 76.5091013136 1.33405780792 124.653999146 9.92411327362 8388608 0.561889222415 0.0 0.561889222415 -0.758570974515 1.09739706192 -1.09739706192 -0.758570974515 
40.7300109432 77.5536902014 2.02317285538 132.906235636 9.81212329865 8585472 0.24430593693 0.0 0.24430593693 -1.37737727223 1.48191101375 -1.48191101375 -1.37737727223 
175.17698242 49.9686644545 1.25967144966 150.936840321 9.18573570251 8388608 0.630210199372 0.0 0.630210199372 -1.10105960252 0.611914955521 -0.611914955521 -1.10105960252 
229.491182886 100.605431688 1.42201936245 137.445767123 9.1685218811 8388608 0.494525829716 0.0 0.494525829716 -1.04751283352 0.961694302151 -0.961694302151 -1.04751283352 
184.657257985 72.4738253416 1.24733138084 136.226101838 8.82992172241 8388608 0.642741441926 0.0 0.642741441926 -0.900667390597 0.862921679617 -0.862921679617 -0.900667390597 
93.6055116538 148.562884557 1.65924489498 130.493658716 7.6672706604 11010048 0.363227749388 0.0 0.363227749388 -1.07745371191 1.26181897283 -1.26181897283 -1.07745371191 
92.7837234547 67.2330481727 1.36075150967 130.051894135 7.59463119507 8388608 0.540060420679 0.0 0.540060420679 -0.87561797408 1.04160349199 -1.04160349199 -0.87561797408 
83.3192677868 145.92812155 1.45226275921 129.707578723 7.52896118164 8388608 0.474143278643 0.0 0.474143278643 -0.927806503719 1.11724760615 -1.11724760615 -0.927806503719 
249.494948426 66.4935205149 1.37317109108 137.393981449 6.92481613159 8388608 0.530335496573 0.0 0.530335496573 -1.01068960025 0.929572685341 -0.929572685341 -1.01068960025 
58.5223816853 138.928725869 1.29736185074 130.270566999 6.66774368286 8388608 0.594124899063 0.0 0.594124899063 -0.838611987982 0.989887723616 -0.989887723616 -0.838611987982 
120.423287255 80.4693984593 1.44234228134 145.721107178 6.53606796265 8388608 0.480688055372 0.0 0.480688055372 -1.19181584409 0.81235844941 -0.81235844941 -1.19181584409 
60.9708471667 139.413619799 1.2588082552 129.64116251 6.34087753296 8388608 0.631074795658 0.0 0.631074795658 -0.803091190494 0.969351723112 -0.969351723112 -0.803091190494 
59.8026050662 88.752358484 1.54218506813 122.848030062 4.90758943558 8388608 0.420462252234 0.0 0.420462252234 -0.836500693186 1.29560849591 -1.29560849591 -0.836500693186 
59.4682830755 148.971233317 1.31693100929 125.471446108 4.64340209961 8388608 0.576599089254 0.0 0.576599089254 -0.764211326552 1.07251495635 -1.07251495635 -0.764211326552 
113.440726194 156.32020349 1.34737670422 126.25152239 4.43877792358 8388608 0.550835512436 0.0 0.550835512436 -0.796745716244 1.0865635033 -1.0865635033 -0.796745716244 
51.7207188223 148.221983434 1.33758807182 125.297732517 4.41447067261 8388608 0.558927175095 0.0 0.558927175095 -0.772892262649 1.09168649356 -1.09168649356 -0.772892262649 
91.2968430119 156.08541148 1.34165358543 125.3320385 4.40399932861 8388608 0.555544955971 0.0 0.555544955971 -0.775896916961 1.09454023113 -1.09454023113 -0.775896916961 
223.650503999 51.0791968426 1.45646750927 125.096099172 4.34629440308 8388608 0.471409573734 0.0 0.471409573734 -0.837395337881 1.19166549571 -1.19166549571 -0.837395337881 
224.892256786 43.1460120169 2.19715738297 124.934183603 3.96263122559 14614784 0.207146531922 0.0 0.207146531922 -1.25816941062 1.80125242532 -1.80125242532 -1.25816941062 
188.500731554 28.1738337586 1.39942097664 124.91703438 3.66940307617 8388608 0.510626372285 0.0 0.510626372285 -0.801014130933 1.14749964353 -1.14749964353 -0.801014130933 
234.34887813 38.8738576199 1.84147179127 124.951272543 3.54200744629 18546688 0.294896663603 0.0 0.294896663603 -1.05494158159 1.50934310793 -1.50934310793 -1.05494158159 
212.380930091 51.5943391453 1.6956076622 132.033149471 1.17980575562 12582912 0.347815762077 0.0 0.347815762077 -1.13531183564 1.25942541659 -1.25942541659 -1.13531183564 
