13
118
156.729120974 81.787413589 1.31839466095 229.807067871 155.778762817 8388608 0.575319545615 0.0 0.575319545615 -0.850843743664 -1.00708957193 1.00708957193 -0.850843743664 
136.704131393 59.4759605103 2.74963712692 91.0274047852 155.609436035 14090752 0.132266308752 0.0 0.132266308752 -0.0493027405481 2.74919507666 -2.74919507666 -0.0493027405481 
59.5262443631 71.3142681801 2.68398070335 43.9754943848 154.881271362 12321280 0.138816542026 0.0 0.138816542026 1.93149139861 1.86362372626 -1.86362372626 1.93149139861 
125.372771352 43.0858581004 3.66399335861 63.001373291 142.430541992 18153473 0.0744887427971 0.0 0.0744887427971 1.66333992703 3.26468185572 -3.26468185572 1.66333992703 
157.36792671 94.2000072901 2.4137814045 22.582824707 142.236114502 21364992 0.17163431678 0.0 0.17163431678 2.22870561825 0.926936856469 -0.926936856469 2.22870561825 
26.0676888857 127.042433176 1.49222791195 90.8898620605 141.43800354 8388608 0.449086170924 0.0 0.449086170924 -0.0231748940847 1.49204794343 -1.49204794343 -0.0231748940847 
223.209015869 67.0544202153 3.0198507309 79.4801025391 138.430038452 20906496 0.109655153397 0.0 0.109655153397 0.551355213 2.96909175776 -2.96909175776 0.551355213 
215.089115183 66.9303207195 4.10056066513 80.1982727051 136.048233032 9568513 0.0594721333078 0.0 0.0594721333078 0.698076192461 4.04070382458 -4.04070382458 0.698076192461 
90.466093426 58.4388034384 1.77662920952 44.8433837891 135.868225098 15925248 0.316815487499 0.0 0.316815487499 1.25969582924 1.25282790754 -1.25282790754 1.25969582924 
51.0776633927 78.2097656817 1.37231087685 30.8717346191 135.506149292 8388608 0.531000572005 0.0 0.531000572005 1.17787932413 0.704157255524 -0.704157255524 1.17787932413 
250.073577226 73.7569700718 2.42855286598 14.2674255371 134.857315063 21823744 0.169552764926 0.0 0.169552764926 2.35364658513 0.598512134514 -0.598512134514 2.35364658513 
148.603055051 77.230671395 1.63961684704 58.8994750977 133.720489502 10092544 0.371976287741 0.0 0.371976287741 0.846929610001 1.40394217858 -1.40394217858 0.846929610001 
249.83755361 67.8712933859 3.30810308456 14.4087524414 130.76600647 10747905 0.0913780595746 0.0 0.0913780595746 3.20404723209 0.823181239228 -0.823181239228 3.20404723209 
144.794039432 70.0680146409 1.4644241333 60.5897827148 130.581695557 8388608 0.466300891066 0.0 0.466300891066 0.719118804597 1.2756983135 -1.2756983135 0.719118804597 
234.930559693 105.914800864 1.71932148933 79.5172424316 125.96509552 13565952 0.338287396223 0.0 0.338287396223 0.31281269716 1.6906255056 -1.6906255056 0.31281269716 
238.030647227 58.2007004748 1.24442315102 358.836303711 123.55921936 8388608 0.645749139184 0.0 0.645749139184 1.24416649161 -0.0252729093823 0.0252729093823 1.24416649161 
202.648724915 69.7804445041 2.72818446159 89.0064697266 123.179016113 13500928 0.13435459925 0.0 0.13435459925 0.0473053694605 2.72777430491 -2.72777430491 0.0473053694605 
237.957041068 66.038999249 1.77144038677 100.490234375 121.892417908 15728640 0.31867420884 0.0 0.31867420884 -0.322522492502 1.74183245053 -1.74183245053 -0.322522492502 
127.435739241 90.752837502 1.41867423058 72.4508056641 120.860527039 8388608 0.496860691922 0.0 0.496860691922 0.427765113125 1.35264687945 -1.35264687945 0.427765113125 
269.125690677 122.61710164 1.82351350784 72.6468200684 120.749824524 17825792 0.300733653586 0.0 0.300733653586 0.543882818894 1.7405151515 -1.7405151515 0.543882818894 
147.771759327 60.1541879228 1.95138978958 90.2587280273 119.419319153 22740992 0.26261041347 0.0 0.26261041347 -0.00881177495594 1.95136989408 -1.95136989408 -0.00881177495594 
137.346809328 73.7664666348 2.6318333149 47.2079162598 116.069480896 10945024 0.144372088737 0.0 0.144372088737 1.78790943922 1.93130174611 -1.93130174611 1.78790943922 
210.930491233 47.2379604249 1.83450341225 85.8676147461 111.399490356 18219008 0.29714125425 0.0 0.29714125425 0.132196545995 1.82973409073 -1.82973409073 0.132196545995 
161.289790353 76.296792586 1.44559466839 210.587615967 110.809165955 8388608 0.47852752595 0.0 0.47852752595 -1.24444310803 -0.735598597168 0.735598597168 -1.24444310803 
224.008591023 46.0178479907 2.02437281609 39.2093200684 110.285339355 8651008 0.24401639477 0.0 0.24401639477 1.56856841119 1.27971810877 -1.27971810877 1.56856841119 
174.384760633 80.1389767372 1.44902038574 83.1775817871 108.637374878 8388608 0.476267568421 0.0 0.476267568421 0.172132722966 1.43876002307 -1.43876002307 0.172132722966 
229.736215224 66.4411473948 1.77405846119 81.4226379395 107.549987793 15794176 0.317734333192 0.0 0.317734333192 0.264591359551 1.75421630256 -1.75421630256 0.264591359551 
34.9803957026 98.1327636952 1.98509335518 110.827774048 106.889099121 23986176 0.253768743156 0.0 0.253768743156 -0.705819944412 1.85537431125 -1.85537431125 -0.705819944412 
132.402370005 59.9563028213 1.3005695343 92.5956420898 106.253540039 8388608 0.59119785139 0.0 0.59119785139 -0.058898900844 1.29923517234 -1.29923517234 -0.058898900844 
171.685597408 79.8635356892 2.29768753052 80.82421875 104.672080994 17826048 0.189416612423 0.0 0.189416612423 0.36639824666 2.26828576523 -2.26828576523 0.36639824666 
203.849949772 69.443973499 1.66768109798 85.1200561523 103.79876709 11337728 0.359562165449 0.0 0.359562165449 0.141866548016 1.66163597913 -1.66163597913 0.141866548016 
179.677837811 86.9432951671 1.35283172131 66.2501831055 103.68687439 8388608 0.546402205719 0.0 0.546402205719 0.544844540458 1.23826414505 -1.23826414505 0.544844540458 
41.8443647715 76.3273911159 1.42725729942 1.18450927734 103.008178711 8388608 0.490902738035 0.0 0.490902738035 1.4269523074 0.029504426033 -0.029504426033 1.4269523074 
172.705626256 93.8127300958 1.46099281311 9.20596313477 102.1300354 8388608 0.468493792466 0.0 0.468493792466 1.44217467032 0.23373536369 -0.23373536369 1.44217467032 
76.938392629 80.281186398 2.04190373421 259.952026367 100.331626892 9306368 0.239844339502 0.0 0.239844339502 -0.356256445625 -2.01058504041 2.01058504041 -0.356256445625 
205.255797696 43.5180472865 4.31738185883 288.528198242 98.6224441528 13304065 0.0536486842625 0.0 0.0536486842625 1.37194020779 -4.09360063772 4.09360063772 1.37194020779 
136.533449924 97.8803939261 1.9364657402 88.320892334 97.7397079468 22151168 0.266673809046 0.0 0.266673809046 0.0567418593969 1.93563424344 -1.93563424344 0.0567418593969 
193.873200311 139.564413324 2.2875084877 80.3395996094 97.1088485718 17498368 0.191106109655 0.0 0.191106109655 0.383862399908 2.2550708945 -2.2550708945 0.383862399908 
47.7673543475 137.963928288 3.23050999641 100.858734131 97.0255966187 9043969 0.0958203651451 0.0 0.0958203651451 -0.608589842204 3.17266658206 -3.17266658206 -0.608589842204 
134.816781523 41.6895889851 1.28394269943 105.914230347 95.3864212036 8388608 0.606608812994 0.0 0.606608812994 -0.352054615914 1.23473333268 -1.23473333268 -0.352054615914 
104.636527036 61.3936240843 3.07221126556 45.3921813965 93.6285705566 22151680 0.10594923989 0.0 0.10594923989 2.15746100579 2.1872000523 -2.1872000523 2.15746100579 
122.359059988 87.3424200099 7.84380149841 263.87298584 92.5114059448 23068674 0.0162534968321 0.0 0.0162534968321 -0.837191492438 -7.79899559889 7.79899559889 -0.837191492438 
168.670366789 69.9563867386 2.02327251434 168.749359131 89.794960022 8651008 0.244281870298 0.0 0.244281870298 -1.98439148513 0.394743082342 -0.394743082342 -1.98439148513 
107.787896116 54.7273823657 2.10428738594 49.0384521484 89.2986068726 11469056 0.225834296119 0.0 0.225834296119 1.37947061071 1.58905199311 -1.58905199311 1.37947061071 
190.791445453 69.9670976476 2.02166461945 80.8158569336 88.7827224731 8585472 0.244670595277 0.0 0.244670595277 0.322673818245 1.99574783992 -1.99574783992 0.322673818245 
187.423159831 91.4549606591 1.46247518063 0.360900878906 86.9925765991 8388608 0.467544541463 0.0 0.467544541463 1.46244616796 0.0092119365914 -0.0092119365914 1.46244616796 
22.5118355095 98.3710964451 1.34940814972 306.679931641 86.2308273315 8388608 0.54917826731 0.0 0.54917826731 0.80606124128 -1.08220498513 1.08220498513 0.80606124128 
168.450594364 80.9336489673 1.57169532776 70.1475219727 85.6867370605 8388608 0.404821225953 0.0 0.404821225953 0.533747017008 1.47828966212 -1.47828966212 0.533747017008 
195.30979657 80.8095734941 1.58948922157 321.311706543 83.8409500122 8388608 0.395808234767 0.0 0.395808234767 1.24068874907 -0.993562989158 0.993562989158 1.24068874907 
29.8124506704 89.2001523772 1.60340261459 234.633651733 83.118637085 8519680 0.388968851995 0.0 0.388968851995 -0.928053154113 -1.30752334114 1.30752334114 -0.928053154113 
179.725303399 129.904562507 1.58445191383 25.1552734375 82.8345718384 8388608 0.398328951534 0.0 0.398328951534 1.43418114918 0.673507459938 -0.673507459938 1.43418114918 
202.136546594 35.8542653035 1.57774150372 284.929992676 82.2889862061 8388608 0.401724482276 0.0 0.401724482276 0.406487155883 -1.52447907321 1.52447907321 0.406487155883 
25.4876705045 107.915885492 2.5817284584 174.465515137 81.3802337646 9568768 0.150030264864 0.0 0.150030264864 -2.56969329481 0.248994384531 -0.248994384531 -2.56969329481 
73.1272016089 68.4537320687 2.56790590286 260.725280762 80.1486358643 9175552 0.151649781459 0.0 0.151649781459 -0.413865215207 -2.53433547692 2.53433547692 -0.413865215207 
223.053799943 55.8597305017 1.49695181847 263.44821167 80.065536499 8388608 0.44625629522 0.0 0.44625629522 -0.170804049764 -1.48717541783 1.48717541783 -0.170804049764 
194.680510903 95.2130503797 1.39926624298 27.7361755371 78.9758300781 8388608 0.510739310699 0.0 0.510739310699 1.2384904905 0.65121987354 -0.65121987354 1.2384904905 
177.576362117 104.743315543 4.82351350784 17.6561889648 77.0089111328 21299457 0.0429806522553 0.0 0.0429806522553 4.5962955401 1.46299346151 -1.46299346151 4.5962955401 
22.9123439207 104.539676017 1.52318811417 290.888031006 76.3886947632 8388608 0.431015527153 0.0 0.431015527153 0.543081812665 -1.42308263143 1.42308263143 0.543081812665 
49.1633470485 93.5046744097 5.30232095718 260.896209717 73.9287185669 11469313 0.0355686985432 0.0 0.0355686985432 -0.838951181954 -5.23552943333 5.23552943333 -0.838951181954 
216.649729927 98.1022695468 7.53772974014 260.65536499 67.7804107666 20185090 0.0176002515853 0.0 0.0176002515853 -1.2239204753 -7.43770047162 7.43770047162 -1.2239204753 
266.511511306 112.999824026 1.67094063759 10.0229492188 66.3927078247 11468800 0.358160722498 0.0 0.358160722498 1.64543894389 0.290814883191 -0.290814883191 1.64543894389 
180.311739589 108.957067771 2.22239041328 22.3903198242 66.322052002 15401216 0.202469350659 0.0 0.202469350659 2.05484529479 0.846539995228 -0.846539995228 2.05484529479 
156.625927616 86.7069611288 5.10938405991 252.520782471 66.0278320312 8782337 0.0383056558468 0.0 0.0383056558468 -1.53465380476 -4.87346315992 4.87346315992 -1.53465380476 
268.142907055 88.1760353028 1.53977000713 359.221618652 63.6220054626 8388608 0.4217822394 0.0 0.4217822394 1.53962791869 -0.0209176207543 0.0209176207543 1.53962791869 
195.136804549 106.54913249 2.47940850258 122.245910645 62.7505340576 23331072 0.16266863696 0.0 0.16266863696 -1.3228987027 2.09699917622 -2.09699917622 -1.3228987027 
179.984137625 95.6351895311 1.65581655502 339.985046387 62.6700286865 10813440 0.364733420239 0.0 0.364733420239 1.55581074072 -0.566728685481 0.566728685481 1.55581074072 
268.686533806 97.1563196949 1.52568221092 6.966796875 61.07081604 8388608 0.42960748064 0.0 0.42960748064 1.51441750221 0.185056309634 -0.185056309634 1.51441750221 
185.834911878 35.5373455307 1.85007107258 279.845428467 60.1494979858 18874368 0.292161627234 0.0 0.292161627234 0.31634504427 -1.82282439817 1.82282439817 0.31634504427 
101.043124666 80.1745154401 3.95935368538 260.054382324 53.4041633606 23789569 0.0637898238353 0.0 0.0637898238353 -0.683833312903 -3.89985302365 3.89985302365 -0.683833312903 
139.547318732 50.6954981853 1.80359876156 209.251342773 52.3297309875 17039360 0.307411523427 0.0 0.307411523427 -1.57361206395 -0.881313545162 0.881313545162 -1.57361206395 
211.044498241 87.6374278474 3.85740971565 260.418701172 50.5026893616 21889025 0.0672060638144 0.0 0.0672060638144 -0.642053934205 -3.80360046009 3.80360046009 -0.642053934205 
94.454215415 43.478827578 3.84695792198 226.867935181 49.8766136169 21692417 0.0675717439876 0.0 0.0675717439876 -2.63009701028 -2.80743209535 2.80743209535 -2.63009701028 
54.7393403516 62.059662211 1.50041556358 261.43951416 45.1052932739 8388608 0.444198286842 0.0 0.444198286842 -0.223341972947 -1.48369984382 1.48369984382 -0.223341972947 
267.585260906 106.624887124 2.25402164459 9.12530517578 44.5179862976 16449792 0.196826620521 0.0 0.196826620521 2.22549442788 0.357474650523 -0.357474650523 2.22549442788 
236.36088989 80.9524078105 2.72637677193 262.535644531 43.3757514954 13500928 0.134532822553 0.0 0.134532822553 -0.354181902035 -2.70327310547 2.70327310547 -0.354181902035 
172.778472738 120.771960634 2.0454864502 55.1775817871 42.3973464966 9437440 0.239004889685 0.0 0.239004889685 1.16804397949 1.67919268695 -1.67919268695 1.16804397949 
84.3508505338 51.8044040251 1.57880520821 238.241943359 41.8521270752 8388608 0.401183348786 0.0 0.401183348786 -0.830978056287 -1.342423687 1.342423687 -0.830978056287 
258.467446085 115.859211526 1.67948055267 344.231140137 38.6445999146 11862016 0.354527592332 0.0 0.354527592332 1.6162747047 -0.456411005302 0.456411005302 1.6162747047 
141.801993431 118.121636898 4.00754547119 84.5474853516 38.4609603882 24641537 0.062264869548 0.0 0.062264869548 0.380800014346 3.98941249468 -3.98941249468 0.380800014346 
75.5056017269 57.3200775961 2.30222940445 209.290542603 38.2535362244 17957120 0.188669981562 0.0 0.188669981562 -2.00788946569 -1.12633925808 1.12633925808 -2.00788946569 
171.532443327 108.193271 2.19763565063 25.778137207 38.0696144104 14614784 0.207056379846 0.0 0.207056379846 1.97893745614 0.955724331397 -0.955724331397 1.97893745614 
126.127731059 55.2427668613 1.32954037189 209.93447876 35.2378616333 8388608 0.565714019184 0.0 0.565714019184 -1.15217518989 -0.663453037003 0.663453037003 -1.15217518989 
204.095741233 121.396990873 1.55661082268 197.125152588 31.4900360107 8388608 0.412705169369 0.0 0.412705169369 -1.4875966767 -0.458359444914 0.458359444914 -1.4875966767 
105.267998213 125.452981944 1.37841784954 81.4651489258 31.0755577087 8388608 0.526305881646 0.0 0.526305881646 0.204572328 1.36315293733 -1.36315293733 0.204572328 
210.988444487 58.1611475493 2.14983391762 281.934143066 30.656167984 13041920 0.216366579371 0.0 0.216366579371 0.444558245904 -2.10336726212 2.10336726212 0.444558245904 
35.3272645717 68.8747764886 1.70432412624 230.061553955 29.8995018005 12910592 0.344267175361 0.0 0.344267175361 -1.09411518104 -1.30676420899 1.30676420899 -1.09411518104 
261.29517268 91.4604395113 1.39245450497 19.9064331055 29.7354831696 8388608 0.515748496805 0.0 0.515748496805 1.30925521413 0.474110042779 -0.474110042779 1.30925521413 
253.315717099 93.5613104841 3.72750854492 7.4704284668 29.5275306702 19398657 0.0719718563716 0.0 0.0719718563716 3.69586981239 0.484630046853 -0.484630046853 3.69586981239 
206.713444608 123.720300071 2.60754275322 199.014572144 29.0980682373 10289664 0.147074413204 0.0 0.147074413204 -2.4652641194 -0.849559904572 0.849559904572 -2.4652641194 
198.895769645 131.648937002 1.32784426212 211.000061035 28.0616340637 8388608 0.567160161501 0.0 0.567160161501 -1.13818395339 -0.683891565012 0.683891565012 -1.13818395339 
251.348908166 104.390905989 3.91715455055 353.821563721 27.5835323334 23003137 0.0651716304508 0.0 0.0651716304508 3.89440191494 -0.421584508528 0.421584508528 3.89440191494 
22.3698067388 90.4782119008 1.49435007572 266.534851074 27.4940338135 8388608 0.447811559702 0.0 0.447811559702 -0.0903206059213 -1.49161802649 1.49161802649 -0.0903206059213 
260.702196322 68.5900432443 1.12983429432 277.106201172 27.1015853882 8388608 0.783376418604 0.0 0.783376418604 0.139770531703 -1.12115553385 1.12115553385 0.139770531703 
201.273344496 26.7514678863 2.00751018524 277.000030518 25.1905822754 24772608 0.248132976528 0.0 0.248132976528 0.244655009449 -1.99254637843 1.99254637843 0.244655009449 
126.889700523 121.022635431 2.72579479218 88.9488525391 25.039100647 13435392 0.134590276428 0.0 0.134590276428 0.0500045828044 2.72533608767 -2.72533608767 0.0500045828044 
29.4806923308 74.7738494975 1.96627116203 215.429138184 23.0548706055 23265280 0.258650415546 0.0 0.258650415546 -1.60218281204 -1.13983881292 1.13983881292 -1.60218281204 
201.324573424 60.0233709066 1.89324116707 161.774154663 22.6039905548 20512768 0.278989668858 0.0 0.278989668858 -1.79825927383 0.592136555845 -0.592136555845 -1.79825927383 
248.351044611 53.6713996675 2.53442025185 272.708984375 21.9931602478 24903936 0.155683554801 0.0 0.155683554801 0.119784514668 -2.53158797655 2.53158797655 0.119784514668 
14.1216696779 99.6735338599 1.77625274658 186.883453369 15.5905799866 15925248 0.316949794881 0.0 0.316949794881 -1.76344950831 -0.212884126624 0.212884126624 -1.76344950831 
112.817528131 126.277507571 1.67198097706 21.4739990234 14.1978721619 11534336 0.357715151862 0.0 0.357715151862 1.55591839678 0.612077062309 -0.612077062309 1.55591839678 
266.118075769 132.498982622 2.07527351379 78.2048950195 12.919883728 10486016 0.232193101899 0.0 0.232193101899 0.424211685964 2.03145381502 -2.03145381502 0.424211685964 
234.813097799 138.680696285 1.98042154312 84.1291503906 12.3055992126 23789568 0.254967435672 0.0 0.254967435672 0.202570285703 1.97003420473 -1.97003420473 0.202570285703 
228.706326888 139.885013071 1.9903703928 79.4993896484 11.3639793396 24117248 0.252424900845 0.0 0.252424900845 0.362737042102 1.95703759259 -1.95703759259 0.362737042102 
129.988497298 131.953919773 1.3027176857 267.587646484 10.1862373352 8388608 0.589249715706 0.0 0.589249715706 -0.0548327854024 -1.30156318874 1.30156318874 -0.0548327854024 
16.0904418848 117.46860445 1.5944558382 172.079101562 8.5718421936 8388608 0.393346246159 0.0 0.393346246159 -1.57924355747 0.219725297089 -0.219725297089 -1.57924355747 
19.8103264849 134.767779483 1.98857176304 103.229797363 7.79313278198 24051712 0.252881735517 0.0 0.252881735517 -0.455098887525 1.93579509745 -1.93579509745 -0.455098887525 
231.188117646 96.7101640295 1.83509111404 78.188873291 7.23403549194 18284544 0.296950961262 0.0 0.296950961262 0.375617719961 1.79623793672 -1.79623793672 0.375617719961 
61.1525038469 154.776328177 2.86784029007 91.5194091797 5.91674423218 17170944 0.121587821252 0.0 0.121587821252 -0.0760424624258 2.86683195762 -2.86683195762 -0.0760424624258 
236.41921119 41.6301826194 1.78746533394 313.82824707 5.282787323 16384000 0.312985879276 0.0 0.312985879276 1.23781781454 -1.28951129427 1.28951129427 1.23781781454 
106.342993115 153.558549649 2.34710526466 90.0000305176 5.11616897583 19333376 0.181524339346 0.0 0.181524339346 -1.25014388311e-06 2.34710526466 -2.34710526466 -1.25014388311e-06 
113.978585342 148.936111817 1.27644383907 90.0033874512 4.80110549927 8388608 0.613757167698 0.0 0.613757167698 -7.54661375189e-05 1.27644383684 -1.27644383684 -7.54661375189e-05 
97.9991603027 151.120133354 2.18599319458 90.0 4.78363037109 14221568 0.209267790455 0.0 0.209267790455 1.33853478435e-16 2.18599319458 -2.18599319458 1.33853478435e-16 
114.256398858 152.096867095 2.02574372292 90.0 4.67111968994 8716544 0.243686234004 0.0 0.243686234004 1.24041028308e-16 2.02574372292 -2.02574372292 1.24041028308e-16 
241.268818452 24.8113729114 2.91987752914 309.20022583 4.09880447388 18416128 0.117292631055 0.0 0.117292631055 1.84545707715 -2.26273572509 2.26273572509 1.84545707715 
241.060112264 37.1494984219 1.7004956007 308.942230225 3.90660095215 12779520 0.345819098693 0.0 0.345819098693 1.06882354661 -1.32261162637 1.32261162637 1.06882354661 
276.355861874 105.654237712 1.2635256052 6.47723388672 3.75555801392 8388608 0.626371379455 0.0 0.626371379455 1.25546021526 0.142536321327 -0.142536321327 1.25546021526 
265.17375214 53.7549525589 1.60018575191 324.768859863 3.60926055908 8388608 0.390534316615 0.0 0.390534316615 1.30708210865 -0.923109311983 0.923109311983 1.30708210865 
84.0310174131 121.995986338 1.29556083679 143.624328613 0.565677642822 8388608 0.595777883537 0.0 0.595777883537 -1.04311523553 0.768367416823 -0.768367416823 -1.04311523553 
