13
257
219.093916936 82.4187783463 1.29000580311 283.019165039 91.2858276367 8388608 0.600920018625 0.0 0.600920018625 0.290608587966 -1.25684590171 1.25684590171 0.290608587966 
46.964296924 107.763277465 2.19741082191 17.3937683105 90.5130767822 14614784 0.207098752079 0.0 0.207098752079 2.09692948236 0.656887407596 -0.656887407596 2.09692948236 
84.4890319286 147.84427091 2.23325324059 38.8647766113 89.6601715088 15794432 0.200504467774 0.0 0.200504467774 1.73887585044 1.40133179988 -1.40133179988 1.73887585044 
98.9101549902 131.254566559 1.6472440958 40.4643554688 87.5966644287 10485760 0.368539532697 0.0 0.368539532697 1.2532395325 1.06902001166 -1.06902001166 1.2532395325 
72.5166307577 73.8034203794 5.13103246689 73.844909668 87.2134399414 9110017 0.0379831059236 0.0 0.0379831059236 1.42764986119 4.92841861555 -4.92841861555 1.42764986119 
159.13167248 108.796916562 2.82708978653 31.248046875 87.1001739502 16122368 0.125118289003 0.0 0.125118289003 2.41696261133 1.46653618998 -1.46653618998 2.41696261133 
80.5689366411 47.5809298845 4.41133403778 82.0910339355 81.5768127441 14876929 0.0513878100492 0.0 0.0513878100492 0.606997563281 4.36937317599 -4.36937317599 0.606997563281 
165.748941732 124.470717062 1.50734806061 92.2727661133 81.1334381104 8388608 0.440121826884 0.0 0.440121826884 -0.0597766758567 1.5061623169 -1.5061623169 -0.0597766758567 
117.314224186 132.176821832 1.29180657864 77.7966918945 80.7528762817 8388608 0.599245823983 0.0 0.599245823983 0.273063662855 1.26261651844 -1.26261651844 0.273063662855 
230.012890059 91.4007912709 1.59586465359 54.9780578613 77.8905944824 8388608 0.392652067438 0.0 0.392652067438 0.9158509238 1.30690515262 -1.30690515262 0.9158509238 
109.324741428 119.639676126 1.29413330555 40.3427429199 76.9205169678 8388608 0.597092988586 0.0 0.597092988586 0.986369782024 0.837768264882 -0.837768264882 0.986369782024 
174.868353675 87.9131658777 1.49514007568 38.5596923828 71.5149383545 8388608 0.447338456668 0.0 0.447338456668 1.1691385056 0.931965128451 -0.931965128451 1.1691385056 
117.939256475 110.906245016 1.43583130836 47.2634277344 71.2870178223 8388608 0.485057430873 0.0 0.485057430873 0.974396237166 1.05459163617 -1.05459163617 0.974396237166 
43.2520825988 76.8279424026 4.81819391251 83.0211181641 69.9036483765 21233921 0.0430756114445 0.0 0.0430756114445 0.585427428823 4.78249592829 -4.78249592829 0.585427428823 
89.4872190699 72.604000401 1.94312953949 81.429107666 69.4815979004 22413312 0.264847874581 0.0 0.264847874581 0.289590447188 1.92142909839 -1.92142909839 0.289590447188 
83.0050604532 72.5325486257 1.26631772518 76.9475097656 68.21484375 8388608 0.623612236283 0.0 0.623612236283 0.285989762597 1.23360059857 -1.23360059857 0.285989762597 
40.1522333999 121.903982756 2.15657806396 62.801574707 65.6271438599 13238528 0.21501543308 0.0 0.21501543308 0.985714645601 1.9181229323 -1.9181229323 0.985714645601 
103.856577082 53.259725454 3.8632478714 24.5858764648 65.4669723511 21954561 0.0670030931467 0.0 0.0670030931467 3.51300077996 1.60732997106 -1.60732997106 3.51300077996 
243.606155489 89.6982400996 3.11480307579 97.2164611816 64.1329040527 23134720 0.103071550756 0.0 0.103071550756 -0.391276157405 3.09012963637 -3.09012963637 -0.391276157405 
98.4257878987 80.8238574591 2.20007705688 91.1999511719 63.2674369812 14680320 0.206597097514 0.0 0.206597097514 -0.0460730629811 2.19959458289 -2.19959458289 -0.0460730629811 
39.2940745046 123.16803764 1.28490781784 57.4149780273 62.791343689 8388608 0.605697884672 0.0 0.605697884672 0.691987794207 1.08265460467 -1.08265460467 0.691987794207 
134.981766577 91.3277240128 3.06157565117 79.813659668 62.4905471802 21889536 0.106686633081 0.0 0.106686633081 0.5414399508 3.01331847761 -3.01331847761 0.5414399508 
136.950133894 93.0743049662 2.01591610909 77.9370422363 59.911857605 8388864 0.24606797168 0.0 0.24606797168 0.4212989969 1.97140176374 -1.97140176374 0.4212989969 
144.92038162 95.0142786966 1.29382860661 96.8979797363 59.5864219666 8388608 0.597374254628 0.0 0.597374254628 -0.155391188386 1.28446332834 -1.28446332834 -0.155391188386 
165.615115749 85.0823094591 1.86744964123 23.6591796875 59.5036582947 19529728 0.286749191194 0.0 0.286749191194 1.71048812379 0.749398786298 -0.749398786298 1.71048812379 
116.297258362 99.8316821443 2.07699680328 83.3187561035 58.9803924561 10486016 0.231807959336 0.0 0.231807959336 0.241649461541 2.06289148008 -2.06289148008 0.241649461541 
63.6925294983 111.733403459 2.17906594276 94.893737793 56.9014968872 13959424 0.210600430164 0.0 0.210600430164 -0.185891813973 2.17112243239 -2.17112243239 -0.185891813973 
218.66649466 92.5470886124 2.6498067379 52.287109375 56.5130310059 11403776 0.142420202798 0.0 0.142420202798 1.62090012924 2.09622482555 -2.09622482555 1.62090012924 
144.705896007 77.2929385544 1.4555850029 3.5478515625 55.6089134216 8388608 0.471981368671 0.0 0.471981368671 1.45279532269 0.0900746970416 -0.0900746970416 1.45279532269 
138.870459678 88.0196201147 5.06910085678 71.9919433594 55.4371109009 24903937 0.0389168907867 0.0 0.0389168907867 1.56711620011 4.82078108936 -4.82078108936 1.56711620011 
153.813988434 111.876520494 6.19227170944 320.006164551 55.3438568115 22675969 0.0260795438603 0.0 0.0260795438603 4.74398355479 -3.97980514038 3.97980514038 4.74398355479 
49.9270122641 120.245274591 2.74176502228 105.266586304 55.2412223816 13894144 0.133026920236 0.0 0.133026920236 -0.721935506506 2.6450112593 -2.6450112593 -0.721935506506 
106.05147612 79.8881772554 4.73207235336 321.888641357 54.5509033203 19923201 0.0446577920693 0.0 0.0446577920693 3.72325453874 -2.92059658242 2.92059658242 3.72325453874 
208.832193916 109.279420481 2.36333608627 101.016723633 53.9108009338 19857664 0.179039570476 0.0 0.179039570476 -0.451622907611 2.31978322392 -2.31978322392 -0.451622907611 
53.0199962518 143.262496687 2.94529056549 75.8446655273 53.7094612122 19071488 0.11527727652 0.0 0.11527727652 0.720275432196 2.85586060881 -2.85586060881 0.720275432196 
63.1637766302 96.2426634888 3.42554116249 255.713256836 53.6656417847 13303809 0.0852200174829 0.0 0.0852200174829 -0.845337234157 -3.31959895416 3.31959895416 -0.845337234157 
133.505823227 64.5807930303 1.54110229015 143.735031128 53.2193870544 8388608 0.421053293082 0.0 0.421053293082 -1.24257550961 0.911593314825 -0.911593314825 -1.24257550961 
141.10709495 65.7093843587 1.41968691349 113.659133911 53.083366394 8388608 0.496152109104 0.0 0.496152109104 -0.569712663877 1.30036087797 -1.30036087797 -0.569712663877 
188.044191495 72.7530263389 1.77726316452 41.7725830078 52.0654411316 15925248 0.316589509776 0.0 0.316589509776 1.32547373527 1.18396948148 -1.18396948148 1.32547373527 
206.461775161 170.251984097 1.37263131142 352.15512085 51.9292411804 8388608 0.53075268158 0.0 0.53075268158 1.35978517348 -0.187352606222 0.187352606222 1.35978517348 
201.883850075 76.2682167277 1.79330945015 20.2445068359 51.558216095 16580608 0.310949258733 0.0 0.310949258733 1.68252688941 0.620533681922 -0.620533681922 1.68252688941 
169.393458457 138.870002603 3.44233322144 285.958099365 51.4691848755 13631489 0.0843906211787 0.0 0.0843906211787 0.94641550082 -3.30967607285 3.30967607285 0.94641550082 
180.035717798 68.5947896124 1.25270187855 66.2784423828 51.4560775757 8388608 0.637242221006 0.0 0.637242221006 0.503952279258 1.14686271922 -1.14686271922 0.503952279258 
134.373594639 76.8254471434 2.11840844154 288.157592773 50.7469558716 11927808 0.222833562377 0.0 0.222833562377 0.660163256276 -2.01291798151 2.01291798151 0.660163256276 
119.808620011 66.6633198772 1.80828416348 99.8146972656 50.3390617371 17235968 0.305820533973 0.0 0.305820533973 -0.308244216325 1.78181848654 -1.78181848654 -0.308244216325 
172.89458523 111.34916533 2.27310705185 162.979919434 49.6389350891 17039616 0.193535314005 0.0 0.193535314005 -2.17355003005 0.665353993039 -0.665353993039 -2.17355003005 
182.448375571 83.5481465034 5.25333356857 47.7222900391 49.5499305725 10813953 0.0362351483949 0.0 0.0362351483949 3.53404735672 3.88690402032 -3.88690402032 3.53404735672 
102.363047857 70.2118354395 2.82966041565 303.06829834 49.5456314087 16187904 0.124891062711 0.0 0.124891062711 1.5439712942 -2.37131413157 2.37131413157 1.5439712942 
122.888100935 83.7222302798 1.57452690601 176.766326904 49.4862442017 8388608 0.403366500401 0.0 0.403366500401 -1.57201992081 0.0888163629829 -0.0888163629829 -1.57201992081 
104.20977238 70.3457367589 1.47566199303 41.3500061035 49.2866706848 8388608 0.459225733416 0.0 0.459225733416 1.10776148022 0.974906570193 -0.974906570193 1.10776148022 
85.1752207805 110.728671972 4.78168392181 92.2579040527 49.2486076355 20709633 0.043735920342 0.0 0.043735920342 -0.188387161079 4.77797147393 -4.77797147393 -0.188387161079 
37.9075393499 58.5360098088 1.81269574165 86.324432373 48.5639533997 17367040 0.304333787531 0.0 0.304333787531 0.116206061518 1.80896710945 -1.80896710945 0.116206061518 
209.043075148 82.9580034274 1.57294511795 41.7178039551 48.1881980896 8388608 0.404178176691 0.0 0.404178176691 1.17409568021 1.04673572491 -1.04673572491 1.17409568021 
112.590803982 81.2766814702 2.99427008629 332.937591553 47.4951019287 20251136 0.111536768265 0.0 0.111536768265 2.66643192902 -1.36227534572 1.36227534572 2.66643192902 
88.1886525831 35.4586619415 1.31705904007 349.474029541 47.4699249268 8388608 0.576486992773 0.0 0.576486992773 1.29489584009 -0.240601908428 0.240601908428 1.29489584009 
95.9492163252 152.286709922 1.94512104988 218.663757324 45.6187705994 22478848 0.264305823708 0.0 0.264305823708 -1.51880060443 -1.21521217187 1.21521217187 -1.51880060443 
51.618942801 63.6910060878 1.56051385403 335.863830566 45.4310798645 8388608 0.410643301341 0.0 0.410643301341 1.42408784394 -0.638104459589 0.638104459589 1.42408784394 
102.658861075 90.9232459392 1.57330942154 176.324935913 45.0754165649 8388608 0.403991021499 0.0 0.403991021499 -1.57007408238 0.100845980256 -0.100845980256 -1.57007408238 
149.021231276 68.0692366397 3.40167760849 25.2038269043 44.7545051575 12779521 0.0864198876617 0.0 0.0864198876617 3.07783317783 1.44856946039 -1.44856946039 3.07783317783 
149.652910509 54.085954219 6.86783504486 271.334747314 44.5855560303 13434882 0.0212011924841 0.0 0.0212011924841 0.159976796837 -6.86597157203 6.86597157203 0.159976796837 
127.478790975 55.849024424 5.32001638412 268.36315918 44.0882797241 11731457 0.0353324750051 0.0 0.0353324750051 -0.151962947404 -5.31784557786 5.31784557786 -0.151962947404 
104.626185674 111.985765056 1.73606610298 76.0279846191 43.9930877686 14286848 0.331793203044 0.0 0.331793203044 0.419169603871 1.68470245358 -1.68470245358 0.419169603871 
126.818271375 65.4189114323 1.2714381218 281.535125732 43.7976112366 8388608 0.618599468235 0.0 0.618599468235 0.254247763811 -1.245757991 1.245757991 0.254247763811 
200.454198355 109.546483755 1.68791127205 102.145050049 43.2674217224 12255232 0.350994873274 0.0 0.350994873274 -0.355115097356 1.6501326401 -1.6501326401 -0.355115097356 
54.2686888842 76.250149447 1.30593633652 91.0093383789 43.0334739685 8388608 0.586348729141 0.0 0.586348729141 -0.0230045476374 1.30573370402 -1.30573370402 -0.0230045476374 
208.916379281 129.901550461 2.90689849854 103.09362793 43.0061569214 18088448 0.11834237064 0.0 0.11834237064 -0.658537467761 2.83132253273 -2.83132253273 -0.658537467761 
139.572374028 108.092324639 3.31309175491 84.7359924316 42.477596283 10878977 0.0911030826954 0.0 0.0911030826954 0.303959830037 3.2991188821 -3.2991188821 0.303959830037 
43.0560979539 95.26640611 1.87600529194 269.452667236 42.0555763245 19857408 0.28413967655 0.0 0.28413967655 -0.0179207535547 -1.87591969497 1.87591969497 -0.0179207535547 
183.477511491 84.2877202306 2.32836103439 83.5793457031 41.9490776062 18809088 0.184458789666 0.0 0.184458789666 0.260374010933 2.31375678949 -2.31375678949 0.260374010933 
184.68282229 84.4367446994 1.31582152843 16.6926879883 41.9022293091 8388608 0.577571858496 0.0 0.577571858496 1.26037170343 0.377954314546 -0.377954314546 1.26037170343 
175.424636472 44.1862536991 1.70393538475 272.821228027 41.9002304077 12910592 0.3444242778 0.0 0.3444242778 0.0838673981777 -1.70187016395 1.70187016395 0.0838673981777 
178.954809038 53.5403685118 4.64091300964 279.12689209 41.5666503906 18546945 0.0464294077681 0.0 0.0464294077681 0.736148573344 -4.58215657099 4.58215657099 0.736148573344 
29.420824309 57.7758539865 2.98644709587 85.3476867676 40.0535850525 20054528 0.112121874154 0.0 0.112121874154 0.242227701408 2.9766074644 -2.9766074644 0.242227701408 
171.691812209 139.47631676 1.32924389839 39.5645751953 40.0065612793 8388608 0.565966400137 0.0 0.565966400137 1.02472369402 0.846658545297 -0.846658545297 1.02472369402 
252.800396794 107.197646866 1.3625998497 350.172119141 39.9832763672 8388608 0.538596251624 0.0 0.538596251624 1.34260363654 -0.232580793599 0.232580793599 1.34260363654 
9.93687602724 77.3050163559 1.31873714924 77.3066101074 39.7190628052 8388608 0.575020752758 0.0 0.575020752758 0.289770936801 1.28650708236 -1.28650708236 0.289770936801 
162.471754772 131.313710555 1.26097774506 290.61630249 39.6370658875 8388608 0.628905157676 0.0 0.628905157676 0.444000318028 -1.18022395803 1.18022395803 0.444000318028 
199.663501567 42.4761895205 1.58159852028 279.551757812 39.3249206543 8388608 0.399767514507 0.0 0.399767514507 0.262448076277 -1.55967140341 1.55967140341 0.262448076277 
92.7378192535 51.6354676566 1.5323125124 133.444030762 39.2787208557 8388608 0.425897709257 0.0 0.425897709257 -1.05368806002 1.11253004805 -1.11253004805 -1.05368806002 
110.91804028 68.7513691447 1.83084785938 77.0729370117 39.2695655823 18087936 0.298329009913 0.0 0.298329009913 0.409579904853 1.7844461846 -1.7844461846 0.409579904853 
151.291494583 148.01815953 3.47278833389 29.1723022461 39.106678009 14286849 0.0829169602068 0.0 0.0829169602068 3.03229227329 1.69276766905 -1.69276766905 3.03229227329 
34.9223216022 72.8274963322 1.56216716766 90.2425231934 38.8598518372 8388608 0.409774555772 0.0 0.409774555772 -0.00661236555205 1.56215317314 -1.56215317314 -0.00661236555205 
149.902819504 52.1609923155 3.45526456833 275.002868652 38.8566398621 13893633 0.0837601384435 0.0 0.0837601384435 0.301318487374 -3.44210116155 3.44210116155 0.301318487374 
132.924974774 109.1879185 1.83494234085 82.2170410156 38.5365066528 18284544 0.296999115509 0.0 0.296999115509 0.24848953664 1.81803914821 -1.81803914821 0.24848953664 
193.784603221 54.9384770395 3.0339846611 268.069976807 38.5058517456 21234176 0.108635867922 0.0 0.108635867922 -0.102181233539 -3.03226349767 3.03226349767 -0.102181233539 
96.871132805 38.9447011745 1.9879771471 334.752960205 38.503528595 24051712 0.253033035041 0.0 0.253033035041 1.79807997 -0.847916009338 0.847916009338 1.79807997 
156.658088918 149.86500601 1.35661137104 90.0010986328 38.5017852783 8388608 0.543361788897 0.0 0.543361788897 -2.60126972459e-05 1.35661137079 -1.35661137079 -2.60126972459e-05 
173.641496437 55.3211403214 2.68317604065 86.0315551758 37.7372245789 12321280 0.138899814418 0.0 0.138899814418 0.185694733442 2.67674263445 -2.67674263445 0.185694733442 
248.662001167 105.493529947 2.9437520504 317.742462158 37.2883224487 19005952 0.115397804454 0.0 0.115397804454 2.17875821713 -1.97956782291 1.97956782291 2.17875821713 
136.979269434 159.316231681 2.07485795021 92.7941589355 37.1320114136 10420480 0.232286120951 0.0 0.232286120951 -0.101145062162 2.07239117687 -2.07239117687 -0.101145062162 
55.4400678709 40.2639741575 1.62597346306 307.159454346 36.8308639526 9502720 0.378244910716 0.0 0.378244910716 0.982145360445 -1.29583185388 1.29583185388 0.982145360445 
163.15198109 53.7855133706 1.96789312363 90.9843444824 36.7728919983 23330816 0.258224225579 0.0 0.258224225579 -0.0338068434765 1.96760271482 -1.96760271482 -0.0338068434765 
145.082589213 57.1877398142 1.29024505615 63.032989502 35.9748802185 8388608 0.600697179385 0.0 0.600697179385 0.585096979688 1.14995383789 -1.14995383789 0.585096979688 
111.255729066 127.178085339 1.27307140827 265.742248535 35.8023490906 8388608 0.617013222522 0.0 0.617013222522 -0.0945171575352 -1.26955792207 1.26955792207 -0.0945171575352 
38.6246461528 110.058572378 2.10906267166 91.6687011719 35.7539367676 11600128 0.224812797389 0.0 0.224812797389 -0.0614163532111 2.10816825338 -2.10816825338 -0.0614163532111 
27.3421252488 69.2230843254 1.24038982391 317.952392578 35.6161346436 8388608 0.649955481348 0.0 0.649955481348 0.921099323191 -0.830748428879 0.830748428879 0.921099323191 
53.0918751214 127.270094195 1.56697762012 3.22079467773 35.4106674194 8388608 0.407262490114 0.0 0.407262490114 1.5645024831 0.0880388684689 -0.0880388684689 1.5645024831 
152.584005504 65.0399342285 1.69873511791 46.2095947266 35.2166213989 12713984 0.346536248805 0.0 0.346536248805 1.17556258086 1.22627632258 -1.22627632258 1.17556258086 
256.10556442 117.965405142 1.69863712788 55.4382629395 35.1556243896 12713984 0.34657623154 0.0 0.34657623154 0.963626508568 1.39885383232 -1.39885383232 0.963626508568 
48.0441309138 95.4126931048 2.29465675354 251.960128784 34.6839447021 17694976 0.18991730485 0.0 0.18991730485 -0.710606422509 -2.18185428681 2.18185428681 -0.710606422509 
21.0332229706 47.7461005643 1.60840630531 77.2220153809 34.5480766296 8716288 0.386552481918 0.0 0.386552481918 0.355737316839 1.5685731747 -1.5685731747 0.355737316839 
211.083855304 54.0262100779 1.71651470661 84.0396728516 34.103477478 13434880 0.339394611336 0.0 0.339394611336 0.178242560209 1.70723528775 -1.70723528775 0.178242560209 
17.3347200378 57.4214052679 2.3805308342 74.5220336914 34.0175895691 20381952 0.176462479704 0.0 0.176462479704 0.635286984074 2.29419648253 -2.29419648253 0.635286984074 
87.3233351369 94.9949510543 1.26855945587 61.9406433105 33.5663833618 8388608 0.621410155059 0.0 0.621410155059 0.596712630558 1.1194539426 -1.1194539426 0.596712630558 
11.3002733789 83.5817460227 1.31846296787 79.3968200684 33.5205001831 8388608 0.575259934855 0.0 0.575259934855 0.242604969653 1.29595039502 -1.29595039502 0.242604969653 
119.616371596 57.057246756 1.99758327007 73.2846984863 33.4262275696 24379392 0.250605279358 0.0 0.250605279358 0.574537523848 1.91317682261 -1.91317682261 0.574537523848 
233.270936479 106.173764348 3.85345625877 282.551635742 33.4254150391 21823489 0.0673440347958 0.0 0.0673440347958 0.837430714509 -3.76136078257 3.76136078257 0.837430714509 
206.039363075 66.8835577604 1.43916833401 32.4769897461 33.3572311401 8388608 0.482810615888 0.0 0.482810615888 1.21409271078 0.77277705921 -0.77277705921 1.21409271078 
61.0074545219 118.869811332 1.33966386318 219.967422485 33.3524246216 8388608 0.557196416563 0.0 0.557196416563 -1.02673151157 -0.860535687504 0.860535687504 -1.02673151157 
179.465358411 53.7324315142 1.79184508324 84.9342346191 33.2686347961 16515072 0.311457706559 0.0 0.311457706559 0.158218379329 1.78484614092 -1.78484614092 0.158218379329 
171.904792488 155.68740874 1.78269338608 359.13079834 33.1910629272 16187392 0.314663735147 0.0 0.314663735147 1.78248825373 -0.0270431893875 0.0270431893875 1.78248825373 
245.12652705 139.84547585 2.68695735931 50.2875366211 33.0279960632 12452352 0.138509145851 0.0 0.138509145851 1.71679155065 2.06697039708 -2.06697039708 1.71679155065 
126.935364071 133.919912218 2.27632904053 298.488708496 32.8139915466 17170688 0.192987829639 0.0 0.192987829639 1.08577608 -2.00069093186 2.00069093186 1.08577608 
123.703283861 127.759846576 3.41435313225 228.462005615 32.6035614014 13041665 0.0857794243174 0.0 0.0857794243174 -2.26411408775 -2.55569847778 2.55569847778 -2.26411408775 
245.586971889 130.07958778 2.3011572361 19.0388183594 32.524887085 17957120 0.188845834915 0.0 0.188845834915 2.17527883482 0.750657455849 -0.750657455849 2.17527883482 
239.623061013 66.6287334203 1.25568819046 63.188659668 32.2165679932 8388608 0.634214811554 0.0 0.634214811554 0.56638342958 1.12069739107 -1.12069739107 0.56638342958 
239.656338403 58.7783237496 3.52106904984 272.34387207 32.1298522949 15269889 0.080658643944 0.0 0.080658643944 0.144000723995 -3.51812322769 3.51812322769 0.144000723995 
82.6914731296 94.7269869439 3.49855923653 252.18548584 32.0858535767 14811137 0.0816999022083 0.0 0.0816999022083 -1.07033692749 -3.33081005059 3.33081005059 -1.07033692749 
161.804754969 150.475490173 1.30569863319 118.310577393 31.941696167 8388608 0.586562238943 0.0 0.586562238943 -0.619228551078 1.14952378064 -1.14952378064 -0.619228551078 
216.140028641 70.6062743472 1.28289151192 131.66796875 31.5634975433 8388608 0.607603317753 0.0 0.607603317753 -0.8528827521 0.958332741024 -0.958332741024 -0.8528827521 
21.3239875906 71.3698678586 1.64884114265 76.680480957 31.4423923492 10551296 0.367825952908 0.0 0.367825952908 0.379862097022 1.60448804949 -1.60448804949 0.379862097022 
117.505843752 47.8433396096 2.19577050209 282.181030273 31.3157615662 14549248 0.20740828814 0.0 0.20740828814 0.46331016241 -2.14633450125 2.14633450125 0.46331016241 
140.262903274 130.636986311 2.97657775879 280.230102539 31.2858734131 19857920 0.112866624109 0.0 0.112866624109 0.528645570273 -2.92925741702 2.92925741702 0.528645570273 
20.3092289892 82.0296429313 2.4172706604 79.8646850586 31.1611690521 21496064 0.171139176676 0.0 0.171139176676 0.425375586037 2.37954891869 -2.37954891869 0.425375586037 
14.9250351114 31.7525133072 2.18234014511 303.009338379 31.1203022003 14090496 0.209968969341 0.0 0.209968969341 1.18888592141 -1.83007070214 1.83007070214 1.18888592141 
137.906904523 56.7732177597 1.68480455875 66.6691894531 31.1093902588 12058624 0.352290508187 0.0 0.352290508187 0.667248878311 1.54704406388 -1.54704406388 0.667248878311 
20.6433964393 57.2520234097 1.53710472584 88.9920654297 30.9513626099 8388608 0.423246216352 0.0 0.423246216352 0.0270390087236 1.5368668876 -1.5368668876 0.0270390087236 
219.211545981 44.4808743898 1.53609287739 350.396057129 30.9171276093 8388608 0.423803997832 0.0 0.423803997832 1.51456385732 -0.25627651096 0.25627651096 1.51456385732 
170.819160766 162.238893103 2.01462984085 3.45959472656 30.7930030823 25034752 0.246382282973 0.0 0.246382282973 2.01095838339 0.121572101814 -0.121572101814 2.01095838339 
254.214258657 95.9354780279 1.34563350677 150.567962646 30.7764511108 8388608 0.552263593715 0.0 0.552263593715 -1.17196494636 0.661231955559 -0.661231955559 -1.17196494636 
82.0983036516 87.3761022063 1.55183231831 256.844329834 30.7241725922 8388608 0.415250740515 0.0 0.415250740515 -0.353193221744 -1.5111049243 1.5111049243 -0.353193221744 
33.8084741291 101.831706708 1.24800395966 286.429443359 30.4795341492 8388608 0.642048851514 0.0 0.642048851514 0.352978445168 -1.19704640702 1.19704640702 0.352978445168 
47.5452900567 57.1989809117 1.48757064342 89.1620483398 30.3226795197 8388608 0.451902560106 0.0 0.451902560106 0.02175496808 1.48741155722 -1.48741155722 0.02175496808 
27.7236865176 120.702506836 1.99918043613 76.862487793 29.8770275116 24444928 0.250205016976 0.0 0.250205016976 0.45439158641 1.94685662092 -1.94685662092 0.45439158641 
21.8286129663 70.0826208332 2.63027215004 67.7336120605 29.7535743713 10879488 0.144543520062 0.0 0.144543520062 0.996645174432 2.43413844708 -2.43413844708 0.996645174432 
18.2364864441 100.881391423 1.31757760048 271.301391602 29.4252185822 8388608 0.576033304879 0.0 0.576033304879 0.0299243156476 -1.31723774187 1.31723774187 0.0299243156476 
82.9245769471 79.1003381028 1.28495121002 260.450744629 29.0763397217 8388608 0.605656977113 0.0 0.605656977113 -0.21316752495 -1.26714609199 1.26714609199 -0.21316752495 
165.367120899 138.117142402 1.26536774635 82.9078979492 28.8203830719 8388608 0.624548945478 0.0 0.624548945478 0.156228233192 1.25568637512 -1.25568637512 0.156228233192 
15.4202563177 82.8733710362 1.39036941528 80.1789245605 28.7142314911 8388608 0.517296557652 0.0 0.517296557652 0.237158030665 1.3699938611 -1.3699938611 0.237158030665 
40.4956500749 42.0987733022 2.99648594856 302.19418335 28.6852798462 20316672 0.111371869287 0.0 0.111371869287 1.59649885139 -2.53576802122 2.53576802122 1.59649885139 
247.769904177 52.3925055556 1.79939246178 283.057189941 28.026424408 16842752 0.30885042728 0.0 0.30885042728 0.406525064984 -1.7528692487 1.7528692487 0.406525064984 
137.025831816 38.4077582859 1.78880107403 356.286132812 27.9350757599 16449536 0.312518625871 0.0 0.312518625871 1.78504453885 -0.115867496604 0.115867496604 1.78504453885 
224.853926269 54.4426876085 2.48287463188 272.93838501 27.5513362885 23396608 0.162214778385 0.0 0.162214778385 0.127277157906 -2.47961024411 2.47961024411 0.127277157906 
218.309633413 53.400385286 5.11964654922 273.070556641 27.5465278625 8913409 0.0381522400287 0.0 0.0381522400287 0.274237319505 -5.11229641957 5.11229641957 0.274237319505 
256.853075677 96.0271902852 2.06065559387 158.401412964 27.3655719757 9961728 0.235499058539 0.0 0.235499058539 -1.91596782331 0.758530669525 -0.758530669525 -1.91596782331 
96.9497282611 58.8140349712 1.29050838947 279.751831055 27.3216018677 8388608 0.600452055145 0.0 0.600452055145 0.218587601643 -1.27186137755 1.27186137755 0.218587601643 
212.357288097 44.1592956792 1.47284054756 271.931549072 27.0522098541 8388608 0.46098684924 0.0 0.46098684924 0.049642835605 -1.47200369137 1.47200369137 0.049642835605 
218.300673777 60.2848048732 1.37123072147 350.399902344 26.9227561951 8388608 0.531837468403 0.0 0.531837468403 1.35202766752 -0.228680733306 0.228680733306 1.35202766752 
86.0750174294 160.933779513 2.5065600872 220.092926025 26.4885253906 24117504 0.159163602381 0.0 0.159163602381 -1.91752077591 -1.61429784882 1.61429784882 -1.91752077591 
108.393318902 146.570172635 2.09716892242 202.354415894 26.2429904938 11206912 0.227370006022 0.0 0.227370006022 -1.93956440835 -0.797626099767 0.797626099767 -1.93956440835 
259.32515697 139.97957009 1.74824440479 70.6571655273 26.2380237579 14745600 0.327186748663 0.0 0.327186748663 0.579053316496 1.64956229211 -1.64956229211 0.579053316496 
238.716938948 150.37934217 1.75861465931 184.656204224 26.2288227081 15204352 0.323339395479 0.0 0.323339395479 -1.75281075233 -0.142758489922 0.142758489922 -1.75281075233 
230.200841214 155.753739512 1.62492096424 260.883300781 26.1393585205 9502720 0.378735065326 0.0 0.378735065326 -0.257461981017 -1.60439442419 1.60439442419 -0.257461981017 
205.818816995 43.7875415256 1.54495847225 271.876525879 25.9816074371 8388608 0.418954036833 0.0 0.418954036833 0.0505907468954 -1.54412993537 1.54412993537 0.0505907468954 
199.740014071 101.848923335 1.55111706257 199.460388184 25.927778244 8388608 0.415633792138 0.0 0.415633792138 -1.4625049174 -0.516762526085 0.516762526085 -1.4625049174 
151.216058736 103.010305663 1.28686749935 283.046051025 25.7124633789 8388608 0.603854538461 0.0 0.603854538461 0.290489907363 -1.25365209472 1.25365209472 0.290489907363 
245.297789284 108.480726089 1.23992335796 79.5758666992 25.438451767 8388608 0.650444606952 0.0 0.650444606952 0.224343567489 1.21945885431 -1.21945885431 0.224343567489 
75.9154475084 62.5417381393 2.13157343864 329.999694824 25.321844101 12386560 0.220089538729 0.0 0.220089538729 1.84599107115 -1.06579655168 1.06579655168 1.84599107115 
24.7830222814 32.9754364792 1.70997464657 304.216796875 25.1040019989 13172736 0.341995709379 0.0 0.341995709379 0.961562897492 -1.41400498092 1.41400498092 0.961562897492 
99.8416821081 163.583451071 2.43653512001 223.174728394 25.04895401 22085888 0.168443651995 0.0 0.168443651995 -1.7768931647 -1.66713948795 1.66713948795 -1.7768931647 
208.815320307 44.1567312623 1.70346784592 270.671691895 24.9994277954 12910592 0.344613367162 0.0 0.344613367162 0.0199696966472 -1.70335078985 1.70335078985 0.0199696966472 
213.844977668 172.444126445 1.41001987457 156.56111145 24.4096927643 8388608 0.502978627691 0.0 0.502978627691 -1.29367188276 0.560864606164 -0.560864606164 -1.29367188276 
197.17999267 87.6739286074 1.74022936821 211.185119629 24.0667381287 14417920 0.330207560609 0.0 0.330207560609 -1.48876408205 -0.901099196523 0.901099196523 -1.48876408205 
126.59310386 116.144129855 1.9971255064 203.225875854 23.6144485474 24379392 0.250720175633 0.0 0.250720175633 -1.83527313089 -0.787580359928 0.787580359928 -1.83527313089 
147.011309061 102.333564306 1.23786103725 277.483612061 23.6038322449 8388608 0.652613740278 0.0 0.652613740278 0.161222252748 -1.22731712804 1.22731712804 0.161222252748 
79.5299215824 36.9295973065 2.16277861595 268.7918396 22.922416687 13435136 0.213784328574 0.0 0.213784328574 -0.045601785466 -2.16229780992 2.16229780992 -0.045601785466 
172.543894368 101.938781044 2.21769762039 331.794616699 22.8177776337 15270144 0.203327133981 0.0 0.203327133981 1.95436609601 -1.04815833644 1.04815833644 1.95436609601 
218.049317928 54.3668603761 1.6697883606 99.2946166992 22.6999435425 11468800 0.358655207628 0.0 0.358655207628 -0.26968935331 1.64786553514 -1.64786553514 -0.26968935331 
153.251765336 136.775710512 2.07710790634 327.129699707 22.4474620819 10551552 0.231783161507 0.0 0.231783161507 1.74456565231 -1.12732778701 1.12732778701 1.74456565231 
55.0491608237 49.1677594358 1.38129961491 48.4362487793 21.8557472229 8388608 0.524112138982 0.0 0.524112138982 0.916427342277 1.03351320866 -1.03351320866 0.916427342277 
79.9161224143 25.3203632646 2.36602306366 261.467712402 21.7387313843 19923200 0.178633148309 0.0 0.178633148309 -0.351039087748 -2.33983689531 2.33983689531 -0.351039087748 
230.063518061 99.8847344848 1.56615018845 280.55380249 21.5626831055 8388608 0.407692935299 0.0 0.407692935299 0.28685411311 -1.53965617284 1.53965617284 0.28685411311 
119.415360957 144.528238345 2.67490911484 245.097686768 20.7312736511 12124672 0.139759693246 0.0 0.139759693246 -1.12633049061 -2.42621482944 2.42621482944 -1.12633049061 
137.847861738 146.749881034 2.03381967545 89.0741577148 20.5502643585 8978688 0.241754803025 0.0 0.241754803025 0.0328630542621 2.03355415268 -2.03355415268 0.0328630542621 
184.567016659 119.175051885 6.6691660881 179.327713013 20.4310894012 11337730 0.0224831383884 0.0 0.0224831383884 -6.66870699507 0.0782516746273 -0.0782516746273 -6.66870699507 
151.535752776 55.8291897655 1.2864741087 72.9415588379 19.8475818634 8388608 0.604223900038 0.0 0.604223900038 0.377383287455 1.22987702096 -1.22987702096 0.377383287455 
42.2863090225 136.640236299 1.63958489895 307.233428955 19.8430194855 10092544 0.371990784151 0.0 0.371990784151 0.992053376896 -1.30539983846 1.30539983846 0.992053376896 
245.764475806 77.9401592878 1.25108265877 272.936035156 19.6941871643 8388608 0.638892796098 0.0 0.638892796098 0.0640817758196 -1.24944041278 1.24944041278 0.0640817758196 
147.641460163 131.877184265 1.52762115002 323.993041992 19.5036964417 8388608 0.428517610804 0.0 0.428517610804 1.23576241951 -0.89806326086 0.89806326086 1.23576241951 
76.1194186689 42.4998622139 1.50599324703 230.266067505 19.1820392609 8388608 0.440914063156 0.0 0.440914063156 -0.962666078357 -1.15814061395 1.15814061395 -0.962666078357 
11.4168946617 46.4269904165 1.36802089214 94.1167907715 18.7875671387 8388608 0.534336129402 0.0 0.534336129402 -0.0982098717066 1.3644911075 -1.3644911075 -0.0982098717066 
251.032849476 156.652049418 3.19791388512 325.850952148 18.4917373657 25035264 0.0977837009643 0.0 0.0977837009643 2.64652988716 -1.79514143538 1.79514143538 2.64652988716 
235.980861424 100.330161509 1.35749828815 276.179595947 17.9563293457 8388608 0.542652013504 0.0 0.542652013504 0.146128329362 -1.34961035625 1.34961035625 0.146128329362 
132.190525639 83.6028388176 1.32431650162 301.755523682 17.6759433746 8388608 0.570185828134 0.0 0.570185828134 0.696982345938 -1.1260682954 1.1260682954 0.696982345938 
123.217076508 31.4743740114 3.57944774628 270.022277832 17.4140586853 16449537 0.0780491084109 0.0 0.0780491084109 0.00139176627536 -3.5794474757 3.5794474757 0.00139176627536 
228.538634806 171.782207309 1.39071631432 133.329391479 17.3433322906 8388608 0.517038521857 0.0 0.517038521857 -0.954297844737 1.01163604643 -1.01163604643 -0.954297844737 
261.640636514 133.329950592 1.56644380093 29.6787109375 16.7204055786 8388608 0.407540114603 0.0 0.407540114603 1.36095073118 0.775602532715 -0.775602532715 1.36095073118 
220.516694773 114.303216994 1.52493727207 252.380157471 16.6274280548 8388608 0.430027313609 0.0 0.430027313609 -0.461598480522 -1.45339620425 1.45339620425 -0.461598480522 
256.160160634 65.8950907326 1.3084833622 80.4081420898 15.9747257233 8388608 0.584068238945 0.0 0.584068238945 0.218030788461 1.29019040627 -1.29019040627 0.218030788461 
108.442417774 159.265977748 1.51405906677 228.954605103 15.973154068 8388608 0.43622882909 0.0 0.43622882909 -0.994217139691 -1.14188753247 1.14188753247 -0.994217139691 
126.911161327 100.884381793 1.50348961353 204.711959839 15.9042959213 8388608 0.442383719233 0.0 0.442383719233 -1.36580143712 -0.628543914422 0.628543914422 -1.36580143712 
219.061076021 165.539310865 1.48576259613 160.156692505 15.8346452713 8388608 0.453003083636 0.0 0.453003083636 -1.39754464311 0.504340621592 -0.504340621592 -1.39754464311 
130.67404734 38.367888379 1.39328694344 268.588806152 14.9758367538 8388608 0.515132398827 0.0 0.515132398827 -0.0343131586823 -1.39286435588 1.39286435588 -0.0343131586823 
233.804528764 43.7007185043 2.06905674934 269.692230225 14.7089757919 10223872 0.233590510069 0.0 0.233590510069 -0.0111140833424 -2.06902689909 2.06902689909 -0.0111140833424 
66.5677951568 32.2298374745 2.56618118286 259.068603516 14.5461139679 9110016 0.151853696371 0.0 0.151853696371 -0.486633920567 -2.51961768739 2.51961768739 -0.486633920567 
145.71221616 164.127856907 1.27573645115 202.596450806 13.9915904999 8388608 0.614438005467 0.0 0.614438005467 -1.17780329297 -0.490186592889 0.490186592889 -1.17780329297 
170.342748109 27.2862272372 1.337464571 347.84588623 13.7503795624 8388608 0.559030401985 0.0 0.559030401985 1.30748506674 -0.281592398571 0.281592398571 1.30748506674 
29.3568395892 46.9417504951 1.84950482845 31.6133117676 13.4907617569 18808832 0.292340550941 0.0 0.292340550941 1.5750478763 0.969480426742 -0.969480426742 1.5750478763 
159.73017445 34.1758442128 3.8412899971 268.777404785 13.4392528534 21561345 0.0677712988904 0.0 0.0677712988904 -0.0819604240438 -3.84041551537 3.84041551537 -0.0819604240438 
21.5130108772 91.3311102847 2.16186118126 270.871429443 12.9226903915 13435136 0.213965815506 0.0 0.213965815506 0.032879155684 -2.16161114175 2.16161114175 0.032879155684 
47.0493694296 85.5009491362 1.49330627918 255.558074951 12.7774429321 8388608 0.448437804329 0.0 0.448437804329 -0.372428438679 -1.44611918648 1.44611918648 -0.372428438679 
232.724892056 119.864119214 1.33688771725 281.016998291 12.7487010956 8388608 0.559512938183 0.0 0.559512938183 0.255479526646 -1.31224958754 1.31224958754 0.255479526646 
29.3935702862 41.4255620774 2.02867984772 288.838012695 12.4308109283 8782080 0.242981366327 0.0 0.242981366327 0.655047892602 -1.92001411009 1.92001411009 0.655047892602 
16.8419558243 91.4894762601 1.20763635635 260.79876709 12.3509311676 8388608 0.685689725082 0.0 0.685689725082 -0.193103986959 -1.19209748738 1.19209748738 -0.193103986959 
39.5726355756 86.4009394267 1.70599734783 260.454650879 12.3249940872 12976128 0.343592200355 0.0 0.343592200355 -0.282902453578 -1.68237723254 1.68237723254 -0.282902453578 
189.105482172 122.86743438 1.90572917461 278.271148682 12.06990242 20971520 0.275345279148 0.0 0.275345279148 0.274154209446 -1.88590645484 1.88590645484 0.274154209446 
200.642768791 32.420567858 2.48373985291 274.178039551 10.7623405457 23462144 0.162101781696 0.0 0.162101781696 0.180955199032 -2.47713925181 2.47713925181 0.180955199032 
130.846442107 30.0756252842 1.57127058506 191.670227051 10.7424478531 8388608 0.40504011645 0.0 0.40504011645 -1.53878936436 -0.317834144827 0.317834144827 -1.53878936436 
205.866659642 30.893533784 3.12085437775 271.049499512 10.674993515 23265792 0.102672229088 0.0 0.102672229088 0.0571621857564 -3.12033083689 3.12033083689 0.0571621857564 
186.363898586 38.9577190881 3.09046649933 279.169189453 10.5753688812 22544896 0.10470126277 0.0 0.10470126277 0.4924668767 -3.05097682043 3.05097682043 0.4924668767 
252.150826477 45.853682721 1.34828257561 278.054931641 10.565618515 8388608 0.550095580742 0.0 0.550095580742 0.188924650334 -1.3349806666 1.3349806666 0.188924650334 
111.765583179 33.4617662848 2.40989947319 269.358764648 10.3571014404 21299456 0.172187708538 0.0 0.172187708538 -0.0269702321876 -2.40974855067 2.40974855067 -0.0269702321876 
127.311621393 142.042423894 1.36120712757 269.342712402 9.91475486755 8388608 0.539698947378 0.0 0.539698947378 -0.0156151979471 -1.36111755912 1.36111755912 -0.0156151979471 
262.517679779 68.4994263724 1.23985648155 294.094787598 9.85422420502 8388608 0.65051477729 0.0 0.65051477729 0.506168203436 -1.13182942384 1.13182942384 0.506168203436 
151.697910602 39.5176960723 1.50345993042 288.729614258 9.75567245483 8388608 0.442401187548 0.0 0.442401187548 0.482764785628 -1.42384336362 1.42384336362 0.482764785628 
209.837361395 36.3193008076 1.537093997 270.492431641 9.17913913727 8388608 0.423252124846 0.0 0.423252124846 0.0132104739092 -1.53703722759 1.53703722759 0.0132104739092 
171.337043803 17.1039410892 1.42366051674 5.71429443359 9.10856819153 8388608 0.493386336998 0.0 0.493386336998 1.41658600626 0.141751027512 -0.141751027512 1.41658600626 
137.680827282 119.472903947 1.2917163372 273.386810303 8.83656215668 8388608 0.59932955551 0.0 0.59932955551 0.0763101752134 -1.28946029522 1.28946029522 0.0763101752134 
249.882524675 160.384599309 1.46673321724 335.03503418 8.17355537415 8388608 0.464833848066 0.0 0.464833848066 1.3296905135 -0.619055303549 0.619055303549 1.3296905135 
32.7441207079 31.6198320011 1.28571903706 254.231689453 7.44345903397 8388608 0.604933800546 0.0 0.604933800546 -0.349391598481 -1.23733542468 1.23733542468 -0.349391598481 
115.508966179 161.700548615 1.33132898808 100.442352295 7.30635261536 8388608 0.564194987361 0.0 0.564194987361 -0.241298238966 1.30927920413 -1.30927920413 -0.241298238966 
201.940605275 151.930838889 4.05167245865 274.135772705 6.81805753708 8716545 0.0609159948668 0.0 0.0609159948668 0.292207363192 -4.04112169689 4.04112169689 0.292207363192 
201.298187474 159.518206639 2.31291222572 309.56640625 5.88744497299 18284800 0.186931158068 0.0 0.186931158068 1.47326058458 -1.78299361014 1.78299361014 1.47326058458 
99.817869232 120.933016202 1.55360388756 80.3998413086 5.72921895981 8388608 0.414304262429 0.0 0.414304262429 0.259096815959 1.5318465587 -1.5318465587 0.259096815959 
69.0548659658 158.320748983 1.68776142597 76.1885375977 4.79653692245 12189696 0.351057201443 0.0 0.351057201443 0.402915461912 1.63896240395 -1.63896240395 0.402915461912 
96.340225282 30.057623702 1.33234167099 298.865478516 4.59768390656 8388608 0.563337649485 0.0 0.563337649485 0.643194358644 -1.16680561589 1.16680561589 0.643194358644 
259.54168913 172.749333817 1.30958926678 280.719329834 4.24836730957 8388608 0.583082203055 0.0 0.583082203055 0.243581126077 -1.2867370682 1.2867370682 0.243581126077 
228.570972676 126.80881888 1.32631123066 276.00378418 3.99895858765 8388608 0.568472035891 0.0 0.568472035891 0.138724392657 -1.31903639959 1.31903639959 0.138724392657 
79.1769137866 141.967590124 1.76496255398 38.8154602051 3.87066650391 15466496 0.321017722028 0.0 0.321017722028 1.37520385959 1.1063033768 -1.1063033768 1.37520385959 
251.998262693 169.863398368 1.45265889168 266.225463867 3.72271537781 8388608 0.473884721125 0.0 0.473884721125 -0.0956291778391 -1.44950781851 1.44950781851 -0.0956291778391 
182.774807337 122.791147391 1.24008905888 192.720367432 3.37225413322 8388608 0.650270793526 0.0 0.650270793526 -1.2096527243 -0.273058895726 0.273058895726 -1.2096527243 
74.0428738675 135.995246656 1.29579973221 103.478088379 2.48920059204 8388608 0.595558226931 0.0 0.595558226931 -0.302016557415 1.26011227477 -1.26011227477 -0.302016557415 
231.759734787 22.000215123 2.17512154579 245.304244995 2.43622779846 13828352 0.211364934469 0.0 0.211364934469 -0.908765264291 -1.97618304653 1.97618304653 -0.908765264291 
219.837147359 23.369219664 1.72263455391 256.40020752 2.37433624268 13697024 0.336987422035 0.0 0.336987422035 -0.40505786484 -1.67433507174 1.67433507174 -0.40505786484 
211.555022109 19.4487200912 1.6492010355 256.475585938 2.31862449646 10551296 0.367665434594 0.0 0.367665434594 -0.385681618317 -1.60346928402 1.60346928402 -0.385681618317 
220.678843028 15.017186057 1.683791399 263.228027344 2.27952194214 12058624 0.352714591536 0.0 0.352714591536 -0.198549694369 -1.67204410654 1.67204410654 -0.198549694369 
227.896268982 12.6747045482 1.39916336536 246.273574829 2.27794265747 8388608 0.510814420691 0.0 0.510814420691 -0.562981423753 -1.28090204133 1.28090204133 -0.562981423753 
187.674882611 15.1691445611 1.64152944088 262.649414062 2.23816680908 10223616 0.371109991859 0.0 0.371109991859 -0.210017758954 -1.62803914148 1.62803914148 -0.210017758954 
264.449178784 12.6432305533 1.23350811005 216.836425781 2.22701835632 8388608 0.657227885087 0.0 0.657227885087 -0.987238684625 -0.739528253098 0.739528253098 -0.987238684625 
195.90363262 19.4516943594 1.53334438801 260.64453125 2.22132492065 8388608 0.425324680016 0.0 0.425324680016 -0.249259133385 -1.51294907273 1.51294907273 -0.249259133385 
251.957235783 13.6400654783 1.68008542061 253.123565674 2.17087745667 11862016 0.354272362725 0.0 0.354272362725 -0.48774330167 -1.60772929693 1.60772929693 -0.48774330167 
103.19180773 22.9795585617 1.51781725883 335.672149658 2.14082336426 8388608 0.434071254382 0.0 0.434071254382 1.38303985221 -0.625275937827 0.625275937827 1.38303985221 
191.897442668 23.495952478 1.94564580917 277.668823242 2.03414535522 22478848 0.264163271315 0.0 0.264163271315 0.259640469656 -1.92824387495 1.92824387495 0.259640469656 
204.55478189 13.0585124139 1.30112159252 262.13885498 2.02191734314 8388608 0.590696274296 0.0 0.590696274296 -0.177958047418 -1.28889422835 1.28889422835 -0.177958047418 
111.644985851 13.2271687446 1.4868568182 302.542114258 1.99231147766 8388608 0.452336572146 0.0 0.452336572146 0.799809102607 -1.25341477461 1.25341477461 0.799809102607 
190.996089794 22.7172027348 1.32931733131 280.649993896 1.94981956482 8388608 0.565903872676 0.0 0.565903872676 0.245669738459 -1.30641913142 1.30641913142 0.245669738459 
39.1686446398 160.258338673 2.1318397522 34.6424865723 1.54320812225 12386560 0.22003455414 0.0 0.22003455414 1.75389668833 1.21185276982 -1.21185276982 1.75389668833 
66.0773304067 19.8903324655 1.91653120518 283.430969238 1.52348899841 21430272 0.272250201738 0.0 0.272250201738 0.445159736196 -1.86411498296 1.86411498296 0.445159736196 
45.017690561 12.303438047 1.27744650841 356.766204834 1.51632499695 8388608 0.612794068305 0.0 0.612794068305 1.27541238552 -0.0720612844502 0.0720612844502 1.27541238552 
11.4044806782 153.324825558 1.35785794258 11.4833374023 1.46331882477 8388608 0.542364588221 0.0 0.542364588221 1.33067721512 0.270326360871 -0.270326360871 1.33067721512 
52.5367457644 11.6032989868 1.59330499172 357.127197266 1.4476146698 8388608 0.393914680491 0.0 0.393914680491 1.59130262195 -0.0798546305501 0.0798546305501 1.59130262195 
59.8917367928 156.278311197 1.44411480427 248.969177246 0.960955619812 8388608 0.479508775581 0.0 0.479508775581 -0.518249660652 -1.34791871311 1.34791871311 -0.518249660652 
23.2226909341 159.263440918 1.54864668846 351.46270752 0.735710144043 8388608 0.416960873272 0.0 0.416960873272 1.5314868286 -0.229901412591 0.229901412591 1.5314868286 
12.4612977555 167.752177994 1.26501500607 265.901184082 0.512741088867 8388608 0.624897295954 0.0 0.624897295954 -0.0904192638977 -1.26177942695 1.26177942695 -0.0904192638977 
187.982296434 161.109582521 2.20091414452 258.054718018 0.294097900391 14680320 0.206439974631 0.0 0.206439974631 -0.455539610134 -2.15325491643 2.15325491643 -0.455539610134 
181.743544603 138.17055991 1.64020514488 151.877059937 0.125844955444 10158080 0.371709499646 0.0 0.371709499646 -1.44655959238 0.773135345836 -0.773135345836 -1.44655959238 
182.071983591 160.81647871 1.39477801323 252.941085815 -0.12286901474 8388608 0.51403159599 0.0 0.51403159599 -0.409164918571 -1.33341283015 1.33341283015 -0.409164918571 
