13
244
84.9139663818 146.941107159 3.84852910042 268.50692749 89.4058837891 21692417 0.0675165823439 0.0 0.0675165823439 -0.100277589956 -3.84722245805 3.84722245805 -0.100277589956 
102.562079636 145.713120702 3.71738171577 339.083007812 86.435546875 19202049 0.0723645195441 0.0 0.0723645195441 3.47240118866 -1.32716118304 1.32716118304 3.47240118866 
85.6821202192 124.551260979 3.8413105011 80.3272094727 81.0890960693 21561345 0.0677705753984 0.0 0.0677705753984 0.64542181142 3.78670002128 -3.78670002128 0.64542181142 
60.8895543666 133.119898644 5.76289176941 10.7698059082 77.8083190918 17498625 0.0301105766854 0.0 0.0301105766854 5.66138339686 1.07687491365 -1.07687491365 5.66138339686 
64.1497230656 125.802554752 3.55699777603 8.80703735352 70.8175048828 15990785 0.0790374304581 0.0 0.0790374304581 3.51505929079 0.544602020654 -0.544602020654 3.51505929079 
75.8006806788 124.171559711 1.41272628307 88.8023681641 69.760383606 8388608 0.501053326607 0.0 0.501053326607 0.0295275286111 1.4124176705 -1.4124176705 0.0295275286111 
187.570580628 89.6237518623 2.29771113396 77.8479614258 69.6380462646 17826048 0.189412720845 0.0 0.189412720845 0.483683226541 2.24622505361 -2.24622505361 0.483683226541 
112.308596195 120.309316039 2.8168656826 85.153137207 67.3061981201 15860224 0.126028196729 0.0 0.126028196729 0.238005028634 2.80679281034 -2.80679281034 0.238005028634 
65.1595188709 122.492324097 1.95108675957 6.40783691406 66.4822998047 22675456 0.262691993663 0.0 0.262691993663 1.93889766336 0.217750762099 -0.217750762099 1.93889766336 
177.756343352 89.8024553194 2.37785768509 84.9878540039 64.8503189087 20316416 0.176859455241 0.0 0.176859455241 0.207746106267 2.36876523232 -2.36876523232 0.207746106267 
210.782227445 94.2460197738 6.53773736954 88.1818237305 59.4707984924 9895938 0.0233961856739 0.0 0.0233961856739 0.207428263678 6.53444591595 -6.53444591595 0.207428263678 
107.375809496 122.399217698 1.57487857342 90.3989257812 59.1269187927 8388608 0.403186378561 0.0 0.403186378561 -0.0109651111227 1.5748404006 -1.5748404006 -0.0109651111227 
30.853819466 69.6406695323 1.79167413712 330.280792236 57.9174537659 16515072 0.31151714262 0.0 0.31151714262 1.55600694008 -0.888222165913 0.888222165913 1.55600694008 
144.780150889 149.214232977 1.51488554478 207.498214722 56.7705459595 8388608 0.435752971115 0.0 0.435752971115 -1.34374168418 -0.699454430223 0.699454430223 -1.34374168418 
87.0347311018 123.787732649 1.35159981251 81.5231628418 56.7476577759 8388608 0.547398690674 0.0 0.547398690674 0.199238749528 1.33683431055 -1.33683431055 0.199238749528 
106.419054115 121.243804892 5.11943101883 112.622146606 56.2532463074 8913409 0.0381554525499 0.0 0.0381554525499 -1.96920011488 4.72555021814 -4.72555021814 -1.96920011488 
164.083337134 118.162582598 1.13081300259 53.9815063477 54.4085388184 8388608 0.782020995221 0.0 0.782020995221 0.664970461225 0.914632348278 -0.914632348278 0.664970461225 
28.7073120883 60.4443904845 1.37470495701 93.1807861328 54.197353363 8388608 0.529152683166 0.0 0.529152683166 -0.0762778133546 1.37258712438 -1.37258712438 -0.0762778133546 
23.4182681841 142.241785231 1.61106824875 86.9522705078 53.8789253235 8847360 0.385276147712 0.0 0.385276147712 0.085657007808 1.60878953849 -1.60878953849 0.085657007808 
23.7561576674 134.69638545 1.51340889931 90.2790222168 53.7969856262 8388608 0.436603721447 0.0 0.436603721447 -0.00737005483684 1.51339095372 -1.51339095372 -0.00737005483684 
139.22155718 132.087439369 1.3380613327 32.1702575684 53.7542915344 8388608 0.558531869467 0.0 0.558531869467 1.13262833469 0.712433284967 -0.712433284967 1.13262833469 
172.933939707 80.0977595744 1.33353686333 47.9912719727 50.4594116211 8388608 0.562328310881 0.0 0.562328310881 0.892461283104 0.990875079923 -0.990875079923 0.892461283104 
157.47664863 96.4122017136 1.86419582367 54.8471374512 48.3189926147 19398656 0.28775106429 0.0 0.28775106429 1.07332911343 1.52420165439 -1.52420165439 1.07332911343 
37.8179550952 151.862718644 2.7189552784 113.354782104 48.1836738586 13304320 0.135268249953 0.0 0.135268249953 -1.07785769716 2.49618520759 -2.49618520759 -1.07785769716 
154.577255294 119.053320031 1.50485610962 91.8527832031 47.9391059875 8388608 0.441580664178 0.0 0.441580664178 -0.0486543030521 1.50406936989 -1.50406936989 -0.0486543030521 
151.135155042 96.029772114 6.87610006332 92.8646240234 47.8759384155 13565954 0.0211502557804 0.0 0.0211502557804 -0.343641997713 6.86750771811 -6.86750771811 -0.343641997713 
61.8559929767 134.661647467 2.01107668877 22.9489135742 47.8174514771 24903680 0.247253664041 0.0 0.247253664041 1.85190574802 0.784139368062 -0.784139368062 1.85190574802 
177.261643694 103.424380816 2.8853635788 83.9257202148 47.7281646729 17564160 0.120115460047 0.0 0.120115460047 0.305322537346 2.86916383813 -2.86916383813 0.305322537346 
188.421726108 102.370564751 2.85501861572 85.37109375 47.2920341492 16843264 0.122682357046 0.0 0.122682357046 0.230405136333 2.8457063744 -2.8457063744 0.230405136333 
133.314265506 161.348255828 1.4643163681 357.760223389 47.0843505859 8388608 0.466369527678 0.0 0.466369527678 1.46319766779 -0.0572277107537 0.0572277107537 1.46319766779 
140.823934345 156.489204838 1.91129028797 226.773666382 46.946472168 21233664 0.273745314263 0.0 0.273745314263 -1.30900845582 -1.39266917374 1.39266917374 -1.30900845582 
123.438804403 141.029214461 3.95647072792 199.024337769 46.8717575073 23724033 0.0638828210358 0.0 0.0638828210358 -3.74036907758 -1.28968980162 1.28968980162 -3.74036907758 
117.228046496 152.479919147 1.56772387028 59.205291748 46.8034820557 8388608 0.406874861442 0.0 0.406874861442 0.80261744748 1.34668606826 -1.34668606826 0.80261744748 
12.3671962465 142.036421056 1.36634552479 84.9624938965 45.9062919617 8388608 0.535647303084 0.0 0.535647303084 0.119975846566 1.36106792239 -1.36106792239 0.119975846566 
116.62393803 145.109660518 1.35207080841 82.0192260742 44.6115264893 8388608 0.547017382783 0.0 0.547017382783 0.187722593324 1.3389756155 -1.3389756155 0.187722593324 
17.0138887322 80.6255907397 1.5486215353 159.2840271 44.4666862488 8388608 0.416974418181 0.0 0.416974418181 -1.44849611126 0.547802587861 -0.547802587861 -1.44849611126 
129.390600637 124.212941055 2.71238589287 236.177932739 44.1696739197 13107712 0.13592428154 0.0 0.13592428154 -1.50975636866 -2.25336924163 2.25336924163 -1.50975636866 
62.7617372778 132.466327404 1.26464235783 16.7599182129 44.0085220337 8388608 0.625265623307 0.0 0.625265623307 1.21092219445 0.364674830769 -0.364674830769 1.21092219445 
135.416580976 50.3506024834 2.30833864212 12.4468994141 43.4804611206 18153728 0.187672637008 0.0 0.187672637008 2.25408386555 0.497527098528 -0.497527098528 2.25408386555 
118.747949063 142.118461239 2.08941054344 190.33416748 43.1162261963 10944768 0.229061677156 0.0 0.229061677156 -2.05551662074 -0.374817076596 0.374817076596 -2.05551662074 
122.279659756 133.051055476 1.69049322605 323.75604248 43.0554656982 12320768 0.34992351667 0.0 0.34992351667 1.36339455264 -0.999461175419 0.999461175419 1.36339455264 
164.207036403 72.6449867745 1.43611931801 268.990722656 42.9098052979 8388608 0.484862896606 0.0 0.484862896606 -0.0252962390032 -1.43589651293 1.43589651293 -0.0252962390032 
144.546800624 140.118066651 1.92599081993 163.600158691 42.877784729 21757952 0.26958242427 0.0 0.26958242427 -1.84763141451 0.543781936606 -0.543781936606 -1.84763141451 
134.325791511 168.752402549 2.56885147095 83.5591430664 42.8018569946 9175552 0.151538160523 0.0 0.151538160523 0.288167458665 2.55263734117 -2.55263734117 0.288167458665 
100.401532533 20.6258077872 1.7702524662 32.3081665039 42.6915740967 15663104 0.31910204235 0.0 0.31910204235 1.49619200277 0.946151829747 -0.946151829747 1.49619200277 
232.276778194 69.3807946862 1.30703663826 9.77612304688 40.7001953125 8388608 0.585361933588 0.0 0.585361933588 1.28805682538 0.221933297091 -0.221933297091 1.28805682538 
134.124910537 124.821390137 3.88975811005 249.116333008 40.6332893372 22478849 0.0660929002991 0.0 0.0660929002991 -1.38658859292 -3.63422484564 3.63422484564 -1.38658859292 
19.6227218665 68.5349834837 1.6479074955 324.080230713 40.191318512 10485760 0.3682428658 0.0 0.3682428658 1.33454020452 -0.966747927975 0.966747927975 1.33454020452 
238.648403064 50.4456213179 2.3816382885 3.31262207031 40.0789794922 20447488 0.176298408865 0.0 0.176298408865 2.37765883581 0.137620484343 -0.137620484343 2.37765883581 
201.562402664 99.1441556393 2.05316925049 89.767578125 40.0337867737 9699584 0.237219560661 0.0 0.237219560661 0.00832871360141 2.05315235764 -2.05315235764 0.00832871360141 
129.011470367 122.199907394 1.61576008797 80.3115539551 39.9966049194 9043968 0.383041868968 0.0 0.383041868968 0.271917242001 1.59271518966 -1.59271518966 0.271917242001 
144.792420055 141.824297269 1.32173287868 59.3648986816 39.7773590088 8388608 0.572417118588 0.0 0.572417118588 0.673513624982 1.13725863354 -1.13725863354 0.673513624982 
215.461752258 76.5309622597 1.2773424387 291.462219238 39.5892791748 8388608 0.612893925472 0.0 0.612893925472 0.467363798831 -1.18877028279 1.18877028279 0.467363798831 
80.5346941056 109.58208779 2.51126670837 72.4960021973 39.5708694458 24248576 0.15856755197 0.0 0.15856755197 0.755319574792 2.39498493117 -2.39498493117 0.755319574792 
120.929273076 97.4247723578 6.47230386734 82.4237670898 39.5338134766 9175042 0.0238716370411 0.0 0.0238716370411 0.853342255036 6.4158027048 -6.4158027048 0.853342255036 
236.108870532 98.6108742612 2.69805240631 80.7208557129 39.0637283325 12714496 0.137372321598 0.0 0.137372321598 0.435046365057 2.66274697398 -2.66274697398 0.435046365057 
72.3564750418 113.549359804 2.01374459267 70.1026306152 38.4375610352 24969216 0.246598951373 0.0 0.246598951373 0.685350541897 1.89353159974 -1.89353159974 0.685350541897 
44.4354028208 135.629463409 2.5860877037 90.8200073242 38.1823806763 9634304 0.14952489337 0.0 0.14952489337 -0.0370103781345 2.58582285611 -2.58582285611 -0.0370103781345 
172.8714661 72.8957516536 1.33295202255 271.774291992 38.0843925476 8388608 0.562821869038 0.0 0.562821869038 0.0412712443485 -1.33231294327 1.33231294327 0.0412712443485 
166.812099691 44.4339125783 1.35443902016 10.2450866699 37.6696090698 8388608 0.545106155427 0.0 0.545106155427 1.33284378125 0.240899385859 -0.240899385859 1.33284378125 
34.958778148 54.0010860017 1.88637006283 100.617034912 37.5959777832 20250624 0.281025810558 0.0 0.281025810558 -0.347551581504 1.85407656588 -1.85407656588 -0.347551581504 
134.90670649 168.013617601 1.29399323463 80.6683654785 37.5714035034 8388608 0.597222262659 0.0 0.597222262659 0.209819276412 1.27686896842 -1.27686896842 0.209819276412 
151.79812527 131.911805104 6.8551774025 340.109405518 37.4388275146 13303810 0.0212795580313 0.0 0.0212795580313 6.44622487159 -2.33230403778 2.33230403778 6.44622487159 
135.331300124 63.0052126 2.189204216 53.9063415527 37.0753097534 14352640 0.208654352429 0.0 0.208654352429 1.28967536309 1.76899761368 -1.76899761368 1.28967536309 
157.099704296 47.6616499779 2.04933142662 53.6485290527 36.9938659668 9568512 0.238108884221 0.0 0.238108884221 1.21471442947 1.65052359903 -1.65052359903 1.21471442947 
117.536172695 138.710520107 1.29217684269 300.213195801 36.9413490295 8388608 0.598902453956 0.0 0.598902453956 0.650247918657 -1.11664615571 1.11664615571 0.650247918657 
128.177959448 53.1381240353 1.74172687531 11.8931274414 36.8422317505 14483456 0.329639991037 0.0 0.329639991037 1.70433846459 0.358946940777 -0.358946940777 1.70433846459 
239.906740298 73.2590434085 1.73131418228 355.144989014 36.7498855591 14090240 0.333617041514 0.0 0.333617041514 1.72510232906 -0.146529014328 0.146529014328 1.72510232906 
59.8389658104 55.3287922459 3.0549325943 155.782073975 35.7420196533 21692928 0.107151125126 0.0 0.107151125126 -2.78607353563 1.25315897227 -1.25315897227 -2.78607353563 
238.849857991 65.8456113768 1.32956087589 14.1859130859 35.5537948608 8388608 0.565696570853 0.0 0.565696570853 1.28901675808 0.325834191115 -0.325834191115 1.28901675808 
122.766944327 68.8518391264 4.1269698143 32.7566833496 35.240737915 10027265 0.0587134249957 0.0 0.0587134249957 3.47068217238 2.23299017161 -2.23299017161 3.47068217238 
204.395998296 50.6959048571 1.41384387016 5.69607543945 35.1274185181 8388608 0.500261514409 0.0 0.500261514409 1.40686283322 0.140326254506 -0.140326254506 1.40686283322 
94.5187408674 70.5754240863 2.84338998795 51.228515625 35.0044136047 16515584 0.123687878423 0.0 0.123687878423 1.7805759176 2.21684821881 -2.21684821881 1.7805759176 
195.017097431 53.4900684661 2.13269782066 348.461639404 34.6574630737 12452096 0.219857532596 0.0 0.219857532596 2.08959813988 -0.426590679774 0.426590679774 2.08959813988 
163.351678843 64.1886535357 1.53191459179 152.965362549 34.6194877625 8388608 0.426118995074 0.0 0.426118995074 -1.36452520582 0.69629970502 -0.69629970502 -1.36452520582 
48.5042698726 86.3810962975 2.5795571804 357.917633057 34.5511016846 9503232 0.150282939637 0.0 0.150282939637 2.57785370207 -0.0937311992651 0.0937311992651 2.57785370207 
62.0830788216 149.643209023 2.77710676193 322.798065186 34.4681015015 14811648 0.129662636526 0.0 0.129662636526 2.21199192099 -1.6791109876 1.6791109876 2.21199192099 
96.3210307074 49.4026734358 2.33846855164 69.2578430176 34.4615364075 19071232 0.182867670451 0.0 0.182867670451 0.82819910152 2.18689766913 -2.18689766913 0.82819910152 
44.7762664972 67.3014517913 3.04104971886 307.441253662 33.893535614 21365248 0.108131682071 0.0 0.108131682071 1.8487990924 -2.41452382645 2.41452382645 1.8487990924 
203.570783741 43.0865609825 1.30537843704 34.178894043 33.7454376221 8388608 0.586850029826 0.0 0.586850029826 1.07992335763 0.733333761347 -0.733333761347 1.07992335763 
109.675784426 109.597421451 1.5503667593 278.809356689 33.2528762817 8388608 0.416036183187 0.0 0.416036183187 0.237434354387 -1.53207767939 1.53207767939 0.237434354387 
109.066044356 159.304578712 1.40013694763 6.77871704102 32.9780387878 8388608 0.510104280219 0.0 0.510104280219 1.39034918062 0.165265326265 -0.165265326265 1.39034918062 
165.990883202 36.5058424508 1.32862329483 36.1231689453 32.9777755737 8388608 0.566495252518 0.0 0.566495252518 1.07319754162 0.783254043226 -0.783254043226 1.07319754162 
122.896182776 46.3471564401 1.44874930382 20.7729797363 32.8291397095 8388608 0.476445818181 0.0 0.476445818181 1.35457051323 0.513822216346 -0.513822216346 1.35457051323 
96.5287133832 58.9719992487 1.48188531399 24.9132995605 32.2219314575 8388608 0.455376706676 0.0 0.455376706676 1.34399034112 0.62423877385 -0.62423877385 1.34399034112 
94.559123534 81.1968495268 1.43555557728 20.8359069824 31.5001487732 8388608 0.485243781383 0.0 0.485243781383 1.34167447605 0.510616701408 -0.510616701408 1.34167447605 
219.811711905 70.3462745426 1.79129302502 33.0929260254 31.4575004578 16515072 0.311649712312 0.0 0.311649712312 1.50072045874 0.978043355995 -0.978043355995 1.50072045874 
143.702199181 95.9635733181 1.84207129478 97.0054016113 31.33436203 18546688 0.294704746147 0.0 0.294704746147 -0.22466438668 1.82831960237 -1.82831960237 -0.22466438668 
61.5119585737 69.8859387053 2.06371259689 64.1541137695 31.3031616211 10027264 0.234801879949 0.0 0.234801879949 0.899679622145 1.85727926281 -1.85727926281 0.899679622145 
143.188829178 60.8722558275 1.75157320499 27.8078918457 30.8927192688 14876672 0.325944317713 0.0 0.325944317713 1.54929579898 0.817123748113 -0.817123748113 1.54929579898 
154.20674132 145.033415325 2.09804534912 350.516723633 30.5292129517 11272448 0.22718008494 0.0 0.22718008494 2.06937290335 -0.345673362949 0.345673362949 2.06937290335 
190.293212834 56.2841482886 7.43400621414 266.34362793 30.510684967 19202050 0.0180948155478 0.0 0.0180948155478 -0.474084609346 -7.41887405036 7.41887405036 -0.474084609346 
179.400383926 59.9446973817 6.10984230042 263.729248047 30.4243030548 21692929 0.0267879819822 0.0 0.0267879819822 -0.667359163763 -6.07328615187 6.07328615187 -0.667359163763 
182.141538926 53.9051760816 2.36817550659 31.8387451172 29.9829139709 19988736 0.178308575303 0.0 0.178308575303 2.01185071529 1.24928456702 -1.24928456702 2.01185071529 
200.567181418 71.3014304747 1.69008278847 277.939025879 29.4673862457 12320768 0.350093495564 0.0 0.350093495564 0.233432848693 -1.6738843858 1.6738843858 0.233432848693 
56.0707804662 160.590683326 2.53026151657 100.452636719 29.4152088165 24772864 0.156195738034 0.0 0.156195738034 -0.459046775763 2.48827237253 -2.48827237253 -0.459046775763 
219.466171319 62.36952951 1.68136131763 35.6453857422 29.3840770721 11927552 0.353734889257 0.0 0.353734889257 1.36634043311 0.979841671541 -0.979841671541 1.36634043311 
237.5053628 114.909839077 1.6724704504 236.312957764 29.2244110107 11534336 0.357505801186 0.0 0.357505801186 -0.927646208565 -1.39162851336 1.39162851336 -0.927646208565 
66.0977590523 20.4221781578 2.72185993195 99.7574768066 29.2165985107 13369856 0.134979698914 0.0 0.134979698914 -0.461295683591 2.68248537395 -2.68248537395 -0.461295683591 
112.519793521 34.1952353209 1.38323926926 4.75183105469 29.1508693695 8388608 0.522643291691 0.0 0.522643291691 1.37848487616 0.114587618034 -0.114587618034 1.37848487616 
225.50598715 98.9978415764 1.55767071247 97.8687744141 29.0775871277 8388608 0.412143724417 0.0 0.412143724417 -0.213252454998 1.54300403076 -1.54300403076 -0.213252454998 
84.4126777455 59.9687293965 1.89153254032 59.2196960449 28.9838619232 20447232 0.279493920831 0.0 0.279493920831 0.967987158107 1.62508344796 -1.62508344796 0.967987158107 
228.823843648 99.0476791113 1.48488521576 91.5785217285 28.8209877014 8388608 0.453538577467 0.0 0.453538577467 -0.040904008858 1.48432171918 -1.48432171918 -0.040904008858 
136.534358116 83.5948745241 2.05544495583 96.7043762207 28.6920623779 9765120 0.236694571681 0.0 0.236694571681 -0.239966198974 2.04138927933 -2.04138927933 -0.239966198974 
181.138428122 31.5980231138 1.28569233418 245.730255127 28.6162605286 8388608 0.604958928864 0.0 0.604958928864 -0.528462020024 -1.17206342471 1.17206342471 -0.528462020024 
139.260966431 119.133262173 1.71402001381 285.630340576 28.6123046875 13303808 0.340383282935 0.0 0.340383282935 0.4618081018 -1.65063560026 1.65063560026 0.4618081018 
48.9673585781 102.371080056 5.69885921478 62.1381835938 28.2156333923 16646657 0.0307910247988 0.0 0.0307910247988 2.6633090995 5.03823193099 -5.03823193099 2.6633090995 
178.530781563 68.0658945124 3.90421128273 260.856445312 28.150598526 22740993 0.0656044615917 0.0 0.0656044615917 -0.620412852529 -3.85460161789 3.85460161789 -0.620412852529 
150.821760252 97.1111231295 1.3191665411 99.3369140625 27.9264431 8388608 0.574646472425 0.0 0.574646472425 -0.214021040033 1.30168942439 -1.30168942439 -0.214021040033 
116.730190854 20.0702047628 1.40281367302 88.3966064453 27.7451248169 8388608 0.508159465413 0.0 0.508159465413 0.0392519109454 1.40226441469 -1.40226441469 0.0392519109454 
38.6402712137 33.9157194617 1.53211951256 108.049453735 27.6263141632 8388608 0.426005015986 0.0 0.426005015986 -0.474708485576 1.45672305346 -1.45672305346 -0.474708485576 
45.9131673194 42.8441408606 2.01749420166 44.9569396973 27.4911422729 8388864 0.2456831714 0.0 0.2456831714 1.42765556862 1.42551128762 -1.42551128762 1.42765556862 
69.909166136 101.033553307 5.93098211288 72.9324645996 27.1156234741 19595777 0.0284280304194 0.0 0.0284280304194 1.74073561227 5.66977850992 -5.66977850992 1.74073561227 
134.457115204 60.1207086279 7.86757135391 338.562438965 26.9497852325 23265282 0.0161554336217 0.0 0.0161554336217 7.3232645689 -2.87549562038 2.87549562038 7.3232645689 
212.871032076 51.6881869008 1.44593715668 307.687683105 26.7001571655 8388608 0.478300862345 0.0 0.478300862345 0.883983710401 -1.14424956229 1.14424956229 0.883983710401 
32.2103656948 33.1550283676 1.44448244572 93.1667785645 26.6992950439 8388608 0.479264722955 0.0 0.479264722955 -0.0797969317086 1.44227666752 -1.44227666752 -0.0797969317086 
152.378260692 55.1474847122 1.85978090763 30.0376586914 26.5969562531 19267584 0.289118864847 0.0 0.289118864847 1.61000597625 0.930948860486 -0.930948860486 1.61000597625 
29.1519516191 32.1856131844 1.72843527794 84.064666748 26.4678058624 13959168 0.334729320848 0.0 0.334729320848 0.178730461006 1.71916954729 -1.71916954729 0.178730461006 
47.3664349251 68.52635318 1.73109948635 324.876556396 26.3952350616 14024704 0.333699798933 0.0 0.333699798933 1.41589115471 -0.995970717268 0.995970717268 1.41589115471 
169.760467171 55.9456258931 1.30039179325 151.544250488 26.3111896515 8388608 0.591359475462 0.0 0.591359475462 -1.14328543758 0.619610542343 -0.619610542343 -1.14328543758 
75.0056287887 61.8445169571 8.04199504852 171.600967407 26.1076087952 24903682 0.0154622395475 0.0 0.0154622395475 -7.95574303802 1.17466466426 -1.17466466426 -7.95574303802 
22.6576250766 149.837395069 1.94482052326 77.7878417969 26.0265159607 22478848 0.264387514612 0.0 0.264387514612 0.411392163908 1.90081123607 -1.90081123607 0.411392163908 
147.901099143 126.004939471 3.55165624619 340.197784424 25.7337112427 15925249 0.0792753466497 0.0 0.0792753466497 3.34163853543 -1.20320986931 1.20320986931 3.34163853543 
169.273892801 137.27018966 1.38540434837 91.7283630371 25.6786823273 8388608 0.521011017495 0.0 0.521011017495 -0.0417852511123 1.38477406146 -1.38477406146 -0.0417852511123 
64.5807296475 98.856845085 3.43203616142 77.4950561523 25.6231689453 13434881 0.0848977713562 0.0 0.0848977713562 0.74311769749 3.3506190922 -3.3506190922 0.74311769749 
61.8350215697 141.929869121 1.47559762001 355.997253418 25.564043045 8388608 0.459265801779 0.0 0.459265801779 1.47199820242 -0.103003049786 0.103003049786 1.47199820242 
128.008283067 84.652428594 1.96542394161 68.7485351562 25.5588798523 23265280 0.258873452561 0.0 0.258873452561 0.712391229754 1.83177236742 -1.83177236742 0.712391229754 
127.497186083 40.6611123419 1.61313080788 66.9840393066 25.5126132965 8978432 0.384291544596 0.0 0.384291544596 0.630714038654 1.48471909962 -1.48471909962 0.630714038654 
191.159095233 65.4481749849 1.49772500992 27.2978515625 25.4432659149 8388608 0.445795659939 0.0 0.445795659939 1.33093001072 0.686881002729 -0.686881002729 1.33093001072 
112.161266205 37.1109824181 1.97684597969 3.86602783203 25.3073329926 23658496 0.255890599855 0.0 0.255890599855 1.97234753126 0.133286320909 -0.133286320909 1.97234753126 
243.634719298 122.315173117 1.71846985817 228.099075317 25.2784423828 13500416 0.33862277304 0.0 0.33862277304 -1.14767075944 -1.27905843547 1.27905843547 -1.14767075944 
216.60493754 62.7369261383 5.15257549286 287.378479004 25.136882782 9372161 0.0376661535823 0.0 0.0376661535823 1.53898334038 -4.91737373886 4.91737373886 1.53898334038 
241.06090631 83.7495964044 1.61543321609 347.403808594 25.0313720703 9043968 0.38319689646 0.0 0.38319689646 1.57655177453 -0.352291041458 0.352291041458 1.57655177453 
157.323095475 41.1153407445 1.2871171236 343.73236084 24.6824855804 8388608 0.603620337365 0.0 0.603620337365 1.23558566525 -0.360553121881 0.360553121881 1.23558566525 
111.264765542 81.2548076417 1.24216973782 283.55355835 24.5841712952 8388608 0.648094164135 0.0 0.648094164135 0.29110769954 -1.2075768981 1.2075768981 0.29110769954 
175.163795237 45.3312103938 1.45091617107 306.241210938 24.3933925629 8388608 0.475023787123 0.0 0.475023787123 0.857761232266 -1.1702151101 1.1702151101 0.857761232266 
128.03971737 18.8178465736 1.38911557198 50.2647094727 24.3649234772 8388608 0.518230823401 0.0 0.518230823401 0.887980456819 1.06823816661 -1.06823816661 0.887980456819 
110.045150624 47.7385423449 3.06644129753 343.559967041 24.2579116821 21955072 0.106348333704 0.0 0.106348333704 2.94107434188 -0.867838664001 0.867838664001 2.94107434188 
111.961811832 20.6167217613 1.76629590988 81.137298584 24.2268466949 15532032 0.320533239994 0.0 0.320533239994 0.272128280027 1.74520699072 -1.74520699072 0.272128280027 
63.8715791973 49.7724534155 1.24908900261 67.2197265625 24.186088562 8388608 0.640933882121 0.0 0.640933882121 0.483644978515 1.15165570862 -1.15165570862 0.483644978515 
38.3788258827 146.01307997 1.31257891655 275.115966797 24.1851577759 8388608 0.58042906532 0.0 0.58042906532 0.117045107768 -1.30734993591 1.30734993591 0.117045107768 
180.392729245 174.93411183 1.63290476799 277.502258301 23.8201828003 9830400 0.375040600772 0.0 0.375040600772 0.213200651433 -1.61892663934 1.61892663934 0.213200651433 
18.4762329717 27.2268935997 1.71183156967 63.136932373 23.7905635834 13238272 0.341254146597 0.0 0.341254146597 0.773507819765 1.52710607873 -1.52710607873 0.773507819765 
18.7368063719 50.445626746 1.68204140663 110.463592529 23.668182373 11993088 0.353448900374 0.0 0.353448900374 -0.588062063391 1.5758953973 -1.5758953973 -0.588062063391 
75.7383715717 82.2758019359 1.14160704613 36.4495849609 23.5097732544 8388608 0.767302686456 0.0 0.767302686456 0.91828580606 0.678246139802 -0.678246139802 0.91828580606 
46.0216159591 120.029756914 1.56247937679 271.31036377 23.4928722382 8388608 0.409610812714 0.0 0.409610812714 0.0357310417359 -1.56207077162 1.56207077162 0.0357310417359 
72.2647915546 73.5857719614 1.93429493904 49.9068603516 23.4544792175 22085632 0.267272704945 0.0 0.267272704945 1.24574790922 1.47973276569 -1.47973276569 1.24574790922 
126.706440886 108.999178251 2.62277650833 242.378753662 23.453163147 10682880 0.145370883451 0.0 0.145370883451 -1.21598377247 -2.32386317965 2.32386317965 -1.21598377247 
241.419676812 149.178791986 1.4518134594 342.877319336 23.3740844727 8388608 0.474436794933 0.0 0.474436794933 1.38746406852 -0.427440966046 0.427440966046 1.38746406852 
157.308214506 27.6147438475 1.17176496983 66.7021484375 23.2144813538 8388608 0.728314537779 0.0 0.728314537779 0.463446008823 1.07622067506 -1.07622067506 0.463446008823 
241.119678421 142.575436623 1.99318754673 14.7358703613 22.8826522827 24248320 0.251711854792 0.0 0.251711854792 1.92762901033 0.506994077841 -0.506994077841 1.92762901033 
142.682721795 40.8468758784 1.74210548401 353.471099854 22.506565094 14483456 0.329496726454 0.0 0.329496726454 1.73080728411 -0.198084988559 0.198084988559 1.73080728411 
242.111058963 136.281255984 1.32936632633 22.2687988281 22.3788852692 8388608 0.56586215963 0.0 0.56586215963 1.23021715944 0.503766384558 -0.503766384558 1.23021715944 
212.361165709 82.9043988338 1.73079538345 288.570037842 22.3297920227 14024704 0.333817072172 0.0 0.333817072172 0.551195400154 -1.64068165414 1.64068165414 0.551195400154 
184.277013917 39.5334340961 1.74870765209 10.4279785156 22.3077945709 14811136 0.327013422605 0.0 0.327013422605 1.71982460269 0.316515068317 -0.316515068317 1.71982460269 
193.39870978 72.1960005492 1.42135608196 276.934936523 22.2624855042 8388608 0.494987481614 0.0 0.494987481614 0.171617600001 -1.41095730308 1.41095730308 0.171617600001 
207.307493856 82.6821022208 2.37831783295 281.314697266 22.2442550659 20316416 0.176791025676 0.0 0.176791025676 0.46662044309 -2.33209371094 2.33209371094 0.46662044309 
35.4573384529 21.8107703581 2.72661399841 59.4357910156 22.1877326965 13500928 0.134509413768 0.0 0.134509413768 1.38649313169 2.34777782 -2.34777782 1.38649313169 
207.430204824 62.1924251188 1.2906576395 54.4066772461 22.0873756409 8388608 0.60031319213 0.0 0.60031319213 0.751199152415 1.04952226075 -1.04952226075 0.751199152415 
85.4318560066 51.7820123119 1.47394192219 90.1936950684 21.5962810516 8388608 0.460298179599 0.0 0.460298179599 -0.00498282316781 1.47393349967 -1.47393349967 -0.00498282316781 
215.488254323 172.408157688 1.86954927444 275.779785156 21.5924816132 19595264 0.286105474494 0.0 0.286105474494 0.188273485933 -1.86004504894 1.86004504894 0.188273485933 
169.917351548 27.5413750164 2.7444152832 15.2909545898 21.5470237732 13959680 0.132770118125 0.0 0.132770118125 2.6472604152 0.723759311374 -0.723759311374 2.6472604152 
99.9830722518 102.753921755 1.52059650421 80.1651306152 21.4342098236 8388608 0.432485971181 0.0 0.432485971181 0.259731830801 1.49825001408 -1.49825001408 0.259731830801 
211.904770082 45.2810373921 1.67919993401 314.780090332 21.3367137909 11862016 0.35464609564 0.0 0.35464609564 1.18280761012 -1.19192221886 1.19192221886 1.18280761012 
16.9424952696 41.2729892689 1.49783658981 79.0130310059 21.3123588562 8388608 0.445729244176 0.0 0.445729244176 0.285466287513 1.47038207568 -1.47038207568 0.285466287513 
77.2525407366 72.2789013407 4.7137260437 59.4621582031 21.1890640259 19661057 0.0450060940647 0.0 0.0450060940647 2.39507874132 4.05990283602 -4.05990283602 2.39507874132 
101.01223931 29.770049357 1.34188652039 49.975769043 20.4794120789 8388608 0.555352101205 0.0 0.555352101205 0.862982679841 1.02757984015 -1.02757984015 0.862982679841 
194.764629275 47.2689381347 1.37096500397 343.042297363 20.4650230408 8388608 0.532043647585 0.0 0.532043647585 1.31135590132 -0.399863404394 0.399863404394 1.31135590132 
154.371160253 30.2882543571 3.18521046638 168.02456665 20.4162197113 24707584 0.0985652282065 0.0 0.0985652282065 -3.11588963814 0.660906557786 -0.660906557786 -3.11588963814 
151.873368421 129.578801012 1.32044172287 345.066955566 20.07762146 8388608 0.573537109001 0.0 0.573537109001 1.27584726501 -0.340264749656 0.340264749656 1.27584726501 
239.874591473 183.21989979 1.25749778748 118.724349976 19.9828357697 8388608 0.632390796492 0.0 0.632390796492 -0.604348695891 1.10275261926 -1.10275261926 -0.604348695891 
209.433070226 32.8399130515 3.11795854568 20.5960388184 19.8742237091 23200256 0.102863033167 0.0 0.102863033167 2.91867066549 1.09682589276 -1.09682589276 2.91867066549 
207.747377862 74.1313426758 1.39067602158 280.826324463 19.8227844238 8388608 0.517068483114 0.0 0.517068483114 0.261214300187 -1.36592345553 1.36592345553 0.261214300187 
164.798925781 55.213654449 2.4987950325 209.990356445 19.7928180695 23920896 0.160154347421 0.0 0.160154347421 -2.16423023466 -1.2490332685 1.2490332685 -2.16423023466 
181.669704887 65.0377654156 1.7603083849 345.998565674 19.6817245483 15269888 0.322717476337 0.0 0.322717476337 1.70800904147 -0.425899899258 0.425899899258 1.70800904147 
147.057869369 122.729797871 2.15870094299 325.984924316 19.6567687988 13304064 0.214592746171 0.0 0.214592746171 1.78932650721 -1.20760109799 1.20760109799 1.78932650721 
35.1591727552 120.524974405 1.32383823395 183.939743042 19.3166275024 8388608 0.570597888611 0.0 0.570597888611 -1.32070981916 -0.0909573704056 0.0909573704056 -1.32070981916 
71.2373261983 88.6247767199 1.49378430843 351.424621582 19.1691150665 8388608 0.448150839087 0.0 0.448150839087 1.47708462029 -0.222738826041 0.222738826041 1.47708462029 
208.582744861 36.157893332 4.47744894028 17.1727905273 19.0058116913 15925505 0.0498814094113 0.0 0.0498814094113 4.27783837705 1.32198632088 -1.32198632088 4.27783837705 
108.10735449 60.6212685223 1.31616210938 123.065658569 18.6205158234 8388608 0.577272982675 0.0 0.577272982675 -0.718097729177 1.10300423821 -1.10300423821 -0.718097729177 
52.0793799918 149.207106631 2.14025402069 275.16809082 18.5348510742 12714240 0.218307852159 0.0 0.218307852159 0.192789668949 -2.13155328731 2.13155328731 0.192789668949 
173.308554285 145.016682764 1.512114048 259.915252686 18.4996395111 8388608 0.437351785329 0.0 0.437351785329 -0.264778179514 -1.48875162798 1.48875162798 -0.264778179514 
104.920965997 102.1938786 1.39816355705 74.9484558105 18.4854412079 8388608 0.5115452352 0.0 0.5115452352 0.363086161348 1.35019619749 -1.35019619749 0.363086161348 
164.266072103 145.966783592 1.51994085312 261.486328125 18.215171814 8388608 0.432859171306 0.0 0.432859171306 -0.225020259369 -1.50319196374 1.50319196374 -0.225020259369 
94.4374371894 32.5941590477 1.95532393456 50.2098083496 18.1967067719 22872064 0.261554723346 0.0 0.261554723346 1.25136463181 1.50245740282 -1.50245740282 1.25136463181 
204.605013132 183.55907745 1.39289438725 28.5157775879 18.1510334015 8388608 0.515422796877 0.0 0.515422796877 1.22391635702 0.664968815094 -0.664968815094 1.22391635702 
220.969961557 129.343370298 4.51055240631 255.641815186 18.0320701599 16449793 0.0491519252836 0.0 0.0491519252836 -1.11854003204 -4.36966259645 4.36966259645 -1.11854003204 
27.3438907431 22.8733932617 1.99305653572 72.8682861328 17.8917369843 24248320 0.25174494779 0.0 0.25174494779 0.587093313417 1.90462484388 -1.90462484388 0.587093313417 
88.1559155444 95.0172280859 1.96929180622 84.226348877 17.8288955688 23396352 0.25785755014 0.0 0.25785755014 0.198108325774 1.95930174024 -1.95930174024 0.198108325774 
40.81492707 122.551859933 2.92679524422 273.28729248 17.664144516 18612736 0.116738825248 0.0 0.116738825248 0.167830064352 -2.92197937554 2.92197937554 0.167830064352 
187.57949394 80.3843062271 1.40239906311 259.037689209 17.550075531 8388608 0.508459977727 0.0 0.508459977727 -0.266684748219 -1.37680876569 1.37680876569 -0.266684748219 
52.5018743946 119.942446699 1.60771465302 274.466796875 17.433298111 8716288 0.386885149686 0.0 0.386885149686 0.125211011948 -1.60283143468 1.60283143468 0.125211011948 
123.997297206 60.8729560973 1.30314958096 357.458831787 17.401266098 8388608 0.588859197246 0.0 0.588859197246 1.30186809266 -0.0577780205851 0.0577780205851 1.30186809266 
185.72997159 130.213532895 5.33937358856 255.084793091 17.3761844635 11993601 0.035076752806 0.0 0.035076752806 -1.37429747333 -5.15947834311 5.15947834311 -1.37429747333 
202.581247298 127.376066419 5.88509130478 257.230285645 17.3731861115 19005953 0.0288731116164 0.0 0.0288731116164 -1.30079949312 -5.73953136975 5.73953136975 -1.30079949312 
80.1792623033 50.3347432867 2.00442433357 297.375091553 17.171710968 24641536 0.248897576073 0.0 0.248897576073 0.921661924343 -1.77995960803 1.77995960803 0.921661924343 
72.1507299436 84.7872153279 2.24958634377 354.700958252 17.0336818695 16318720 0.197603515231 0.0 0.197603515231 2.23997215818 -0.20775814936 0.20775814936 2.23997215818 
105.484012622 48.7316422942 1.46342229843 120.694580078 17.0315589905 8388608 0.466939553463 0.0 0.466939553463 -0.747020854988 1.25839765804 -1.25839765804 -0.747020854988 
145.495232495 90.7567568207 1.26424396038 9.21115112305 16.985294342 8388608 0.625659761598 0.0 0.625659761598 1.24794169847 0.20237170892 -0.20237170892 1.24794169847 
158.891853777 111.901812772 1.26808309555 270.786132812 16.4432067871 8388608 0.621877113008 0.0 0.621877113008 0.0173983225493 -1.26796373591 1.26796373591 0.0173983225493 
234.170728504 32.1361495949 1.92445790768 352.5809021 16.2617492676 21692416 0.270012062958 0.0 0.270012062958 1.90834668668 -0.248497810588 0.248497810588 1.90834668668 
174.553876031 65.2107615004 1.27316772938 86.8251342773 16.2578639984 8388608 0.61691986617 0.0 0.61691986617 0.070512494795 1.2712136151 -1.2712136151 0.070512494795 
220.342985539 114.489986909 1.99775826931 262.127655029 15.934009552 24444928 0.250561376337 0.0 0.250561376337 -0.273625837208 -1.97893077287 1.97893077287 -0.273625837208 
225.693464697 87.379740968 1.50149512291 299.320037842 15.878660202 8388608 0.443559768602 0.0 0.443559768602 0.735263253942 -1.30915069855 1.30915069855 0.735263253942 
198.928804006 35.216530958 1.57758057117 51.0834350586 15.863193512 8388608 0.401806448092 0.0 0.401806448092 0.991017233432 1.22745480633 -1.22745480633 0.991017233432 
71.7718660728 42.9840424816 4.80617189407 320.069580078 15.3238019943 21037313 0.0432913771229 0.0 0.0432913771229 3.68549026475 -3.08487435463 3.08487435463 3.68549026475 
70.8531620489 37.7244136317 3.21493506432 324.265136719 15.1054496765 8716289 0.0967510282209 0.0 0.0967510282209 2.60965378716 -1.877635369 1.877635369 2.60965378716 
229.22437645 113.615858491 1.67588555813 274.571350098 14.8365449905 11730944 0.356050240183 0.0 0.356050240183 0.133568899951 -1.67055432504 1.67055432504 0.133568899951 
36.6521815493 157.149626125 1.33405435085 104.362167358 14.4501199722 8388608 0.561892134579 0.0 0.561892134579 -0.3309125466 1.29236136492 -1.29236136492 -0.3309125466 
61.6122899758 81.1219199742 2.20562243462 290.566894531 14.4023151398 14876928 0.205559550273 0.0 0.205559550273 0.774836782495 -2.0650419571 2.0650419571 0.774836782495 
192.60529803 35.3647860857 3.05375695229 289.970397949 13.982339859 21692928 0.107233643555 0.0 0.107233643555 1.04296366668 -2.87013210735 2.87013210735 1.04296366668 
72.0727122632 177.145611287 1.33639025688 285.392425537 13.7461547852 8388608 0.55992956396 0.0 0.55992956396 0.354716278346 -1.28845460943 1.28845460943 0.354716278346 
221.977952902 85.3164349876 1.34392237663 290.110168457 13.6342487335 8388608 0.553670812612 0.0 0.553670812612 0.462075929605 -1.261987793 1.261987793 0.462075929605 
38.0736535087 177.452003901 1.66192138195 275.771240234 13.4639596939 11075584 0.362058751244 0.0 0.362058751244 0.167117664726 -1.65349761594 1.65349761594 0.167117664726 
231.116768517 129.113133279 1.30058407784 197.670120239 13.0509586334 8388608 0.59118462955 0.0 0.59118462955 -1.23922239749 -0.394774357152 0.394774357152 -1.23922239749 
174.459016872 118.199963896 1.69470071793 267.735198975 12.9315328598 12517376 0.34818813924 0.0 0.34818813924 -0.0669710845284 -1.69337692118 1.69337692118 -0.0669710845284 
66.7374229983 10.0348696328 1.29439282417 252.127792358 12.8195991516 8388608 0.596853584885 0.0 0.596853584885 -0.397242677376 -1.2319298026 1.2319298026 -0.397242677376 
117.75573165 62.6027657803 1.79117429256 35.2052001953 12.7958774567 16515072 0.311691030637 0.0 0.311691030637 1.46355521976 1.03262358343 -1.03262358343 1.46355521976 
174.459961605 175.317466313 1.28832161427 251.801956177 12.681646347 8388608 0.602492179335 0.0 0.602492179335 -0.402346041158 -1.22388326443 1.22388326443 -0.402346041158 
14.9093832134 158.109232332 1.55802881718 66.5774230957 12.6777515411 8388608 0.411954288068 0.0 0.411954288068 0.619331245246 1.42964422281 -1.42964422281 0.619331245246 
14.4463766342 113.240508318 1.08143079281 103.488250732 12.5517597198 8388608 0.855071707607 0.0 0.855071707607 -0.252239365025 1.05160252109 -1.05160252109 -0.252239365025 
19.3123788762 122.815204238 2.22192382812 48.257019043 12.445186615 15401216 0.20255439328 0.0 0.20255439328 1.4793352542 1.65786389781 -1.65786389781 1.4793352542 
186.058851193 116.919434981 1.50302100182 251.562530518 12.2201929092 8388608 0.442659614927 0.0 0.442659614927 -0.475359703591 -1.42587000954 1.42587000954 -0.475359703591 
35.4451734563 26.9102503757 1.4586853981 337.270324707 11.1714286804 8388608 0.469977134391 0.0 0.469977134391 1.34540110809 -0.563612410249 0.563612410249 1.34540110809 
196.172988561 115.823679671 1.70239317417 267.496398926 11.0202798843 12845056 0.345048593464 0.0 0.345048593464 -0.074364241764 -1.70076820261 1.70076820261 -0.074364241764 
16.2584240692 14.4587003457 1.44513559341 87.2631225586 10.6271190643 8388608 0.47883160109 0.0 0.47883160109 0.0690042984956 1.44348719778 -1.44348719778 0.0690042984956 
192.285645329 39.4422252095 1.42595016956 349.89251709 10.477186203 8388608 0.491803144996 0.0 0.491803144996 1.40381980571 -0.2502475558 0.2502475558 1.40381980571 
210.92219403 63.2365611724 2.20803952217 115.323852539 10.4449062347 14942464 0.205109754445 0.0 0.205109754445 -0.944454020214 1.99585699267 -1.99585699267 -0.944454020214 
229.325097297 138.571662335 2.02796792984 303.763244629 10.1153306961 8782080 0.243151993425 0.0 0.243151993425 1.12706836979 -1.68593321762 1.68593321762 1.12706836979 
135.950036594 27.6097207993 2.3870203495 71.7231750488 9.94569206238 20578560 0.175504298251 0.0 0.175504298251 0.748589646455 2.26660091109 -2.26660091109 0.748589646455 
157.870029085 21.121938497 1.45181560516 158.327880859 9.46487045288 8388608 0.474435392509 0.0 0.474435392509 -1.34919022265 0.536147642448 -0.536147642448 -1.34919022265 
142.094858675 20.2079871216 2.30254650116 69.4526977539 9.37067508698 17957120 0.188618019518 0.0 0.188618019518 0.808149059463 2.15606481528 -2.15606481528 0.808149059463 
205.234606263 140.453075564 1.41805636883 262.876831055 9.19719028473 8388608 0.497293760878 0.0 0.497293760878 -0.175842875544 -1.4071116332 1.4071116332 -0.175842875544 
78.1664170179 169.839074296 1.23847866058 95.5748901367 9.1823387146 8388608 0.651962991938 0.0 0.651962991938 -0.12031415478 1.23262074333 -1.23262074333 -0.12031415478 
22.2634429069 113.091104751 2.15620660782 89.9115905762 8.70425796509 13238528 0.215089522162 0.0 0.215089522162 0.00332710209766 2.1562040409 -2.1562040409 0.00332710209766 
187.378191458 21.2191218863 2.7283308506 286.801605225 8.38441467285 13566464 0.134340182004 0.0 0.134340182004 0.788647543837 -2.61186222492 2.61186222492 0.788647543837 
169.364938836 110.479858165 1.49193894863 266.523712158 8.06791877747 8388608 0.449260148549 0.0 0.449260148549 -0.0904643910276 -1.48919374844 1.48919374844 -0.0904643910276 
20.5406257611 165.109375031 1.31722164154 20.3395385742 7.22517490387 8388608 0.576344675271 0.0 0.576344675271 1.23509194823 0.457843567575 -0.457843567575 1.23509194823 
36.6561121954 94.4169394216 1.43941736221 320.836364746 5.8329372406 8388608 0.482643571827 0.0 0.482643571827 1.11604573386 -0.909045797838 0.909045797838 1.11604573386 
224.655291512 25.9274120618 1.79661512375 209.66255188 5.81944656372 16711680 0.30980605215 0.0 0.30980605215 -1.56117797728 -0.889128351892 0.889128351892 -1.56117797728 
220.062649233 105.37921919 1.30497992039 263.137329102 5.4721660614 8388608 0.587208510775 0.0 0.587208510775 -0.155932072036 -1.29563026421 1.29563026421 -0.155932072036 
217.258375721 123.059545414 1.49382400513 249.120483398 4.67880010605 8388608 0.448127021194 0.0 0.448127021194 -0.532404844548 -1.39572749482 1.39572749482 -0.532404844548 
173.242524964 13.6784985706 1.3124216795 252.406616211 3.74213004112 8388608 0.580568152359 0.0 0.580568152359 -0.396692339771 -1.25103391336 1.25103391336 -0.396692339771 
39.5266889608 100.828646238 1.24008047581 80.4114074707 2.29523277283 8388608 0.6502797951 0.0 0.6502797951 0.206563222776 1.22275558534 -1.22275558534 0.206563222776 
