13
170
84.9139663818 146.941107159 3.84852910042 143.367971727 89.4058837891 21692417 0.0675165823439 0.0 0.0675165823439 -3.08838326051 2.29631554299 -2.29631554299 -3.08838326051 
102.562079636 145.713120702 3.71738171577 139.373841083 86.435546875 19202049 0.0723645195441 0.0 0.0723645195441 -2.82139648386 2.42046456318 -2.42046456318 -2.82139648386 
85.6821202192 124.551260979 3.8413105011 130.222136723 81.0890960693 21561345 0.0677705753984 0.0 0.0677705753984 -2.48053677659 2.93301954746 -2.93301954746 -2.48053677659 
64.1497230656 125.802554752 3.55699777603 137.389879477 70.8175048828 15990785 0.0790374304581 0.0 0.0790374304581 -2.61787038287 2.40810876772 -2.40810876772 -2.61787038287 
75.8006806788 124.171559711 1.41272628307 126.322411424 69.760383606 8388608 0.501053326607 0.0 0.501053326607 -0.8367978634 1.13822883758 -1.13822883758 -0.8367978634 
187.570580628 89.6237518623 2.29771113396 135.117720939 69.6380462646 17826048 0.189412720845 0.0 0.189412720845 -1.62806188588 1.62138550347 -1.62138550347 -1.62806188588 
112.308596195 120.309316039 2.8168656826 135.648147676 67.3061981201 15860224 0.126028196729 0.0 0.126028196729 -2.01422904322 1.96916572063 -1.96916572063 -2.01422904322 
65.1595188709 122.492324097 1.95108675957 136.143894016 66.4822998047 22675456 0.262691993663 0.0 0.262691993663 -1.40689376115 1.35180970857 -1.35180970857 -1.40689376115 
177.756343352 89.8024553194 2.37785768509 128.402590544 64.8503189087 20316416 0.176859455241 0.0 0.176859455241 -1.47708527732 1.86344472793 -1.86344472793 -1.47708527732 
107.375809496 122.399217698 1.57487857342 128.341027963 59.1269187927 8388608 0.403186378561 0.0 0.403186378561 -0.97696148147 1.23522823184 -1.23522823184 -0.97696148147 
144.780150889 149.214232977 1.51488554478 143.449615157 56.7705459595 8388608 0.435752971115 0.0 0.435752971115 -1.21695826705 0.902158960507 -0.902158960507 -1.21695826705 
87.0347311018 123.787732649 1.35159981251 138.748995412 56.7476577759 8388608 0.547398690674 0.0 0.547398690674 -1.01617091742 0.891189497105 -0.891189497105 -1.01617091742 
106.419054115 121.243804892 5.11943101883 134.426420365 56.2532463074 8913409 0.0381554525499 0.0 0.0381554525499 -3.58356447157 3.65604152529 -3.65604152529 -3.58356447157 
164.083337134 118.162582598 1.13081300259 135.572434126 54.4085388184 8388608 0.782020995221 0.0 0.782020995221 -0.80755424981 0.791577021163 -0.791577021163 -0.80755424981 
28.7073120883 60.4443904845 1.37470495701 148.468276266 54.197353363 8388608 0.529152683166 0.0 0.529152683166 -1.17173078021 0.718930245249 -0.718930245249 -1.17173078021 
139.22155718 132.087439369 1.3380613327 137.777697298 53.7542915344 8388608 0.558531869467 0.0 0.558531869467 -0.990892046068 0.899189125332 -0.899189125332 -0.990892046068 
172.933939707 80.0977595744 1.33353686333 130.085075072 50.4594116211 8388608 0.562328310881 0.0 0.562328310881 -0.858696863514 1.02027460149 -1.02027460149 -0.858696863514 
157.47664863 96.4122017136 1.86419582367 134.613919997 48.3189926147 19398656 0.28775106429 0.0 0.28775106429 -1.30927323119 1.3270379328 -1.3270379328 -1.30927323119 
154.577255294 119.053320031 1.50485610962 135.703775876 47.9391059875 8388608 0.441580664178 0.0 0.441580664178 -1.07708384398 1.05094353022 -1.05094353022 -1.07708384398 
61.8559929767 134.661647467 2.01107668877 140.634044441 47.8174514771 24903680 0.247253664041 0.0 0.247253664041 -1.55478467745 1.27556813023 -1.27556813023 -1.55478467745 
177.261643694 103.424380816 2.8853635788 133.761406442 47.7281646729 17564160 0.120115460047 0.0 0.120115460047 -1.9956814848 2.08388540785 -2.08388540785 -1.9956814848 
188.421726108 102.370564751 2.85501861572 135.718129229 47.2920341492 16843264 0.122682357046 0.0 0.122682357046 -2.04394690296 1.99334200628 -1.99334200628 -2.04394690296 
133.314265506 161.348255828 1.4643163681 133.467368855 47.0843505859 8388608 0.466369527678 0.0 0.466369527678 -1.00736377647 1.06275145154 -1.06275145154 -1.00736377647 
140.823934345 156.489204838 1.91129028797 138.833995678 46.946472168 21233664 0.273745314263 0.0 0.273745314263 -1.43883003381 1.25809327902 -1.25809327902 -1.43883003381 
123.438804403 141.029214461 3.95647072792 128.577585441 46.8717575073 23724033 0.0638828210358 0.0 0.0638828210358 -2.46715153401 3.0930282781 -3.0930282781 -2.46715153401 
117.228046496 152.479919147 1.56772387028 129.040617256 46.8034820557 8388608 0.406874861442 0.0 0.406874861442 -0.987464045543 1.21765056243 -1.21765056243 -0.987464045543 
116.62393803 145.109660518 1.35207080841 130.805217684 44.6115264893 8388608 0.547017382783 0.0 0.547017382783 -0.883564127404 1.02343045866 -1.02343045866 -0.883564127404 
129.390600637 124.212941055 2.71238589287 132.159367098 44.1696739197 13107712 0.13592428154 0.0 0.13592428154 -1.82054000718 2.01063952863 -2.01063952863 -1.82054000718 
62.7617372778 132.466327404 1.26464235783 134.557976008 44.0085220337 8388608 0.625265623307 0.0 0.625265623307 -0.887311806242 0.901109345036 -0.901109345036 -0.887311806242 
135.416580976 50.3506024834 2.30833864212 132.404341217 43.4804611206 18153728 0.187672637008 0.0 0.187672637008 -1.55664740869 1.70448705824 -1.70448705824 -1.55664740869 
118.747949063 142.118461239 2.08941054344 139.278192665 43.1162261963 10944768 0.229061677156 0.0 0.229061677156 -1.58353517934 1.36310408804 -1.36310408804 -1.58353517934 
122.279659756 133.051055476 1.69049322605 138.540594056 43.0554656982 12320768 0.34992351667 0.0 0.34992351667 -1.26689788431 1.11925738687 -1.11925738687 -1.26689788431 
164.207036403 72.6449867745 1.43611931801 134.703525843 42.9098052979 8388608 0.484862896606 0.0 0.484862896606 -1.0102215361 1.02073069101 -1.02073069101 -1.0102215361 
144.546800624 140.118066651 1.92599081993 131.016259122 42.877784729 21757952 0.26958242427 0.0 0.26958242427 -1.26397610163 1.45320509666 -1.45320509666 -1.26397610163 
134.325791511 168.752402549 2.56885147095 133.235313423 42.8018569946 9175552 0.151538160523 0.0 0.151538160523 -1.75965366327 1.87152794933 -1.87152794933 -1.75965366327 
232.276778194 69.3807946862 1.30703663826 130.564020074 40.7001953125 8388608 0.585361933588 0.0 0.585361933588 -0.849962384785 0.992929362143 -0.992929362143 -0.849962384785 
134.124910537 124.821390137 3.88975811005 129.478818997 40.6332893372 22478849 0.0660929002991 0.0 0.0660929002991 -2.47308068246 3.00234743038 -3.00234743038 -2.47308068246 
201.562402664 99.1441556393 2.05316925049 129.747961496 40.0337867737 9699584 0.237219560661 0.0 0.237219560661 -1.31282033255 1.57860911741 -1.57860911741 -1.31282033255 
129.011470367 122.199907394 1.61576008797 133.908358689 39.9966049194 9043968 0.383041868968 0.0 0.383041868968 -1.12054083387 1.16407426803 -1.16407426803 -1.12054083387 
144.792420055 141.824297269 1.32173287868 133.273524002 39.7773590088 8388608 0.572417118588 0.0 0.572417118588 -0.906024071733 0.962339952427 -0.962339952427 -0.906024071733 
215.461752258 76.5309622597 1.2773424387 144.558730184 39.5892791748 8388608 0.612893925472 0.0 0.612893925472 -1.04066408162 0.740690201714 -0.740690201714 -1.04066408162 
80.5346941056 109.58208779 2.51126670837 123.198426288 39.5708694458 24248576 0.15856755197 0.0 0.15856755197 -1.37501957704 2.10137613085 -2.10137613085 -1.37501957704 
72.3564750418 113.549359804 2.01374459267 129.442094027 38.4375610352 24969216 0.246598951373 0.0 0.246598951373 -1.27932801948 1.5551485791 -1.5551485791 -1.27932801948 
44.4354028208 135.629463409 2.5860877037 139.812926318 38.1823806763 9634304 0.14952489337 0.0 0.14952489337 -1.9756200527 1.66876451863 -1.66876451863 -1.9756200527 
172.8714661 72.8957516536 1.33295202255 136.535057325 38.0843925476 8388608 0.562821869038 0.0 0.562821869038 -0.967450467441 0.916951845778 -0.916951845778 -0.967450467441 
166.812099691 44.4339125783 1.35443902016 128.723913686 37.6696090698 8388608 0.545106155427 0.0 0.545106155427 -0.847294158772 1.05669185094 -1.05669185094 -0.847294158772 
34.958778148 54.0010860017 1.88637006283 143.437105623 37.5959777832 20250624 0.281025810558 0.0 0.281025810558 -1.5151389069 1.12371976343 -1.12371976343 -1.5151389069 
134.90670649 168.013617601 1.29399323463 134.045159861 37.5714035034 8388608 0.597222262659 0.0 0.597222262659 -0.899616614521 0.930112056775 -0.930112056775 -0.899616614521 
135.331300124 63.0052126 2.189204216 137.260258066 37.0753097534 14352640 0.208654352429 0.0 0.208654352429 -1.60784796281 1.48574561344 -1.48574561344 -1.60784796281 
157.099704296 47.6616499779 2.04933142662 129.910207948 36.9938659668 9568512 0.238108884221 0.0 0.238108884221 -1.31482297013 1.57194142809 -1.57194142809 -1.31482297013 
117.536172695 138.710520107 1.29217684269 149.851681233 36.9413490295 8388608 0.598902453956 0.0 0.598902453956 -1.11738172703 0.64898310369 -0.64898310369 -1.11738172703 
128.177959448 53.1381240353 1.74172687531 131.374751163 36.8422317505 14483456 0.329639991037 0.0 0.329639991037 -1.15124879967 1.30699606328 -1.30699606328 -1.15124879967 
59.8389658104 55.3287922459 3.0549325943 137.529148357 35.7420196533 21692928 0.107151125126 0.0 0.107151125126 -2.25338224463 2.06273643864 -2.06273643864 -2.25338224463 
204.395998296 50.6959048571 1.41384387016 126.611429929 35.1274185181 8388608 0.500261514409 0.0 0.500261514409 -0.843195300643 1.1348903798 -1.1348903798 -0.843195300643 
94.5187408674 70.5754240863 2.84338998795 132.709153118 35.0044136047 16515584 0.123687878423 0.0 0.123687878423 -1.92860621659 2.08934072972 -2.08934072972 -1.92860621659 
195.017097431 53.4900684661 2.13269782066 128.743321662 34.6574630737 12452096 0.219857532596 0.0 0.219857532596 -1.3347117483 1.66341352141 -1.66341352141 -1.3347117483 
163.351678843 64.1886535357 1.53191459179 131.494664056 34.6194877625 8388608 0.426118995074 0.0 0.426118995074 -1.01497046509 1.14743072624 -1.14743072624 -1.01497046509 
48.5042698726 86.3810962975 2.5795571804 132.589957671 34.5511016846 9503232 0.150282939637 0.0 0.150282939637 -1.74570743431 1.89911052884 -1.89911052884 -1.74570743431 
62.0830788216 149.643209023 2.77710676193 149.691809587 34.4681015015 14811648 0.129662636526 0.0 0.129662636526 -2.39754130666 1.40146981774 -1.40146981774 -2.39754130666 
96.3210307074 49.4026734358 2.33846855164 131.249581611 34.4615364075 19071232 0.182867670451 0.0 0.182867670451 -1.54184661471 1.75816500468 -1.75816500468 -1.54184661471 
203.570783741 43.0865609825 1.30537843704 130.264638183 33.7454376221 8388608 0.586850029826 0.0 0.586850029826 -0.843690824193 0.996091691094 -0.996091691094 -0.843690824193 
109.675784426 109.597421451 1.5503667593 139.678471154 33.2528762817 8388608 0.416036183187 0.0 0.416036183187 -1.18203875643 1.0032055954 -1.0032055954 -1.18203875643 
109.066044356 159.304578712 1.40013694763 136.911402506 32.9780387878 8388608 0.510104280219 0.0 0.510104280219 -1.02251755049 0.956473382303 -0.956473382303 -1.02251755049 
165.990883202 36.5058424508 1.32862329483 130.214618825 32.9777755737 8388608 0.566495252518 0.0 0.566495252518 -0.857829013907 1.01457835699 -1.01457835699 -0.857829013907 
122.896182776 46.3471564401 1.44874930382 131.18302148 32.8291397095 8388608 0.476445818181 0.0 0.476445818181 -0.953952836056 1.09034330919 -1.09034330919 -0.953952836056 
96.5287133832 58.9719992487 1.48188531399 130.05716244 32.2219314575 8388608 0.455376706676 0.0 0.455376706676 -0.953669592746 1.13423912456 -1.13423912456 -0.953669592746 
94.559123534 81.1968495268 1.43555557728 131.25126023 31.5001487732 8388608 0.485243781383 0.0 0.485243781383 -0.946551301553 1.07928700955 -1.07928700955 -0.946551301553 
219.811711905 70.3462745426 1.79129302502 137.272885634 31.4575004578 16515072 0.311649712312 0.0 0.311649712312 -1.31587236326 1.21540553935 -1.21540553935 -1.31587236326 
143.702199181 95.9635733181 1.84207129478 141.491855218 31.33436203 18546688 0.294704746147 0.0 0.294704746147 -1.44145699677 1.14692126213 -1.14692126213 -1.44145699677 
61.5119585737 69.8859387053 2.06371259689 134.487536823 31.3031616211 10027264 0.234801879949 0.0 0.234801879949 -1.44615506143 1.47225854417 -1.47225854417 -1.44615506143 
143.188829178 60.8722558275 1.75157320499 128.786623951 30.8927192688 14876672 0.325944317713 0.0 0.325944317713 -1.0972237329 1.36532368778 -1.36532368778 -1.0972237329 
154.20674132 145.033415325 2.09804534912 128.121665815 30.5292129517 11272448 0.22718008494 0.0 0.22718008494 -1.29519347392 1.65053571669 -1.65053571669 -1.29519347392 
182.141538926 53.9051760816 2.36817550659 126.144832226 29.9829139709 19988736 0.178308575303 0.0 0.178308575303 -1.39681718115 1.9123694707 -1.9123694707 -1.39681718115 
200.567181418 71.3014304747 1.69008278847 135.81719027 29.4673862457 12320768 0.350093495564 0.0 0.350093495564 -1.21199173594 1.17790316405 -1.17790316405 -1.21199173594 
56.0707804662 160.590683326 2.53026151657 144.843921601 29.4152088165 24772864 0.156195738034 0.0 0.156195738034 -2.0687077528 1.45693911189 -1.45693911189 -2.0687077528 
219.466171319 62.36952951 1.68136131763 137.965748116 29.3840770721 11927552 0.353734889257 0.0 0.353734889257 -1.24882217547 1.12579707518 -1.12579707518 -1.24882217547 
112.519793521 34.1952353209 1.38323926926 144.630152494 29.1508693695 8388608 0.522643291691 0.0 0.522643291691 -1.12793830457 0.800690987275 -0.800690987275 -1.12793830457 
225.50598715 98.9978415764 1.55767071247 133.613627952 29.0775871277 8388608 0.412143724417 0.0 0.412143724417 -1.07446843847 1.12776576611 -1.12776576611 -1.07446843847 
84.4126777455 59.9687293965 1.89153254032 137.02451327 28.9838619232 20447232 0.279493920831 0.0 0.279493920831 -1.38393111801 1.28943011121 -1.28943011121 -1.38393111801 
228.823843648 99.0476791113 1.48488521576 136.423942702 28.8209877014 8388608 0.453538577467 0.0 0.453538577467 -1.07573990734 1.02355642528 -1.02355642528 -1.07573990734 
136.534358116 83.5948745241 2.05544495583 135.207563693 28.6920623779 9765120 0.236694571681 0.0 0.236694571681 -1.45867477541 1.44814428357 -1.44814428357 -1.45867477541 
181.138428122 31.5980231138 1.28569233418 129.847562424 28.6162605286 8388608 0.604958928864 0.0 0.604958928864 -0.823803823698 0.987092720172 -0.987092720172 -0.823803823698 
139.260966431 119.133262173 1.71402001381 155.637570238 28.6123046875 13303808 0.340383282935 0.0 0.340383282935 -1.56139398351 0.70704556854 -0.70704556854 -1.56139398351 
178.530781563 68.0658945124 3.90421128273 130.748790863 28.150598526 22740993 0.0656044615917 0.0 0.0656044615917 -2.54844957245 2.9577475411 -2.9577475411 -2.54844957245 
150.821760252 97.1111231295 1.3191665411 135.908767078 27.9264431 8388608 0.574646472425 0.0 0.574646472425 -0.947468644213 0.917879911203 -0.917879911203 -0.947468644213 
38.6402712137 33.9157194617 1.53211951256 150.836627322 27.6263141632 8388608 0.426005015986 0.0 0.426005015986 -1.33789850056 0.746604180919 -0.746604180919 -1.33789850056 
45.9131673194 42.8441408606 2.01749420166 142.639133674 27.4911422729 8388864 0.2456831714 0.0 0.2456831714 -1.60356346342 1.22428226831 -1.22428226831 -1.60356346342 
212.871032076 51.6881869008 1.44593715668 134.949919074 26.7001571655 8388608 0.478300862345 0.0 0.478300862345 -1.02153789388 1.02332526228 -1.02332526228 -1.02153789388 
32.2103656948 33.1550283676 1.44448244572 145.190924483 26.6992950439 8388608 0.479264722955 0.0 0.479264722955 -1.18600502226 0.824573600815 -0.824573600815 -1.18600502226 
152.378260692 55.1474847122 1.85978090763 129.300904355 26.5969562531 19267584 0.289118864847 0.0 0.289118864847 -1.17797236991 1.43915465469 -1.43915465469 -1.17797236991 
47.3664349251 68.52635318 1.73109948635 142.483842042 26.3952350616 14024704 0.333699798933 0.0 0.333699798933 -1.37307631608 1.05421385965 -1.05421385965 -1.37307631608 
169.760467171 55.9456258931 1.30039179325 129.885870798 26.3111896515 8388608 0.591359475462 0.0 0.591359475462 -0.833889798292 0.99782093597 -0.99782093597 -0.833889798292 
147.901099143 126.004939471 3.55165624619 135.64704088 25.7337112427 15925249 0.0792753466497 0.0 0.0792753466497 -2.53960070036 2.48287945213 -2.48287945213 -2.53960070036 
169.273892801 137.27018966 1.38540434837 133.263865405 25.6786823273 8388608 0.521011017495 0.0 0.521011017495 -0.949499662747 1.0088585624 -1.0088585624 -0.949499662747 
64.5807296475 98.856845085 3.43203616142 131.212685607 25.6231689453 13434881 0.0848977713562 0.0 0.0848977713562 -2.26121772994 2.58181459271 -2.58181459271 -2.26121772994 
61.8350215697 141.929869121 1.47559762001 137.958487101 25.564043045 8388608 0.459265801779 0.0 0.459265801779 -1.09586706394 0.98816178551 -0.98816178551 -1.09586706394 
128.008283067 84.652428594 1.96542394161 129.309868982 25.5588798523 23265280 0.258873452561 0.0 0.258873452561 -1.2451238862 1.52070962984 -1.52070962984 -1.2451238862 
127.497186083 40.6611123419 1.61313080788 129.322612402 25.5126132965 8978432 0.384291544596 0.0 0.384291544596 -1.0222187765 1.24790215013 -1.24790215013 -1.0222187765 
191.159095233 65.4481749849 1.49772500992 130.153218088 25.4432659149 8388608 0.445795659939 0.0 0.445795659939 -0.965783761026 1.14474535696 -1.14474535696 -0.965783761026 
112.161266205 37.1109824181 1.97684597969 143.880045392 25.3073329926 23658496 0.255890599855 0.0 0.255890599855 -1.5968658049 1.16530666716 -1.16530666716 -1.5968658049 
157.323095475 41.1153407445 1.2871171236 129.379045876 24.6824855804 8388608 0.603620337365 0.0 0.603620337365 -0.816608714713 0.994897329843 -0.994897329843 -0.816608714713 
111.264765542 81.2548076417 1.24216973782 136.216978553 24.5841712952 8388608 0.648094164135 0.0 0.648094164135 -0.896803447829 0.859493591313 -0.859493591313 -0.896803447829 
175.163795237 45.3312103938 1.45091617107 136.422858515 24.3933925629 8388608 0.475023787123 0.0 0.475023787123 -1.05111176857 1.00016087978 -1.00016087978 -1.05111176857 
63.8715791973 49.7724534155 1.24908900261 133.747452373 24.186088562 8388608 0.640933882121 0.0 0.640933882121 -0.863721232126 0.902335286695 -0.902335286695 -0.863721232126 
38.3788258827 146.01307997 1.31257891655 141.031180076 24.1851577759 8388608 0.58042906532 0.0 0.58042906532 -1.02051477587 0.825477440277 -0.825477440277 -1.02051477587 
180.392729245 174.93411183 1.63290476799 139.963985279 23.8201828003 9830400 0.375040600772 0.0 0.375040600772 -1.25021761689 1.05039701624 -1.05039701624 -1.25021761689 
75.7383715717 82.2758019359 1.14160704613 127.134150304 23.5097732544 8388608 0.767302686456 0.0 0.767302686456 -0.689169073176 0.910116825657 -0.910116825657 -0.689169073176 
46.0216159591 120.029756914 1.56247937679 137.605060518 23.4928722382 8388608 0.409610812714 0.0 0.409610812714 -1.15391429126 1.0534816616 -1.0534816616 -1.15391429126 
72.2647915546 73.5857719614 1.93429493904 134.827906613 23.4544792175 22085632 0.267272704945 0.0 0.267272704945 -1.36363872679 1.37185507034 -1.37185507034 -1.36363872679 
126.706440886 108.999178251 2.62277650833 129.982986495 23.453163147 10682880 0.145370883451 0.0 0.145370883451 -1.68529156385 2.00966389166 -2.00966389166 -1.68529156385 
157.308214506 27.6147438475 1.17176496983 132.963125729 23.2144813538 8388608 0.728314537779 0.0 0.728314537779 -0.798590092789 0.857488780225 -0.857488780225 -0.798590092789 
142.682721795 40.8468758784 1.74210548401 130.176337431 22.506565094 14483456 0.329496726454 0.0 0.329496726454 -1.12390575198 1.33107752519 -1.33107752519 -1.12390575198 
212.361165709 82.9043988338 1.73079538345 150.801013081 22.3297920227 14024704 0.333817072172 0.0 0.333817072172 -1.5108644313 0.844358531447 -0.844358531447 -1.5108644313 
184.277013917 39.5334340961 1.74870765209 127.023288434 22.3077945709 14811136 0.327013422605 0.0 0.327013422605 -1.0529661029 1.39615215454 -1.39615215454 -1.0529661029 
193.39870978 72.1960005492 1.42135608196 132.102221254 22.2624855042 8388608 0.494987481614 0.0 0.494987481614 -0.952955837053 1.05457493065 -1.05457493065 -0.952955837053 
207.307493856 82.6821022208 2.37831783295 146.711540551 22.2442550659 20316416 0.176791025676 0.0 0.176791025676 -1.98807851724 1.30535034523 -1.30535034523 -1.98807851724 
207.430204824 62.1924251188 1.2906576395 131.096270288 22.0873756409 8388608 0.60031319213 0.0 0.60031319213 -0.848383069575 0.97264757732 -0.97264757732 -0.848383069575 
85.4318560066 51.7820123119 1.47394192219 136.440494752 21.5962810516 8388608 0.460298179599 0.0 0.460298179599 -1.06810539833 1.01570450824 -1.01570450824 -1.06810539833 
215.488254323 172.408157688 1.86954927444 135.756789311 21.5924816132 19595264 0.286105474494 0.0 0.286105474494 -1.33931635337 1.30439495368 -1.30439495368 -1.33931635337 
99.9830722518 102.753921755 1.52059650421 128.265817193 21.4342098236 8388608 0.432485971181 0.0 0.432485971181 -0.94172171883 1.19389025162 -1.19389025162 -0.94172171883 
211.904770082 45.2810373921 1.67919993401 128.878808762 21.3367137909 11862016 0.35464609564 0.0 0.35464609564 -1.05399211432 1.30721575928 -1.30721575928 -1.05399211432 
101.01223931 29.770049357 1.34188652039 132.354375083 20.4794120789 8388608 0.555352101205 0.0 0.555352101205 -0.904047920598 0.991643479712 -0.991643479712 -0.904047920598 
194.764629275 47.2689381347 1.37096500397 123.718895903 20.4650230408 8388608 0.532043647585 0.0 0.532043647585 -0.761048409711 1.14032905785 -1.14032905785 -0.761048409711 
151.873368421 129.578801012 1.32044172287 134.52566409 20.07762146 8388608 0.573537109001 0.0 0.573537109001 -0.925931599961 0.941391000429 -0.941391000429 -0.925931599961 
207.747377862 74.1313426758 1.39067602158 143.430299948 19.8227844238 8388608 0.517068483114 0.0 0.517068483114 -1.11689734189 0.828565099841 -0.828565099841 -1.11689734189 
164.798925781 55.213654449 2.4987950325 132.99141241 19.7928180695 23920896 0.160154347421 0.0 0.160154347421 -1.70390018585 1.82775840064 -1.82775840064 -1.70390018585 
181.669704887 65.0377654156 1.7603083849 130.446298379 19.6817245483 15269888 0.322717476337 0.0 0.322717476337 -1.14197376111 1.33961992328 -1.33961992328 -1.14197376111 
147.057869369 122.729797871 2.15870094299 143.310127438 19.6567687988 13304064 0.214592746171 0.0 0.214592746171 -1.73102184558 1.289788018 -1.289788018 -1.73102184558 
35.1591727552 120.524974405 1.32383823395 133.971373496 19.3166275024 8388608 0.570597888611 0.0 0.570597888611 -0.919139406262 0.95274887642 -0.95274887642 -0.919139406262 
71.2373261983 88.6247767199 1.49378430843 135.577752899 19.1691150665 8388608 0.448150839087 0.0 0.448150839087 -1.06686218246 1.04556044481 -1.04556044481 -1.06686218246 
108.10735449 60.6212685223 1.31616210938 133.960587203 18.6205158234 8388608 0.577272982675 0.0 0.577272982675 -0.913631544368 0.947396484736 -0.947396484736 -0.913631544368 
52.0793799918 149.207106631 2.14025402069 147.1694507 18.5348510742 12714240 0.218307852159 0.0 0.218307852159 -1.79840762503 1.16035222554 -1.16035222554 -1.79840762503 
173.308554285 145.016682764 1.512114048 134.049655935 18.4996395111 8388608 0.437351785329 0.0 0.437351785329 -1.05134497217 1.08681306748 -1.08681306748 -1.05134497217 
104.920965997 102.1938786 1.39816355705 133.519469125 18.4854412079 8388608 0.5115452352 0.0 0.5115452352 -0.962776849276 1.01386491742 -1.01386491742 -0.962776849276 
164.266072103 145.966783592 1.51994085312 132.340801737 18.215171814 8388608 0.432859171306 0.0 0.432859171306 -1.02373952184 1.12346677228 -1.12346677228 -1.02373952184 
204.605013132 183.55907745 1.39289438725 144.356774743 18.1510334015 8388608 0.515422796877 0.0 0.515422796877 -1.13195145084 0.811690019007 -0.811690019007 -1.13195145084 
88.1559155444 95.0172280859 1.96929180622 127.577762559 17.8288955688 23396352 0.25785755014 0.0 0.25785755014 -1.20094822271 1.56071572825 -1.56071572825 -1.20094822271 
187.57949394 80.3843062271 1.40239906311 131.371935906 17.550075531 8388608 0.508459977727 0.0 0.508459977727 -0.926907770129 1.05240919698 -1.05240919698 -0.926907770129 
52.5018743946 119.942446699 1.60771465302 143.280268585 17.433298111 8716288 0.386885149686 0.0 0.386885149686 -1.28869549302 0.961254561382 -0.961254561382 -1.28869549302 
123.997297206 60.8729560973 1.30314958096 135.232345543 17.401266098 8388608 0.588859197246 0.0 0.588859197246 -0.925195042474 0.917721615592 -0.917721615592 -0.925195042474 
80.1792623033 50.3347432867 2.00442433357 136.602368755 17.171710968 24641536 0.248897576073 0.0 0.248897576073 -1.45642088701 1.37715471494 -1.37715471494 -1.45642088701 
72.1507299436 84.7872153279 2.24958634377 131.878426314 17.0336818695 16318720 0.197603515231 0.0 0.197603515231 -1.50171642788 1.67495865271 -1.67495865271 -1.50171642788 
105.484012622 48.7316422942 1.46342229843 132.892217646 17.0315589905 8388608 0.466939553463 0.0 0.466939553463 -0.996036479502 1.07215491187 -1.07215491187 -0.996036479502 
145.495232495 90.7567568207 1.26424396038 141.235244842 16.985294342 8388608 0.625659761598 0.0 0.625659761598 -0.985760429319 0.791573854638 -0.791573854638 -0.985760429319 
158.891853777 111.901812772 1.26808309555 135.096334494 16.4432067871 8388608 0.621877113008 0.0 0.621877113008 -0.898176507885 0.895161269216 -0.895161269216 -0.898176507885 
174.553876031 65.2107615004 1.27316772938 133.525508021 16.2578639984 8388608 0.61691986617 0.0 0.61691986617 -0.876801896862 0.923132981096 -0.923132981096 -0.876801896862 
220.342985539 114.489986909 1.99775826931 134.694495677 15.934009552 24444928 0.250561376337 0.0 0.250561376337 -1.40507615976 1.42014051695 -1.42014051695 -1.40507615976 
225.693464697 87.379740968 1.50149512291 155.687274557 15.878660202 8388608 0.443559768602 0.0 0.443559768602 -1.36833030792 0.618190725069 -0.618190725069 -1.36833030792 
198.928804006 35.216530958 1.57758057117 134.348717668 15.863193512 8388608 0.401806448092 0.0 0.401806448092 -1.10276601033 1.12812569557 -1.12812569557 -1.10276601033 
36.6521815493 157.149626125 1.33405435085 139.447513732 14.4501199722 8388608 0.561892134579 0.0 0.561892134579 -1.01362878941 0.867327901259 -0.867327901259 -1.01362878941 
61.6122899758 81.1219199742 2.20562243462 131.872165026 14.4023151398 14876928 0.205559550273 0.0 0.205559550273 -1.47218875011 1.64238564537 -1.64238564537 -1.47218875011 
72.0727122632 177.145611287 1.33639025688 135.256416275 13.7461547852 8388608 0.55992956396 0.0 0.55992956396 -0.949190170513 0.940732129189 -0.940732129189 -0.949190170513 
221.977952902 85.3164349876 1.34392237663 154.102352435 13.6342487335 8388608 0.553670812612 0.0 0.553670812612 -1.20895992922 0.586978060881 -0.586978060881 -1.20895992922 
38.0736535087 177.452003901 1.66192138195 137.638011577 13.4639596939 11075584 0.362058751244 0.0 0.362058751244 -1.22799791148 1.11982311513 -1.11982311513 -1.22799791148 
231.116768517 129.113133279 1.30058407784 131.771364691 13.0509586334 8388608 0.59118462955 0.0 0.59118462955 -0.866396845701 0.969987344905 -0.969987344905 -0.866396845701 
174.459016872 118.199963896 1.69470071793 135.475277266 12.9315328598 12517376 0.34818813924 0.0 0.34818813924 -1.20823339465 1.18835288841 -1.18835288841 -1.20823339465 
117.75573165 62.6027657803 1.79117429256 132.897312186 12.7958774567 16515072 0.311691030637 0.0 0.311691030637 -1.2192281668 1.31216920541 -1.31216920541 -1.2192281668 
174.459961605 175.317466313 1.28832161427 132.653914993 12.681646347 8388608 0.602492179335 0.0 0.602492179335 -0.872925928486 0.947508788963 -0.947508788963 -0.872925928486 
186.058851193 116.919434981 1.50302100182 130.501847422 12.2201929092 8388608 0.442659614927 0.0 0.442659614927 -0.976170907118 1.14287466154 -1.14287466154 -0.976170907118 
35.4451734563 26.9102503757 1.4586853981 147.790834245 11.1714286804 8388608 0.469977134391 0.0 0.469977134391 -1.23420525309 0.777496291874 -0.777496291874 -1.23420525309 
196.172988561 115.823679671 1.70239317417 140.448109946 11.0202798843 12845056 0.345048593464 0.0 0.345048593464 -1.3126271949 1.08404444867 -1.08404444867 -1.3126271949 
192.285645329 39.4422252095 1.42595016956 131.050901512 10.477186203 8388608 0.491803144996 0.0 0.491803144996 -0.936463189999 1.07534672541 -1.07534672541 -0.936463189999 
210.92219403 63.2365611724 2.20803952217 134.620505837 10.4449062347 14942464 0.205109754445 0.0 0.205109754445 -1.55094426727 1.57162667682 -1.57162667682 -1.55094426727 
205.234606263 140.453075564 1.41805636883 131.324593951 9.19719028473 8388608 0.497293760878 0.0 0.497293760878 -0.936376772571 1.06493305187 -1.06493305187 -0.936376772571 
78.1664170179 169.839074296 1.23847866058 136.354387757 9.1823387146 8388608 0.651962991938 0.0 0.651962991938 -0.896191194312 0.85479280294 -0.85479280294 -0.896191194312 
169.364938836 110.479858165 1.49193894863 134.433058371 8.06791877747 8388608 0.449260148549 0.0 0.449260148549 -1.04446984372 1.06534716032 -1.06534716032 -1.04446984372 
36.6561121954 94.4169394216 1.43941736221 133.170477329 5.8329372406 8388608 0.482643571827 0.0 0.482643571827 -0.984808193328 1.04979767812 -1.04979767812 -0.984808193328 
220.062649233 105.37921919 1.30497992039 136.610925484 5.4721660614 8388608 0.587208510775 0.0 0.587208510775 -0.948336314558 0.896454587308 -0.896454587308 -0.948336314558 
217.258375721 123.059545414 1.49382400513 132.04751681 4.67880010605 8388608 0.448127021194 0.0 0.448127021194 -1.00048367482 1.10929823524 -1.10929823524 -1.00048367482 
39.5266889608 100.828646238 1.24008047581 131.485264584 2.29523277283 8388608 0.6502797951 0.0 0.6502797951 -0.821463296209 0.928976662495 -0.928976662495 -0.821463296209 
