13
205
191.180872367 124.272367761 2.87658286095 58.1690979004 102.132858276 17367552 0.120849879837 0.0 0.120849879837 1.51715036883 2.44396884478 -2.44396884478 1.51715036883 
230.478692034 98.765766438 1.95765972137 42.8388061523 99.8791809082 22937600 0.260930946294 0.0 0.260930946294 1.43549219239 1.33108743149 -1.33108743149 1.43549219239 
144.930221483 44.7388864642 1.44818294048 93.5621337891 80.7319564819 8388608 0.476818553144 0.0 0.476818553144 -0.0899769383106 1.44538506277 -1.44538506277 -0.0899769383106 
192.667860652 102.600971042 2.58179783821 96.0067443848 76.3309173584 9568768 0.150022201544 0.0 0.150022201544 -0.270173601651 2.5676226947 -2.5676226947 -0.270173601651 
129.817601959 23.0672881802 2.9521856308 15.9559936523 73.5963745117 19268096 0.114739426779 0.0 0.114739426779 2.83844712105 0.811552795368 -0.811552795368 2.83844712105 
129.729953444 70.5717867562 1.97852563858 58.5281677246 70.838432312 23724032 0.255456310331 0.0 0.255456310331 1.0329473339 1.68747844665 -1.68747844665 1.0329473339 
151.318408891 44.8880522608 1.37497127056 96.2940979004 69.3090667725 8388608 0.528947723417 0.0 0.528947723417 -0.150740742435 1.36668329303 -1.36668329303 -0.150740742435 
115.660148796 26.3197194379 3.17388677597 260.482177734 67.258895874 24445440 0.0992697984959 0.0 0.0992697984959 -0.524816108988 -3.13019573165 3.13019573165 -0.524816108988 
185.001959507 103.157602022 2.05190181732 100.587493896 65.9317703247 9634048 0.237512706067 0.0 0.237512706067 -0.377009870334 2.01696916823 -2.01696916823 -0.377009870334 
164.09948556 17.8109150013 1.49698805809 256.708251953 63.5382041931 8388608 0.446234689216 0.0 0.446234689216 -0.344171886614 -1.45688673497 1.45688673497 -0.344171886614 
148.753052007 64.9310409576 6.64771175385 88.0450744629 57.9929656982 11075586 0.0226284934073 0.0 0.0226284934073 0.226775168877 6.64384260688 -6.64384260688 0.226775168877 
183.351655764 93.5229496432 1.28949010372 101.380249023 56.4738388062 8388608 0.601400760666 0.0 0.601400760666 -0.254441426445 1.26413776469 -1.26413776469 -0.254441426445 
114.172343114 29.6630350592 1.68621230125 59.4581298828 55.0411186218 12124160 0.351702530856 0.0 0.351702530856 0.856878932611 1.45226389467 -1.45226389467 0.856878932611 
216.246678072 87.7179686924 2.96747326851 280.637634277 54.1476707458 19595776 0.113560257625 0.0 0.113560257625 0.547786497229 -2.91647519324 2.91647519324 0.547786497229 
176.822362985 88.6816608643 3.32552742958 108.482757568 53.4194374084 11141121 0.0904230040902 0.0 0.0904230040902 -1.05425623211 3.15399373524 -3.15399373524 -1.05425623211 
134.866774462 55.1465187854 2.28026175499 270.280548096 53.3188438416 17301760 0.192322720432 0.0 0.192322720432 0.0111652296594 -2.28023441973 2.28023441973 0.0111652296594 
206.06961539 65.0718878848 4.75295209885 101.701629639 52.9596214294 20250881 0.0442662900307 0.0 0.0442662900307 -0.963970678034 4.65417169707 -4.65417169707 -0.963970678034 
87.8514972798 41.0047116343 2.92231416702 76.1779174805 52.0154418945 18481664 0.117097114419 0.0 0.117097114419 0.698163436134 2.83769059399 -2.83769059399 0.698163436134 
132.13302887 53.4003111687 1.35184788704 264.58682251 51.5245361328 8388608 0.54719780533 0.0 0.54719780533 -0.127529653601 -1.34581904324 1.34581904324 -0.127529653601 
234.723615083 112.298016755 1.47074818611 24.5918579102 50.6757659912 8388608 0.462299429098 0.0 0.462299429098 1.33734434837 0.612054181286 -0.612054181286 1.33734434837 
92.5756250358 57.2081116082 2.23312234879 56.6353149414 50.6614494324 15728896 0.200527973123 0.0 0.200527973123 1.22814151541 1.86507475528 -1.86507475528 1.22814151541 
97.1782863242 38.519586279 2.06131362915 89.0672912598 50.6498603821 9961728 0.235348725323 0.0 0.235348725323 0.0335543095929 2.06104051053 -2.06104051053 0.0335543095929 
168.053892429 27.3297198485 2.39216852188 78.9755249023 50.5961494446 20709632 0.174749707481 0.0 0.174749707481 0.457450321328 2.34802245317 -2.34802245317 0.457450321328 
165.205536899 67.3517937923 4.399289608 67.6315002441 50.3864974976 14680321 0.0516695756029 0.0 0.0516695756029 1.67420253589 4.06826682063 -4.06826682063 1.67420253589 
84.7150356077 37.2381257007 1.37625539303 82.1482543945 50.0268096924 8388608 0.527961108901 0.0 0.527961108901 0.188010651438 1.36335281633 -1.36335281633 0.188010651438 
208.401908167 124.293307065 1.79628205299 83.2524414062 49.8791885376 16711680 0.309920952705 0.0 0.309920952705 0.211054307347 1.78384004139 -1.78384004139 0.211054307347 
94.7082752921 79.7456383523 1.75996792316 171.094223022 49.3281860352 15269888 0.322842346315 0.0 0.322842346315 -1.7387502105 0.272460632104 -0.272460632104 -1.7387502105 
28.3648075851 74.9174144608 1.57732486725 70.6793823242 49.3274421692 8388608 0.40193673427 0.0 0.40193673427 0.52186423313 1.48849301611 -1.48849301611 0.52186423313 
200.71625531 88.2642830889 4.08573102951 281.62890625 48.9922943115 9306369 0.05990463884 0.0 0.05990463884 0.823569384865 -4.00186600398 4.00186600398 0.823569384865 
200.39826833 64.5401717017 2.36325311661 102.29083252 47.0136184692 19857664 0.179052142226 0.0 0.179052142226 -0.503075270617 2.30908652182 -2.30908652182 -0.503075270617 
40.9088094827 49.5479777547 5.40509700775 40.6630859375 46.9645462036 12845569 0.0342289056508 0.0 0.0342289056508 4.1000596178 3.52201430913 -3.52201430913 4.1000596178 
106.016627873 93.6749243467 8.76184749603 131.188644409 46.0447731018 14352642 0.0130259264123 0.0 0.0130259264123 -5.77002989089 6.59368839133 -6.59368839133 -5.77002989089 
214.286591935 120.383462483 3.11495161057 69.4899902344 46.0061798096 23134720 0.103061721168 0.0 0.103061721168 1.09138875965 2.9174979197 -2.9174979197 1.09138875965 
138.391267939 68.685025727 1.35975551605 98.2039489746 45.0394859314 8388608 0.540851877265 0.0 0.540851877265 -0.194033238642 1.34584031955 -1.34584031955 -0.194033238642 
82.0338542834 31.341715663 1.31553089619 335.980926514 44.2150764465 8388608 0.577827085569 0.0 0.577827085569 1.20161908427 -0.535474663389 0.535474663389 1.20161908427 
95.9047804387 77.3257888962 2.90896844864 287.568908691 42.5531044006 18153984 0.118174011545 0.0 0.118174011545 0.878079693719 -2.77327847261 2.77327847261 0.878079693719 
68.6191022926 40.3038827907 2.67646193504 72.8666992188 41.8281364441 12124672 0.139597569723 0.0 0.139597569723 0.78847441909 2.55768578605 -2.55768578605 0.78847441909 
65.8488552925 42.4291719782 3.88086152077 75.1891479492 41.4334907532 22282241 0.0663962738464 0.0 0.0663962738464 0.992060259097 3.75191985331 -3.75191985331 0.992060259097 
41.1019076959 74.0998402243 4.81283664703 356.950866699 41.3244857788 21168385 0.0431715614793 0.0 0.0431715614793 4.8060230541 -0.256005848566 0.256005848566 4.8060230541 
38.2282109761 56.4613308266 3.22004127502 355.6590271 40.0724830627 8781825 0.09644442381 0.0 0.09644442381 3.210803815 -0.243730741643 0.243730741643 3.210803815 
108.520795973 24.5072199556 1.44247090816 37.7365112305 39.7297782898 8388608 0.480602332159 0.0 0.480602332159 1.14075457967 0.882837080026 -0.882837080026 1.14075457967 
97.3230833501 108.29063803 3.06211304665 129.823898315 39.7260971069 21889536 0.106649189732 0.0 0.106649189732 -1.961069359 2.35175323527 -2.35175323527 -1.961069359 
143.666859642 92.3675345559 1.41017365456 283.407928467 39.6576690674 8388608 0.502868933644 0.0 0.502868933644 0.326994609247 -1.37173767956 1.37173767956 0.326994609247 
54.674680555 42.9601744622 2.9799759388 77.3533630371 39.5632591248 19923456 0.112609358661 0.0 0.112609358661 0.652428585211 2.90767837579 -2.90767837579 0.652428585211 
142.511736888 23.7234592043 1.35521435738 108.443206787 39.2792549133 8388608 0.544482608032 0.0 0.544482608032 -0.428741706044 1.2856074455 -1.2856074455 -0.428741706044 
103.271415822 112.166624043 3.35896134377 129.995346069 38.7100105286 11862017 0.0886318855008 0.0 0.0886318855008 -2.15888972127 2.5732890394 -2.5732890394 -2.15888972127 
116.654251976 38.1854822439 1.66250729561 263.437316895 38.5795211792 11141120 0.361803597132 0.0 0.361803597132 -0.190008191267 -1.65161357321 1.65161357321 -0.190008191267 
230.976926148 86.7985528911 1.360049963 328.635894775 38.4836006165 8388608 0.540617716832 0.0 0.540617716832 1.16131542702 -0.707871726238 0.707871726238 1.16131542702 
103.10344707 93.7272297703 3.37525177002 120.015945435 37.7017555237 12189697 0.0877783984324 0.0 0.0877783984324 -1.68843930649 2.92258399697 -2.92258399697 -1.68843930649 
141.222661833 15.1339262085 1.50887644291 283.008056641 35.9914474487 8388608 0.439230655537 0.0 0.439230655537 0.339630075953 -1.47015629491 1.47015629491 0.339630075953 
236.47064705 82.4350509973 1.37592792511 279.424133301 35.3229866028 8388608 0.528212446047 0.0 0.528212446047 0.225296498798 -1.35735741156 1.35735741156 0.225296498798 
104.377844392 74.1274745054 1.5488345623 288.611877441 35.2368049622 8388608 0.416859724587 0.0 0.416859724587 0.494319495496 -1.46783402936 1.46783402936 0.494319495496 
194.058862089 27.5918061022 1.30122578144 95.3862915039 34.9331703186 8388608 0.59060168419 0.0 0.59060168419 -0.122146212537 1.29548015695 -1.29548015695 -0.122146212537 
157.027330519 29.3720211273 1.65160417557 281.6121521 34.9203643799 10682368 0.366596281644 0.0 0.366596281644 0.33244426759 -1.61780009942 1.61780009942 0.33244426759 
197.058405239 105.332809631 4.66429138184 278.878356934 34.4123497009 18874625 0.0459651470029 0.0 0.0459651470029 0.719873581254 -4.60840494333 4.60840494333 0.719873581254 
155.005344949 54.3197622451 2.07036304474 328.386352539 34.3989448547 10289408 0.233295835234 0.0 0.233295835234 1.76312551695 -1.08526105085 1.08526105085 1.76312551695 
194.327723249 46.6357060189 1.97242677212 85.2546691895 34.3529167175 23461888 0.257038526363 0.0 0.257038526363 0.163172938521 1.96566578123 -1.96566578123 0.163172938521 
132.218684447 35.0302180645 1.30495214462 285.98526001 34.2202758789 8388608 0.58723350838 0.0 0.58723350838 0.359370837929 -1.2544930054 1.2544930054 0.359370837929 
75.9512841346 38.4392036479 1.92536902428 81.479675293 34.1780662537 21757952 0.269756575038 0.0 0.269756575038 0.285263133728 1.90411943538 -1.90411943538 0.285263133728 
68.9031232345 26.5595876244 2.74644565582 280.913543701 33.8153305054 14025216 0.132573884009 0.0 0.132573884009 0.519977841628 -2.69677340253 2.69677340253 0.519977841628 
120.56220889 56.6207416245 3.54853820801 175.705688477 33.7161178589 15859713 0.0794147235654 0.0 0.0794147235654 -3.53857594496 0.26571355906 -0.26571355906 -3.53857594496 
124.16004376 13.4030315642 1.43484032154 247.130905151 33.5557937622 8388608 0.485727681786 0.0 0.485727681786 -0.557617702894 -1.32205493295 1.32205493295 -0.557617702894 
242.485509656 45.0890641966 2.66244912148 98.5828552246 33.2344055176 11796992 0.141070876725 0.0 0.141070876725 -0.397342491618 2.63263257383 -2.63263257383 -0.397342491618 
189.847435203 15.4195472606 1.75418353081 258.310119629 32.6166229248 15007744 0.324974991738 0.0 0.324974991738 -0.35542274015 -1.71779932924 1.71779932924 -0.35542274015 
67.6729707097 85.2843924077 1.80589056015 132.697296143 32.3321495056 17104896 0.306631766041 0.0 0.306631766041 -1.22461951371 1.32723312266 -1.32723312266 -1.22461951371 
92.4372331034 24.7242117002 3.17366957664 271.132385254 32.281703949 24445440 0.0992833865967 0.0 0.0992833865967 0.0627198495445 -3.17304976359 3.17304976359 0.0627198495445 
56.7499143262 74.3036967641 1.67515265942 131.915435791 32.1546440125 11665408 0.356361860554 0.0 0.356361860554 -1.11905734492 1.24653403128 -1.24653403128 -1.11905734492 
25.268810712 42.6520025283 1.52396571636 266.973449707 32.0809364319 8388608 0.430575788766 0.0 0.430575788766 -0.0804634171677 -1.52184005176 1.52184005176 -0.0804634171677 
45.0702792486 124.000943282 5.5785112381 345.013214111 31.9782028198 15139329 0.0321338953779 0.0 0.0321338953779 5.3887609228 -1.44258218153 1.44258218153 5.3887609228 
128.617921916 91.560925918 4.44950485229 293.587646484 31.8805427551 15466753 0.0505099141746 0.0 0.0505099141746 1.78047580385 -4.07774439397 4.07774439397 1.78047580385 
80.7605999767 70.9781087275 3.37980890274 293.893188477 31.4636878967 12320769 0.0875418477024 0.0 0.0875418477024 1.36893378171 -3.09016642276 3.09016642276 1.36893378171 
147.921897397 51.785728371 1.29341578484 273.872253418 31.4302463531 8388608 0.597755645447 0.0 0.597755645447 0.0873471293003 -1.29046304537 1.29046304537 0.0873471293003 
113.460166722 52.5595520023 1.77135920525 19.4518737793 31.3539161682 15728640 0.318703419235 0.0 0.318703419235 1.6702527555 0.589889113949 -0.589889113949 1.6702527555 
50.8868246509 55.1223318095 1.50768744946 218.339752197 31.0123252869 8388608 0.439923701433 0.0 0.439923701433 -1.18254888381 -0.935253753079 0.935253753079 -1.18254888381 
82.3915957749 98.6044640588 1.90125155449 130.009017944 30.9291591644 20840448 0.276643732628 0.0 0.276643732628 -1.22233016069 1.45625082033 -1.45625082033 -1.22233016069 
231.978833259 58.9336354479 4.10783290863 82.3879699707 30.9286575317 9699585 0.0592617484099 0.0 0.0592617484099 0.544142059206 4.0716336555 -4.0716336555 0.544142059206 
151.052871626 104.026178189 6.7392411232 317.045135498 30.6961154938 12124162 0.0220180072034 0.0 0.0220180072034 4.9323880901 -4.59226726631 4.59226726631 4.9323880901 
215.956477271 13.3573103209 1.84131991863 270.161956787 30.3328857422 18546688 0.294945311945 0.0 0.294945311945 0.00520481374839 -1.84131256246 1.84131256246 0.00520481374839 
36.364840813 75.5777888546 1.66751778126 331.139251709 30.1854438782 11337728 0.35963259995 0.0 0.35963259995 1.46040440983 -0.804881674874 0.804881674874 1.46040440983 
200.559331301 133.531895949 1.33844029903 79.3380737305 30.1031303406 8388608 0.558215628529 0.0 0.558215628529 0.24762968018 1.31533340852 -1.31533340852 0.24762968018 
98.2056590739 30.7544393278 1.54356098175 301.049407959 29.1591720581 8388608 0.419712995284 0.0 0.419712995284 0.796133323086 -1.32240396107 1.32240396107 0.796133323086 
173.586820014 73.9743674445 1.70028376579 287.67855835 28.9980487823 12779520 0.345905273862 0.0 0.345905273862 0.516336269962 -1.61998819148 1.61998819148 0.516336269962 
138.306413521 87.4473885757 1.34902513027 307.773040771 28.7790966034 8388608 0.549490160413 0.0 0.549490160413 0.826325373003 -1.06632789518 1.06632789518 0.826325373003 
176.981219332 74.9161326429 2.12367153168 286.94152832 28.2911128998 12124416 0.22173043523 0.0 0.22173043523 0.618828585475 -2.03150977262 2.03150977262 0.618828585475 
208.269584825 135.775818392 3.7364988327 76.3199768066 27.9701957703 19595265 0.0716259339946 0.0 0.0716259339946 0.883679695943 3.63050047814 -3.63050047814 0.883679695943 
24.3797986471 58.1640733805 2.65893769264 54.3079223633 27.8462486267 11665920 0.141443722944 0.0 0.141443722944 1.55130114082 2.15949402033 -2.15949402033 1.55130114082 
136.442356973 113.713754212 2.79469585419 127.95753479 26.8859767914 15270400 0.128035646478 0.0 0.128035646478 -1.71895388535 2.20352500722 -2.20352500722 -1.71895388535 
144.401532702 36.8006813524 1.61766350269 297.256958008 26.6576442719 9175040 0.382140991135 0.0 0.382140991135 0.740860562645 -1.43804062344 1.43804062344 0.740860562645 
217.681359283 77.7506845285 1.32273542881 141.351852417 26.43567276 8388608 0.571549735194 0.0 0.571549735194 -1.03305098557 0.826096045168 -0.826096045168 -1.03305098557 
110.961438956 38.0559208251 1.49135351181 272.735900879 26.1210746765 8388608 0.449612935537 0.0 0.449612935537 0.0711857844911 -1.48965361117 1.48965361117 0.0711857844911 
134.769718335 164.386875793 1.27320635319 134.840560913 25.4718170166 8388608 0.616882437148 0.0 0.616882437148 -0.897784085424 0.902794635427 -0.902794635427 -0.897784085424 
81.6607818949 24.9238844053 1.72643911839 82.674621582 25.3393554688 13828096 0.335503816056 0.0 0.335503816056 0.22012779464 1.71234803224 -1.71234803224 0.22012779464 
225.542013743 80.0797067896 1.67461013794 301.785644531 25.111541748 11665408 0.356592798222 0.0 0.356592798222 0.882088896901 -1.42345997206 1.42345997206 0.882088896901 
78.5177248183 25.9169936003 3.03304338455 273.748046875 25.1032333374 21168640 0.108703306629 0.0 0.108703306629 0.198267357911 -3.02655616623 3.02655616623 0.198267357911 
131.853496381 95.3000190023 1.78775644302 129.534317017 25.050403595 16384000 0.312883957546 0.0 0.312883957546 -1.1379789632 1.37879548117 -1.37879548117 -1.1379789632 
204.630746189 130.943418447 1.34217989445 285.251342773 24.816488266 8388608 0.555109349699 0.0 0.555109349699 0.353065555026 -1.29490987444 1.29490987444 0.353065555026 
249.159128333 101.332980606 2.74667572975 109.279037476 24.5224018097 14025216 0.132551674968 0.0 0.132551674968 -0.90686736249 2.59264713204 -2.59264713204 -0.90686736249 
33.0775721364 57.3988723292 1.55928719044 111.673049927 24.4502868652 8388608 0.411289647086 0.0 0.411289647086 -0.575859857401 1.44905554307 -1.44905554307 -0.575859857401 
193.866895315 36.6585470742 2.00669193268 272.188842773 24.4094257355 24707072 0.248335376145 0.0 0.248335376145 0.0766420295765 -2.00522779553 2.00522779553 0.0766420295765 
36.5373179697 128.700797529 1.79787051678 164.889144897 24.2534542084 16777216 0.309373548734 0.0 0.309373548734 -1.7357060137 0.468682226126 -0.468682226126 -1.7357060137 
187.328296984 28.1360693555 1.26332557201 269.710906982 24.1539230347 8388608 0.626569752679 0.0 0.626569752679 -0.00637424004456 -1.26330949097 1.26330949097 -0.00637424004456 
152.127982792 118.824930238 2.87079143524 130.846588135 23.9491844177 17236480 0.121337967589 0.0 0.121337967589 -1.87760069729 2.17164893254 -2.17164893254 -1.87760069729 
210.859048345 44.3529044637 4.86565208435 265.024230957 23.8075637817 21954817 0.0422394151742 0.0 0.0422394151742 -0.422019580965 -4.84731571895 4.84731571895 -0.422019580965 
40.6241022291 96.9893387303 2.32768058777 347.498443604 23.5333805084 18743552 0.184566650433 0.0 0.184566650433 2.27249157744 -0.503864018487 0.503864018487 2.27249157744 
132.119324004 85.66827969 1.30094230175 296.970184326 23.5115795135 8388608 0.590859100408 0.0 0.590859100408 0.590012166342 -1.15945526695 1.15945526695 0.590012166342 
233.969946025 22.3883571398 1.65446460247 89.0447692871 23.4385967255 10747904 0.365329750614 0.0 0.365329750614 0.0275818254595 1.65423467614 -1.65423467614 0.0275818254595 
17.6789301234 48.9078131768 1.63861167431 74.9981994629 23.0501060486 10092544 0.372432790166 0.0 0.372432790166 0.424153647883 1.5827640071 -1.5827640071 0.424153647883 
193.75490844 43.4286075551 3.92407345772 264.534820557 22.9633026123 23134209 0.0649420124587 0.0 0.0649420124587 -0.373731892942 -3.90623565262 3.90623565262 -0.373731892942 
49.9388392734 39.2455724672 1.5094627142 267.410583496 21.79322052 8388608 0.43888952977 0.0 0.43888952977 -0.0681952018454 -1.50792145021 1.50792145021 -0.0681952018454 
149.199840595 99.956888203 1.32795906067 328.592346191 21.005109787 8388608 0.56706210675 0.0 0.56706210675 1.13338808073 -0.692030870168 0.692030870168 1.13338808073 
54.9883203474 38.527382659 1.26884567738 270.830810547 20.8489894867 8388608 0.621129835881 0.0 0.621129835881 0.0183980991034 -1.26871228533 1.26871228533 0.0183980991034 
212.697270865 47.5152820542 3.04403495789 47.5931091309 20.5882263184 21430784 0.107919699856 0.0 0.107919699856 2.05287037444 2.24763699262 -2.24763699262 2.05287037444 
125.380973062 83.3964163341 1.5304671526 290.076782227 20.5225982666 8388608 0.426925380228 0.0 0.426925380228 0.52537741797 -1.43746592094 1.43746592094 0.52537741797 
153.145303312 81.9617487524 3.04293990135 124.336685181 20.4431324005 21430784 0.107997387514 0.0 0.107997387514 -1.71638505613 2.51266901568 -2.51266901568 -1.71638505613 
186.771709729 56.653549286 1.31963634491 111.424835205 20.2386035919 8388608 0.574237385411 0.0 0.574237385411 -0.482037188819 1.2284462672 -1.2284462672 -0.482037188819 
253.426700233 21.406854243 1.82915091515 264.077331543 19.5285644531 18022400 0.298882799673 0.0 0.298882799673 -0.18874289834 -1.81938703653 1.81938703653 -0.18874289834 
126.92140742 93.285858658 1.55564248562 126.771072388 19.2702941895 8388608 0.413219120478 0.0 0.413219120478 -0.931237533756 1.24612206416 -1.24612206416 -0.931237533756 
148.238815212 114.569341253 1.69860589504 137.766952515 19.0078601837 12713984 0.346588976883 0.0 0.346588976883 -1.2576767372 1.14171415485 -1.14171415485 -1.2576767372 
147.525736156 151.827699981 1.31780195236 130.018600464 18.4482269287 8388608 0.575837185644 0.0 0.575837185644 -0.8473944441 1.00921981835 -1.00921981835 -0.8473944441 
138.96573618 145.073247563 1.24369370937 129.956817627 18.1536388397 8388608 0.646506840929 0.0 0.646506840929 -0.798712635288 0.953326895124 -0.953326895124 -0.798712635288 
37.7670817901 41.1119024703 1.92787110806 267.987060547 17.8098564148 21823488 0.269056823323 0.0 0.269056823323 -0.0677168472516 -1.92668145729 1.92668145729 -0.0677168472516 
243.599693689 87.9021351368 3.07563209534 280.846313477 17.5761184692 22217216 0.105713689768 0.0 0.105713689768 0.578757864039 -3.02068735898 3.02068735898 0.578757864039 
50.3967241782 65.2746222663 1.33715522289 149.982543945 17.4452533722 8388608 0.559289092969 0.0 0.559289092969 -1.15780664547 0.668930386376 -0.668930386376 -1.15780664547 
137.803964897 74.7133165647 1.31850171089 128.012390137 17.4006900787 8388608 0.575226128332 0.0 0.575226128332 -0.811975370544 1.03881796252 -1.03881796252 -0.811975370544 
42.6808065408 39.601301642 1.44534444809 267.613861084 17.3824119568 8388608 0.478693227164 0.0 0.478693227164 -0.060175388597 -1.44409123542 1.44409123542 -0.060175388597 
183.765816449 44.8834742296 1.81389129162 73.1865844727 17.3808269501 17432576 0.303932742172 0.0 0.303932742172 0.524678831905 1.73635069648 -1.73635069648 0.524678831905 
209.200081438 18.9140450237 1.30620098114 136.61618042 17.1793289185 8388608 0.58611115725 0.0 0.58611115725 -0.94930595845 0.897206330998 -0.897206330998 -0.94930595845 
66.9610668007 69.4718654179 6.19088840485 139.05317688 16.5433425903 22675969 0.0260911996941 0.0 0.0260911996941 -4.67609038366 4.05725004962 -4.05725004962 -4.67609038366 
253.748052736 112.007931526 1.43110752106 282.706726074 15.7867870331 8388608 0.488264862414 0.0 0.488264862414 0.314787444917 -1.39605787894 1.39605787894 0.314787444917 
206.758007836 26.2541644087 1.66196596622 262.761230469 15.0918731689 11075584 0.362039326165 0.0 0.362039326165 -0.209415232399 -1.64871954356 1.64871954356 -0.209415232399 
275.97461094 30.7602469622 1.51760435104 273.606018066 14.8601341248 8388608 0.434193056397 0.0 0.434193056397 0.0954502522576 -1.51459968825 1.51459968825 0.0954502522576 
157.25791734 99.255858052 1.38525378704 329.095336914 14.7948322296 8388608 0.521124279594 0.0 0.521124279594 1.18857975932 -0.711481700565 0.711481700565 1.18857975932 
28.3196609444 21.0521608314 1.27641844749 276.651397705 14.4815416336 8388608 0.613781586678 0.0 0.613781586678 0.147845274563 -1.26782720743 1.26782720743 0.147845274563 
25.6035319668 50.5826438125 1.29237353802 91.1423339844 14.4083719254 8388608 0.59872016556 0.0 0.59872016556 -0.0257649764131 1.29211668504 -1.29211668504 -0.0257649764131 
91.6820846888 130.712806596 1.77326929569 143.652618408 13.1810932159 15794176 0.318017201415 0.0 0.318017201415 -1.42825924224 1.05098027194 -1.05098027194 -1.42825924224 
165.962147621 82.5498300563 2.00424408913 107.067855835 12.8490810394 24641536 0.248942345493 0.0 0.248942345493 -0.588253774466 1.91597282487 -1.91597282487 -0.588253774466 
87.2802182207 124.476896148 1.47439360619 146.369262695 12.6201953888 8388608 0.460016195909 0.0 0.460016195909 -1.2276158624 0.816575655002 -0.816575655002 -1.2276158624 
162.77751963 84.7320378049 1.3124628067 101.608276367 11.4645805359 8388608 0.580531767676 0.0 0.580531767676 -0.264093002837 1.28561794668 -1.28561794668 -0.264093002837 
199.306379657 55.4241008798 1.31878232956 256.410247803 11.3541212082 8388608 0.574981354024 0.0 0.574981354024 -0.309871997788 -1.28186043614 1.28186043614 -0.309871997788 
14.574693698 56.9918636627 1.58467829227 79.9391784668 11.2563934326 8388608 0.398215153488 0.0 0.398215153488 0.276832979068 1.56031047927 -1.56031047927 0.276832979068 
155.010850014 61.1087407723 1.46003460884 331.469268799 11.1270942688 8388608 0.469108928652 0.0 0.469108928652 1.28272954932 -0.697356409813 0.697356409813 1.28272954932 
17.0042487346 72.4548787247 1.75125658512 104.164733887 10.9699287415 14876672 0.326062187109 0.0 0.326062187109 -0.428551113347 1.69801165196 -1.69801165196 -0.428551113347 
147.981279564 62.4926742433 1.33043920994 89.3020324707 10.8406143188 8388608 0.564949890296 0.0 0.564949890296 0.0162067853742 1.33034049455 -1.33034049455 0.0162067853742 
15.1502062363 64.2223165689 1.43429219723 3.68054199219 10.5200815201 8388608 0.486099000859 0.0 0.486099000859 1.43133393558 0.09207210149 -0.09207210149 1.43133393558 
163.599411477 118.652187581 1.94632172585 330.858886719 10.1327342987 22544384 0.263979826458 0.0 0.263979826458 1.69996220409 -0.947785189356 0.947785189356 1.69996220409 
107.199558178 143.519318099 1.26003754139 138.085494995 10.1206264496 8388608 0.629844049607 0.0 0.629844049607 -0.937647427967 0.841731493137 -0.841731493137 -0.937647427967 
162.464544905 108.264976288 2.0334982872 311.225463867 9.91268730164 8978688 0.241831226292 0.0 0.241831226292 1.34012374728 -1.52943899062 1.52943899062 1.34012374728 
71.7906965093 66.3429633683 1.89062416553 119.773773193 9.54117679596 20447232 0.279762558275 0.0 0.279762558275 -0.938839898541 1.64104825652 -1.64104825652 -0.938839898541 
29.2062185648 82.9118175239 1.46455562115 184.24156189 9.32217979431 8388608 0.466217165809 0.0 0.466217165809 -1.46054433284 -0.1083209086 0.1083209086 -1.46054433284 
218.243642287 52.9429342962 1.56552410126 290.730773926 8.87857246399 8388608 0.408019091075 0.0 0.408019091075 0.554159878096 -1.46416274407 1.46416274407 0.554159878096 
110.341106959 149.976967135 1.75689983368 139.161697388 8.53786754608 15138816 0.323970895657 0.0 0.323970895657 -1.3291967482 1.14888338405 -1.14888338405 -1.3291967482 
82.8059261086 119.533980269 1.35436809063 148.615997314 8.2211151123 8388608 0.545163252364 0.0 0.545163252364 -1.15621893696 0.705316024728 -0.705316024728 -1.15621893696 
60.6179764901 55.9153311929 1.28202521801 151.631896973 8.07375907898 8388608 0.60842473824 0.0 0.60842473824 -1.12807093765 0.609134319542 -0.609134319542 -1.12807093765 
120.211983137 159.992552008 1.73519647121 141.443237305 7.68463611603 14221312 0.332125857263 0.0 0.332125857263 -1.3569081108 1.08153001464 -1.08153001464 -1.3569081108 
83.4467720356 9.96749668929 1.39197826385 268.969146729 7.59140777588 8388608 0.516101465902 0.0 0.516101465902 -0.0250428206987 -1.39175297527 1.39175297527 -0.0250428206987 
145.398296823 81.3944182416 1.27998459339 131.052856445 7.28751468658 8388608 0.610366255652 0.0 0.610366255652 -0.84063626071 0.965241543086 -0.965241543086 -0.84063626071 
69.3866576223 126.783439941 4.04413795471 323.220031738 7.22577238083 8585473 0.0611431875868 0.0 0.0611431875868 3.2391148967 -2.42140175987 2.42140175987 3.2391148967 
77.1546810587 138.702802947 4.42403650284 319.390441895 6.76290035248 15073537 0.0510931403475 0.0 0.0510931403475 3.35856364835 -2.87960920932 2.87960920932 3.35856364835 
53.2974774736 143.634082652 2.15884661674 330.578186035 6.75209617615 13304064 0.214563786748 0.0 0.214563786748 1.88041336476 -1.06050190582 1.06050190582 1.88041336476 
100.196280455 11.5766430728 1.46075224876 283.999023438 6.51956176758 8388608 0.468648113205 0.0 0.468648113205 0.353363795132 -1.41736768714 1.41736768714 0.353363795132 
166.900802626 127.688043625 1.31733357906 292.480010986 6.47305297852 8388608 0.57624673219 0.0 0.57624673219 0.503697105081 -1.21723333214 1.21723333214 0.503697105081 
246.549479918 124.679470971 1.26852095127 275.951934814 6.30097103119 8388608 0.621447880117 0.0 0.621447880117 0.131538171862 -1.26168265152 1.26168265152 0.131538171862 
75.4918941386 117.582973678 2.0234401226 321.516723633 6.09526252747 8651008 0.244241402618 0.0 0.244241402618 1.58392833869 -1.25915882543 1.25915882543 1.58392833869 
276.008781605 59.0162808364 1.50567734241 293.084289551 5.52997493744 8388608 0.441099098019 0.0 0.441099098019 0.590353331657 -1.38511631398 1.38511631398 0.590353331657 
73.4877047037 58.084601337 1.31485486031 299.481933594 5.51765775681 8388608 0.578421420772 0.0 0.578421420772 0.647104631624 -1.14459551781 1.14459551781 0.647104631624 
257.318272579 127.983290145 2.0432934761 285.238586426 5.36014318466 9306368 0.239518191176 0.0 0.239518191176 0.537057253427 -1.97145066792 1.97145066792 0.537057253427 
69.1918048873 135.728850311 1.47476935387 331.355804443 5.11614608765 8388608 0.459781816209 0.0 0.459781816209 1.29427745229 -0.706958643494 0.706958643494 1.29427745229 
186.0394803 71.1930776346 1.32757902145 285.740112305 4.884557724 8388608 0.567386813122 0.0 0.567386813122 0.360138139028 -1.27779755009 1.27779755009 0.360138139028 
58.163571407 112.196774559 2.53815245628 327.064239502 4.83476257324 25035008 0.155226044332 0.0 0.155226044332 2.13022233207 -1.37998938666 1.37998938666 2.13022233207 
49.9116155807 121.456534539 1.71864557266 342.506164551 4.70035743713 13500416 0.338553534929 0.0 0.338553534929 1.6391570096 -0.51663033428 0.51663033428 1.6391570096 
79.1099004621 160.05757813 1.66374695301 320.499176025 3.97088623047 11206656 0.361264638472 0.0 0.361264638472 1.28377283025 -1.058291663 1.058291663 1.28377283025 
104.961920268 155.510154476 1.3042178154 302.112915039 3.81723165512 8388608 0.587894968635 0.0 0.587894968635 0.693308516895 -1.10467525111 1.10467525111 0.693308516895 
22.7398753164 156.323345126 1.24054408073 325.242156982 3.6378698349 8388608 0.649793852537 0.0 0.649793852537 1.0191924425 -0.707245630168 0.707245630168 1.0191924425 
59.887855049 15.0791649214 1.36625492573 279.761108398 3.52333259583 8388608 0.535718345098 0.0 0.535718345098 0.231635650388 -1.34647593649 1.34647593649 0.231635650388 
60.1009157302 135.281199968 1.50849306583 321.095428467 3.43203306198 8388608 0.439453941101 0.0 0.439453941101 1.17389880765 -0.947371584477 0.947371584477 1.17389880765 
51.8756472175 17.4184642281 1.2737622261 279.099487305 3.04674243927 8388608 0.616344136655 0.0 0.616344136655 0.201444517364 -1.25773221119 1.25773221119 0.201444517364 
52.0273813992 96.5444437035 2.26268553734 318.635223389 2.97690677643 16711936 0.195322195882 0.0 0.195322195882 1.69818504447 -1.49529709276 1.49529709276 1.69818504447 
74.6092408733 146.272312147 1.3021402359 318.843505859 2.75861978531 8388608 0.589772451379 0.0 0.589772451379 0.980400718234 -0.85696185775 0.85696185775 0.980400718234 
35.0400343287 14.9238719208 1.49007415771 282.155212402 2.67892360687 8388608 0.450385328082 0.0 0.450385328082 0.313751049831 -1.45666786682 1.45666786682 0.313751049831 
17.0334754314 131.746469824 1.69563221931 310.309051514 2.2976360321 12582912 0.347805687617 0.0 0.347805687617 1.09692187444 -1.29303171831 1.29303171831 1.09692187444 
76.9538822474 16.7530769837 1.26813340187 275.984802246 1.8355922699 8388608 0.621827774778 0.0 0.621827774778 0.13222150029 -1.26122155064 1.26122155064 0.13222150029 
152.414868329 139.727654838 1.71352934837 108.687530518 1.74077796936 13303808 0.340578246883 0.0 0.340578246883 -0.549026520818 1.62319213502 -1.62319213502 -0.549026520818 
89.7181722331 151.979950394 1.45546090603 319.996734619 1.53291273117 8388608 0.472061857136 0.0 0.472061857136 1.11489441877 -0.935615777967 0.935615777967 1.11489441877 
204.151600559 160.232474485 1.64348065853 268.32333374 1.13420391083 10289152 0.370229316434 0.0 0.370229316434 -0.0480868804556 -1.64277701679 1.64277701679 -0.0480868804556 
247.354089942 152.344923096 2.52070474625 270.99822998 1.12585449219 24510720 0.157382355777 0.0 0.157382355777 0.0439145042826 -2.52032218854 2.52032218854 0.0439145042826 
172.955447112 158.871252886 1.53046822548 269.505004883 1.04259681702 8388608 0.426924781664 0.0 0.426924781664 -0.013222001362 -1.53041111074 1.53041111074 -0.013222001362 
269.158545358 147.979230063 1.90337955952 266.910766602 1.02046012878 20905984 0.276025495279 0.0 0.276025495279 -0.10257535972 -1.90061359649 1.90061359649 -0.10257535972 
254.593846899 152.423357066 2.03768730164 297.734130859 0.943143844604 9109760 0.240837950028 0.0 0.240837950028 0.948277293611 -1.80359078332 1.80359078332 0.948277293611 
255.120972134 136.441141769 1.82630872726 299.939208984 0.870080947876 17956864 0.299813794591 0.0 0.299813794591 0.911475735454 -1.5825977224 1.5825977224 0.911475735454 
247.671394499 136.821263567 1.56322014332 277.755737305 0.835279464722 8388608 0.409222698363 0.0 0.409222698363 0.210956792531 -1.54892041376 1.54892041376 0.210956792531 
251.930258771 143.466647811 1.38276207447 289.438720703 0.791970252991 8388608 0.523004085053 0.0 0.523004085053 0.460181129585 -1.30394182484 1.30394182484 0.460181129585 
60.3305046552 103.004473989 1.73814105988 326.927185059 0.782064437866 14352384 0.331001500141 0.0 0.331001500141 1.4565235009 -0.94851127318 0.94851127318 1.4565235009 
195.578270869 160.861627582 1.5621317625 257.981323242 0.774919509888 8388608 0.409793130771 0.0 0.409793130771 -0.325283520832 -1.52788948373 1.52788948373 -0.325283520832 
187.336191164 150.981626643 1.49277770519 63.3007202148 0.761054992676 8388608 0.448755433034 0.0 0.448755433034 0.670716620026 1.33361332205 -1.33361332205 0.670716620026 
66.7977169759 119.526060498 1.51546776295 328.675323486 0.723754882812 8388608 0.435418216963 0.0 0.435418216963 1.2945656061 -0.787872091158 0.787872091158 1.2945656061 
232.164925483 153.137287567 2.48915863037 272.112487793 0.683472633362 23593216 0.161396774501 0.0 0.161396774501 0.0917541570942 -2.48746695693 2.48746695693 0.0917541570942 
164.274222446 149.623497688 1.69892847538 269.25592041 0.673225402832 12713984 0.346457373726 0.0 0.346457373726 -0.0220627501847 -1.69878521288 1.69878521288 -0.0220627501847 
227.359187202 156.295453851 1.31436789036 271.316986084 0.447400093079 8388608 0.57885010749 0.0 0.57885010749 0.030209062724 -1.31402068619 1.31402068619 0.030209062724 
246.802503382 158.322675156 1.29812276363 241.691741943 0.42057800293 8388608 0.593428593884 0.0 0.593428593884 -0.615589425993 -1.14287898225 1.14287898225 -0.615589425993 
212.145320664 155.413818032 1.53561472893 285.737304688 0.328061103821 8388608 0.424067960887 0.0 0.424067960887 0.416500463522 -1.47805275941 1.47805275941 0.416500463522 
179.366647352 149.369167193 1.47331953049 93.4395751953 -0.0373497009277 8388608 0.460687160092 0.0 0.460687160092 -0.0883930738372 1.47066553078 -1.47066553078 -0.0883930738372 
231.223459775 144.852076746 1.39774370193 295.629455566 -0.0739307403564 8388608 0.511852597905 0.0 0.511852597905 0.604593088831 -1.26022008127 1.26022008127 0.604593088831 
271.095127444 140.3315964 1.31565833092 269.866851807 -0.0921382904053 8388608 0.57771515427 0.0 0.57771515427 -0.00305742191934 -1.31565477838 1.31565477838 -0.00305742191934 
202.756824889 151.422840923 1.50591135025 280.701416016 -0.0975770950317 8388608 0.440962021391 0.0 0.440962021391 0.279634033578 -1.47972085275 1.47972085275 0.279634033578 
47.7556013168 86.4722802842 1.3132597208 341.461273193 -1.31886768341 8388608 0.579827423248 0.0 0.579827423248 1.24511332008 -0.417545104693 0.417545104693 1.24511332008 
