13
62
54.9742932827 85.5730081488 2.21879053116 276.526062012 173.163757324 15270144 0.203126877416 0.0 0.203126877416 0.252176961759 -2.20441334625 2.20441334625 0.252176961759 
46.2361859619 86.0353483099 1.72282850742 92.8103942871 144.273193359 13697024 0.336911551204 0.0 0.336911551204 -0.0844719475911 1.72075639068 -1.72075639068 -0.0844719475911 
67.8931490102 86.4384960059 2.03057003021 91.2779846191 143.726715088 8913152 0.242529212148 0.0 0.242529212148 -0.0452881890406 2.03006493185 -2.03006493185 -0.0452881890406 
35.0576795744 84.5105282966 2.27412843704 279.817016602 140.134902954 17105152 0.193361507011 0.0 0.193361507011 0.387743796051 -2.24082906461 2.24082906461 0.387743796051 
135.622398376 37.4067087376 1.99920129776 75.8285827637 130.609649658 24444928 0.250199795235 0.0 0.250199795235 0.489451928003 1.93836081242 -1.93836081242 0.489451928003 
97.5278647451 86.9457872111 1.8483453989 269.594268799 124.057304382 18808832 0.292707424558 0.0 0.292707424558 -0.0130886626844 -1.84829905604 1.84829905604 -0.0130886626844 
98.0224461111 83.7554803491 3.25159811974 273.307006836 123.566131592 9502721 0.0945815163662 0.0 0.0945815163662 0.187572066655 -3.2461834594 3.2461834594 0.187572066655 
122.15043398 91.3484090877 1.67119419575 68.632019043 122.420806885 11534336 0.358052048492 0.0 0.358052048492 0.608910331408 1.55631560045 -1.55631560045 0.608910331408 
89.2290314454 42.6093638696 2.58442568779 90.3014831543 117.543197632 9634304 0.149717270858 0.0 0.149717270858 -0.0135988587562 2.58438990997 -2.58438990997 -0.0135988587562 
121.243228129 41.9459921096 2.59586000443 81.4933166504 116.128303528 9961984 0.148401218118 0.0 0.148401218118 0.383992007914 2.5673019496 -2.5673019496 0.383992007914 
128.393669429 29.1668047119 1.39145481586 21.6765136719 115.18321991 8388608 0.51648984084 0.0 0.51648984084 1.29305677746 0.513955907495 -0.513955907495 1.29305677746 
114.711991375 89.523491861 1.30971860886 36.8715820312 113.664588928 8388608 0.582967043447 0.0 0.582967043447 1.04775178471 0.785861967535 -0.785861967535 1.04775178471 
28.5014131903 63.0314613622 2.94981431961 97.6996459961 110.035270691 19202560 0.114923975512 0.0 0.114923975512 -0.395216307178 2.92321887493 -2.92321887493 -0.395216307178 
101.598482315 42.708536138 2.52976226807 90.1053771973 108.466064453 24772864 0.156257394565 0.0 0.156257394565 -0.00465268313888 2.52975798951 -2.52975798951 -0.00465268313888 
42.6268658638 67.5567087924 2.14818739891 100.358886719 108.373214722 12976384 0.216698382964 0.0 0.216698382964 -0.386272719357 2.11317355821 -2.11317355821 -0.386272719357 
38.1348680233 65.818506298 1.67171728611 109.741394043 107.226753235 11534336 0.357828010284 0.0 0.357828010284 -0.564664887076 1.57346504568 -1.57346504568 -0.564664887076 
132.838390201 46.6442509205 2.10356545448 81.2625427246 103.019920349 11403520 0.225989332758 0.0 0.225989332758 0.319546356427 2.07915313226 -2.07915313226 0.319546356427 
66.1735916027 68.2828584359 4.46124887466 76.8011779785 101.495384216 15663361 0.0502443343752 0.0 0.0502443343752 1.01864076397 4.34339872861 -4.34339872861 1.01864076397 
119.295006237 75.1924111212 1.60671877861 32.6181335449 100.277053833 8650752 0.387364895648 0.0 0.387364895648 1.35331004795 0.86608149019 -0.86608149019 1.35331004795 
131.322456409 83.5867573812 1.45405030251 356.864440918 92.679977417 8388608 0.472978214865 0.0 0.472978214865 1.45187346628 -0.0795343957931 0.0795343957931 1.45187346628 
155.689912837 42.9756938346 1.98734080791 79.8414916992 91.9629211426 24051712 0.25319510147 0.0 0.25319510147 0.350511217727 1.95618643617 -1.95618643617 0.350511217727 
24.6530991888 63.8143625786 1.45994484425 92.3760681152 91.1519699097 8388608 0.469166616677 0.0 0.469166616677 -0.0605268697157 1.4586896333 -1.4586896333 -0.0605268697157 
67.9679314567 41.9773600938 3.12589788437 82.041809082 89.2260284424 23396864 0.102341181601 0.0 0.102341181601 0.432781997762 3.0957934889 -3.0957934889 0.432781997762 
90.1045275191 65.0703156451 4.17309188843 269.119720459 88.8448944092 10879233 0.0574227655315 0.0 0.0574227655315 -0.06411192808 -4.17259937808 4.17259937808 -0.06411192808 
71.5248689002 42.8066539082 4.63239955902 93.4298706055 85.9920501709 18415873 0.0466002210515 0.0 0.0466002210515 -0.277141587548 4.62410188197 -4.62410188197 -0.277141587548 
147.998103286 43.8607939562 1.39837050438 81.8381958008 83.9881362915 8388608 0.511393837434 0.0 0.511393837434 0.19852536726 1.38420654025 -1.38420654025 0.19852536726 
114.485036666 81.4606669557 1.30212581158 143.090438843 81.6505203247 8388608 0.589785517883 0.0 0.589785517883 -1.04115955482 0.781996426197 -0.781996426197 -1.04115955482 
144.577147666 30.6606612066 2.26623177528 274.326690674 81.6171722412 16843008 0.194711387184 0.0 0.194711387184 0.170971884793 -2.25977323507 2.25977323507 0.170971884793 
120.641754932 29.3244148403 1.79431295395 271.510742188 81.0202484131 16646144 0.310601547365 0.0 0.310601547365 0.0473059308658 -1.79368925001 1.79368925001 0.0473059308658 
119.857337437 64.6147643807 1.30756938457 121.27180481 80.8829269409 8388608 0.584885039761 0.0 0.584885039761 -0.678757398672 1.11759835774 -1.11759835774 -0.678757398672 
57.4519045973 43.6160658712 1.49978291988 96.2647705078 77.5391082764 8388608 0.444573112444 0.0 0.444573112444 -0.163661011015 1.49082657618 -1.49082657618 -0.163661011015 
90.8224801705 65.4361795377 1.6519600153 70.1926574707 76.3369522095 10682368 0.366438365628 0.0 0.366438365628 0.559780680566 1.55422568561 -1.55422568561 0.559780680566 
92.7574713847 31.8103264574 2.29520988464 266.261413574 72.7081298828 17760512 0.189825778135 0.0 0.189825778135 -0.149657668633 -2.29032552201 2.29032552201 -0.149657668633 
92.2516195511 37.5237296221 1.29442381859 19.9573059082 69.0928649902 8388608 0.596825002428 0.0 0.596825002428 1.21669006595 0.441812523089 -0.441812523089 1.21669006595 
170.892915207 71.847813052 1.66476380825 191.501373291 67.3969268799 11206656 0.360823444776 0.0 0.360823444776 -1.63133522745 -0.331939622415 0.331939622415 -1.63133522745 
154.166400585 71.1714427928 4.15309906006 257.634979248 60.4482688904 10486017 0.057976957374 0.0 0.057976957374 -0.889340586704 -4.05676042225 4.05676042225 -0.889340586704 
107.836419758 57.5474683256 1.34616601467 29.8006896973 58.1194229126 8388608 0.551826758206 0.0 0.551826758206 1.16814830875 0.669023518132 -0.669023518132 1.16814830875 
89.3766707592 82.264147017 1.24892997742 268.87286377 57.3727798462 8388608 0.641097111645 0.0 0.641097111645 -0.0245676635126 -1.24868831916 1.24868831916 -0.0245676635126 
177.01200682 78.9389582689 1.69786345959 26.1404724121 52.8134613037 12648448 0.346892153447 0.0 0.346892153447 1.52420019336 0.7480334872 -0.7480334872 1.52420019336 
158.791121632 34.8210700066 1.29486644268 322.14654541 52.4530563354 8388608 0.59641704688 0.0 0.59641704688 1.02240433835 -0.794586982841 0.794586982841 1.02240433835 
166.245182077 41.5583045019 1.20509922504 63.1963500977 51.9111099243 8388608 0.688579970365 0.0 0.688579970365 0.543420695989 1.07561986286 -1.07561986286 0.543420695989 
145.22806056 37.9110200709 1.54854893684 136.347503662 49.7654762268 8388608 0.417013515956 0.0 0.417013515956 -1.12043664052 1.06893664189 -1.06893664189 -1.12043664052 
106.723189365 87.1819728552 1.60910558701 267.313049316 46.9589729309 8781824 0.386216580606 0.0 0.386216580606 -0.0754331784083 -1.60733650047 1.60733650047 -0.0754331784083 
93.2926280138 59.5069589476 1.22913575172 10.3687133789 42.0121841431 8388608 0.661912065735 0.0 0.661912065735 1.20906383888 0.221222353502 -0.221222353502 1.20906383888 
51.778547633 94.8034560276 1.52790284157 277.091003418 40.9757232666 8388608 0.428359618214 0.0 0.428359618214 0.188612973591 -1.51621642237 1.51621642237 0.188612973591 
21.4580199063 73.1683189741 1.38531219959 276.070861816 40.5448799133 8388608 0.521080333461 0.0 0.521080333461 0.146508373821 -1.37754317055 1.37754317055 0.146508373821 
41.774056077 58.0490554241 1.96518421173 281.985931396 37.9740867615 23199744 0.258936615583 0.0 0.258936615583 0.408112766416 -1.92234048907 1.92234048907 0.408112766416 
140.591384994 18.769417653 2.27840280533 269.381866455 32.989944458 17236224 0.192636680812 0.0 0.192636680812 -0.0245799934119 -2.27827021384 2.27827021384 -0.0245799934119 
170.479429781 50.3876094228 2.24061560631 258.057037354 31.9805641174 15991040 0.199188970427 0.0 0.199188970427 -0.463668181129 -2.19211544245 2.19211544245 -0.463668181129 
84.4937507142 73.8158047656 2.34506297112 268.667114258 28.7824497223 19267840 0.181840652744 0.0 0.181840652744 -0.0545488534384 -2.34442845083 2.34442845083 -0.0545488534384 
120.805795652 53.0047575057 2.37279248238 261.840270996 28.4203453064 20119808 0.177615345326 0.0 0.177615345326 -0.336778084417 -2.34877088842 2.34877088842 -0.336778084417 
51.1515167784 76.7555533847 1.68872916698 270.666687012 25.7951335907 12255232 0.350654963932 0.0 0.350654963932 0.0196494123316 -1.68861484656 1.68861484656 0.0196494123316 
24.4327354812 49.9556453203 2.06489872932 248.810424805 22.0666122437 10092800 0.234532204608 0.0 0.234532204608 -0.746367826541 -1.92529006383 1.92529006383 -0.746367826541 
23.6153821254 47.526379019 2.60432982445 249.532852173 20.6057701111 10158592 0.147437524736 0.0 0.147437524736 -0.91065667629 -2.43992587027 2.43992587027 -0.91065667629 
53.2874655889 52.3789845691 1.79662156105 271.327148438 10.5738544464 16711680 0.309803832082 0.0 0.309803832082 0.0416116214509 -1.79613961222 1.79613961222 0.0416116214509 
151.542396518 59.2376607396 1.54386329651 250.832717896 9.64803123474 8388608 0.419548637456 0.0 0.419548637456 -0.506892500423 -1.4582777072 1.4582777072 -0.506892500423 
150.363143039 19.6842792832 1.36320400238 284.084228516 9.21255874634 8388608 0.538118960972 0.0 0.538118960972 0.331733010361 -1.32222477739 1.32222477739 0.331733010361 
157.765883585 58.7983640322 1.78900039196 258.502227783 9.16172790527 16449536 0.312448992464 0.0 0.312448992464 -0.356601148803 -1.7530995474 1.7530995474 -0.356601148803 
37.1046186325 77.5050335166 1.27512800694 293.635009766 7.44475078583 8388608 0.615024519826 0.0 0.615024519826 0.511210151456 -1.16816763143 1.16816763143 0.511210151456 
184.280652895 93.4241253502 1.43804609776 30.8693237305 4.96512985229 8388608 0.483564470712 0.0 0.483564470712 1.23433210458 0.737835235582 -0.737835235582 1.23433210458 
156.871816537 16.9131952717 1.24352729321 284.379394531 3.63662338257 8388608 0.646679891237 0.0 0.646679891237 0.308819478497 -1.20457073626 1.20457073626 0.308819478497 
185.211957386 28.4311313342 1.88056468964 342.009796143 3.54944992065 20054016 0.282763562952 0.0 0.282763562952 1.78862263431 -0.580820646959 0.580820646959 1.78862263431 
