13
126
226.411138741 51.1001249178 1.38017690182 134.769074977 159.765716553 8388608 0.52496517005 0.0 0.52496517005 -0.971991130517 0.979857909346 -0.979857909346 -0.971991130517 
157.12086729 131.420605571 3.35082221031 147.063033087 125.618171692 11665409 0.089062981406 0.0 0.089062981406 -2.81224199882 1.82189583269 -1.82189583269 -2.81224199882 
145.205462137 130.945774201 1.53848934174 139.515283901 120.680747986 8388608 0.422484729466 0.0 0.422484729466 -1.17014296453 0.998856795137 -0.998856795137 -1.17014296453 
71.4953738056 110.748671339 1.7763761282 121.897146554 120.645294189 15925248 0.316905767697 0.0 0.316905767697 -0.938630135766 1.50813978697 -1.50813978697 -0.938630135766 
34.3375175469 104.34163194 1.26999092102 129.156650089 115.860389709 8388608 0.620010104631 0.0 0.620010104631 -0.801926622949 0.984779483377 -0.984779483377 -0.801926622949 
85.1872298383 118.558097279 3.20987224579 133.065888413 111.320640564 8585217 0.0970564728983 0.0 0.0970564728983 -2.19182577328 2.34503296648 -2.34503296648 -2.19182577328 
94.5392698531 94.1941293909 2.02087497711 143.164847881 101.164375305 8519936 0.244861839177 0.0 0.244861839177 -1.61743498844 1.21154435795 -1.21154435795 -1.61743498844 
124.708384163 115.999883529 1.47504293919 145.848890709 99.5913162231 8388608 0.459611274883 0.0 0.459611274883 -1.22068638874 0.828055802943 -0.828055802943 -1.22068638874 
249.886550737 45.0921118924 2.26565933228 137.501562092 98.8535614014 16777472 0.194809791434 0.0 0.194809791434 -1.67046100931 1.53061171637 -1.53061171637 -1.67046100931 
187.123557825 69.3670552579 3.60998797417 150.495411133 98.6231765747 17104897 0.0767341151882 0.0 0.0767341151882 -3.1418312126 1.77789476775 -1.77789476775 -3.1418312126 
41.8272743948 128.529051821 1.97836124897 138.059213519 97.8158798218 23724032 0.25549876578 0.0 0.25549876578 -1.4715762299 1.32226193737 -1.32226193737 -1.4715762299 
131.092274129 82.0056808703 1.72384154797 147.751502493 96.9303817749 13762560 0.336515685616 0.0 0.336515685616 -1.4579248789 0.919828641635 -0.919828641635 -1.4579248789 
170.40209562 69.4274297658 3.58024597168 145.341602734 96.482093811 16449537 0.0780143097761 0.0 0.0780143097761 -2.94495703302 2.03602291034 -2.03602291034 -2.94495703302 
93.0519833185 75.3817567582 1.67539978027 142.07028796 93.9678878784 11665408 0.356256741818 0.0 0.356256741818 -1.32149742321 1.02985872049 -1.02985872049 -1.32149742321 
92.5182884343 108.473835648 2.37436628342 134.6896813 93.3770904541 20185344 0.177379965826 0.0 0.177379965826 -1.66981269268 1.68799905782 -1.68799905782 -1.66981269268 
34.1870372477 108.462814259 1.29399991035 129.887391773 92.8112030029 8388608 0.597216100559 0.0 0.597216100559 -0.829817294428 0.992894267214 -0.992894267214 -0.829817294428 
227.9175053 104.483089601 1.49169409275 137.496957136 92.6058197021 8388608 0.449407649324 0.0 0.449407649324 -1.09973872563 1.00783232817 -1.00783232817 -1.09973872563 
53.2225254389 91.6180623673 1.26628804207 134.751399877 91.7790374756 8388608 0.623641472868 0.0 0.623641472868 -0.891507398846 0.899277467353 -0.899277467353 -0.891507398846 
99.4790886412 103.128511997 4.0562005043 142.007026603 88.7512435913 8782081 0.0607800664544 0.0 0.0607800664544 -3.19663584786 2.49685437847 -2.49685437847 -3.19663584786 
140.266420895 40.2599373236 1.76330184937 140.633039841 87.8397598267 15400960 0.321622685562 0.0 0.321622685562 -1.36320771618 1.11843557459 -1.11843557459 -1.36320771618 
193.965078501 102.185592596 4.08382081985 144.58389037 86.9005279541 9306369 0.0599606928086 0.0 0.0599606928086 -3.32817058234 2.36661637439 -2.36661637439 -3.32817058234 
53.0386994437 95.7107767465 2.24176216125 133.087001491 86.7208023071 16056576 0.198985271122 0.0 0.198985271122 -1.53136590527 1.63719762149 -1.63719762149 -1.53136590527 
56.6666525136 83.0728251213 3.15877842903 139.597802539 85.7515563965 24117760 0.10022167869 0.0 0.10022167869 -2.40545225827 2.04735942056 -2.04735942056 -2.40545225827 
264.084322529 110.556300855 1.53830182552 134.507054659 84.3718032837 8388608 0.422587735993 0.0 0.422587735993 -1.07834508692 1.09706170288 -1.09706170288 -1.07834508692 
114.056957434 50.2254051814 1.7431833744 132.036451812 84.2213821411 14548992 0.329089366499 0.0 0.329089366499 -1.16724127502 1.29469536289 -1.29469536289 -1.16724127502 
99.5260245945 40.4870949932 2.07093334198 136.364279894 84.0546188354 10289408 0.233167362097 0.0 0.233167362097 -1.49882100149 1.42909079922 -1.42909079922 -1.49882100149 
51.7358184474 83.8722901065 1.83756482601 128.79624321 83.3712539673 18350080 0.29615199439 0.0 0.29615199439 -1.15133122174 1.4321595259 -1.4321595259 -1.15133122174 
86.6103540671 63.6902293238 2.99029231071 141.442327356 82.9923629761 20185600 0.111833704669 0.0 0.111833704669 -2.3383522237 1.86385540785 -1.86385540785 -2.3383522237 
93.9428566356 103.083918866 1.5442262888 132.924802596 82.6734237671 8388608 0.419351418925 0.0 0.419351418925 -1.0516766496 1.13075685083 -1.13075685083 -1.0516766496 
84.034756259 97.1894605337 2.31705164909 135.300160707 81.9302368164 18415872 0.186263847939 0.0 0.186263847939 -1.64696366449 1.6297972366 -1.6297972366 -1.64696366449 
40.7940576356 119.385211328 1.88675415516 133.615854332 80.9907302856 20250624 0.280911403632 0.0 0.280911403632 -1.30152056856 1.36597417678 -1.36597417678 -1.30152056856 
255.221841178 57.2806380683 2.08622550964 138.485119583 80.8663635254 10813696 0.22976162651 0.0 0.22976162651 -1.5621314579 1.38278059913 -1.38278059913 -1.5621314579 
138.645854919 87.037408722 1.384334445 130.599452999 80.8097915649 8388608 0.521816670864 0.0 0.521816670864 -0.900879130155 1.05109402456 -1.05109402456 -0.900879130155 
242.274545408 104.930147038 1.49163591862 136.506094399 79.7348098755 8388608 0.449442704005 0.0 0.449442704005 -1.08210367537 1.02665931519 -1.02665931519 -1.08210367537 
50.6480947166 70.9747523334 1.3409743309 138.522375482 79.6119689941 8388608 0.556107907839 0.0 0.556107907839 -1.00467732423 0.888164191081 -0.888164191081 -1.00467732423 
233.940773328 104.023346867 1.75265657902 140.628181123 79.0355072021 14942208 0.325541488689 0.0 0.325541488689 -1.35488358707 1.11179834029 -1.11179834029 -1.35488358707 
106.23345764 77.6400009064 2.09152054787 140.073181878 77.5089416504 11010304 0.228599738251 0.0 0.228599738251 -1.60391354513 1.3423559669 -1.3423559669 -1.60391354513 
60.8741829508 126.887371401 2.99325251579 128.437344759 77.450012207 20251136 0.11161261607 0.0 0.11161261607 -1.86078072267 2.34458007443 -2.34458007443 -1.86078072267 
172.565068479 98.3991536986 1.41053617001 146.98249993 77.2230606079 8388608 0.50261048677 0.0 0.50261048677 -1.18274047126 0.768594343289 -0.768594343289 -1.18274047126 
43.2198122763 87.901942349 2.2025437355 128.132526809 76.4335327148 14745856 0.206134611095 0.0 0.206134611095 -1.3600322532 1.73248699189 -1.73248699189 -1.3600322532 
156.753819922 119.928049047 2.0346326828 141.53337336 76.298500061 9044224 0.241561638759 0.0 0.241561638759 -1.59305761982 1.26566092373 -1.26566092373 -1.59305761982 
49.9934201818 59.2033711614 1.31807076931 138.220806198 75.4270324707 8388608 0.57560232874 0.0 0.57560232874 -0.982909088596 0.878180093413 -0.878180093413 -0.982909088596 
48.1152498119 69.4400415776 2.38612818718 142.869544279 73.5416183472 20578560 0.175635563282 0.0 0.175635563282 -1.90237214492 1.44034299661 -1.44034299661 -1.90237214492 
103.059731888 88.8620957702 1.4979724884 141.419913211 73.12084198 8388608 0.445648373227 0.0 0.445648373227 -1.17102090153 0.934147538773 -0.934147538773 -1.17102090153 
59.9962547669 71.6176256211 3.03539848328 149.307426037 72.4173431396 21234176 0.108534691071 0.0 0.108534691071 -2.61019511404 1.54936290743 -1.54936290743 -2.61019511404 
251.085706366 119.715728714 1.93342614174 142.960639272 69.8914642334 22020096 0.267512960284 0.0 0.267512960284 -1.54330306937 1.16462538253 -1.16462538253 -1.54330306937 
48.0612631572 119.295085311 1.40329158306 134.525209953 69.7418899536 8388608 0.507813403111 0.0 0.507813403111 -0.984020367813 1.00046548307 -1.00046548307 -0.984020367813 
112.482352041 113.699277147 1.6139934063 146.114289032 69.1616668701 8978432 0.383880885302 0.0 0.383880885302 -1.33985881433 0.899862807998 -0.899862807998 -1.33985881433 
70.6918454586 60.6490792131 2.28359651566 143.458318516 68.9096221924 17367296 0.191761428668 0.0 0.191761428668 -1.8346960798 1.35967030603 -1.35967030603 -1.8346960798 
36.4829011313 68.1348599708 1.28487122059 140.771879886 68.1805496216 8388608 0.605732389599 0.0 0.605732389599 -0.995305193431 0.812564843829 -0.812564843829 -0.995305193431 
234.262290975 57.2304370758 2.06449127197 138.217396238 67.5807647705 10092800 0.234624790421 0.0 0.234624790421 -1.53944642254 1.37558312151 -1.37558312151 -1.53944642254 
179.449271435 91.5177567563 1.99259436131 156.461332448 65.3514022827 24248320 0.251861743832 0.0 0.251861743832 -1.82679209758 0.795778185766 -0.795778185766 -1.82679209758 
162.264104639 98.0423579207 1.26715290546 139.116059653 65.3223724365 8388608 0.622790461732 0.0 0.622790461732 -0.958014429583 0.829388231492 -0.829388231492 -0.958014429583 
154.708543507 67.2486180656 3.3405995369 144.644668368 64.9209899902 11468801 0.0896089042732 0.0 0.0896089042732 -2.72452336894 1.93302293779 -1.93302293779 -2.72452336894 
204.066571859 123.331193251 2.81111860275 145.607859695 64.4841995239 15729152 0.126544030168 0.0 0.126544030168 -2.31970974647 1.58787105611 -1.58787105611 -2.31970974647 
218.939975422 53.1023571693 2.26806378365 144.974793687 64.2735595703 16908544 0.194396961438 0.0 0.194396961438 -1.85731659264 1.30172516354 -1.30172516354 -1.85731659264 
161.452081627 69.9360756035 1.33343291283 139.869851118 63.2702713013 8388608 0.562415989214 0.0 0.562415989214 -1.01951928199 0.859432235059 -0.859432235059 -1.01951928199 
141.927165824 84.8339828802 2.74868035316 140.028055496 62.5497741699 14090752 0.132358404552 0.0 0.132358404552 -2.10647619931 1.76578642696 -1.76578642696 -2.10647619931 
243.840267525 96.2488563946 1.55016338825 145.203645854 62.1527137756 8388608 0.416145352666 0.0 0.416145352666 -1.27297173304 0.884618277651 -0.884618277651 -1.27297173304 
124.336503867 106.466753044 2.22642302513 156.939753084 61.6924667358 15532288 0.201736569092 0.0 0.201736569092 -2.04851732719 0.872087293234 -0.872087293234 -2.04851732719 
77.7522867284 62.7657011519 2.16549682617 145.097216876 60.7263259888 13566208 0.213247965718 0.0 0.213247965718 -1.77597609902 1.23906634199 -1.23906634199 -1.77597609902 
158.321178551 108.159408021 2.52227973938 145.688925468 59.8911743164 24576256 0.157185867866 0.0 0.157185867866 -2.08337621953 1.42177305206 -1.42177305206 -2.08337621953 
59.9771808062 108.978170712 3.40895223618 128.434341338 59.617225647 12910593 0.0860514449982 0.0 0.0860514449982 -2.11906399363 2.67030394139 -2.67030394139 -2.11906399363 
113.750068642 100.251599686 1.34577691555 151.091855132 59.1431846619 8388608 0.552145899282 0.0 0.552145899282 -1.17808748284 0.650557752403 -0.650557752403 -1.17808748284 
72.9369445143 94.4757850797 2.30092954636 139.436424189 58.6173439026 17891584 0.18888321145 0.0 0.18888321145 -1.74798135269 1.49627469668 -1.49627469668 -1.74798135269 
201.11521187 83.2783298209 1.44216322899 143.723443152 58.1303024292 8388608 0.480807422818 0.0 0.480807422818 -1.16262936921 0.853304007318 -0.853304007318 -1.16262936921 
223.868632362 120.308762489 3.47027516365 143.891838804 57.101688385 14221313 0.0830371004741 0.0 0.0830371004741 -2.80365595536 2.04507285822 -2.04507285822 -2.80365595536 
135.931886181 101.770778473 2.25224757195 139.707963612 56.2133560181 16384256 0.197136819322 0.0 0.197136819322 -1.71792034998 1.45649194864 -1.45649194864 -1.71792034998 
182.0701097 111.964478967 1.46448409557 145.315461328 56.1532478333 8388608 0.466262707123 0.0 0.466262707123 -1.20424180358 0.8333758724 -0.8333758724 -1.20424180358 
249.334313956 105.283758848 1.56239938736 141.197731076 54.2945251465 8388608 0.409652755095 0.0 0.409652755095 -1.21759838919 0.979053628904 -0.979053628904 -1.21759838919 
265.542409665 129.140055647 1.34384083748 148.543569378 52.4293861389 8388608 0.553738003932 0.0 0.553738003932 -1.14634628023 0.701283396554 -0.701283396554 -1.14634628023 
135.089681473 65.7875181868 3.84126162529 142.127304946 51.443031311 21561345 0.0677723000207 0.0 0.0677723000207 -3.03220257819 2.35818540381 -2.35818540381 -3.03220257819 
114.008970098 67.3909589022 1.2627440691 135.717854697 50.8491477966 8388608 0.627146965497 0.0 0.627146965497 -0.904011537597 0.881638091246 -0.881638091246 -0.904011537597 
203.20608832 41.2339734581 2.12929439545 128.496813444 50.129196167 12321024 0.220560926811 0.0 0.220560926811 -1.32542424631 1.66647687946 -1.66647687946 -1.32542424631 
80.1001599324 107.768334927 1.25638341904 124.14649615 48.7571601868 8388608 0.633513111325 0.0 0.633513111325 -0.705221569329 1.03978932183 -1.03978932183 -0.705221569329 
256.151337565 98.6966499195 1.51478564739 145.318424829 48.6531562805 8388608 0.435810447257 0.0 0.435810447257 -1.24564923396 0.86193592771 -0.86193592771 -1.24564923396 
106.446644418 95.0512072381 1.83281314373 142.571951705 46.2581367493 18153472 0.297689569939 0.0 0.297689569939 -1.45546843004 1.11391905855 -1.11391905855 -1.45546843004 
106.417404455 90.510146947 2.8940243721 138.488547867 45.0590248108 17826304 0.119397609455 0.0 0.119397609455 -2.16711277363 1.91807176421 -1.91807176421 -2.16711277363 
132.139474042 117.693394003 1.34515607357 134.227066874 43.075958252 8388608 0.552655690624 0.0 0.552655690624 -0.938251335656 0.963913530044 -0.963913530044 -0.938251335656 
180.371401493 104.640824771 1.77996814251 147.587197366 42.8095664978 16056320 0.315628012844 0.0 0.315628012844 -1.50266365704 0.954090416134 -0.954090416134 -1.50266365704 
125.543011707 49.8319647276 2.20378375053 139.32024684 40.6055221558 14811392 0.205902702585 0.0 0.205902702585 -1.67127185461 1.43649337175 -1.43649337175 -1.67127185461 
124.41599326 86.4924521435 1.53290176392 150.886931328 40.4672660828 8388608 0.425570339763 0.0 0.425570339763 -1.33923690401 0.745809850267 -0.745809850267 -1.33923690401 
150.2302065 94.6147013815 1.54849588871 133.931662846 40.2582550049 8388608 0.417042088415 0.0 0.417042088415 -1.07434631441 1.11517689811 -1.11517689811 -1.07434631441 
207.582322757 84.3271713615 1.31977128983 144.323547027 39.845916748 8388608 0.574119961347 0.0 0.574119961347 -1.07208094045 0.769700405717 -0.769700405717 -1.07208094045 
206.387720642 77.5270238542 1.26590299606 149.9790424 38.8844604492 8388608 0.624020912965 0.0 0.624020912965 -1.09607255954 0.633352460845 -0.633352460845 -1.09607255954 
126.404876225 88.5531864295 2.18826436996 152.160544422 38.8689537048 14287104 0.208833622431 0.0 0.208833622431 -1.93499377164 1.02191000415 -1.02191000415 -1.93499377164 
133.423380557 113.324430809 2.11421442032 140.711767008 38.4993057251 11796736 0.223718520539 0.0 0.223718520539 -1.63633911157 1.33876694276 -1.33876694276 -1.63633911157 
244.482823974 87.7686168069 1.75142121315 147.706533689 37.6383705139 14876672 0.326000892371 0.0 0.326000892371 -1.48051621779 0.935707216347 -0.935707216347 -1.48051621779 
158.763132562 82.7712444929 2.10981321335 152.563472068 35.612663269 11665664 0.224652876726 0.0 0.224652876726 -1.87250524678 0.972129567501 -0.972129567501 -1.87250524678 
155.870628869 81.6272314148 1.31202566624 149.035543603 35.4591407776 8388608 0.580918675051 0.0 0.580918675051 -1.12504448159 0.675045378707 -0.675045378707 -1.12504448159 
45.3326016952 97.4303506478 1.4915882349 134.091023919 35.0515823364 8388608 0.449471440408 0.0 0.449471440408 -1.03784751869 1.07131134151 -1.07131134151 -1.03784751869 
28.1661004829 120.799325295 1.27582859993 138.830068732 33.7992935181 8388608 0.614349251118 0.0 0.614349251118 -0.960393354923 0.839870954503 -0.839870954503 -0.960393354923 
234.830042202 84.2817448646 1.43315958977 148.805210807 33.5264892578 8388608 0.486867619942 0.0 0.486867619942 -1.22594100664 0.742303885203 -0.742303885203 -1.22594100664 
215.190001312 87.8763748257 1.37307333946 138.589470228 32.7339324951 8388608 0.53041101038 0.0 0.53041101038 -1.02979061699 0.908218960765 -0.908218960765 -1.02979061699 
29.8786155227 66.7469626274 1.5221221447 135.675248072 32.4370079041 8388608 0.431619434368 0.0 0.431619434368 -1.08891240663 1.06354388441 -1.06354388441 -1.08891240663 
174.441755211 54.2195591657 1.81767272949 161.643801495 31.655424118 17563648 0.302669470435 0.0 0.302669470435 -1.72518416401 0.572427944631 -0.572427944631 -1.72518416401 
196.086374472 57.9241812686 1.97726345062 164.766051029 30.9674682617 23658496 0.255782555972 0.0 0.255782555972 -1.90778433567 0.519547574109 -0.519547574109 -1.90778433567 
40.9986557707 77.4348016901 1.99123585224 130.290934682 30.7290229797 24182784 0.252205523479 0.0 0.252205523479 -1.28767070104 1.51885627527 -1.51885627527 -1.28767070104 
194.72047813 88.7524091131 1.38546979427 138.102381405 28.6654472351 8388608 0.520961796314 0.0 0.520961796314 -1.03125962092 0.925218971431 -0.925218971431 -1.03125962092 
173.831531333 86.1331074333 1.33053231239 161.686219918 28.5325622559 8388608 0.564870829636 0.0 0.564870829636 -1.26314076102 0.418080915813 -0.418080915813 -1.26314076102 
135.300378092 57.8276567299 1.61115241051 134.296841109 28.447019577 8847360 0.385235897428 0.0 0.385235897428 -1.12518989557 1.15315211 -1.15315211 -1.12518989557 
135.045156777 51.0878962704 2.15470004082 142.85099838 26.665304184 13172992 0.215390408649 0.0 0.215390408649 -1.71744191311 1.30120157585 -1.30120157585 -1.71744191311 
207.69810886 90.6228055107 1.16118693352 133.953157953 26.6549911499 8388608 0.741644396217 0.0 0.741644396217 -0.805945065574 0.835947154938 -0.835947154938 -0.805945065574 
169.892010341 84.7686313457 1.60806357861 162.102259327 26.1251411438 8716288 0.386717271394 0.0 0.386717271394 -1.53024379086 0.494188641486 -0.494188641486 -1.53024379086 
216.608806629 80.691169609 1.49801826477 148.158360275 23.9558486938 8388608 0.445621137442 0.0 0.445621137442 -1.27258075203 0.790314463452 -0.790314463452 -1.27258075203 
259.53034829 92.7416512395 1.33107662201 135.257408657 23.8682403564 8388608 0.564408945242 0.0 0.564408945242 -0.945432314716 0.936975299542 -0.936975299542 -0.945432314716 
186.585539209 62.3175373553 1.94513869286 154.141797957 20.2488365173 22478848 0.264301029068 0.0 0.264301029068 -1.75038399924 0.848363359452 -0.848363359452 -1.75038399924 
152.84463713 58.2152806296 1.70701539516 135.644681028 18.9430732727 13041664 0.34318249249 0.0 0.34318249249 -1.22054687298 1.19338463631 -1.19338463631 -1.22054687298 
169.051037384 90.9578509691 1.34046661854 151.680038538 18.6677722931 8388608 0.556529248179 0.0 0.556529248179 -1.18002902544 0.635910571178 -0.635910571178 -1.18002902544 
217.200559831 40.6028710779 1.35195374489 119.712597524 16.9434223175 8388608 0.547112117613 0.0 0.547112117613 -0.670095388261 1.17420232454 -1.17420232454 -0.670095388261 
109.153924075 105.391831125 1.45881664753 149.404049753 15.9655132294 8388608 0.469892570707 0.0 0.469892570707 -1.25571728305 0.742509337422 -0.742509337422 -1.25571728305 
140.794283399 51.3305593096 1.29642677307 137.577854817 15.4795684814 8388608 0.59498226068 0.0 0.59498226068 -0.957015325256 0.874553626235 -0.874553626235 -0.957015325256 
73.2756127455 55.5654626089 1.50817906857 135.258185215 12.6246747971 8388608 0.439636945499 0.0 0.439636945499 -1.0712383922 1.06162724622 -1.06162724622 -1.0712383922 
128.140088951 32.5237333378 1.87662422657 147.513508359 12.1951971054 19922944 0.283952281671 0.0 0.283952281671 -1.58296650013 1.00793628132 -1.00793628132 -1.58296650013 
139.455872261 32.4685104773 1.47862446308 133.519420215 12.1787548065 8388608 0.45738743076 0.0 0.45738743076 -1.01818139582 1.07221124226 -1.07221124226 -1.01818139582 
39.0918913321 74.1943490974 1.24775135517 140.086061092 11.2262573242 8388608 0.64230884055 0.0 0.64230884055 -0.957036615696 0.800602498465 -0.800602498465 -0.957036615696 
34.4736680222 51.0036451483 1.51294517517 133.738164366 8.36016464233 8388608 0.436871404262 0.0 0.436871404262 -1.04599555838 1.09311316656 -1.09311316656 -1.04599555838 
43.0999753229 140.451475301 1.64232683182 130.582784886 8.23093891144 10223616 0.370749712893 0.0 0.370749712893 -1.06840924461 1.24729271165 -1.24729271165 -1.06840924461 
39.5935891531 134.9327918 1.3104172945 138.590661946 5.60346698761 8388608 0.582345558791 0.0 0.582345558791 -0.982817267997 0.866754696242 -0.866754696242 -0.982817267997 
118.923823302 30.3257304797 1.7242385149 134.81054539 4.91659736633 13762560 0.336360753196 0.0 0.336360753196 -1.21518260483 1.22324555719 -1.22324555719 -1.21518260483 
189.803770139 31.4076985861 1.35169827938 131.669784184 4.89043045044 8388608 0.54731894111 0.0 0.54731894111 -0.898658367951 1.00970360809 -1.00970360809 -0.898658367951 
225.885264072 66.7016535497 1.31503081322 141.364751807 4.52897357941 8388608 0.578266643981 0.0 0.578266643981 -1.02721858745 0.821052990557 -0.821052990557 -1.02721858745 
43.8775743889 153.022650267 1.33262848854 132.116211408 3.73272323608 8388608 0.563095184704 0.0 0.563095184704 -0.893709343442 0.988525314757 -0.988525314757 -0.893709343442 
262.37841124 73.7807259105 1.70683515072 131.732604702 3.65472221375 13041664 0.343254977526 0.0 0.343254977526 -1.1361635714 1.27374195611 -1.27374195611 -1.1361635714 
75.3031878029 32.6789462075 1.27195751667 141.28184456 3.23093032837 8388608 0.618094369929 0.0 0.618094369929 -0.992422270226 0.795596607442 -0.795596607442 -0.992422270226 
76.0970553827 143.203282315 1.26936912537 119.932683643 0.941144943237 8388608 0.620617672601 0.0 0.620617672601 -0.63339255913 1.10005083631 -1.10005083631 -0.63339255913 
