13
167
172.898131662 71.9872810501 3.21869730949 128.852518271 97.0338363647 8781825 0.0965249812714 0.0 0.0965249812714 -2.01914644421 2.50660328073 -2.50660328073 -2.01914644421 
205.355527709 41.4825509681 1.31551218033 143.038242809 72.0858154297 8388608 0.577843527236 0.0 0.577843527236 -1.05114293411 0.790993570556 -0.790993570556 -1.05114293411 
116.375350414 118.604731452 2.36402773857 140.879165586 71.7396087646 19857664 0.178934821269 0.0 0.178934821269 -1.83405296402 1.49160211649 -1.49160211649 -1.83405296402 
185.915498463 69.3844909903 1.79655337334 136.467027266 70.1738815308 16711680 0.309827349575 0.0 0.309827349575 -1.30246187759 1.23741548425 -1.23741548425 -1.30246187759 
70.3965735516 92.1565210783 3.53308033943 145.373505735 68.8726959229 15532033 0.0801111514355 0.0 0.0801111514355 -2.90727890079 2.00758214723 -2.00758214723 -2.90727890079 
129.195014211 119.817156684 1.40560948849 135.932869406 67.173324585 8388608 0.506139975406 0.0 0.506139975406 -1.00996613455 0.977602394223 -0.977602394223 -1.00996613455 
132.428320635 83.3953023966 2.61168503761 130.830855136 64.419960022 10355200 0.146608246032 0.0 0.146608246032 -1.70759324619 1.97611336751 -1.97611336751 -1.70759324619 
97.0894979139 52.1321355695 1.31094896793 130.199911023 64.2554321289 8388608 0.581873298033 0.0 0.581873298033 -0.846160534613 1.00129892949 -1.00129892949 -0.846160534613 
98.4446786088 94.3903894668 2.94456148148 136.694560601 63.6743583679 19071488 0.115334369724 0.0 0.115334369724 -2.14277990398 2.01963774012 -2.01963774012 -2.14277990398 
54.9472817918 82.0374327315 1.95268261433 137.850205169 62.7432632446 22740992 0.262262792358 0.0 0.262262792358 -1.44770503395 1.31038907466 -1.31038907466 -1.44770503395 
60.9433248297 114.535802486 2.05664801598 153.730484691 61.1365623474 9830656 0.236417738194 0.0 0.236417738194 -1.84424161093 0.910260370514 -0.910260370514 -1.84424161093 
61.3486634989 117.014154016 3.36651515961 148.782792468 60.0594596863 11993089 0.0882345857507 0.0 0.0882345857507 -2.87907286304 1.74481052529 -1.74481052529 -2.87907286304 
205.610540799 32.047037401 1.55361163616 136.811673069 59.8751907349 8388608 0.414300129773 0.0 0.414300129773 -1.13275079316 1.06328959207 -1.06328959207 -1.13275079316 
159.381734329 132.092720957 1.13314843178 134.268154365 58.9829673767 8388608 0.778800812335 0.0 0.778800812335 -0.790957308058 0.811425847055 -0.811425847055 -0.790957308058 
98.1893567227 59.6435876704 1.90194296837 131.771041653 57.7345848083 20840448 0.276442632435 0.0 0.276442632435 -1.26698997405 1.418493377 -1.418493377 -1.26698997405 
88.2038261807 72.7101840563 2.53735923767 136.151011658 56.1376304626 24969472 0.155323111734 0.0 0.155323111734 -1.82986273455 1.75778106534 -1.75778106534 -1.82986273455 
226.024372276 84.7871052652 3.26217246056 138.069445737 55.5295753479 9764865 0.0939693376861 0.0 0.0939693376861 -2.42691050356 2.17987948523 -2.17987948523 -2.42691050356 
87.4550604009 73.0616645306 3.93090939522 138.154949928 55.0983200073 23265281 0.0647163376932 0.0 0.0647163376932 -2.92833761069 2.62238202999 -2.62238202999 -2.92833761069 
177.877752175 39.5263946804 1.39521026611 132.491213445 54.1927986145 8388608 0.513713139014 0.0 0.513713139014 -0.942432633292 1.0288014475 -1.0288014475 -0.942432633292 
155.122468246 101.100839823 2.98491883278 128.338774551 53.3563041687 20054528 0.112236715191 0.0 0.112236715191 -1.85157494805 2.34124126268 -2.34124126268 -1.85157494805 
251.883765814 41.0039521278 1.25725102425 135.211468454 52.4515991211 8388608 0.632639062123 0.0 0.632639062123 -0.892285841589 0.885723497976 -0.885723497976 -0.892285841589 
229.725326151 37.932395164 2.04816532135 130.676778003 52.0526580811 9502976 0.238380091885 0.0 0.238380091885 -1.33497588315 1.55332565002 -1.55332565002 -1.33497588315 
113.229339799 96.81973687 1.83173453808 135.668812109 51.9592857361 18153472 0.298040258515 0.0 0.298040258515 -1.31026253544 1.28002480687 -1.28002480687 -1.31026253544 
169.043659807 98.8413841623 5.39573764801 126.524499406 51.4396476746 12714497 0.0343477544566 0.0 0.0343477544566 -3.21136206304 4.33602795957 -4.33602795957 -3.21136206304 
150.940886498 108.858212184 5.21933078766 131.545011438 51.150352478 10289665 0.0367088141877 0.0 0.0367088141877 -3.46150308987 3.9063295086 -3.9063295086 -3.46150308987 
126.582601806 43.6877825412 2.04592776299 134.988179547 51.0069923401 9437440 0.238901792654 0.0 0.238901792654 -1.44639090379 1.44698782468 -1.44698782468 -1.44639090379 
214.780594461 113.490154807 3.76126170158 132.958647092 50.7891616821 20054017 0.0706859169721 0.0 0.0706859169721 -2.56318826064 2.75266335179 -2.75266335179 -2.56318826064 
58.1913931364 102.162050185 2.89988565445 151.978671306 50.1516647339 17957376 0.118915441577 0.0 0.118915441577 -2.55994008638 1.36236689738 -1.36236689738 -2.55994008638 
110.337073693 71.327626009 1.66075587273 137.818464644 50.1410064697 11075584 0.362567111195 0.0 0.362567111195 -1.2306550314 1.11516736971 -1.11516736971 -1.2306550314 
245.192969047 39.5842867482 1.58423042297 132.606624357 49.6978378296 8388608 0.398440339862 0.0 0.398440339862 -1.07246232286 1.16602341277 -1.16602341277 -1.07246232286 
105.338454559 87.2189395374 1.34536480904 138.790957393 49.5741004944 8388608 0.552484213128 0.0 0.552484213128 -1.01213266817 0.886337368853 -0.886337368853 -1.01213266817 
238.394791338 39.6969373597 1.47324836254 135.063648696 49.2074241638 8388608 0.460731669832 0.0 0.460731669832 -1.04290051627 1.04058601322 -1.04058601322 -1.04290051627 
63.5458831528 80.7454659553 1.51967322826 139.523023431 47.7224807739 8388608 0.433011643655 0.0 0.433011643655 -1.15596508549 0.986484384995 -0.986484384995 -1.15596508549 
64.8443331956 52.4858281804 1.33056640625 137.617734239 46.3294754028 8388608 0.564841881996 0.0 0.564841881996 -0.982841525074 0.896899937581 -0.896899937581 -0.982841525074 
26.243401064 36.5253062979 1.43602597713 135.103856752 46.2657699585 8388608 0.484925930281 0.0 0.484925930281 -1.01726263714 1.01358143929 -1.01358143929 -1.01726263714 
76.8776055225 73.4761731702 2.2618329525 136.26894135 46.1971130371 16711936 0.195469474777 0.0 0.195469474777 -1.63438359365 1.56354679298 -1.56354679298 -1.63438359365 
108.357251749 71.1973175814 2.62653803825 136.543858349 46.0180549622 10813952 0.144954803146 0.0 0.144954803146 -1.90660678551 1.80653055105 -1.80653055105 -1.90660678551 
106.424360306 53.4445312074 2.07436800003 131.647988195 45.6053390503 10420480 0.232395862393 0.0 0.232395862393 -1.37852602443 1.55005438599 -1.55005438599 -1.37852602443 
150.919887629 112.419722349 1.51186025143 133.815691561 44.906288147 8388608 0.437498634487 0.0 0.437498634487 -1.04672256008 1.09091397555 -1.09091397555 -1.04672256008 
92.7386345995 71.4722765048 1.29534113407 134.254171586 44.2846717834 8388608 0.595980000368 0.0 0.595980000368 -0.903944238404 0.927789559908 -0.927789559908 -0.903944238404 
99.3387542481 43.3280853616 2.1288061142 139.23808963 43.6799736023 12321024 0.220662117911 0.0 0.220662117911 -1.6124200727 1.38993416427 -1.38993416427 -1.6124200727 
84.5577027925 88.9996188823 1.37194526196 144.075545756 43.5340461731 8388608 0.531283626425 0.0 0.531283626425 -1.11098933557 0.80494502797 -0.80494502797 -1.11098933557 
161.424723208 39.7737394216 2.06321454048 135.934845806 42.9601364136 10027264 0.234915255164 0.0 0.234915255164 -1.48252157226 1.43491603512 -1.43491603512 -1.48252157226 
65.3847745262 65.679551681 1.51186513901 129.748310758 42.3112831116 8388608 0.437495805787 0.0 0.437495805787 -0.966711264788 1.16241366522 -1.16241366522 -0.966711264788 
257.469691322 38.0850803672 1.29209530354 132.300218053 41.9443511963 8388608 0.598978045192 0.0 0.598978045192 -0.869599944976 0.955670554698 -0.955670554698 -0.869599944976 
193.476161363 30.2436465532 1.47138476372 143.480711857 41.3662147522 8388608 0.461899498623 0.0 0.461899498623 -1.18248803674 0.875611309804 -0.875611309804 -1.18248803674 
99.0624082699 89.0323435839 1.27240669727 145.097847122 40.069026947 8388608 0.617658051891 0.0 0.617658051891 -1.04353938436 0.728041452499 -0.728041452499 -1.04353938436 
245.358606339 47.4214402737 1.33529686928 136.291164804 38.9365196228 8388608 0.560846919062 0.0 0.560846919062 -0.965233497431 0.922681973672 -0.922681973672 -0.965233497431 
228.649067062 64.3267911275 1.75302255154 140.761122647 38.8158493042 14942208 0.325405578512 0.0 0.325405578512 -1.35774305834 1.10888315602 -1.10888315602 -1.35774305834 
55.0159571214 104.204358309 1.59830081463 144.439640681 38.3791503906 8388608 0.391456003901 0.0 0.391456003901 -1.30022300985 0.929508267144 -0.929508267144 -1.30022300985 
172.641320642 110.78148082 1.90663075447 122.41587629 38.3404350281 21037056 0.275084938163 0.0 0.275084938163 -1.0220698783 1.60953844246 -1.60953844246 -1.0220698783 
214.812257969 73.3565735894 1.63612353802 135.190781942 38.2941322327 9961472 0.373566406463 0.0 0.373566406463 -1.16075988911 1.15305538093 -1.15305538093 -1.16075988911 
54.6249165087 44.3360083322 1.77705657482 139.591414185 38.2092781067 15925248 0.316663123564 0.0 0.316663123564 -1.35312405124 1.15194851104 -1.15194851104 -1.35312405124 
72.3088739075 52.509855993 1.34680712223 139.548616994 38.0815048218 8388608 0.551301521746 0.0 0.551301521746 -1.02486199182 0.873811949004 -0.873811949004 -1.02486199182 
192.848297168 64.3321097323 1.59388506413 126.681533761 37.8885307312 8388608 0.393628013076 0.0 0.393628013076 -0.952133870999 1.27824516011 -1.27824516011 -0.952133870999 
179.080611147 126.455160642 4.49955415726 127.539127542 37.8685493469 16318721 0.0493925028041 0.0 0.0493925028041 -2.74159216854 3.56786490712 -3.56786490712 -2.74159216854 
56.2104829446 52.4481038047 1.36699211597 138.509188641 37.6867218018 8388608 0.535140697508 0.0 0.535140697508 -1.02396181678 0.905632178592 -0.905632178592 -1.02396181678 
213.151855444 37.0534467025 1.71260750294 134.263499357 37.6208343506 13303808 0.340944991744 0.0 0.340944991744 -1.19533017484 1.22646248709 -1.22646248709 -1.19533017484 
178.833956951 28.6783784095 1.63108539581 142.187763279 37.4972381592 9764864 0.375877735343 0.0 0.375877735343 -1.28859676393 0.999978973994 -0.999978973994 -1.28859676393 
65.4248150673 87.0782738956 1.38230073452 144.882385964 37.2843170166 8388608 0.523353246326 0.0 0.523353246326 -1.13068455288 0.79517781818 -0.79517781818 -1.13068455288 
145.507601327 91.6401446764 2.30381846428 120.589347195 36.0896072388 18022656 0.188409800912 0.0 0.188409800912 -1.17237030136 1.9832113838 -1.9832113838 -1.17237030136 
219.935912903 47.0009065876 1.35585331917 137.534522588 36.015460968 8388608 0.543969541314 0.0 0.543969541314 -1.00019166357 0.915398743293 -0.915398743293 -1.00019166357 
227.055025925 61.3592449429 2.55716252327 139.53331701 35.9808120728 8847872 0.152926707417 0.0 0.152926707417 -1.94544701757 1.65961322972 -1.65961322972 -1.94544701757 
149.879624258 120.104129719 1.80382084846 131.65749371 35.8542366028 17039360 0.307335830909 0.0 0.307335830909 -1.19895689465 1.34769136605 -1.34769136605 -1.19895689465 
207.467671817 61.772075501 1.27927470207 128.390754444 35.7428894043 8388608 0.611043848865 0.0 0.611043848865 -0.794456852852 1.00268742503 -1.00268742503 -0.794456852852 
230.379899751 46.7051710541 1.51836144924 135.598687875 35.5987968445 8388608 0.43376016234 0.0 0.43376016234 -1.08480344442 1.06236668694 -1.06236668694 -1.08480344442 
195.113157153 63.0782953764 3.05779457092 125.039476265 35.5617713928 21758464 0.106950640433 0.0 0.106950640433 -1.7556042799 2.50358967292 -2.50358967292 -1.7556042799 
219.67762917 53.5329808179 1.23067986965 137.996585175 35.5119667053 8388608 0.660252122929 0.0 0.660252122929 -0.914524295639 0.823540074466 -0.823540074466 -0.914524295639 
96.6923479369 66.6222721687 1.39176893234 136.040201233 35.1314086914 8388608 0.516256727918 0.0 0.516256727918 -1.00183289148 0.966101246547 -0.966101246547 -1.00183289148 
180.149321231 157.193679 2.02665925026 122.724048525 34.5680847168 8716544 0.243466117062 0.0 0.243466117062 -1.09559877037 1.70499590939 -1.70499590939 -1.09559877037 
151.485480151 85.7369774642 2.25283122063 126.695556934 33.9068145752 16384256 0.197034686735 0.0 0.197034686735 -1.34620851641 1.80636960199 -1.80636960199 -1.34620851641 
230.583620299 70.0705997131 2.15640377998 133.378098843 33.6602897644 13238528 0.215050190263 0.0 0.215050190263 -1.48103909664 1.5673546046 -1.5673546046 -1.48103909664 
208.890598267 61.5011437548 1.9761133194 128.761975223 33.4880828857 23658496 0.256080382126 0.0 0.256080382126 -1.23721779248 1.54088156101 -1.54088156101 -1.23721779248 
61.0831792802 104.914989565 1.24006295204 147.251303322 33.284828186 8388608 0.650298173895 0.0 0.650298173895 -1.04295658075 0.670818675717 -0.670818675717 -1.04295658075 
186.768918149 37.8725085684 1.49055469036 137.717945222 33.1061401367 8388608 0.450094979839 0.0 0.450094979839 -1.10277473722 1.00281661529 -1.00281661529 -1.10277473722 
200.642628393 25.022492426 1.32953298092 140.337431638 32.9330558777 8388608 0.565720308897 0.0 0.565720308897 -1.02349669356 0.848594405843 -0.848594405843 -1.02349669356 
238.311854251 47.1262713039 1.47495925426 136.565557751 32.5087127686 8388608 0.459663430391 0.0 0.459663430391 -1.07105863979 1.01407011191 -1.01407011191 -1.07105863979 
40.3845125686 52.5609025563 1.26622498035 142.569027806 31.5518550873 8388608 0.623703592761 0.0 0.623703592761 -1.00549175425 0.769618108554 -0.769618108554 -1.00549175425 
213.279769066 78.7006267578 1.49877023697 140.170454402 31.5162906647 8388608 0.445174090076 0.0 0.445174090076 -1.15098560546 0.959971020001 -0.959971020001 -1.15098560546 
201.642392329 62.723765091 1.5421397686 128.917484312 31.2502937317 8388608 0.420486954304 0.0 0.420486954304 -0.968772998626 1.19986413524 -1.19986413524 -0.968772998626 
215.022559493 60.0914575307 1.644302845 133.328028458 31.1586685181 10354688 0.3698591639 0.0 0.3698591639 -1.12827833588 1.19612701786 -1.19612701786 -1.12827833588 
140.837000203 109.655039868 2.05492138863 134.612986694 31.1367416382 9765120 0.236815200433 0.0 0.236815200433 -1.44320092975 1.462830472 -1.462830472 -1.44320092975 
213.518142532 29.102137124 1.40174114704 134.021878941 30.6913166046 8388608 0.508937387548 0.0 0.508937387548 -0.97411618976 1.00795629477 -1.00795629477 -0.97411618976 
179.754434065 57.790933264 2.71540760994 128.870986211 30.673286438 13173248 0.135621935629 0.0 0.135621935629 -1.70410532771 2.11411057426 -2.11411057426 -1.70410532771 
74.641290307 126.990414315 1.98342561722 154.692935728 30.4307956696 23920640 0.25419567895 0.0 0.25419567895 -1.79307596676 0.847853617352 -0.847853617352 -1.79307596676 
26.9638983538 68.0590222901 1.28625035286 139.626277577 30.286277771 8388608 0.604434139644 0.0 0.604434139644 -0.979911148304 0.833195122203 -0.833195122203 -0.979911148304 
215.117086676 100.78530427 1.52180588245 133.259800191 29.3250389099 8388608 0.431798851621 0.0 0.431798851621 -1.04290508363 1.10826085847 -1.10826085847 -1.04290508363 
154.006602382 24.3397404553 1.28617727757 146.031114981 29.2575263977 8388608 0.604502824511 0.0 0.604502824511 -1.06667971027 0.718642042346 -0.718642042346 -1.06667971027 
207.067617169 78.0335850659 1.52331447601 136.801462256 29.2200832367 8388608 0.430944022996 0.0 0.430944022996 -1.11047507534 1.04275217568 -1.04275217568 -1.11047507534 
218.329021417 86.0560890862 1.2628813982 134.098844335 28.7952308655 8388608 0.627010577635 0.0 0.627010577635 -0.878837032927 0.906926069467 -0.906926069467 -0.878837032927 
217.2752663 86.1812113284 2.25307393074 127.963124021 28.606048584 16384256 0.196992238296 0.0 0.196992238296 -1.38598784278 1.77633888576 -1.77633888576 -1.38598784278 
139.116732012 36.3058854576 1.70260620117 136.837875984 28.5908470154 12845056 0.344962255157 0.0 0.344962255157 -1.24191670978 1.16469341985 -1.16469341985 -1.24191670978 
41.1572563741 68.6540665923 1.27828967571 135.986598322 28.3831386566 8388608 0.611985929856 0.0 0.611985929856 -0.919316914662 0.888189678756 -0.888189678756 -0.919316914662 
39.0717546352 44.6437998814 1.84288775921 142.726577565 27.5164299011 18546688 0.29444367475 0.0 0.29444367475 -1.46648621391 1.11608847205 -1.11608847205 -1.46648621391 
64.878071814 58.44937766 1.30860161781 137.291487844 27.3345241547 8388608 0.583962681643 0.0 0.583962681643 -0.961578574773 0.887583707986 -0.887583707986 -0.961578574773 
71.6251858904 43.6889873819 2.00024390221 142.009291639 27.2503395081 24510464 0.249939035601 0.0 0.249939035601 -1.57641339167 1.23121748154 -1.23121748154 -1.57641339167 
124.376439306 26.6549480103 1.43116044998 138.003632923 24.7501068115 8388608 0.488228747866 0.0 0.488228747866 -1.06362020084 0.957565821214 -0.957565821214 -1.06362020084 
160.132388159 71.2621619646 1.4294680357 124.470720363 24.6647930145 8388608 0.489385506079 0.0 0.489385506079 -0.809057484794 1.17847564734 -1.17847564734 -0.809057484794 
120.789372072 75.2652364468 1.26824903488 131.93727787 24.5810985565 8388608 0.621714389256 0.0 0.621714389256 -0.847591983428 0.943421138255 -0.943421138255 -0.847591983428 
176.224300677 86.3503889609 1.64854371548 125.270032101 24.4021968842 10485760 0.367958689824 0.0 0.367958689824 -0.951919708702 1.34593656984 -1.34593656984 -0.951919708702 
197.259305741 79.1632786113 1.51641511917 130.065148878 24.3311195374 8388608 0.434874345694 0.0 0.434874345694 -0.976053078099 1.16053229269 -1.16053229269 -0.976053078099 
239.860547076 69.2974506033 2.11121630669 134.169845836 24.2878017426 11731200 0.22435437182 0.0 0.22435437182 -1.47106956263 1.51432778338 -1.51432778338 -1.47106956263 
172.682083212 121.04957933 1.73130178452 129.911229996 23.4790592194 14090240 0.333621819561 0.0 0.333621819561 -1.11080319712 1.32797670399 -1.32797670399 -1.11080319712 
74.3557803884 61.690145381 2.03906846046 133.265411893 22.8792266846 9175296 0.240511798344 0.0 0.240511798344 -1.39753447559 1.48482240554 -1.48482240554 -1.39753447559 
168.820655109 58.3930611543 1.78877210617 130.327378662 22.5538425446 16449536 0.312528747975 0.0 0.312528747975 -1.15761128303 1.36368682813 -1.36368682813 -1.15761128303 
56.0159639399 63.1587746752 2.06808495522 132.370763246 21.4446125031 10223872 0.233810090236 0.0 0.233810090236 -1.39373515144 1.5278997708 -1.5278997708 -1.39373515144 
56.5957509077 59.5300257336 1.59393727779 133.715006819 21.0532608032 8388608 0.393602224827 0.0 0.393602224827 -1.10152501723 1.15207581432 -1.15207581432 -1.10152501723 
215.309623547 96.2882164314 2.59296989441 130.729910604 20.937915802 9830912 0.148732216847 0.0 0.148732216847 -1.69189753239 1.96493654177 -1.96493654177 -1.69189753239 
167.099784754 82.0776623158 1.65458595753 136.473852491 20.8178367615 10813440 0.365276162601 0.0 0.365276162601 -1.19967435564 1.13948941692 -1.13948941692 -1.19967435564 
138.046989548 48.7198017061 1.4960372448 131.722706877 20.2693977356 8388608 0.446802082447 0.0 0.446802082447 -0.995651986197 1.11660403018 -1.11660403018 -0.995651986197 
144.399728079 101.545557088 1.39329516888 131.191697609 20.1524887085 8388608 0.515126316586 0.0 0.515126316586 -0.91759692479 1.04846903208 -1.04846903208 -0.91759692479 
209.209791948 107.955729319 1.33792233467 131.490999033 19.8239173889 8388608 0.558647928317 0.0 0.558647928317 -0.886376733267 1.00218384558 -1.00218384558 -0.886376733267 
85.1623083564 56.3325978377 2.83054566383 130.208791026 19.5361251831 16187904 0.124812956005 0.0 0.124812956005 -1.82732915222 2.16167919094 -2.16167919094 -1.82732915222 
222.59953353 146.87527979 2.69536852837 115.907354086 18.8126888275 12648960 0.137646031185 0.0 0.137646031185 -1.17765299364 2.4244885915 -2.4244885915 -1.17765299364 
31.9219870605 92.2959418817 1.31523680687 133.014946485 18.383682251 8388608 0.578085520811 0.0 0.578085520811 -0.897240242129 0.961669281016 -0.961669281016 -0.897240242129 
229.886563491 32.0953523634 1.32257699966 132.117104001 18.1385173798 8388608 0.571686673248 0.0 0.571686673248 -0.886983731498 0.981055441908 -0.981055441908 -0.886983731498 
211.582298715 153.723333597 2.71642589569 116.650852805 17.4632434845 13238784 0.135520275576 0.0 0.135520275576 -1.21845967265 2.42782323757 -2.42782323757 -1.21845967265 
41.7470456989 59.766169033 1.5933624506 136.14948822 16.3555526733 8388608 0.393886270776 0.0 0.393886270776 -1.14905294317 1.103848374 -1.103848374 -1.14905294317 
129.723553657 128.779096408 1.89337980747 141.454282996 15.4024944305 20512768 0.278948813004 0.0 0.278948813004 -1.48083354519 1.17983859353 -1.17983859353 -1.48083354519 
181.206251761 50.814189372 1.69423854351 124.679867148 15.300951004 12517376 0.348378130903 0.0 0.348378130903 -0.964005804699 1.39324694538 -1.39324694538 -0.964005804699 
205.978693038 152.672316971 1.18528664112 119.456695527 14.8271846771 8388608 0.711792193555 0.0 0.711792193555 -0.582883195982 1.03206182056 -1.03206182056 -0.582883195982 
113.479364214 79.4973040862 1.27670776844 131.41649854 14.7362518311 8388608 0.613503434148 0.0 0.613503434148 -0.844577726328 0.957429470085 -0.957429470085 -0.844577726328 
113.464839899 59.1754783569 1.65196359158 132.841386739 14.7322998047 10682368 0.36643677905 0.0 0.36643677905 -1.12328754284 1.21128394854 -1.21128394854 -1.12328754284 
171.803433294 35.6069375375 1.25571537018 131.716125335 14.6485891342 8388608 0.634187356936 0.0 0.634187356936 -0.835603816451 0.937329906082 -0.937329906082 -0.835603816451 
245.212681623 53.1586651913 1.28244745731 137.956084212 14.3322048187 8388608 0.608024162693 0.0 0.608024162693 -0.95238618064 0.858855077237 -0.858855077237 -0.95238618064 
200.999892539 156.428165011 1.57924485207 116.441728877 13.6801052094 8388608 0.400960010088 0.0 0.400960010088 -0.703217855815 1.41403640336 -1.41403640336 -0.703217855815 
229.097479764 53.7953346311 1.2960498333 136.401601053 13.4114818573 8388608 0.595328397204 0.0 0.595328397204 -0.93858779544 0.893755067478 -0.893755067478 -0.93858779544 
152.06778611 59.7078586797 1.73331320286 131.772983405 12.9171962738 14155776 0.332847967858 0.0 0.332847967858 -1.15470011992 1.29268801041 -1.29268801041 -1.15470011992 
62.9286927302 134.213049463 1.39415192604 128.650701871 12.9028568268 8388608 0.514493383338 0.0 0.514493383338 -0.870746766705 1.08878816175 -1.08878816175 -0.870746766705 
183.246567082 99.0422614195 1.34041881561 130.51474589 11.9587230682 8388608 0.556568943534 0.0 0.556568943534 -0.870794676714 1.01903838606 -1.01903838606 -0.870794676714 
153.558879176 30.2573416374 1.34749627113 137.318070609 11.5135087967 8388608 0.550737762582 0.0 0.550737762582 -0.990582837727 0.913505250296 -0.913505250296 -0.990582837727 
113.645362287 130.869691841 2.34239721298 147.153581288 11.5076808929 19202304 0.182254774676 0.0 0.182254774676 -1.96791221548 1.2704905413 -1.2704905413 -1.96791221548 
143.744688842 131.352842853 1.75766527653 135.13853571 10.7649021149 15138816 0.323688785961 0.0 0.323688785961 -1.24585850946 1.23984829665 -1.23984829665 -1.24585850946 
44.3666260699 90.7923966088 2.09121227264 132.125997601 10.7325782776 11010304 0.228667141097 0.0 0.228667141097 -1.40270827107 1.55099267424 -1.55099267424 -1.40270827107 
158.842936968 57.4216082101 1.36954271793 122.185519109 10.000453949 8388608 0.533149288423 0.0 0.533149288423 -0.729503901234 1.15908209991 -1.15908209991 -0.729503901234 
151.138465041 51.3586817009 1.28919994831 128.258162697 9.94463348389 8388608 0.60167150117 0.0 0.60167150117 -0.798280116223 1.01231682924 -1.01231682924 -0.798280116223 
241.595661882 79.0140730665 2.52300739288 131.145620073 9.6379699707 24576256 0.157095213867 0.0 0.157095213867 -1.66007589014 1.89992482576 -1.89992482576 -1.66007589014 
200.047304194 93.0150823695 1.98436760902 133.061462804 8.40999031067 23920640 0.253954399652 0.0 0.253954399652 -1.35489149947 1.44982200025 -1.44982200025 -1.35489149947 
143.831196261 54.3380937632 1.5405561924 121.253854186 8.20519065857 8388608 0.421351856696 0.0 0.421351856696 -0.799287948454 1.3169860126 -1.3169860126 -0.799287948454 
220.411678153 97.199059339 1.27696931362 131.645124261 8.15043067932 8388608 0.613252147867 0.0 0.613252147867 -0.848565196691 0.954247208483 -0.954247208483 -0.848565196691 
200.510086556 55.4173500818 1.36180484295 122.808748564 7.93076753616 8388608 0.539225288368 0.0 0.539225288368 -0.737875639406 1.14457501766 -1.14457501766 -0.737875639406 
48.0175236664 114.600053843 1.80498480797 128.502368711 7.89000415802 17104896 0.306939582566 0.0 0.306939582566 -1.12368786016 1.41254937964 -1.41254937964 -1.12368786016 
195.244807827 136.365461248 1.92847764492 122.865331088 7.27552604675 21889024 0.268887604645 0.0 0.268887604645 -1.04651984319 1.61982167067 -1.61982167067 -1.04651984319 
244.161041373 81.0778718767 1.53194141388 128.630678941 7.09509658813 8388608 0.426104073743 0.0 0.426104073743 -0.95638791676 1.19673165256 -1.19673165256 -0.95638791676 
111.341938469 154.352630254 1.25302457809 128.638447533 6.45474052429 8388608 0.636914037026 0.0 0.636914037026 -0.782393414082 0.978739566437 -0.978739566437 -0.782393414082 
217.372823074 120.645907792 1.30810260773 130.886725712 6.24644088745 8388608 0.584408302419 0.0 0.584408302419 -0.85623907292 0.988932294118 -0.988932294118 -0.85623907292 
67.4429465829 162.440116272 1.3712387085 127.128261634 6.01149177551 8388608 0.531831272859 0.0 0.531831272859 -0.827681507443 1.0932698285 -1.0932698285 -0.827681507443 
39.8051084306 148.136404997 1.7170573473 125.578109145 5.93355464935 13434880 0.339180127849 0.0 0.339180127849 -0.999005030033 1.39652242513 -1.39652242513 -0.999005030033 
131.664674807 161.970515027 1.31198894978 125.724578042 5.52808475494 8388608 0.580951189923 0.0 0.580951189923 -0.766056591967 1.06511609801 -1.06511609801 -0.766056591967 
242.624427482 113.642073716 1.30055582523 123.868247864 5.43647766113 8388608 0.591210315006 0.0 0.591210315006 -0.724780315125 1.07987913646 -1.07987913646 -0.724780315125 
74.9947984372 159.000134762 1.673609972 129.110760725 5.2229347229 11599872 0.357019132369 0.0 0.357019132369 -1.05574922935 1.29860074816 -1.29860074816 -1.05574922935 
227.839165013 121.924852273 1.33726525307 123.809586833 5.20930290222 8388608 0.559197060151 0.0 0.559197060151 -0.744100722421 1.11112216788 -1.11112216788 -0.744100722421 
188.217136157 142.700339945 1.57611656189 126.280276303 5.16559886932 8388608 0.402553247648 0.0 0.402553247648 -0.932644449947 1.27055804537 -1.27055804537 -0.932644449947 
88.7151430759 158.489868058 1.49686086178 130.559221401 4.90989494324 8388608 0.446310530358 0.0 0.446310530358 -0.973309321585 1.1372165159 -1.1372165159 -0.973309321585 
88.553620455 152.605329077 1.20825517178 131.054164616 4.76649093628 8388608 0.684987544403 0.0 0.684987544403 -0.793548408663 0.911131979041 -0.911131979041 -0.793548408663 
80.153994267 155.181623571 1.39955604076 130.061103128 4.66876125336 8388608 0.510527821067 0.0 0.510527821067 -0.900760135731 1.07116212084 -1.07116212084 -0.900760135731 
177.2345953 140.908909712 1.49736833572 131.30749044 4.64238071442 8388608 0.446008062915 0.0 0.446008062915 -0.988412654556 1.12478991689 -1.12478991689 -0.988412654556 
43.1694910951 155.868234584 1.55738079548 128.656646951 4.50629138947 8388608 0.412297185396 0.0 0.412297185396 -0.972820969562 1.216163765 -1.216163765 -0.972820969562 
235.577001973 91.6020185832 1.52732396126 130.692931438 4.46873664856 8388608 0.428684390099 0.0 0.428684390099 -0.995822657877 1.15803960066 -1.15803960066 -0.995822657877 
253.225356999 162.020323854 1.18832433224 126.918215065 4.32263946533 8388608 0.708157762848 0.0 0.708157762848 -0.713796035004 0.95005786087 -0.95005786087 -0.713796035004 
207.717458693 84.6866880231 1.27152514458 134.567284801 4.18523216248 8388608 0.618514797626 0.0 0.618514797626 -0.892288167629 0.905868654497 -0.905868654497 -0.892288167629 
61.5958559309 152.755602525 2.19735097885 132.374134191 4.15809726715 14614784 0.207110032564 0.0 0.207110032564 -1.48094632759 1.62331429461 -1.62331429461 -1.48094632759 
233.212943331 113.619625355 1.99073266983 128.579957595 3.87436676025 24182784 0.25233303575 0.0 0.25233303575 -1.2414331917 1.55623269252 -1.55623269252 -1.2414331917 
28.0755681177 161.219822865 1.60900008678 126.910604749 3.77253055573 8781824 0.38626722979 0.0 0.38626722979 -0.966314329218 1.28651385396 -1.28651385396 -0.966314329218 
60.218164734 156.530150205 1.36623466015 129.662343411 3.02861022949 8388608 0.53573423801 0.0 0.53573423801 -0.872015674841 1.05175368287 -1.05175368287 -0.872015674841 
211.180018452 130.672748623 1.34230577946 125.530374513 2.68986129761 8388608 0.555005235316 0.0 0.555005235316 -0.780060151583 1.09237858157 -1.09237858157 -0.780060151583 
243.381399747 154.822501211 1.37005674839 123.831043518 2.3046875 8388608 0.532749299793 0.0 0.532749299793 -0.762773300486 1.13808276759 -1.13808276759 -0.762773300486 
