13
118
89.2291677517 61.4656403958 1.96811556816 328.111785889 182.929626465 23330816 0.258165857745 0.0 0.258165857745 1.67108829636 -1.03968398823 1.03968398823 1.67108829636 
217.794862148 57.5961340278 2.99586129189 232.65965271 145.30229187 20316672 0.111418317655 0.0 0.111418317655 -1.81713492375 -2.38184918689 2.38184918689 -1.81713492375 
209.804180571 57.2798193028 5.34803104401 301.952484131 136.834518433 12059137 0.0349632794079 0.0 0.0349632794079 2.83026246699 -4.53773626554 4.53773626554 2.83026246699 
56.5636556149 86.3119400811 1.33227908611 18.1196594238 134.078582764 8388608 0.563390577203 0.0 0.563390577203 1.26621013502 0.41434219827 -0.41434219827 1.26621013502 
74.8215338888 80.3062666569 4.36829137802 48.6093444824 122.166000366 14156033 0.0524054918274 0.0 0.0524054918274 2.88826847695 3.27717481505 -3.27717481505 2.88826847695 
109.524113013 58.0046079882 1.5915043354 47.1846923828 109.446083069 8388608 0.394806548899 0.0 0.394806548899 1.08164572439 1.16744532057 -1.16744532057 1.08164572439 
66.9448827268 104.671902302 5.48595046997 9.24053955078 108.027801514 13894145 0.0332273905023 0.0 0.0332273905023 5.41475871071 0.880931702099 -0.880931702099 5.41475871071 
187.288000435 75.5649850738 1.45852589607 89.4475097656 106.290061951 8388608 0.470079931888 0.0 0.470079931888 0.0140640171599 1.45845808748 -1.45845808748 0.0140640171599 
97.9783315278 73.2441250821 4.23533391953 64.1696472168 101.423225403 11927809 0.0557474089942 0.0 0.0557474089942 1.84536881869 3.81217357067 -3.81217357067 1.84536881869 
88.6056584067 75.6039318927 2.95441818237 76.1838684082 96.0732574463 19268096 0.114566083071 0.0 0.114566083071 0.705535359942 2.86893824475 -2.86893824475 0.705535359942 
158.30180954 106.020523696 2.74837899208 239.141571045 95.7932510376 14090752 0.132387432469 0.0 0.132387432469 -1.40969455804 -2.3593109878 2.3593109878 -1.40969455804 
194.098334674 46.1496441364 2.04667162895 142.545303345 94.3592147827 9437440 0.238728165761 0.0 0.238728165761 -1.62471841692 1.24465048205 -1.24465048205 -1.62471841692 
147.960659034 111.317381921 2.72840380669 240.747558594 93.5967788696 13566464 0.134332997728 0.0 0.134332997728 -1.33325748951 -2.38046461831 2.38046461831 -1.33325748951 
102.932148704 72.7544689857 1.35261487961 62.0955200195 91.6237640381 8388608 0.546577410473 0.0 0.546577410473 0.633022295835 1.19534504873 -1.19534504873 0.633022295835 
215.72303946 107.238279201 1.46678292751 29.2943725586 89.962097168 8388608 0.464802341528 0.0 0.464802341528 1.27920681643 0.717692188368 -0.717692188368 1.27920681643 
204.478709648 120.307344869 1.56517481804 84.9223022461 86.6653900146 8388608 0.408201217852 0.0 0.408201217852 0.138528275761 1.55903243322 -1.55903243322 0.138528275761 
51.8916997707 128.548975955 3.99793601036 183.656921387 84.5036697388 24444929 0.0625645496331 0.0 0.0625645496331 -3.98979563576 -0.254996329088 0.254996329088 -3.98979563576 
107.419669659 126.957094881 2.32225584984 47.4879150391 82.9086303711 18612480 0.185429944742 0.0 0.185429944742 1.56925440683 1.7118156556 -1.7118156556 1.56925440683 
47.0543294073 114.768019127 1.66436803341 335.234375 79.7232894897 11206656 0.36099506766 0.0 0.36099506766 1.51129438829 -0.697216051563 0.697216051563 1.51129438829 
45.123937064 141.699025458 1.91545701027 137.918182373 79.2189178467 21364736 0.272555645068 0.0 0.272555645068 -1.42163027698 1.28372228842 -1.28372228842 -1.42163027698 
46.4703883549 132.861860048 1.72908246517 192.144546509 77.7219772339 13959168 0.334478792599 0.0 0.334478792599 -1.69038554138 -0.363762137745 0.363762137745 -1.69038554138 
95.9673438936 128.013122584 2.3059296608 83.1895751953 75.80443573 18088192 0.188064961229 0.0 0.188064961229 0.273447823946 2.28965890213 -2.28965890213 0.273447823946 
227.132357445 51.6792974878 1.97165966034 227.726791382 74.560798645 23461888 0.25723857675 0.0 0.25723857675 -1.32626958047 -1.45892111374 1.45892111374 -1.32626958047 
192.378523492 101.267142383 1.38524997234 36.5071105957 73.7738418579 8388608 0.521127149739 0.0 0.521127149739 1.11344042694 0.824116436881 -0.824116436881 1.11344042694 
72.6704896765 58.4367739495 4.32339048386 253.243667603 70.502746582 13435137 0.0534996665761 0.0 0.0534996665761 -1.24644254825 -4.13981717589 4.13981717589 -1.24644254825 
201.707938341 59.2249403623 2.62474489212 89.2188110352 70.1804351807 10748416 0.145152928253 0.0 0.145152928253 0.0357855017628 2.62450093286 -2.62450093286 0.0357855017628 
79.1745754703 145.276093571 1.42024087906 33.2145690918 69.8632049561 8388608 0.495765135899 0.0 0.495765135899 1.18820910041 0.777973835192 -0.777973835192 1.18820910041 
196.084010259 95.1128436621 1.26256620884 40.730255127 69.1610336304 8388608 0.62732367287 0.0 0.62732367287 0.956759907153 0.823822742929 -0.823822742929 0.956759907153 
68.5655134578 75.5498959672 1.59478473663 237.424499512 68.4902801514 8388608 0.39318402035 0.0 0.39318402035 -0.858648856253 -1.34389750273 1.34389750273 -0.858648856253 
184.724334027 95.8657320712 4.18508911133 225.480514526 68.4715576172 11075841 0.057094014454 0.0 0.057094014454 -2.9343827218 -2.98401891947 2.98401891947 -2.9343827218 
198.193570345 58.0267011689 1.27429556847 88.8322753906 67.1777114868 8388608 0.615828316536 0.0 0.615828316536 0.0259691603118 1.27403092526 -1.27403092526 0.0259691603118 
86.3991225236 131.341906827 2.407143116 29.8847045898 66.9472427368 21168384 0.172582269674 0.0 0.172582269674 2.08706479511 1.19937422096 -1.19937422096 2.08706479511 
191.957893835 74.2664577033 1.52008342743 152.118804932 65.4834365845 8388608 0.432777976153 0.0 0.432777976153 -1.34363086749 0.710851403789 -0.710851403789 -1.34363086749 
121.102540012 119.901005736 3.33869552612 56.3159790039 64.1907196045 11403265 0.0897111387943 0.0 0.0897111387943 1.85168188962 2.77815802211 -2.77815802211 1.85168188962 
243.579902507 83.4955134189 4.04502677917 3.46710205078 63.840713501 8585473 0.0611163202294 0.0 0.0611163202294 4.03762311241 0.244624705229 -0.244624705229 4.03762311241 
185.105759924 68.9021982644 1.36988246441 255.264480591 63.5169906616 8388608 0.532884867008 0.0 0.532884867008 -0.348439926477 -1.32482737892 1.32482737892 -0.348439926477 
71.1226712723 130.364285077 3.01094889641 177.768707275 63.0099029541 20644352 0.110304500178 0.0 0.110304500178 -3.00866599932 0.11722696507 -0.11722696507 -3.00866599932 
194.307752529 136.022387204 1.63377463818 359.355407715 62.7633552551 9895936 0.374641341559 0.0 0.374641341559 1.63367124723 -0.0183799979912 0.0183799979912 1.63367124723 
95.240717685 47.4548274203 3.87442803383 241.293457031 60.6083869934 22216705 0.0666169589158 0.0 0.0666169589158 -1.86097945826 -3.39822719153 3.39822719153 -1.86097945826 
183.512542156 93.9967200325 2.07409477234 29.4881591797 60.5531082153 10420480 0.23245709505 0.0 0.23245709505 1.80541123051 1.02096004496 -1.02096004496 1.80541123051 
207.067680221 48.862489943 1.66622388363 298.470153809 59.7626152039 11272192 0.360191358526 0.0 0.360191358526 0.794290436811 -1.46472001842 1.46472001842 0.794290436811 
49.3960752095 106.099252874 1.47025084496 348.750793457 55.0692062378 8388608 0.462612245677 0.0 0.462612245677 1.44200435927 -0.286811741307 0.286811741307 1.44200435927 
146.506330586 98.9264585133 1.83096408844 229.856735229 54.744392395 18087936 0.298291135441 0.0 0.298291135441 -1.18042446654 -1.39965266118 1.39965266118 -1.18042446654 
161.963867981 94.9474592171 1.47689402103 341.853515625 54.2932434082 8388608 0.458459878899 0.0 0.458459878899 1.40343828272 -0.459974929704 0.459974929704 1.40343828272 
187.501083908 115.343387132 1.74021458626 356.472503662 54.1213531494 14417920 0.330213170415 0.0 0.330213170415 1.73691755167 -0.107071120827 0.107071120827 1.73691755167 
194.944552169 127.892439479 2.98813939095 24.2785644531 51.7926597595 20120064 0.111994912496 0.0 0.111994912496 2.72385988366 1.22864329807 -1.22864329807 2.72385988366 
165.449158679 88.7166398079 2.03989362717 218.264038086 51.7550048828 9240832 0.240317256644 0.0 0.240317256644 -1.60165353384 -1.26327826217 1.26327826217 -1.60165353384 
97.3332316419 148.706901875 2.27763152122 89.0871887207 49.4555892944 17170688 0.192767169669 0.0 0.192767169669 0.0362846934388 2.27734247918 -2.27734247918 0.0362846934388 
217.264982217 119.745290197 3.10000038147 56.5389709473 47.8623924255 22741504 0.104058247023 0.0 0.104058247023 1.70924619491 2.58620954493 -2.58620954493 1.70924619491 
180.364392861 117.175746866 1.39504289627 16.3959350586 47.3823165894 8388608 0.51383641156 0.0 0.51383641156 1.33831208645 0.393783495975 -0.393783495975 1.33831208645 
89.7180497213 150.079555919 1.60924601555 65.0733032227 45.5049438477 8781824 0.386149178277 0.0 0.386149178277 0.678230253784 1.45934110523 -1.45934110523 0.678230253784 
177.569124263 113.274320019 2.67009091377 16.1181335449 45.1372947693 11993600 0.140264543376 0.0 0.140264543376 2.56513321442 0.741267212325 -0.741267212325 2.56513321442 
174.328578862 123.378102086 5.44190406799 10.344543457 45.1075820923 13369857 0.033767447771 0.0 0.033767447771 5.35344991399 0.977186729182 -0.977186729182 5.35344991399 
179.772424204 125.586817031 2.00163817406 22.7366943359 43.6186752319 24576000 0.249590959114 0.0 0.249590959114 1.84609237634 0.773626730314 -0.773626730314 1.84609237634 
245.327662179 67.048234881 1.34012877941 2.58572387695 43.5275039673 8388608 0.556809879499 0.0 0.556809879499 1.33876431613 0.0604586741108 -0.0604586741108 1.33876431613 
221.513993284 69.9421973127 1.82228219509 229.481582642 41.4636650085 17760256 0.301140201253 0.0 0.301140201253 -1.18392297 -1.38529375933 1.38529375933 -1.18392297 
147.676358577 126.655072274 2.34830546379 242.930496216 40.6332855225 19398912 0.181338835644 0.0 0.181338835644 -1.06864575943 -2.0910606859 2.0910606859 -1.06864575943 
205.238057649 104.465303124 1.48437678814 20.6077575684 40.5683135986 8388608 0.453849322061 0.0 0.453849322061 1.38939432223 0.522453697978 -0.522453697978 1.38939432223 
118.231740049 141.692035005 4.16696739197 252.36769104 39.9531707764 10748161 0.0575916864469 0.0 0.0575916864469 -1.26220502816 -3.97120330789 3.97120330789 -1.26220502816 
187.264273268 149.071073439 2.42088246346 62.6480712891 37.6651687622 21627136 0.170628900021 0.0 0.170628900021 1.11228593196 2.15023066377 -2.15023066377 1.11228593196 
157.776619077 119.317647179 1.41267693043 241.383209229 37.6189651489 8388608 0.501088336366 0.0 0.501088336366 -0.67660039248 -1.24010806733 1.24010806733 -0.67660039248 
238.283892765 45.9482135542 2.2558426857 277.028442383 37.2800674438 16515328 0.196508970095 0.0 0.196508970095 0.276029516116 -2.23889122756 2.23889122756 0.276029516116 
146.210884359 106.183289142 1.23812675476 282.708190918 37.1129722595 8388608 0.652333652174 0.0 0.652333652174 0.272370135084 -1.20779649377 1.20779649377 0.272370135084 
183.524417747 46.6945843935 1.17488527298 354.898864746 36.0508117676 8388608 0.724451106303 0.0 0.724451106303 1.17023190943 -0.10446378714 0.10446378714 1.17023190943 
132.26518078 135.219479507 3.5746243 247.231704712 35.6910362244 16384001 0.0782598828268 0.0 0.0782598828268 -1.38339895243 -3.29608043357 3.29608043357 -1.38339895243 
198.857614012 34.1687111301 3.13756418228 285.297393799 35.4598503113 23659008 0.101581533067 0.0 0.101581533067 0.827780969941 -3.02639846414 3.02639846414 0.827780969941 
117.107373324 134.676540715 1.34649813175 254.852798462 34.8131713867 8388608 0.551554572919 0.0 0.551554572919 -0.35183968982 -1.29971768145 1.29971768145 -0.35183968982 
120.41328732 135.027971902 1.96280765533 253.136703491 34.0122833252 23134208 0.259564033167 0.0 0.259564033167 -0.569389307011 -1.87840616186 1.87840616186 -0.569389307011 
93.8295067195 138.530451276 1.28193497658 263.5574646 34.0007286072 8388608 0.608510401013 0.0 0.608510401013 -0.143841639005 -1.27383941965 1.27383941965 -0.143841639005 
201.212618552 111.763391316 1.4985550642 70.9736328125 31.7331809998 8388608 0.445301941525 0.0 0.445301941525 0.488533809495 1.41668697934 -1.41668697934 0.488533809495 
204.169995333 110.893908704 2.03793501854 65.9345703125 31.6490917206 9175296 0.240779404485 0.0 0.240779404485 0.831028353559 1.86079848865 -1.86079848865 0.831028353559 
208.26464774 127.552912598 1.58463871479 32.1471557617 31.4538726807 8388608 0.398235045153 0.0 0.398235045153 1.34168869105 0.843179288594 -0.843179288594 1.34168869105 
94.1130216578 140.07081048 1.94217586517 262.827972412 30.9392986298 22347776 0.265108037043 0.0 0.265108037043 -0.242478438109 -1.92697983859 1.92697983859 -0.242478438109 
87.9698377955 114.880554576 2.91603064537 266.566925049 30.9012107849 18350592 0.117602304578 0.0 0.117602304578 -0.174619538632 -2.91079761259 2.91079761259 -0.174619538632 
74.8657832112 128.204983414 1.37315487862 279.930541992 30.0026779175 8388608 0.530348019698 0.0 0.530348019698 0.236806321336 -1.35258163777 1.35258163777 0.236806321336 
192.805618727 83.5275039607 1.33609950542 227.226852417 29.2299118042 8388608 0.560173285404 0.0 0.560173285404 -0.90734164356 -0.980761454309 0.980761454309 -0.90734164356 
187.91429495 106.378185533 1.3473123312 331.959259033 28.0865058899 8388608 0.550888150254 0.0 0.550888150254 1.18915611332 -0.633370551853 0.633370551853 1.18915611332 
169.606902497 112.841857765 1.3924305439 238.897232056 26.6722831726 8388608 0.515766247049 0.0 0.515766247049 -0.719294382557 -1.1922576948 1.1922576948 -0.719294382557 
205.816504546 94.2951097751 1.17546582222 155.253601074 26.6268234253 8388608 0.723735686642 0.0 0.723735686642 -1.06752219046 0.492053119175 -0.492053119175 -1.06752219046 
115.780508973 148.731414012 1.62435853481 247.47593689 23.9234046936 9437184 0.378997382566 0.0 0.378997382566 -0.622245314269 -1.50045040521 1.50045040521 -0.622245314269 
130.243354143 110.640455681 1.45638978481 32.7720947266 23.2881145477 8388608 0.47145989135 0.0 0.47145989135 1.22457671322 0.788341980833 -0.788341980833 1.22457671322 
41.6797274007 101.923089187 1.68998479843 196.358093262 17.7165870667 12320768 0.350134095538 0.0 0.350134095538 -1.62157459479 -0.475966860664 0.475966860664 -1.62157459479 
102.924777031 91.8035465225 4.11270666122 278.012817383 16.1396713257 9765121 0.0591213756642 0.0 0.0591213756642 0.573289206562 -4.07255393665 4.07255393665 0.573289206562 
38.0826265355 110.32955489 1.95209228992 193.933944702 13.7648582458 22740992 0.262421436021 0.0 0.262421436021 -1.89465000051 -0.470069871334 0.470069871334 -1.89465000051 
226.263856675 87.4611396485 1.91645681858 119.558013916 11.0715904236 21430272 0.272271336739 0.0 0.272271336739 -0.945396910898 1.66704271641 -1.66704271641 -0.945396910898 
30.859700359 154.025315281 1.31182610989 129.719818115 10.1733207703 8388608 0.581095428399 0.0 0.581095428399 -0.838301365564 1.00902852441 -1.00902852441 -0.838301365564 
172.877851212 45.992408065 1.30446863174 82.5133666992 10.1098365784 8388608 0.587668915685 0.0 0.587668915685 0.169965598984 1.29334840873 -1.29334840873 0.169965598984 
28.1263927737 123.149184762 2.22286701202 214.551635742 8.45664596558 15401216 0.202382538184 0.0 0.202382538184 -1.83078750537 -1.26069618201 1.26069618201 -1.83078750537 
34.9880947433 102.83042098 1.52646696568 196.04119873 7.17683029175 8388608 0.42916587285 0.0 0.42916587285 -1.46703130221 -0.421806301099 0.421806301099 -1.46703130221 
132.425819407 152.293394056 1.98965871334 239.573577881 7.13342857361 24117248 0.252605512468 0.0 0.252605512468 -1.00762576918 -1.71564335014 1.71564335014 -1.00762576918 
40.9706824536 73.6888998011 2.01832032204 248.651184082 6.87471389771 8454400 0.245482090992 0.0 0.245482090992 -0.734759215887 -1.87982600711 1.87982600711 -0.734759215887 
151.13844229 135.425867378 1.33367800713 220.969619751 6.86922836304 8388608 0.562209294216 0.0 0.562209294216 -1.00700336823 -0.874437672483 0.874437672483 -1.00700336823 
31.7371854875 158.925927223 1.42978835106 126.825469971 6.80084609985 8388608 0.489166256656 0.0 0.489166256656 -0.856985815977 1.14449553954 -1.14449553954 -0.856985815977 
35.6152115927 67.0899719485 3.00820636749 236.373062134 6.47612380981 20578816 0.110505717211 0.0 0.110505717211 -1.66589381665 -2.50481602939 2.50481602939 -1.66589381665 
30.1935534071 59.8860276202 3.99059128761 227.809234619 6.44882202148 24313857 0.0627950629143 0.0 0.0627950629143 -2.68008582477 -2.95668036768 2.95668036768 -2.68008582477 
47.1790270217 69.3945993018 1.72014868259 189.341598511 6.37565231323 13565952 0.337962119956 0.0 0.337962119956 -1.69733628912 -0.279214992178 0.279214992178 -1.69733628912 
40.2471089847 60.5479376156 3.10321927071 209.169845581 6.29257202148 22872576 0.103842485117 0.0 0.103842485117 -2.70966501182 -1.51250962502 1.51250962502 -2.70966501182 
136.424445883 147.454144139 1.3786958456 237.704544067 6.22483062744 8388608 0.526093657589 0.0 0.526093657589 -0.736616938494 -1.16541740188 1.16541740188 -0.736616938494 
58.0072890465 63.3025138721 1.52570581436 259.488983154 6.11319732666 8388608 0.429594188253 0.0 0.429594188253 -0.278326246359 -1.50010424057 1.50010424057 -0.278326246359 
203.642757504 148.257469947 1.35620391369 55.8480224609 6.06619262695 8388608 0.543688332732 0.0 0.543688332732 0.761359264752 1.12232843922 -1.12232843922 0.761359264752 
53.1107737038 58.8976091296 2.28682160378 249.639205933 5.94327163696 17498368 0.19122093053 0.0 0.19122093053 -0.795655234127 -2.14394164937 2.14394164937 -0.795655234127 
111.321370931 77.2408627906 1.25195217133 302.556152344 4.93355941772 8388608 0.638005649754 0.0 0.638005649754 0.673707901847 -1.05522599583 1.05522599583 0.673707901847 
207.635074875 35.9970206437 1.27054286003 272.705657959 4.35482025146 8388608 0.619471542029 0.0 0.619471542029 0.0599760911597 -1.26912648214 1.26912648214 0.0599760911597 
207.65381674 154.660188732 1.23431718349 67.2842712402 3.82205200195 8388608 0.656366564572 0.0 0.656366564572 0.476643036952 1.13857381175 -1.13857381175 0.476643036952 
252.38314858 132.689660271 1.29875969887 39.9777526855 3.79120254517 8388608 0.59284668039 0.0 0.59284668039 0.995231729164 0.834440267885 -0.834440267885 0.995231729164 
264.628848872 83.9565830116 1.66366875172 302.125518799 3.57019805908 11206656 0.361298601996 0.0 0.361298601996 0.88469882121 -1.40893637585 1.40893637585 0.88469882121 
262.198531607 75.7184794253 1.9002301693 0.441741943359 3.55707168579 20774912 0.276941207908 0.0 0.276941207908 1.90017369302 0.0146503470055 -0.0146503470055 1.90017369302 
265.163836537 63.7856365226 1.73203849792 5.74261474609 3.55457305908 14090240 0.333338071368 0.0 0.333338071368 1.72334613096 0.173307447044 -0.173307447044 1.72334613096 
264.979794778 52.2494147302 1.67054438591 0.16064453125 3.55146408081 11468800 0.358330653475 0.0 0.358330653475 1.67053781971 0.00468382611213 -0.00468382611213 1.67053781971 
257.837475719 154.801464849 1.73313379288 22.5962524414 3.55141448975 14155776 0.332916882721 0.0 0.332916882721 1.60009038531 0.665930554081 -0.665930554081 1.60009038531 
264.347009895 145.523896227 1.69717538357 40.9552612305 3.55125808716 12648448 0.347173487432 0.0 0.347173487432 1.28174355357 1.11244673827 -1.11244673827 1.28174355357 
263.844640894 70.045182419 1.69477713108 9.82568359375 3.54930877686 12517376 0.348156742128 0.0 0.348156742128 1.66991729411 0.289215758306 -0.289215758306 1.66991729411 
265.221539187 140.987785711 1.25637197495 48.4989318848 3.54149246216 8388608 0.633524652518 0.0 0.633524652518 0.832514800097 0.94095145839 -0.94095145839 0.832514800097 
264.589959949 46.5430460956 1.33157742023 354.967895508 3.54145431519 8388608 0.563984483485 0.0 0.563984483485 1.32644512912 -0.11679788318 0.11679788318 1.32644512912 
228.783070446 137.420534508 1.47708952427 44.2739868164 3.44585418701 8388608 0.458338526122 0.0 0.458338526122 1.05761050312 1.03114183622 -1.03114183622 1.05761050312 
143.92717631 58.6563966069 1.521489501 66.9541625977 2.17722129822 8388608 0.43197844846 0.0 0.43197844846 0.595613569158 1.40006241928 -1.40006241928 0.595613569158 
169.927940338 140.639986921 1.97675943375 20.2661437988 1.97193145752 23658496 0.25591300701 0.0 0.25591300701 1.85438572124 0.684712681183 -0.684712681183 1.85438572124 
83.5120595393 103.551555717 1.4081133604 260.702941895 1.79428386688 8388608 0.504341564912 0.0 0.504341564912 -0.227485148998 -1.38961640129 1.38961640129 -0.227485148998 
