13
182
105.380574755 75.3303131616 4.44499063492 65.9739990234 142.922195435 15401217 0.0506125593916 0.0 0.0506125593916 1.80978314 4.05988013748 -4.05988013748 1.80978314 
136.359740622 31.7368724348 1.62906563282 48.7897338867 140.110626221 9633792 0.376810361449 0.0 0.376810361449 1.07326796875 1.22554098393 -1.22554098393 1.07326796875 
104.983434858 42.8590721891 1.83166480064 91.4499206543 139.314620972 18153472 0.29806295367 0.0 0.29806295367 -0.0463469596557 1.83107834383 -1.83107834383 -0.0463469596557 
186.518433646 124.780090299 1.52805483341 49.1787414551 136.912322998 8388608 0.428274406704 0.0 0.428274406704 0.998891626811 1.1563594129 -1.1563594129 0.998891626811 
101.253541946 53.4367337024 3.89234161377 92.9123535156 131.569091797 22544385 0.0660051923825 0.0 0.0660051923825 -0.197763152605 3.88731436518 -3.88731436518 -0.197763152605 
114.664135375 101.646982061 7.66848468781 75.4974060059 127.833938599 21430274 0.0170051665791 0.0 0.0170051665791 1.92037134769 7.42413842099 -7.42413842099 1.92037134769 
201.407982329 44.9931211497 1.96423959732 78.3266906738 127.342041016 23199744 0.25918572376 0.0 0.25918572376 0.397426782119 1.92361356528 -1.92361356528 0.397426782119 
97.0837314674 50.9002731404 2.0841550827 97.2815246582 126.831573486 10748160 0.23021834967 0.0 0.23021834967 -0.264155736048 2.06734712999 -2.06734712999 -0.264155736048 
157.361767747 52.5885534787 3.19360375404 12.6777954102 122.63999939 24904192 0.0980478194993 0.0 0.0980478194993 3.11574264251 0.700894231317 -0.700894231317 3.11574264251 
134.262800085 64.2095139743 1.51001238823 63.4715881348 119.304145813 8388608 0.438570059186 0.0 0.438570059186 0.67443425671 1.35102769993 -1.35102769993 0.67443425671 
89.8084862787 35.5013903183 1.53733670712 70.9929199219 118.158546448 8388608 0.423118491841 0.0 0.423118491841 0.500687490605 1.45351855433 -1.45351855433 0.500687490605 
138.165209476 79.8081757336 4.326608181 99.6781005859 107.564620972 13435137 0.0534201207958 0.0 0.0534201207958 -0.727357414361 4.26503101321 -4.26503101321 -0.727357414361 
220.8896169 89.5872503717 5.19228172302 90.7004089355 106.056373596 9961985 0.0370922777541 0.0 0.0370922777541 -0.0634711661052 5.1918937684 -5.1918937684 -0.0634711661052 
123.243679753 96.7973124777 1.70883595943 80.972869873 102.95539856 13107200 0.342451640634 0.0 0.342451640634 0.268119998153 1.68767058481 -1.68767058481 0.268119998153 
165.265433596 104.403835758 1.89812242985 99.6270446777 100.141944885 20709376 0.277556599193 0.0 0.277556599193 -0.317430865831 1.87139156889 -1.87139156889 -0.317430865831 
105.551647592 51.9634629158 1.99975454807 87.072845459 99.0381469727 24510464 0.25006137428 0.0 0.25006137428 0.102119992851 1.99714540272 -1.99714540272 0.102119992851 
119.027176274 43.1328516788 3.56549835205 268.966125488 98.8202056885 16187393 0.0786610102677 0.0 0.0786610102677 -0.0643341945527 -3.56491789665 3.56491789665 -0.0643341945527 
238.505240625 105.157012683 1.71219289303 90.6988525391 95.6296386719 13238272 0.341110132352 0.0 0.341110132352 -0.020883574521 1.71206553007 -1.71206553007 -0.020883574521 
111.948166762 96.880661127 1.26280128956 83.123626709 94.6627655029 8388608 0.627090131813 0.0 0.627090131813 0.151191979997 1.25371770431 -1.25371770431 0.151191979997 
102.759871164 96.8551150294 1.25737798214 93.8807983398 94.4447784424 8388608 0.632511312999 0.0 0.632511312999 -0.0851005121145 1.2544948357 -1.2544948357 -0.0851005121145 
187.556532403 106.954576747 7.11715555191 354.719970703 93.6535415649 16056322 0.0197418152958 0.0 0.0197418152958 7.08695627863 -0.654945688445 0.654945688445 7.08695627863 
58.0660524576 122.096707249 1.4393389225 164.98260498 93.2981185913 8388608 0.482696178554 0.0 0.482696178554 -1.39018147422 0.372950402284 -0.372950402284 -1.39018147422 
248.383600412 111.867007967 6.13817834854 358.613555908 93.2570953369 22020609 0.0265412268561 0.0 0.0265412268561 6.1363813498 -0.14851723255 0.14851723255 6.1363813498 
61.1768938774 94.7031649764 2.62519717216 48.2554626465 92.8542938232 10748416 0.145102917444 0.0 0.145102917444 1.74788392841 1.95871436548 -1.95871436548 1.74788392841 
223.66940749 89.0150520561 2.57538247108 88.3497314453 92.6957244873 9372160 0.150770553493 0.0 0.150770553493 0.0741675064353 2.57431428799 -2.57431428799 0.0741675064353 
168.310582504 66.5062154734 2.22280716896 96.8491821289 91.3702392578 15401216 0.202393435535 0.0 0.202393435535 -0.265083705957 2.20694411783 -2.20694411783 -0.265083705957 
117.242789135 57.4377299901 2.21722435951 161.393554688 89.180847168 15270144 0.203413942559 0.0 0.203413942559 -2.10133563778 0.707440738034 -0.707440738034 -2.10133563778 
231.245212868 120.765347989 1.33850300312 36.7709960938 86.3413085938 8388608 0.558163328936 0.0 0.558163328936 1.07218708689 0.801252232488 -0.801252232488 1.07218708689 
159.54569012 122.563536896 1.21645975113 28.931854248 85.7827682495 8388608 0.675778720005 0.0 0.675778720005 1.06464034987 0.588485557633 -0.588485557633 1.06464034987 
159.47876368 93.7439836626 2.26339697838 148.594848633 84.4223632812 16711936 0.195199426091 0.0 0.195199426091 -1.93181826311 1.17942531771 -1.17942531771 -1.93181826311 
234.158251522 137.180602277 2.65714454651 80.3564453125 83.2090682983 11600384 0.141634690985 0.0 0.141634690985 0.44512013994 2.61959638152 -2.61959638152 0.44512013994 
159.159028608 134.60869238 1.31646311283 202.227752686 82.529548645 8388608 0.577009031036 0.0 0.577009031036 -1.21863339417 -0.498003793218 0.498003793218 -1.21863339417 
149.176580574 109.21505088 3.57970690727 247.39239502 82.0536651611 16449537 0.0780378077357 0.0 0.0780378077357 -1.3761032643 -3.30463936731 3.30463936731 -1.3761032643 
141.510491413 121.567375709 3.59698176384 209.919555664 82.0436630249 16842753 0.077290039272 0.0 0.077290039272 -3.1175996278 -1.79411548406 1.79411548406 -3.1175996278 
138.462622325 80.9215231564 1.69442689419 98.1728820801 79.9697189331 12517376 0.348300684529 0.0 0.348300684529 -0.240880506101 1.67721766075 -1.67721766075 -0.240880506101 
150.524511998 115.382377156 5.87712049484 218.968109131 79.5417175293 18874881 0.0289514826995 0.0 0.0289514826995 -4.56943838861 -3.69604898826 3.69604898826 -4.56943838861 
93.7581632886 93.8179703102 2.33490276337 101.434783936 78.1439971924 19005696 0.183426636171 0.0 0.183426636171 -0.462900125321 2.28855727225 -2.28855727225 -0.462900125321 
102.992424465 76.5461477299 1.27525222301 70.9643859863 74.2068862915 8388608 0.614904712603 0.0 0.614904712603 0.415930920046 1.20551636325 -1.20551636325 0.415930920046 
142.466574317 115.992758852 2.71474909782 211.111633301 73.8877258301 13173248 0.135687738778 0.0 0.135687738778 -2.3242655338 -1.40273033493 1.40273033493 -2.3242655338 
188.407424927 117.038078207 4.03472852707 8.68292236328 73.4062194824 8388865 0.0614287053127 0.0 0.0614287053127 3.98848621231 0.609107561408 -0.609107561408 3.98848621231 
192.28879794 78.9439948679 6.17185688019 294.085235596 72.8605651855 22413825 0.0262523573193 0.0 0.0262523573193 2.51870529688 -5.63453112308 5.63453112308 2.51870529688 
171.471553342 121.430179487 3.35923099518 98.8528442383 68.2482528687 11862017 0.0886176567955 0.0 0.0886176567955 -0.5169763115 3.31921201075 -3.31921201075 -0.5169763115 
141.516637981 120.88173618 1.47482275963 18.9420776367 66.5696792603 8388608 0.459748517898 0.0 0.459748517898 1.39495700857 0.478745356692 -0.478745356692 1.39495700857 
107.626190886 129.871291242 2.01565051079 277.852905273 60.7060279846 25034752 0.246132823736 0.0 0.246132823736 0.275399019615 -1.99674794645 1.99674794645 0.275399019615 
103.714342695 90.5581070798 1.35922133923 284.663757324 59.5594406128 8388608 0.541277072636 0.0 0.541277072636 0.344081505966 -1.31494888352 1.31494888352 0.344081505966 
81.555631873 94.1218237879 2.44228243828 93.5887451172 59.1608886719 22216960 0.167651802396 0.0 0.167651802396 -0.152873377687 2.43749322845 -2.43749322845 -0.152873377687 
72.5713377521 84.8722701386 1.25849878788 268.904266357 56.5466804504 8388608 0.631385198873 0.0 0.631385198873 -0.0240662648765 -1.25826865732 1.25826865732 -0.0240662648765 
67.105427887 132.917336941 1.41043043137 112.081054688 55.5024719238 8388608 0.502685850064 0.0 0.502685850064 -0.530206015388 1.30697956486 -1.30697956486 -0.530206015388 
113.343742072 45.4232108671 1.31598651409 173.392776489 53.5248985291 8388608 0.577427046831 0.0 0.577427046831 -1.30724608318 0.151420551022 -0.151420551022 -1.30724608318 
214.696753646 112.118557355 4.44728136063 263.499755859 53.2794570923 15466753 0.0505604333298 0.0 0.0505604333298 -0.503465370857 -4.41869144894 4.41869144894 -0.503465370857 
73.0732904635 92.881513267 1.76353931427 103.28137207 51.7461242676 15400960 0.321536076823 0.0 0.321536076823 -0.405143752868 1.71637101248 -1.71637101248 -0.405143752868 
143.384920689 69.7165803159 1.75808274746 108.300170898 51.420463562 15138816 0.323535079185 0.0 0.323535079185 -0.552029698363 1.66916690569 -1.66916690569 -0.552029698363 
192.613897729 70.4798081289 2.0446202755 289.846954346 50.8031234741 9371904 0.239207434716 0.0 0.239207434716 0.694166710448 -1.92317566776 1.92317566776 0.694166710448 
159.274178715 45.6760680084 1.32283759117 7.19207763672 50.4504013062 8388608 0.571461457365 0.0 0.571461457365 1.31242953387 0.165614042997 -0.165614042997 1.31242953387 
128.713743993 26.5050810895 1.73595869541 223.397735596 50.0471191406 14286848 0.33183426186 0.0 0.33183426186 -1.26135075621 -1.19270568959 1.19270568959 -1.26135075621 
137.261137049 43.239660613 2.66566205025 279.045593262 48.9057579041 11862528 0.140731015543 0.0 0.140731015543 0.419096376308 -2.63251066351 2.63251066351 0.419096376308 
79.1267959876 99.7776062581 1.29203045368 38.7316589355 48.6650466919 8388608 0.599038174755 0.0 0.599038174755 1.00789332932 0.808389590448 -0.808389590448 1.00789332932 
154.343360936 74.8094445947 1.7002658844 124.145339966 47.6796035767 12779520 0.345912549548 0.0 0.345912549548 -0.954349191217 1.4071679711 -1.4071679711 -0.954349191217 
125.423402431 120.572744342 2.09140133858 268.588378906 47.1369895935 11010304 0.228625799235 0.0 0.228625799235 -0.0515215537104 -2.09076662698 2.09076662698 -0.0515215537104 
72.4823424274 99.6255048508 1.43855404854 100.72277832 46.5587387085 8388608 0.483223039556 0.0 0.483223039556 -0.267653403042 1.41343532091 -1.41343532091 -0.267653403042 
184.856192104 67.6678954193 1.54173696041 281.453887939 45.9765968323 8388608 0.420706703482 0.0 0.420706703482 0.306156922116 -1.51103302219 1.51103302219 0.306156922116 
155.245741555 147.827866036 1.78265190125 80.6623535156 45.236618042 16187392 0.314678380658 0.0 0.314678380658 0.289239201294 1.75903055273 -1.75903055273 0.289239201294 
150.634687019 72.5284567717 2.34422969818 119.717269897 45.2290840149 19267840 0.181969948797 0.0 0.181969948797 -1.16208263805 2.03592161445 -2.03592161445 -1.16208263805 
167.237609366 94.1738541862 5.1489033699 180.580535889 44.7892189026 9306625 0.0377198986457 0.0 0.0377198986457 -5.14863907188 -0.0521691488262 0.0521691488262 -5.14863907188 
116.577579102 30.0986401244 1.87374675274 265.034423828 44.4441146851 19791872 0.284825070519 0.0 0.284825070519 -0.162186280243 -1.86671436055 1.86671436055 -0.162186280243 
249.540053265 124.2507225 2.60508728027 5.51501464844 44.3386306763 10158592 0.147351799258 0.0 0.147351799258 2.59302845454 0.250366075552 -0.250366075552 2.59302845454 
126.856369216 130.680199658 1.68666243553 268.217285156 43.6705856323 12189696 0.351514832077 0.0 0.351514832077 -0.0524707588908 -1.68584607568 1.68584607568 -0.0524707588908 
117.207619912 128.801550866 1.2829015255 278.448577881 43.6531143188 8388608 0.607593832596 0.0 0.607593832596 0.188486104533 -1.2689796344 1.2689796344 0.188486104533 
56.6247086061 114.429968839 1.41307771206 274.059082031 43.582321167 8388608 0.500804136114 0.0 0.500804136114 0.100024847942 -1.40953313197 1.40953313197 0.100024847942 
167.611370909 133.952229421 1.75998747349 279.827941895 43.1679763794 15269888 0.322835173949 0.0 0.322835173949 0.300412333512 -1.73415925933 1.73415925933 0.300412333512 
60.8643131232 110.163988044 2.96979117393 274.385437012 42.2310180664 19661312 0.113383060509 0.0 0.113383060509 0.227086871904 -2.9610962783 2.9610962783 0.227086871904 
88.2214707194 85.615946949 1.30972194672 255.715301514 40.9115905762 8388608 0.582964072038 0.0 0.582964072038 -0.32316107713 -1.26922751937 1.26922751937 -0.32316107713 
105.311439299 67.990938841 1.3031244278 250.207427979 39.9168205261 8388608 0.588881930013 0.0 0.588881930013 -0.441258701873 -1.22614192993 1.22614192993 -0.441258701873 
59.2933155402 85.7598773359 1.27053928375 315.936767578 39.2840194702 8388608 0.619475029376 0.0 0.619475029376 0.912974878849 -0.883598858164 0.883598858164 0.912974878849 
230.044082422 127.840074328 1.59743177891 329.08291626 37.9202003479 8388608 0.391882039979 0.0 0.391882039979 1.37045548698 -0.820755777604 0.820755777604 1.37045548698 
210.313762946 79.1163775808 1.70802748203 308.015991211 37.7736740112 13107200 0.342775909349 0.0 0.342775909349 1.05194233053 -1.34565047936 1.34565047936 1.05194233053 
181.664812152 133.145732434 1.32875418663 269.857513428 37.3631248474 8388608 0.56638365034 0.0 0.56638365034 -0.00330442199923 -1.32875007781 1.32875007781 -0.00330442199923 
181.927188352 117.656984459 1.55727577209 34.8127746582 37.3423919678 8388608 0.41235279829 0.0 0.41235279829 1.27855757944 0.889043500858 -0.889043500858 1.27855757944 
17.6525436857 149.231843059 1.75756275654 102.280761719 36.3856468201 15138816 0.323726549095 0.0 0.323726549095 -0.373837658919 1.71734453385 -1.71734453385 -0.373837658919 
169.010408352 86.3669350556 2.71069455147 311.439941406 36.1533546448 13042176 0.136093954723 0.0 0.136093954723 1.79403148162 -2.03207184772 2.03207184772 1.79403148162 
175.618471892 133.282500965 1.2849214077 269.328430176 35.9448928833 8388608 0.605685072519 0.0 0.605685072519 -0.0150603533609 -1.2848331447 1.2848331447 -0.0150603533609 
196.257475113 82.8362584416 1.34164834023 100.50680542 34.3027839661 8388608 0.555549299815 0.0 0.555549299815 -0.244652677079 1.31915326495 -1.31915326495 -0.244652677079 
48.8602482068 125.206645171 2.23228883743 168.430053711 30.6913013458 15728896 0.200677750825 0.0 0.200677750825 -2.18693003969 0.447716936482 -0.447716936482 -2.18693003969 
170.104718431 54.6937927037 2.24533247948 271.419036865 28.0590114594 16122112 0.198352958618 0.0 0.198352958618 0.0556041625507 -2.24464387387 2.24464387387 0.0556041625507 
93.4475877905 25.704753583 2.5138027668 281.091461182 27.626537323 24314112 0.158247770535 0.0 0.158247770535 0.48359462187 -2.46684831152 2.46684831152 0.48359462187 
127.081430918 57.0167212804 1.74842679501 9.03387451172 27.4212322235 14745600 0.327118490102 0.0 0.327118490102 1.72673875045 0.274535143787 -0.274535143787 1.72673875045 
49.0604481683 88.2555749888 2.2573325634 191.672058105 27.1658706665 16515328 0.196249657206 0.0 0.196249657206 -2.21065451309 -0.456680331899 0.456680331899 -2.21065451309 
114.403510041 108.425337848 2.69339895248 17.3735046387 26.726228714 12583424 0.137847414962 0.0 0.137847414962 2.57052208531 0.804247552798 -0.804247552798 2.57052208531 
108.424668913 58.9677121918 1.56037092209 161.97706604 26.0174751282 8388608 0.410718535672 0.0 0.410718535672 -1.48380781027 0.482775099482 -0.482775099482 -1.48380781027 
51.0739937636 91.9489714541 1.38077485561 181.03742981 25.7349662781 8388608 0.524510589138 0.0 0.524510589138 -1.38054851985 -0.0249997248956 0.0249997248956 -1.38054851985 
100.823308194 28.249722704 2.02795386314 279.357421875 25.2450428009 8782080 0.243155366635 0.0 0.243155366635 0.329730630667 -2.00096841111 2.00096841111 0.329730630667 
95.9769145848 60.9329416625 2.28907680511 252.152450562 25.0787563324 17563904 0.190844333932 0.0 0.190844333932 -0.701568543148 -2.17891583109 2.17891583109 -0.701568543148 
237.616734002 94.7243213172 1.61501955986 256.645233154 24.1603889465 9043968 0.383393218646 0.0 0.383393218646 -0.373036986084 -1.57134706088 1.57134706088 -0.373036986084 
139.034186931 100.492847717 2.09993243217 229.313171387 24.0218410492 11337984 0.226771962226 0.0 0.226771962226 -1.36899656846 -1.5923456331 1.5923456331 -1.36899656846 
57.946883719 105.848590416 1.79518091679 36.819519043 23.4576797485 16711680 0.310301270747 0.0 0.310301270747 1.43709125007 1.07584537131 -1.07584537131 1.43709125007 
72.2117237373 144.650555597 2.27007865906 102.02557373 23.0733699799 16974080 0.194052029045 0.0 0.194052029045 -0.472966943592 2.2202611082 -2.2202611082 -0.472966943592 
138.839531848 89.7280921074 1.88589990139 84.307434082 22.5386829376 20250624 0.281165949459 0.0 0.281165949459 0.187063620525 1.87659948842 -1.87659948842 0.187063620525 
72.6622969242 33.0066343165 4.16222429276 47.1058349609 21.5114326477 10682625 0.0577230194584 0.0 0.0577230194584 2.83300241391 3.04929637556 -3.04929637556 2.83300241391 
203.74774759 32.198744175 3.06069612503 286.247711182 21.2026939392 21824000 0.106747957146 0.0 0.106747957146 0.856354195911 -2.93845508064 2.93845508064 0.856354195911 
240.875743785 88.5208572962 3.24510908127 272.477996826 21.1567726135 9371649 0.0949601518538 0.0 0.0949601518538 0.140304633573 -3.24207457643 3.24207457643 0.140304633573 
103.590453318 82.6721585513 1.49613809586 281.522064209 20.5013961792 8388608 0.446741848777 0.0 0.446741848777 0.29884652566 -1.46598770662 1.46598770662 0.29884652566 
224.243834951 95.8884178674 1.47653615475 110.248641968 20.0481204987 8388608 0.458682138566 0.0 0.458682138566 -0.51102151447 1.38528554025 -1.38528554025 -0.51102151447 
186.024865523 59.5620159873 1.7671020031 280.948669434 19.9629402161 15532032 0.320240873467 0.0 0.320240873467 0.335624784886 -1.73493674038 1.73493674038 0.335624784886 
207.84016946 52.8222637075 1.95577597618 89.6335449219 19.5222549438 22872064 0.261433830197 0.0 0.261433830197 0.0125087599452 1.95573597398 -1.95573597398 0.0125087599452 
209.282746133 38.9254447998 1.15423774719 280.984924316 18.7229976654 8388608 0.750601545001 0.0 0.750601545001 0.219940813834 -1.13308905892 1.13308905892 0.219940813834 
220.550027112 96.68244063 1.69040989876 106.298553467 18.3827610016 12320768 0.349958015874 0.0 0.349958015874 -0.47440082088 1.62247634404 -1.62247634404 -0.47440082088 
14.6671161965 133.356608002 1.54356610775 251.747558594 16.587688446 8388608 0.419710207655 0.0 0.419710207655 -0.483451501265 -1.46590278495 1.46590278495 -0.483451501265 
228.971610196 103.948769696 1.30805790424 215.460296631 15.4905757904 8388608 0.58444824795 0.0 0.58444824795 -1.0654363465 -0.758854974563 0.758854974563 -1.0654363465 
121.60834611 103.501910122 1.5539368391 91.1955566406 15.3808765411 8388608 0.4141267411 0.0 0.4141267411 -0.032422714343 1.55359855417 -1.55359855417 -0.032422714343 
86.1016180969 105.105136567 1.38631117344 54.4090576172 13.4301147461 8388608 0.520329624554 0.0 0.520329624554 0.806825372389 1.12733823144 -1.12733823144 0.806825372389 
89.9317140066 100.562652433 1.44150221348 30.0979003906 13.3104286194 8388608 0.481248482195 0.0 0.481248482195 1.2471441787 0.722883136465 -0.722883136465 1.2471441787 
61.8369924584 75.3939941498 1.30591762066 233.699066162 12.7624969482 8388608 0.586365535865 0.0 0.586365535865 -0.773137595581 -1.0524633439 1.0524633439 -0.773137595581 
27.989010423 30.8854008631 2.33155465126 18.9248352051 12.4818725586 18874624 0.183953815655 0.0 0.183953815655 2.2055221521 0.75618723106 -0.75618723106 2.2055221521 
246.986038046 144.419248822 2.18555903435 261.191680908 12.2885303497 14221568 0.209350940601 0.0 0.209350940601 -0.334673170994 -2.15978289678 2.15978289678 -0.334673170994 
57.3509294617 79.4190872224 1.26032042503 248.592437744 12.0974349976 8388608 0.629561339622 0.0 0.629561339622 -0.46001653638 -1.17336795593 1.17336795593 -0.46001653638 
147.298140094 53.269459833 1.26805055141 99.361907959 11.9758529663 8388608 0.621909033996 0.0 0.621909033996 -0.206273810982 1.25116078737 -1.25116078737 -0.206273810982 
181.296774241 106.40873026 1.26285767555 4.26147460938 11.5645503998 8388608 0.627034134512 0.0 0.627034134512 1.25936628251 0.0938406904722 -0.0938406904722 1.25936628251 
19.4122214664 11.5315000486 1.35226380825 170.734481812 11.054353714 8388608 0.546861249442 0.0 0.546861249442 -1.33462054416 0.217727835169 -0.217727835169 -1.33462054416 
28.37406971 46.1377809078 2.60164904594 30.270690918 10.9503097534 10093056 0.147741524987 0.0 0.147741524987 2.24692336592 1.31145459165 -1.31145459165 2.24692336592 
134.321931528 97.6892222808 1.29494464397 149.491516113 10.6416339874 8388608 0.596345014185 0.0 0.596345014185 -1.11566473637 0.657399290371 -0.657399290371 -1.11566473637 
125.974769076 109.919878517 1.27060210705 119.041595459 9.99757766724 8388608 0.61941377259 0.0 0.61941377259 -0.616806737019 1.11084614758 -1.11084614758 -0.616806737019 
52.8970392511 145.089135982 1.91563487053 102.002593994 8.88262557983 21364736 0.272505035666 0.0 0.272505035666 -0.398367717251 1.87375561881 -1.87375561881 -0.398367717251 
40.5372293268 19.8530414881 1.7862662077 49.7750854492 8.73689651489 16318464 0.313406237175 0.0 0.313406237175 1.15355241927 1.36384155266 -1.36384155266 1.15355241927 
45.374727451 35.6828751693 1.78135299683 103.429534912 8.64007949829 16121856 0.315137454361 0.0 0.315137454361 -0.413718023284 1.73264419213 -1.73264419213 -0.413718023284 
274.19070449 137.388777144 1.29759764671 272.197784424 8.41293334961 8388608 0.593908993106 0.0 0.593908993106 0.0497617907499 -1.296643134 1.296643134 0.0497617907499 
47.7175925032 28.1752690863 1.92632758617 102.992736816 8.27014541626 21757952 0.269488174127 0.0 0.269488174127 -0.433091482966 1.8770108515 -1.8770108515 -0.433091482966 
51.3586118475 45.195797484 1.96526217461 96.8903808594 7.99296951294 23199744 0.258916071716 0.0 0.258916071716 -0.235772832084 1.95106806303 -1.95106806303 -0.235772832084 
130.822555817 101.175135295 1.349848032 139.965179443 7.87470245361 8388608 0.548820398245 0.0 0.548820398245 -1.03351608372 0.86829385244 -0.86829385244 -1.03351608372 
42.0384744097 26.59584154 1.6035785675 101.144470215 7.43884658813 8519680 0.388883497341 0.0 0.388883497341 -0.309945342835 1.57333979376 -1.57333979376 -0.309945342835 
37.7128298487 11.4784688934 1.50736248493 18.6304931641 7.29585838318 8388608 0.440113403655 0.0 0.440113403655 1.4283744654 0.481547554838 -0.481547554838 1.4283744654 
219.994944966 112.484882451 1.33580231667 310.628417969 7.10885047913 8388608 0.560422567382 0.0 0.560422567382 0.869808648282 -1.01380508215 1.01380508215 0.869808648282 
42.1953742825 43.4238279939 1.35358333588 62.4588317871 6.58720016479 8388608 0.54579556433 0.0 0.54579556433 0.625877753929 1.20019368616 -1.20019368616 0.625877753929 
279.43770848 132.166862173 1.35454595089 273.21484375 6.02981948853 8388608 0.54502009515 0.0 0.54502009515 0.0759631691939 -1.35241425976 1.35241425976 0.0759631691939 
58.642364386 22.19646453 2.70390176773 41.2268676758 5.95902633667 12911104 0.136778608308 0.0 0.136778608308 2.03362060049 1.78198541599 -1.78198541599 2.03362060049 
29.140819744 69.6130996899 1.38613557816 16.9710083008 5.80453872681 8388608 0.520461463339 0.0 0.520461463339 1.32577294135 0.404596031873 -0.404596031873 1.32577294135 
255.775811479 22.9509688946 2.01197075844 127.370239258 5.65761566162 24903680 0.247033966132 0.0 0.247033966132 -1.22119205016 1.59897351743 -1.59897351743 -1.22119205016 
266.593283552 44.6080591222 4.13126039505 159.383300781 5.59129714966 10092801 0.0585915329569 0.0 0.0585915329569 -3.86668187694 1.45467649814 -1.45467649814 -3.86668187694 
286.218263545 133.115406178 1.46531450748 270.297210693 5.38460159302 8388608 0.465734383147 0.0 0.465734383147 0.00760099943396 -1.46529479309 1.46529479309 0.00760099943396 
246.289812129 64.2187275379 3.74535512924 183.506225586 5.32084655762 19726337 0.0712875999749 0.0 0.0712875999749 -3.73834442063 -0.229054659218 0.229054659218 -3.73834442063 
223.750295976 40.0452350911 1.96629428864 352.45300293 5.31955337524 23265280 0.25864433134 0.0 0.25864433134 1.94926119215 -0.258251881519 0.258251881519 1.94926119215 
263.632525186 30.5178961986 1.7294768095 123.925033569 5.13034057617 13959168 0.334326278524 0.0 0.334326278524 -0.965234329911 1.43506540721 -1.43506540721 -0.965234329911 
212.102129959 109.647990551 1.29471457005 90.1540527344 5.12252998352 8388608 0.596556976936 0.0 0.596556976936 -0.00348113039264 1.29470989014 -1.29470989014 -0.00348113039264 
242.216320235 45.8664956246 5.13374471664 218.548873901 5.063331604 9110017 0.0379429822081 0.0 0.0379429822081 -4.01498295149 -3.19925721299 3.19925721299 -4.01498295149 
231.622221921 75.3643412892 1.46523821354 187.884902954 5.02057647705 8388608 0.465782885348 0.0 0.465782885348 -1.45138533065 -0.201006577974 0.201006577974 -1.45138533065 
229.400315729 11.44623682 1.64725482464 120.887237549 4.87805557251 10485760 0.368534731998 0.0 0.368534731998 -0.845618442318 1.41363994967 -1.41363994967 -0.845618442318 
275.643150156 43.4708270905 1.5625885725 147.141113281 4.86923217773 8388608 0.409553566448 0.0 0.409553566448 -1.31258910448 0.847816542491 -0.847816542491 -1.31258910448 
46.0922822086 57.8647415352 2.51477599144 103.873260498 4.84607315063 24379648 0.158125309665 0.0 0.158125309665 -0.602980389148 2.44141617456 -2.44141617456 -0.602980389148 
260.005230408 144.034653856 1.4334372282 278.771484375 4.75328445435 8388608 0.48667903816 0.0 0.48667903816 0.218590554384 -1.41667231805 1.41667231805 0.218590554384 
69.0791616595 27.7802906271 1.26417005062 10.7588500977 4.70546722412 8388608 0.625732922189 0.0 0.625732922189 1.24194793205 0.235989938287 -0.235989938287 1.24194793205 
52.1006067234 52.3393622278 1.43838524818 118.159851074 4.69818115234 8388608 0.483336462586 0.0 0.483336462586 -0.678821598096 1.26812986723 -1.26812986723 -0.678821598096 
215.430206441 19.7996930888 1.51929402351 355.447601318 4.60570907593 8388608 0.433227823751 0.0 0.433227823751 1.51450089956 -0.120587541242 0.120587541242 1.51450089956 
237.704408782 26.3554597533 2.26799750328 117.255020142 4.58199691772 16908544 0.194408323787 0.0 0.194408323787 -1.0386335555 2.01619766201 -2.01619766201 -1.0386335555 
272.206073743 36.7328734915 1.26246511936 157.667053223 4.46969223022 8388608 0.627424140376 0.0 0.627424140376 -1.16776933637 0.479721747108 -0.479721747108 -1.16776933637 
231.241163805 62.9111991262 1.81652987003 171.255096436 4.4224319458 17563648 0.303050435798 0.0 0.303050435798 -1.79541277908 0.276176974824 -0.276176974824 -1.79541277908 
227.082099535 55.2566998596 1.26959395409 125.852035522 4.39678573608 8388608 0.620397885287 0.0 0.620397885287 -0.743593605355 1.02904682028 -1.02904682028 -0.743593605355 
229.519937708 20.5636581766 1.97370707989 177.834472656 4.38858795166 23527424 0.256705162118 0.0 0.256705162118 -1.97229752146 0.0745796489516 -0.0745796489516 -1.97229752146 
279.492864893 51.5338627262 1.54997956753 188.07434082 4.37324523926 8388608 0.416244064517 0.0 0.416244064517 -1.53461409191 -0.217706795167 0.217706795167 -1.53461409191 
115.097006202 11.8950173571 1.28308165073 47.8348693848 4.3646697998 8388608 0.607423250621 0.0 0.607423250621 0.861293734641 0.951037131304 -0.951037131304 0.861293734641 
251.430098189 75.508726303 1.69571220875 189.78729248 4.35964202881 12582912 0.3477728753 0.0 0.3477728753 -1.67103217683 -0.288255717896 0.288255717896 -1.67103217683 
265.209892936 55.4034080763 2.22420072556 269.173248291 4.31064987183 15466752 0.20213989875 0.0 0.20213989875 -0.0320930783246 -2.22396917737 2.22396917737 -0.0320930783246 
75.1123148756 59.8744155667 1.48475372791 49.8215942383 4.27046203613 8388608 0.45361891059 0.0 0.45361891059 0.957918227643 1.13441011178 -1.13441011178 0.957918227643 
20.0130538196 67.7189405651 1.84065258503 27.8702087402 4.26577758789 18481152 0.295159217164 0.0 0.295159217164 1.62715310744 0.860450291259 -0.860450291259 1.62715310744 
245.182370357 76.0629571066 1.32101428509 183.518890381 4.24161148071 8388608 0.573040044711 0.0 0.573040044711 -1.31852366656 -0.0810807135947 0.0810807135947 -1.31852366656 
23.912785617 120.680915766 1.71398210526 50.4857788086 4.23524475098 13303808 0.340398339779 0.0 0.340398339779 1.09055491935 1.32228008569 -1.32228008569 1.09055491935 
253.006643006 43.3918582917 1.54667663574 191.33416748 4.22821426392 8388608 0.418023743205 0.0 0.418023743205 -1.5165127829 -0.303969726856 0.303969726856 -1.5165127829 
278.689163035 75.6921035708 1.67665886879 182.77571106 4.21840667725 11730944 0.355721880066 0.0 0.355721880066 -1.67469173897 -0.0811944684414 0.0811944684414 -1.67469173897 
20.3945694543 76.9514716748 1.85609412193 358.812713623 4.21663665771 19070976 0.290268567234 0.0 0.290268567234 1.85569562942 -0.0384593345887 0.0384593345887 1.85569562942 
254.583402845 36.6964278248 1.2549905777 191.027648926 4.12894821167 8388608 0.634920090659 0.0 0.634920090659 -1.23181716595 -0.240057950857 0.240057950857 -1.23181716595 
238.69891518 59.8878282455 1.56894469261 181.371643066 4.07916641235 8388608 0.406241915403 0.0 0.406241915403 -1.5684951262 -0.0375564583524 0.0375564583524 -1.5684951262 
228.187584373 23.6367163966 1.32541537285 98.3707275391 4.07689285278 8388608 0.569240764297 0.0 0.569240764297 -0.192950775025 1.31129550789 -1.31129550789 -0.192950775025 
263.355140222 117.255209403 2.14319729805 264.026245117 4.00684738159 12779776 0.217708654545 0.0 0.217708654545 -0.223048753646 -2.13155903316 2.13155903316 -0.223048753646 
275.490090752 67.6704554997 1.52274763584 187.757339478 3.92168045044 8388608 0.431264919044 0.0 0.431264919044 -1.50881238615 -0.205537212873 0.205537212873 -1.50881238615 
217.857780579 67.1631290512 1.26501071453 0.879974365234 3.85946273804 8388608 0.624901535875 0.0 0.624901535875 1.26486152084 0.0194278400162 -0.0194278400162 1.26486152084 
283.771107151 95.0005622123 1.67935669422 102.106567383 3.84619140625 11862016 0.354579889569 0.0 0.354579889569 -0.352212549968 1.64200646347 -1.64200646347 -0.352212549968 
255.41423047 89.5930802107 1.27099978924 179.577468872 3.83218765259 8388608 0.619026217391 0.0 0.619026217391 -1.27096522829 0.00937297845335 -0.00937297845335 -1.27096522829 
39.0329479038 86.1656059124 1.30706298351 224.350662231 3.82107543945 8388608 0.585338336634 0.0 0.585338336634 -0.934647931342 -0.913699560746 0.913699560746 -0.934647931342 
259.3516641 112.859097486 1.4340416193 96.0078125 3.8177986145 8388608 0.486268893169 0.0 0.486268893169 -0.150092631253 1.42616533681 -1.42616533681 -0.150092631253 
274.99171984 91.5035981136 1.66693389416 179.899353027 3.76471710205 11337728 0.359884585482 0.0 0.359884585482 -1.66693132231 0.00292816966988 -0.00292816966988 -1.66693132231 
236.4050948 44.0147080436 1.33339452744 186.396255493 3.74938583374 8388608 0.562448371031 0.0 0.562448371031 -1.32509441582 -0.148545464315 0.148545464315 -1.32509441582 
222.710559612 35.6233747164 1.45495808125 272.740722656 3.74331665039 8388608 0.472388197008 0.0 0.472388197008 0.0695708491112 -1.45329381583 1.45329381583 0.0695708491112 
183.152117449 140.194080804 1.3363519907 80.0312805176 3.59857177734 8388608 0.559961631369 0.0 0.559961631369 0.231336558571 1.31617629507 -1.31617629507 0.231336558571 
216.334626545 73.9387560421 1.29949355125 309.25213623 1.37741470337 8388608 0.592177282522 0.0 0.592177282522 0.822234013566 -1.00628759144 1.00628759144 0.822234013566 
