13
169
151.769314981 35.0305238078 1.55415225029 101.099884033 100.534133911 8388608 0.414011950094 0.0 0.414011950094 -0.299205360744 1.52507880753 -1.52507880753 -0.299205360744 
131.085593161 108.264795042 2.24039912224 88.2458190918 97.9832382202 15991040 0.199227466534 0.0 0.199227466534 0.0685818650566 2.23934918106 -2.23934918106 0.0685818650566 
173.49592723 35.6505908167 3.42969727516 95.9144897461 96.4584579468 13369345 0.0850136031171 0.0 0.0850136031171 -0.353410026635 3.41144027536 -3.41144027536 -0.353410026635 
137.329738475 41.4906554628 1.8928245306 57.4689331055 91.014213562 20512768 0.279112501229 0.0 0.279112501229 1.01787932445 1.59584033803 -1.59584033803 1.01787932445 
176.435939362 37.3341282293 1.70984351635 95.8103637695 85.8359832764 13172736 0.34204816762 0.0 0.34204816762 -0.173098148149 1.70105904704 -1.70105904704 -0.173098148149 
216.608465788 37.0010850176 4.16574716568 75.8047790527 84.4890975952 10748161 0.0576254307811 0.0 0.0576254307811 1.02155169476 4.03854944049 -4.03854944049 1.02155169476 
140.004869798 109.583131709 1.93161356449 97.0241088867 80.6494216919 21954560 0.268015250615 0.0 0.268015250615 -0.236211180888 1.9171163868 -1.9171163868 -0.236211180888 
149.49094771 108.118392427 2.92132306099 80.6110229492 79.8678588867 18481664 0.117176582072 0.0 0.117176582072 0.476573414024 2.88218774678 -2.88218774678 0.476573414024 
158.673449557 107.532670433 1.79149520397 76.4593200684 77.3644943237 16515072 0.311579373907 0.0 0.311579373907 0.419452959234 1.74169867682 -1.74169867682 0.419452959234 
100.204764688 133.452539343 3.87246632576 83.5032958984 76.9851455688 22151169 0.0666844694455 0.0 0.0666844694455 0.438154303662 3.84759876421 -3.84759876421 0.438154303662 
146.366113148 126.938080595 1.46123063564 80.5119018555 74.2838439941 8388608 0.4683413055 0.0 0.4683413055 0.240873239221 1.44124080333 -1.44124080333 0.240873239221 
133.920255163 119.776083299 1.71153151989 32.4332275391 73.3504943848 13238272 0.341373808089 0.0 0.341373808089 1.4445617699 0.917922347766 -0.917922347766 1.4445617699 
196.862930044 40.0914554668 2.51936388016 79.8783569336 72.6800308228 24510720 0.157549925712 0.0 0.157549925712 0.442749487561 2.48015468306 -2.48015468306 0.442749487561 
140.036585524 127.896505473 1.88411796093 79.0795593262 71.3189239502 20185088 0.281698037063 0.0 0.281698037063 0.356938143309 1.84999882501 -1.84999882501 0.356938143309 
234.457132261 59.3688995034 1.79383957386 336.283325195 69.8871459961 16646144 0.310765499583 0.0 0.310765499583 1.64234188519 -0.721507830099 0.721507830099 1.64234188519 
153.748618558 62.2444994981 6.03534078598 91.0390930176 69.0002746582 20840961 0.0274534168753 0.0 0.0274534168753 -0.10944849268 6.03434830204 -6.03434830204 -0.10944849268 
185.204134332 67.2083386766 4.10462665558 100.484283447 66.9371490479 9634049 0.0593543670027 0.0 0.0593543670027 -0.746901699024 4.03609933397 -4.03609933397 -0.746901699024 
112.888439086 130.877660532 2.86043143272 78.9016113281 66.8171386719 16974336 0.122218490763 0.0 0.122218490763 0.550616945354 2.80693586688 -2.80693586688 0.550616945354 
199.688114347 30.3741785385 1.46329474449 125.541992188 65.0794677734 8388608 0.467020962319 0.0 0.467020962319 -0.850612454353 1.19066786375 -1.19066786375 -0.850612454353 
189.38251154 25.6464401931 1.34761977196 291.628723145 63.0506019592 8388608 0.550636823946 0.0 0.550636823946 0.49672000169 -1.2527363209 1.2527363209 0.49672000169 
217.998655371 52.8749232616 1.47903740406 266.279846191 61.5279197693 8388608 0.457132065146 0.0 0.457132065146 -0.095964859233 -1.47592086116 1.47592086116 -0.095964859233 
218.57910686 55.2254730694 2.63368844986 272.313568115 61.4433059692 11010560 0.144168772827 0.0 0.144168772827 0.106317812299 -2.63154163442 2.63154163442 0.106317812299 
141.596727699 32.9456000133 1.75840818882 80.1065673828 60.6528930664 15204352 0.323415332299 0.0 0.323415332299 0.302122984043 1.73225894745 -1.73225894745 0.302122984043 
165.178962994 65.3267113763 3.15575218201 97.4784545898 60.1941299438 24052224 0.100413988456 0.0 0.100413988456 -0.410731755226 3.12890895673 -3.12890895673 -0.410731755226 
199.616429988 68.4675229827 3.47902131081 100.180664062 58.2999458313 14417921 0.0826201200966 0.0 0.0826201200966 -0.614926020628 3.42424521175 -3.42424521175 -0.614926020628 
174.809820096 105.943546215 1.43394172192 356.747436523 57.4393081665 8388608 0.486336648619 0.0 0.486336648619 1.4316318326 -0.0813582062923 0.0813582062923 1.4316318326 
154.525110923 52.4665922133 2.75226736069 321.770751953 55.6641464233 14156288 0.132013626122 0.0 0.132013626122 2.16201915463 -1.70312912009 1.70312912009 2.16201915463 
136.09013336 65.4225717202 4.62435150146 86.4877624512 53.7745780945 18284801 0.0467625649457 0.0 0.0467625649457 0.283295751282 4.61566575116 -4.61566575116 0.283295751282 
60.2854335549 59.0402854208 5.04631328583 277.51083374 52.373249054 24576257 0.0392691573479 0.0 0.0392691573479 0.65962206234 -5.00301674129 5.00301674129 0.65962206234 
140.780229878 65.0407155025 1.77523815632 98.5906066895 52.1858596802 15859712 0.317312186899 0.0 0.317312186899 -0.265173076183 1.75532155211 -1.75532155211 -0.265173076183 
22.8108145798 73.2947390858 1.38853740692 174.831787109 51.1541213989 8388608 0.518662479516 0.0 0.518662479516 -1.3828923461 0.125079532724 -0.125079532724 -1.3828923461 
149.546158832 65.8103843783 2.73365044594 89.1539916992 51.0469741821 13697536 0.133817847425 0.0 0.133817847425 0.0403626052792 2.73335245087 -2.73335245087 0.0403626052792 
235.611141084 50.5620614097 1.40037250519 101.82522583 50.3669662476 8388608 0.509932684716 0.0 0.509932684716 -0.286974138702 1.3706527631 -1.3706527631 -0.286974138702 
144.842862907 118.295786914 1.65519750118 256.144592285 49.4892654419 10813440 0.365006296252 0.0 0.365006296252 -0.396374247919 -1.60703647236 1.60703647236 -0.396374247919 
167.121405844 103.190576851 1.27079236507 28.8967285156 49.1086578369 8388608 0.619228314095 0.0 0.619228314095 1.11256870192 0.614088038175 -0.614088038175 1.11256870192 
133.351954212 69.3068339824 1.36671149731 75.614654541 48.8773193359 8388608 0.535360474522 0.0 0.535360474522 0.33954873534 1.32386063209 -1.32386063209 0.33954873534 
187.913970227 32.5180404241 1.53731286526 293.771484375 48.7697563171 8388608 0.423131616052 0.0 0.423131616052 0.619675256384 -1.40688784994 1.40688784994 0.619675256384 
85.7694535211 61.1936846845 4.12439441681 267.854034424 48.3920440674 10027265 0.0587867727905 0.0 0.0587867727905 -0.15443963449 -4.12150187489 4.12150187489 -0.15443963449 
159.826069354 128.234550209 1.36483311653 99.7495422363 47.0293540955 8388608 0.536835091174 0.0 0.536835091174 -0.231123064304 1.3451213942 -1.3451213942 -0.231123064304 
24.2977298775 81.9863953322 1.71005272865 232.341720581 46.5231437683 13172736 0.341964478613 0.0 0.341964478613 -1.04475797932 -1.35379507291 1.35379507291 -1.04475797932 
78.4251744178 105.871254121 1.69114506245 301.962615967 46.2556648254 12386304 0.349653819019 0.0 0.349653819019 0.895234395669 -1.43475677348 1.43475677348 0.895234395669 
247.164368353 146.836876246 1.36999750137 100.776184082 46.1664466858 8388608 0.532795379424 0.0 0.532795379424 -0.256152535725 1.34583766934 -1.34583766934 -0.256152535725 
35.1739600997 85.9753738949 4.44044542313 341.164703369 45.7400932312 15335681 0.0507162258106 0.0 0.0507162258106 4.2026620181 -1.43359252138 1.43359252138 4.2026620181 
135.110929767 33.4582229722 1.29158270359 86.4091796875 45.1322669983 8388608 0.599453581199 0.0 0.599453581199 0.0808926243475 1.28904703698 -1.28904703698 0.0808926243475 
139.978518355 95.1578256989 1.27567970753 75.9912109375 43.8629760742 8388608 0.614492668425 0.0 0.614492668425 0.308804723473 1.23773921282 -1.23773921282 0.308804723473 
80.2027381634 96.2899560942 2.24679207802 110.503326416 43.7796173096 16187648 0.198095327615 0.0 0.198095327615 -0.786965349766 2.10446196927 -2.10446196927 -0.786965349766 
167.930599683 118.546627127 2.29656171799 63.3330078125 43.3017539978 17760512 0.189602368253 0.0 0.189602368253 1.03070667615 2.05227665588 -2.05227665588 1.03070667615 
19.8258398052 106.892677252 2.28713583946 119.201187134 42.8946800232 17498368 0.191168389434 0.0 0.191168389434 -1.11584267689 1.99646824883 -1.99646824883 -1.11584267689 
154.180093677 59.3543014914 1.45732748508 357.738922119 41.0263748169 8388608 0.470853375869 0.0 0.470853375869 1.45619284904 -0.0574959579654 0.0574959579654 1.45619284904 
114.0098908 96.5708632571 1.96402776241 91.2585754395 38.885925293 23199744 0.259241636966 0.0 0.259241636966 -0.0431389247615 1.9635539424 -1.9635539424 -0.0431389247615 
35.638960936 115.00608498 1.34788930416 109.596435547 38.6414299011 8388608 0.550416628538 0.0 0.550416628538 -0.452072586639 1.26981729106 -1.26981729106 -0.452072586639 
139.378517551 57.3165185265 1.33328342438 5.4765625 37.9878692627 8388608 0.562542113046 0.0 0.562542113046 1.32719741473 0.127246658371 -0.127246658371 1.32719741473 
147.504983163 92.1264582996 3.53978395462 75.713684082 37.9160919189 15663105 0.0798080110051 0.0 0.0798080110051 0.873503896975 3.43031505657 -3.43031505657 0.873503896975 
64.3702166161 67.1423468953 1.83156692982 80.9545593262 36.7438926697 18153472 0.29809480885 0.0 0.29809480885 0.287954814988 1.80878949658 -1.80878949658 0.287954814988 
105.554151478 74.7858603511 1.31378281116 55.8227844238 36.6359596252 8388608 0.579365791762 0.0 0.579365791762 0.738023319352 1.08689781259 -1.08689781259 0.738023319352 
171.295198826 98.3263637604 5.92231416702 346.213806152 36.2526092529 19464705 0.0285113062968 0.0 0.0285113062968 5.75170253797 -1.41128416967 1.41128416967 5.75170253797 
127.085485252 70.7589635376 1.29435491562 71.4866333008 35.1753425598 8388608 0.596888546219 0.0 0.596888546219 0.410991190028 1.22737153678 -1.22737153678 0.410991190028 
204.376387337 54.9454250488 1.98990786076 269.414581299 34.691734314 24117248 0.252542261228 0.0 0.252542261228 -0.0203314976447 -1.98980399148 1.98980399148 -0.0203314976447 
77.9040400066 81.9921135416 2.38827419281 108.891418457 34.4772186279 20644096 0.175320067206 0.0 0.175320067206 -0.773265180846 2.25962708873 -2.25962708873 -0.773265180846 
74.1732468244 88.4750624924 5.64838314056 117.781204224 33.6910858154 16056833 0.0313438040691 0.0 0.0313438040691 -2.63269121747 4.99731618532 -4.99731618532 -2.63269121747 
28.1496804461 68.5219365241 3.28908491135 172.866455078 33.4012908936 10354689 0.0924378486037 0.0 0.0924378486037 -3.26362543036 0.408446574668 -0.408446574668 -3.26362543036 
161.146804735 59.6370432869 1.22947096825 294.17880249 33.0682601929 8388608 0.661551172932 0.0 0.661551172932 0.503573545265 -1.1216115844 1.1216115844 0.503573545265 
135.482475666 94.0457871239 7.59727907181 93.8573608398 32.8416748047 20774914 0.017325422757 0.0 0.017325422757 -0.511090247011 7.58006834101 -7.58006834101 -0.511090247011 
133.989796165 56.1629546445 1.29482626915 272.441436768 31.137928009 8388608 0.596454056556 0.0 0.596454056556 0.0551572895676 -1.29365093464 1.29365093464 0.0551572895676 
101.180242335 74.7254918173 1.40314531326 72.5938110352 29.6160163879 8388608 0.50791928186 0.0 0.50791928186 0.419742312819 1.33889251285 -1.33889251285 0.419742312819 
50.2401068768 83.5239523458 1.53501582146 113.390792847 29.4757614136 8388608 0.424398937301 0.0 0.424398937301 -0.609401905562 1.40886581675 -1.40886581675 -0.609401905562 
209.313179103 28.6976927443 1.24399244785 269.889099121 29.253030777 8388608 0.646196367533 0.0 0.646196367533 -0.00240785221613 -1.24399011755 1.24399011755 -0.00240785221613 
42.1922010095 54.6006076169 3.67732691765 272.215270996 29.0427093506 18415617 0.0739495470943 0.0 0.0739495470943 0.142143911076 -3.67457866534 3.67457866534 0.142143911076 
93.888662014 113.879894374 2.39793014526 22.5276184082 28.2142601013 20906240 0.173910957104 0.0 0.173910957104 2.21495598833 0.918715925267 -0.918715925267 2.21495598833 
105.977116044 9.9471274365 1.39008760452 85.108001709 27.9009895325 8388608 0.517506320709 0.0 0.517506320709 0.118543580108 1.38502381491 -1.38502381491 0.118543580108 
72.2636728322 92.8519801982 1.36181497574 114.116653442 27.6218223572 8388608 0.539217264024 0.0 0.539217264024 -0.55643183199 1.2429495744 -1.2429495744 -0.55643183199 
59.9441573421 75.8055263945 1.81130921841 107.139556885 26.9010696411 17301504 0.304799889476 0.0 0.304799889476 -0.533793066799 1.73086858153 -1.73086858153 -0.533793066799 
65.8169024227 78.4088869941 2.61933493614 122.919677734 26.8455238342 10617344 0.145753143131 0.0 0.145753143131 -1.42351104093 2.19875688152 -2.19875688152 -1.42351104093 
127.127748895 55.2796249572 1.33537995815 273.207977295 26.7931976318 8388608 0.560777128154 0.0 0.560777128154 0.0747285534118 -1.33328739435 1.33328739435 0.0747285534118 
58.1878968785 81.5670094294 5.50034570694 120.594909668 26.5546722412 14090753 0.0330536958756 0.0 0.0330536958756 -2.79948313806 4.73462744633 -4.73462744633 -2.79948313806 
121.310183206 118.224558892 2.69935774803 314.781677246 26.156867981 12780032 0.137239494102 0.0 0.137239494102 1.90144719132 -1.91599343174 1.91599343174 1.90144719132 
125.275079954 58.0523157612 2.65304017067 268.916290283 25.7934093475 11534848 0.142073260801 0.0 0.142073260801 -0.0501774128871 -2.65256562113 2.65256562113 -0.0501774128871 
210.54379334 48.6894108706 1.23792254925 234.968917847 25.475976944 8388608 0.652548885534 0.0 0.652548885534 -0.710593205868 -1.01366144926 1.01366144926 -0.710593205868 
94.6029519762 75.8698631556 2.29024386406 74.4377746582 25.2886962891 17563904 0.190649883165 0.0 0.190649883165 0.614437517824 2.20628273201 -2.20628273201 0.614437517824 
50.4942027429 83.494482662 2.56332802773 115.60319519 25.1610126495 9044480 0.152191931099 0.0 0.152191931099 -1.10770642378 2.31163082183 -2.31163082183 -1.10770642378 
56.7910171483 85.8589836855 1.48604393005 119.719406128 24.5640201569 8388608 0.45283157717 0.0 0.45283157717 -0.736710507933 1.29057513906 -1.29057513906 -0.736710507933 
187.316915643 181.280878412 1.28761422634 287.948364258 24.4194850922 8388608 0.603154354007 0.0 0.603154354007 0.39679089589 -1.22495199123 1.22495199123 0.39679089589 
36.7123956732 79.1501927741 1.39172315598 5.57000732422 23.907951355 8388608 0.516290689767 0.0 0.516290689767 1.38515191998 0.13508331298 -0.13508331298 1.38515191998 
181.069704244 179.346608181 1.30156743526 287.893981934 23.5396671295 8388608 0.590291665922 0.0 0.590291665922 0.399915269844 -1.23860629963 1.23860629963 0.399915269844 
57.019202844 66.4441056426 1.80515563488 21.7096557617 23.3838119507 17104896 0.306881492217 0.0 0.306881492217 1.67711639126 0.667733087613 -0.667733087613 1.67711639126 
87.2077409962 76.6848034183 1.67107176781 71.7321777344 22.500585556 11468800 0.358104514438 0.0 0.358104514438 0.523812822979 1.58685253872 -1.58685253872 0.523812822979 
111.600480445 52.8236763832 2.01735758781 298.779968262 22.2077522278 8388864 0.245716447463 0.0 0.245716447463 0.971251304294 -1.76816360697 1.76816360697 0.971251304294 
225.573203619 43.9172676243 2.03571271896 283.211669922 21.9567680359 9044224 0.241305388361 0.0 0.241305388361 0.465260437054 -1.98183223303 1.98183223303 0.465260437054 
152.914057909 171.559798832 1.30157613754 281.279266357 21.3691825867 8388608 0.590283772623 0.0 0.590283772623 0.254576937646 -1.2764368471 1.2764368471 0.254576937646 
30.198613263 73.2155670903 1.35423505306 284.288208008 21.0004234314 8388608 0.545270369301 0.0 0.545270369301 0.334224635882 -1.3123438847 1.3123438847 0.334224635882 
173.134666506 96.8180968133 1.77548348904 341.928924561 20.8526039124 15859712 0.317224501845 0.0 0.317224501845 1.68790323653 -0.550748839265 0.550748839265 1.68790323653 
145.36101701 172.679609668 2.74097704887 285.150268555 20.6660785675 13894144 0.133103416128 0.0 0.133103416128 0.716358373869 -2.6457108426 2.6457108426 0.716358373869 
115.110161897 70.4647487267 3.53984451294 67.4184570312 20.5966262817 15663105 0.079805280378 0.0 0.079805280378 1.35929287172 3.26845866804 -3.26845866804 1.35929287172 
156.493252917 81.0654232095 1.66205823421 300.626373291 20.4894008636 11075584 0.361999130565 0.0 0.361999130565 0.846714894775 -1.43021378153 1.43021378153 0.846714894775 
48.3127229893 71.8477073415 2.32067918777 109.57913208 19.2791786194 18546944 0.185681991363 0.0 0.185681991363 -0.777679175579 2.18649651096 -2.18649651096 -0.777679175579 
112.170079069 161.180493776 1.79137253761 289.576751709 17.9277763367 16515072 0.311622046902 0.0 0.311622046902 0.600233930834 -1.68781953917 1.68781953917 0.600233930834 
191.024006036 51.9194687083 2.22884130478 272.027526855 17.6868743896 15597824 0.201299040607 0.0 0.201299040607 0.0788555901631 -2.22744592702 2.22744592702 0.0788555901631 
84.1844415301 145.772749765 1.38158857822 287.324493408 17.5782699585 8388608 0.523892922716 0.0 0.523892922716 0.411413589071 -1.3189108606 1.3189108606 0.411413589071 
27.5651272551 90.204040266 1.72429573536 350.158447266 17.5345191956 13762560 0.336338429418 0.0 0.336338429418 1.69892134068 -0.294723703098 0.294723703098 1.69892134068 
85.3123006079 124.955448013 1.44412088394 132.016983032 16.925994873 8388608 0.479504738175 0.0 0.479504738175 -0.966623544623 1.07290449268 -1.07290449268 -0.966623544623 
151.100049072 41.7064623907 1.30954575539 284.403259277 16.8078918457 8388608 0.583120951054 0.0 0.583120951054 0.32574293893 -1.26838543952 1.26838543952 0.32574293893 
196.357141203 177.099908017 1.38121330738 288.171020508 16.3085231781 8388608 0.524177641153 0.0 0.524177641153 0.430737439706 -1.31233206869 1.31233206869 0.430737439706 
125.764749408 165.654020819 2.26311898232 287.632385254 16.1010723114 16711936 0.195247384688 0.0 0.195247384688 0.685518233625 -2.1567967636 2.1567967636 0.685518233625 
86.7453124611 153.870527946 1.8785725832 287.275146484 14.9708194733 19988480 0.283363586383 0.0 0.283363586383 0.557862218224 -1.79382961728 1.79382961728 0.557862218224 
153.122141986 164.739490309 1.47977459431 282.232971191 14.4691848755 8388608 0.456676712878 0.0 0.456676712878 0.313545326682 -1.4461750164 1.4461750164 0.313545326682 
119.538261217 162.360348399 1.36708855629 285.846130371 14.3889684677 8388608 0.535065197911 0.0 0.535065197911 0.373290182902 -1.31513708794 1.31513708794 0.373290182902 
105.212532477 109.266131844 1.50536811352 329.045288086 13.720993042 8388608 0.441280335546 0.0 0.441280335546 1.29096475402 -0.774301724825 0.774301724825 1.29096475402 
186.485710844 172.526397145 1.92643177509 286.115112305 13.6065006256 21757952 0.26945902498 0.0 0.26945902498 0.534715927179 -1.8507345194 1.8507345194 0.534715927179 
75.9158843102 143.592945311 1.29762125015 287.740203857 13.4457702637 8388608 0.593887387159 0.0 0.593887387159 0.395387087835 -1.23591664752 1.23591664752 0.395387087835 
68.7005875393 148.248207424 1.39614748955 288.309082031 12.6539535522 8388608 0.513023666885 0.0 0.513023666885 0.438589886442 -1.3254684923 1.3254684923 0.438589886442 
161.80088849 167.022536536 1.63676452637 287.39944458 12.574054718 10027008 0.373273872231 0.0 0.373273872231 0.489444220089 -1.56187146404 1.56187146404 0.489444220089 
49.66626188 106.29295426 1.6153626442 103.136779785 12.0826320648 9043968 0.383230379373 0.0 0.383230379373 -0.367133941318 1.57308904433 -1.57308904433 -0.367133941318 
137.832675349 136.142396766 1.67456388474 78.8828125 11.9134731293 11665408 0.356612497425 0.0 0.356612497425 0.322883253439 1.64314047139 -1.64314047139 0.322883253439 
52.6452826648 137.073956011 1.40139734745 288.000213623 11.6451931 8388608 0.509187129606 0.0 0.509187129606 0.433060565507 -1.33280646459 1.33280646459 0.433060565507 
105.579141475 142.210121911 1.70609605312 98.8278503418 11.5254364014 12976128 0.343552444812 0.0 0.343552444812 -0.26182803785 1.68588547093 -1.68588547093 -0.26182803785 
42.581039709 61.23618399 1.37860500813 68.0217895508 10.7634487152 8388608 0.526162989408 0.0 0.526162989408 0.515948382006 1.27841661266 -1.27841661266 0.515948382006 
146.051691729 134.46928751 1.51382517815 77.3993530273 10.1979026794 8388608 0.436363635731 0.0 0.436363635731 0.330247413389 1.477363637 -1.477363637 0.330247413389 
88.4789433731 18.9855154397 2.35232806206 270.039733887 9.32902336121 19529984 0.180719169028 0.0 0.180719169028 0.00163130914782 -2.35232749641 2.35232749641 0.00163130914782 
199.917231968 161.071999294 1.54987955093 84.0030212402 9.14258956909 8388608 0.416297788249 0.0 0.416297788249 0.161925249125 1.54139768914 -1.54139768914 0.161925249125 
59.1961491232 109.063048319 1.32593560219 112.869186401 8.84568595886 8388608 0.568794169979 0.0 0.568794169979 -0.515296339687 1.22170982785 -1.22170982785 -0.515296339687 
190.805914506 159.26105213 1.50240266323 106.201950073 8.30126953125 8388608 0.443024057633 0.0 0.443024057633 -0.419206084696 1.44273352392 -1.44273352392 -0.419206084696 
116.768195693 138.482942775 1.77012073994 81.8918762207 8.24881362915 15663104 0.319149537059 0.0 0.319149537059 0.249660666141 1.75242602861 -1.75242602861 0.249660666141 
136.643395437 144.67782491 1.54032599926 83.6670227051 7.84114456177 8388608 0.421477803481 0.0 0.421477803481 0.169907784092 1.53092636299 -1.53092636299 0.169907784092 
143.250611313 145.866338625 1.65142405033 317.374938965 7.65881347656 10616832 0.366676257278 0.0 0.366676257278 1.21511938972 -1.11834085266 1.11834085266 1.21511938972 
121.193898668 87.660943356 1.9603344202 280.188293457 7.56132221222 23068672 0.260219398743 0.0 0.260219398743 0.346751103591 -1.92942341418 1.92942341418 0.346751103591 
126.586555039 142.503526727 1.60117125511 77.0359191895 7.42918777466 8388608 0.390053725455 0.0 0.390053725455 0.359207031048 1.56035883599 -1.56035883599 0.359207031048 
214.652581636 153.03613872 1.24614465237 81.3422851562 7.31871032715 8388608 0.643966215899 0.0 0.643966215899 0.187583719187 1.23194514607 -1.23194514607 0.187583719187 
184.379354648 162.359986947 1.52070081234 41.4390258789 7.07875442505 8388608 0.432426642936 0.0 0.432426642936 1.14000926481 1.00643421881 -1.00643421881 1.14000926481 
171.010156353 158.951740846 1.73289167881 47.7606201172 6.93744277954 14155776 0.333009917377 0.0 0.333009917377 1.16490106624 1.28293377708 -1.28293377708 1.16490106624 
223.274899942 154.420271622 1.46029663086 83.2518615723 6.60062789917 8388608 0.468940598686 0.0 0.468940598686 0.171592348427 1.4501800978 -1.4501800978 0.171592348427 
238.266188878 152.217687421 1.4701436758 100.29574585 6.526014328 8388608 0.46267969428 0.0 0.46267969428 -0.262757547506 1.44647187969 -1.44647187969 -0.262757547506 
166.411394982 152.428251032 1.34654915333 103.46105957 6.28741073608 8388608 0.551512776227 0.0 0.551512776227 -0.313455703723 1.30955723209 -1.30955723209 -0.313455703723 
26.4454768264 141.447581732 1.32337403297 276.735778809 5.83245420456 8388608 0.570998256978 0.0 0.570998256978 0.155219741529 -1.31423957595 1.31423957595 0.155219741529 
232.2480859 174.27727608 2.15252518654 125.355911255 5.64745903015 13107456 0.215825878028 0.0 0.215825878028 -1.24556680376 1.7555420861 -1.7555420861 -1.24556680376 
192.40220251 148.033993501 1.51420080662 249.458114624 5.61181259155 8388608 0.43614716474 0.0 0.43614716474 -0.531320995348 -1.41792174772 1.41792174772 -0.531320995348 
181.952699688 143.584903457 2.19693088531 95.9609375 5.59289169312 14549248 0.207189246622 0.0 0.207189246622 -0.228152161299 2.18505192299 -2.18505192299 -0.228152161299 
212.277708919 147.069730896 1.48268711567 95.8048095703 5.58520317078 8388608 0.454884326213 0.0 0.454884326213 -0.149958693074 1.47508422585 -1.47508422585 -0.149958693074 
229.539994994 151.142813431 1.64524650574 100.464233398 5.53410148621 10354688 0.36943500682 0.0 0.36943500682 -0.298812464174 1.61788354831 -1.61788354831 -0.298812464174 
157.759115144 138.8339264 2.28102946281 98.1499633789 5.52597236633 17301760 0.192193285181 0.0 0.192193285181 -0.32336901063 2.25799200468 -2.25799200468 -0.32336901063 
159.137742487 156.440994414 1.28252089024 94.652557373 5.47091674805 8388608 0.607954537764 0.0 0.607954537764 -0.104029418276 1.27829484628 -1.27829484628 -0.104029418276 
212.926326673 169.784677253 1.2913684845 132.499984741 5.45804977417 8388608 0.599652478811 0.0 0.599652478811 -0.872435648991 0.952096949434 -0.952096949434 -0.872435648991 
25.7599618581 123.736063981 1.2816478014 120.334228516 5.32141494751 8388608 0.608783125954 0.0 0.608783125954 -0.647287669035 1.10618251674 -1.10618251674 -0.647287669035 
206.421024236 148.024586636 2.01467013359 95.4552307129 5.22032356262 25034752 0.246372427943 0.0 0.246372427943 -0.191530557826 2.00554526067 -2.00554526067 -0.191530557826 
172.004010201 140.142054959 1.90269315243 99.4988708496 5.15918159485 20905984 0.276224686653 0.0 0.276224686653 -0.313997966565 1.87660504883 -1.87660504883 -0.313997966565 
162.007375946 75.684188015 1.44376385212 303.77154541 5.02688074112 8388608 0.47974192325 0.0 0.47974192325 0.802563576667 -1.20014406056 1.20014406056 0.802563576667 
212.436131758 149.839527354 2.32099032402 98.9466552734 4.93454360962 18546944 0.185632212159 0.0 0.185632212159 -0.360948389945 2.29275213313 -2.29275213313 -0.360948389945 
222.047975745 148.166456851 1.2428663969 101.431427002 4.58048439026 8388608 0.647367820336 0.0 0.647367820336 -0.246329897983 1.21821117296 -1.21821117296 -0.246329897983 
56.015807505 181.16634152 1.30327320099 356.822509766 4.3794503212 8388608 0.588747491824 0.0 0.588747491824 1.30126957183 -0.0722394479273 0.0722394479273 1.30126957183 
195.735651073 103.854206405 1.37828540802 79.323425293 4.16343688965 8388608 0.526407033555 0.0 0.526407033555 0.255347853323 1.35442539099 -1.35442539099 0.255347853323 
100.048081425 178.558136636 1.52090156078 110.409378052 3.68884658813 8388608 0.432312495842 0.0 0.432312495842 -0.530377088766 1.42542684881 -1.42542684881 -0.530377088766 
111.470051111 29.2787919653 2.0997030735 117.591995239 3.64492583275 11272448 0.226821507286 0.0 0.226821507286 -0.972524133057 1.86090026801 -1.86090026801 -0.972524133057 
120.97411994 38.3520917081 1.67577886581 254.927993774 3.58847665787 11730944 0.35609557914 0.0 0.35609557914 -0.435757409558 -1.61813172737 1.61813172737 -0.435757409558 
18.9835019061 50.2286448478 1.39745867252 43.218536377 3.4879784584 8388608 0.51206141685 0.0 0.51206141685 1.01839398857 0.956955811653 -0.956955811653 1.01839398857 
123.767731623 178.416114161 1.37279832363 108.333892822 3.39742422104 8388608 0.530623548571 0.0 0.530623548571 -0.431819238787 1.3031144932 -1.3031144932 -0.431819238787 
142.695733895 87.4311850018 1.22803175449 281.560028076 2.98393821716 8388608 0.663102715009 0.0 0.663102715009 0.246090784554 -1.20312148838 1.20312148838 0.246090784554 
220.020328883 81.9643852774 1.36773598194 267.121734619 2.68066167831 8388608 0.534558765456 0.0 0.534558765456 -0.0686796061769 -1.36601055193 1.36601055193 -0.0686796061769 
228.362249682 85.1355580886 1.75458431244 252.161773682 2.65031766891 15007744 0.32482654731 0.0 0.32482654731 -0.537482643959 -1.67023307263 1.67023307263 -0.537482643959 
65.271927894 175.284148694 1.33075547218 15.507232666 2.62980556488 8388608 0.564681394554 0.0 0.564681394554 1.28231159615 0.355790805289 -0.355790805289 1.28231159615 
137.231832908 86.1651141364 1.64111578465 280.083618164 2.59203052521 10223616 0.371297097864 0.0 0.371297097864 0.287335139136 -1.61576592873 1.61576592873 0.287335139136 
57.882094655 173.263748749 1.32172596455 198.754608154 2.21838831902 8388608 0.572423107397 0.0 0.572423107397 -1.25154796472 -0.424955547525 0.424955547525 -1.25154796472 
111.655888941 171.007942209 1.27989816666 46.5873413086 2.02919006348 8388608 0.610448689935 0.0 0.610448689935 0.879607481376 0.929747275187 -0.929747275187 0.879607481376 
85.5322194118 174.335830347 2.22422814369 111.355667114 1.52514505386 15466752 0.20213491521 0.0 0.20213491521 -0.809966616109 2.07150788461 -2.07150788461 -0.809966616109 
51.0034719339 172.603037026 1.6883097887 261.859619141 1.46189236641 12255232 0.350829191839 0.0 0.350829191839 -0.239062884442 -1.67129856097 1.67129856097 -0.239062884442 
44.4552042481 180.006897283 1.4936119318 249.830657959 1.23277211189 8388608 0.44825428656 0.0 0.44825428656 -0.514991387616 -1.40202014019 1.40202014019 -0.514991387616 
25.7517837667 174.773933736 2.32952785492 1.36614990234 0.947951316833 18809088 0.184274051459 0.0 0.184274051459 2.32886568601 0.0555395656045 -0.0555395656045 2.32886568601 
79.5952511236 180.511060293 1.50258779526 1.05880737305 0.897277832031 8388608 0.44291489544 0.0 0.44291489544 1.50233123691 0.0277657534313 -0.0277657534313 1.50233123691 
73.7368540161 177.011190423 1.36909103394 291.007263184 0.847537517548 8388608 0.533501134605 0.0 0.533501134605 0.490800370026 -1.27809438462 1.27809438462 0.490800370026 
204.350181187 83.652250555 1.48331212997 267.037200928 0.826633930206 8388608 0.454501063235 0.0 0.454501063235 -0.0766687793726 -1.48132939389 1.48132939389 -0.0766687793726 
197.007679647 79.3643893948 1.28390550613 220.635971069 0.394632339478 8388608 0.606643959053 0.0 0.606643959053 -0.97430786133 -0.836144449262 0.836144449262 -0.97430786133 
