13
173
89.9836493363 86.7261852025 2.97952890396 136.993077016 115.172622681 19923456 0.112643151978 0.0 0.112643151978 -2.17884394874 2.03229710834 -2.03229710834 -2.17884394874 
87.5642934535 88.1135122841 1.31070947647 139.737337282 95.1805725098 8388608 0.582085956019 0.0 0.582085956019 -1.00018884062 0.847101891636 -0.847101891636 -1.00018884062 
201.159876382 113.728996265 1.58709728718 136.246207193 86.5258483887 8388608 0.397002188995 0.0 0.397002188995 -1.14638923095 1.09757438478 -1.09757438478 -1.14638923095 
204.03786683 91.471140303 1.30215501785 136.798522773 85.7451095581 8388608 0.589759061363 0.0 0.589759061363 -0.949207173583 0.891410922155 -0.891410922155 -0.949207173583 
187.667354609 43.6102495176 1.46022963524 140.183329181 82.2611618042 8388608 0.468983629846 0.0 0.468983629846 -1.12159835891 0.935033533582 -0.935033533582 -1.12159835891 
92.0055613289 53.8943527861 1.90473854542 136.912469677 82.1566009521 20971520 0.275631760465 0.0 0.275631760465 -1.39105144503 1.30115518047 -1.30115518047 -1.39105144503 
208.823722727 113.256821848 1.30729699135 136.23926076 81.2196731567 8388608 0.585128802766 0.0 0.585128802766 -0.944174773914 0.904189924679 -0.904189924679 -0.944174773914 
82.3360216262 107.252932244 4.00067424774 135.746307202 79.8785552979 24510465 0.0624789350843 0.0 0.0624789350843 -2.86551080787 2.79181701523 -2.79181701523 -2.86551080787 
211.403485037 91.7716618581 1.7521263361 137.444715979 79.2790145874 14942208 0.325738554603 0.0 0.325738554603 -1.29066028081 1.18496528945 -1.18496528945 -1.29066028081 
182.568079901 91.5400949961 1.26377928257 136.968253098 78.3984069824 8388608 0.626119942677 0.0 0.626119942677 -0.923791948609 0.862407392559 -0.862407392559 -0.923791948609 
199.21721532 45.5635024233 2.02590298653 137.824016672 76.646156311 8716544 0.243647921386 0.0 0.243647921386 -1.50136853581 1.36021153887 -1.36021153887 -1.50136853581 
184.258966578 89.9312274798 2.04019403458 141.264552952 76.0488052368 9240832 0.240246491052 0.0 0.240246491052 -1.59143997417 1.27660115437 -1.27660115437 -1.59143997417 
165.408038919 99.6306446504 2.31232666969 134.54843217 75.8993225098 18284800 0.187025844107 0.0 0.187025844107 -1.62212473331 1.64789744127 -1.64789744127 -1.62212473331 
66.5390687547 54.002665294 1.96029937267 136.482202504 75.4945983887 23068672 0.260228703576 0.0 0.260228703576 -1.42153170449 1.34982267117 -1.34982267117 -1.42153170449 
81.6781993572 53.8683921834 2.01357293129 134.510806209 74.6428070068 24969216 0.246640999336 0.0 0.246640999336 -1.41160276631 1.43591558936 -1.43591558936 -1.41160276631 
117.170079474 136.271848148 1.34569096565 132.357589333 73.6367263794 8388608 0.552216433157 0.0 0.552216433157 -0.906666815898 0.994404072793 -0.994404072793 -0.906666815898 
223.87521696 43.6281034182 1.54438591003 130.560378047 72.960723877 8388608 0.419264738603 0.0 0.419264738603 -1.00423539382 1.17330265188 -1.17330265188 -1.00423539382 
66.6878987494 111.372138185 1.48861753941 129.723435008 71.7897872925 8388608 0.451267167058 0.0 0.451267167058 -0.951349362629 1.14495264917 -1.14495264917 -0.951349362629 
160.462118996 90.467331934 1.54567539692 136.056086825 71.7566986084 8388608 0.418565483289 0.0 0.418565483289 -1.1129163592 1.07262743302 -1.07262743302 -1.1129163592 
211.775094568 113.918472531 3.45291471481 136.542916569 71.2007751465 13828097 0.0838741818217 0.0 0.0838741818217 -2.50643546625 2.37495290085 -2.37495290085 -2.50643546625 
74.4648344995 83.3657852686 2.46988797188 135.946457059 69.2521362305 23068928 0.16392511223 0.0 0.16392511223 -1.77508459579 1.71738792106 -1.71738792106 -1.77508459579 
220.074207921 35.9523757992 1.63293123245 139.695396494 68.7610855103 9830400 0.375028444513 0.0 0.375028444513 -1.24530007269 1.05626329051 -1.05626329051 -1.24530007269 
98.6508561183 129.318934882 1.32122433186 142.362133288 67.5820236206 8388608 0.572857856662 0.0 0.572857856662 -1.04625935004 0.806830284223 -0.806830284223 -1.04625935004 
123.88389627 97.7824715046 1.93281292915 141.539908368 66.2469940186 22020096 0.267682731848 0.0 0.267682731848 -1.51347286785 1.20215044707 -1.20215044707 -1.51347286785 
41.8983327349 47.533276545 1.47190713882 142.98896177 66.2353439331 8388608 0.461571703509 0.0 0.461571703509 -1.17534663126 0.88604227986 -0.88604227986 -1.17534663126 
110.869294953 109.647810657 6.17107582092 140.74463851 65.8372116089 22413825 0.0262590031441 0.0 0.0262590031441 -4.77847033728 3.90491972047 -3.90491972047 -4.77847033728 
221.87939586 97.6549178489 2.01226377487 135.976802674 65.3806304932 24969216 0.24696202751 0.0 0.24696202751 -1.44693536201 1.39842180969 -1.39842180969 -1.44693536201 
179.260430542 116.426036792 2.42630672455 135.345173371 64.8889007568 21758208 0.169866835498 0.0 0.169866835498 -1.72596257205 1.70529103718 -1.70529103718 -1.72596257205 
137.084832426 86.8622328004 1.50188994408 143.503843128 64.2584915161 8388608 0.443326590709 0.0 0.443326590709 -1.20736445495 0.893277379675 -0.893277379675 -1.20736445495 
185.483996152 99.1608748555 1.69011986256 135.82134385 64.0437240601 12320768 0.350078136588 0.0 0.350078136588 -1.21210371168 1.17784113613 -1.17784113613 -1.21210371168 
150.879196554 100.800713036 2.62407898903 134.898120478 63.9560317993 10748416 0.145226607474 0.0 0.145226607474 -1.85220178276 1.85880044561 -1.85880044561 -1.85220178276 
116.814574162 123.27671656 1.2774990797 132.055203892 63.5733947754 8388608 0.612743634271 0.0 0.612743634271 -0.855728042054 0.948542785902 -0.948542785902 -0.855728042054 
145.29956482 89.5653160355 2.26547241211 141.259227995 63.3332366943 16777472 0.19484193959 0.0 0.19484193959 -1.76703514168 1.41772777997 -1.41772777997 -1.76703514168 
200.802134763 37.7379788574 1.6845099926 137.037005668 63.3281669617 12058624 0.352413727323 0.0 0.352413727323 -1.23271435916 1.14803711782 -1.14803711782 -1.23271435916 
165.584239431 81.7818460884 1.84198653698 138.967107429 63.2199859619 18546688 0.294731868063 0.0 0.294731868063 -1.38947090456 1.20924977064 -1.20924977064 -1.38947090456 
192.659005244 114.664545073 3.50557255745 135.638095122 63.0335159302 14942209 0.0813733281844 0.0 0.0813733281844 -2.50626604292 2.45105476839 -2.45105476839 -2.50626604292 
112.366426085 116.11726849 2.75684356689 133.013321416 62.0435943604 14287360 0.131575719395 0.0 0.131575719395 -1.88063151887 2.01579055026 -2.01579055026 -1.88063151887 
69.5633087577 96.3935185719 1.87858068943 132.521836658 61.6464538574 19988480 0.283361140913 0.0 0.283361140913 -1.26967849252 1.38455116638 -1.38455116638 -1.26967849252 
168.597442682 90.4658863949 1.31299102306 137.789192353 61.0947875977 8388608 0.580064765708 0.0 0.580064765708 -0.972503403624 0.88214656185 -0.88214656185 -0.972503403624 
192.332676034 81.4652232163 1.29804670811 132.391488904 60.6430702209 8388608 0.5934981366 0.0 0.5934981366 -0.875133595499 0.95867953272 -0.95867953272 -0.875133595499 
103.065349339 89.5978796121 1.4939340353 132.297021084 60.5889930725 8388608 0.448061013355 0.0 0.448061013355 -1.00537884979 1.1050123394 -1.1050123394 -1.00537884979 
110.074711698 127.574325846 3.99714827538 136.924154398 60.0067634583 24444929 0.062589211786 0.0 0.062589211786 -2.91971800514 2.72991595215 -2.72991595215 -2.91971800514 
131.006032346 111.474868847 1.49973082542 135.491056351 59.4915390015 8388608 0.444603998251 0.0 0.444603998251 -1.06951958743 1.05134219017 -1.05134219017 -1.06951958743 
178.616698246 44.3104575498 1.24478399754 136.854683719 58.9638824463 8388608 0.645374805073 0.0 0.645374805073 -0.908221334962 0.851246854468 -0.851246854468 -0.908221334962 
202.840288794 96.504053251 1.30868637562 138.631480038 58.7897186279 8388608 0.583887042753 0.0 0.583887042753 -0.982135493207 0.864910343743 -0.864910343743 -0.982135493207 
177.88885975 119.393945418 1.36648738384 131.032704111 58.1209907532 8388608 0.535536094628 0.0 0.535536094628 -0.897084901014 1.03078923674 -1.03078923674 -0.897084901014 
98.2745279945 127.452088589 2.52976918221 138.466839118 56.3866729736 24772864 0.156256540429 0.0 0.156256540429 -1.89371461163 1.67737207707 -1.67737207707 -1.89371461163 
187.915168443 107.203464205 1.33131599426 135.235591371 55.8677749634 8388608 0.564206000643 0.0 0.564206000643 -0.945245417751 0.937503800953 -0.937503800953 -0.945245417751 
149.231311924 80.1918956911 1.48342955112 142.369305429 55.4493255615 8388608 0.454429113845 0.0 0.454429113845 -1.17482081605 0.905736873121 -0.905736873121 -1.17482081605 
34.1641257428 54.3915796568 1.62545514107 140.036655264 55.0062980652 9502720 0.378486177188 0.0 0.378486177188 -1.24583905391 1.04402560666 -1.04402560666 -1.24583905391 
200.470503525 121.034561688 1.30617821217 134.828563443 54.5314598083 8388608 0.586131591316 0.0 0.586131591316 -0.920839785098 0.926366888505 -0.926366888505 -0.920839785098 
155.855851163 80.094384092 2.08982777596 142.528473906 54.2898216248 10944768 0.22897022231 0.0 0.22897022231 -1.65860388202 1.27138243487 -1.27138243487 -1.65860388202 
186.656231771 95.5421346116 4.61147165298 136.49659401 54.0649414062 18088193 0.047024145587 0.0 0.047024145587 -3.34485464357 3.17452645597 -3.17452645597 -3.34485464357 
97.8760939304 100.755138418 1.98826634884 132.958409902 53.7470855713 24051712 0.252959430948 0.0 0.252959430948 -1.35493850516 1.45510986567 -1.45510986567 -1.35493850516 
153.888666792 98.1194096417 1.39856779575 129.727845676 53.2594909668 8388608 0.511249566306 0.0 0.511249566306 -0.893882955574 1.07562314081 -1.07562314081 -0.893882955574 
112.901701313 143.155774871 2.95696163177 132.780533316 52.7505607605 19333632 0.114369078341 0.0 0.114369078341 -2.00834460967 2.17029353328 -2.17029353328 -2.00834460967 
169.458708843 46.7154757103 2.60778641701 137.995389017 52.3020553589 10289664 0.147046930098 0.0 0.147046930098 -1.93782254744 1.74510566196 -1.74510566196 -1.93782254744 
106.45604781 55.1614251472 2.41268706322 133.357675387 52.1800231934 21364992 0.171790051121 0.0 0.171790051121 -1.65643175057 1.75422140015 -1.75422140015 -1.65643175057 
191.961913946 125.918183813 1.30224323273 140.816111575 51.5373725891 8388608 0.58967916268 0.0 0.58967916268 -1.00939761959 0.822772072178 -0.822772072178 -1.00939761959 
127.654159995 138.810927256 2.64640712738 139.830225482 51.3198852539 11338240 0.142786347676 0.0 0.142786347676 -2.02221607699 1.7070772747 -1.7070772747 -2.02221607699 
100.654895442 104.190143931 3.07532072067 133.72542671 51.259765625 22217216 0.105735097767 0.0 0.105735097767 -2.12567146552 2.22241273296 -2.22241273296 -2.12567146552 
206.271775717 79.7973445544 2.61908841133 144.714673302 51.245891571 10551808 0.145780582798 0.0 0.145780582798 -2.13792402741 1.51291274018 -1.51291274018 -2.13792402741 
141.269574226 55.5046864165 2.3227763176 140.266810907 50.8464851379 18612480 0.185346854955 0.0 0.185346854955 -1.78628331039 1.4847497286 -1.4847497286 -1.78628331039 
167.02245319 57.1036036692 1.83102619648 139.888676447 50.6197967529 18087936 0.298270899834 0.0 0.298270899834 -1.40035800586 1.17968402025 -1.17968402025 -1.40035800586 
150.753299908 117.665190699 3.54791069031 140.658529634 50.5510826111 15794177 0.0794428181575 0.0 0.0794428181575 -2.74388873819 2.24916536939 -2.24916536939 -2.74388873819 
208.913439883 45.6950626982 2.02195811272 135.370861036 50.5423927307 8585472 0.244599571094 0.0 0.244599571094 -1.43896462371 1.42045606102 -1.42045606102 -1.43896462371 
236.025940199 117.547914512 1.2443549633 132.122442492 48.9769973755 8388608 0.645819912179 0.0 0.645819912179 -0.834610271857 0.922954478187 -0.922954478187 -0.834610271857 
210.502205806 38.0099189028 2.0370657444 137.129889988 47.4627914429 9109760 0.24098494323 0.0 0.24098494323 -1.4929612402 1.38589450618 -1.38589450618 -1.4929612402 
45.3294371443 55.0119877217 1.8895264864 139.852060481 46.9467849731 20381696 0.280087696583 0.0 0.280087696583 -1.44432040018 1.21829755168 -1.21829755168 -1.44432040018 
58.5833257019 54.7666960135 1.43828320503 132.236370644 46.3435173035 8388608 0.483405048418 0.0 0.483405048418 -0.966800605092 1.06487331071 -1.06487331071 -0.966800605092 
231.864084732 43.4544575367 2.12941980362 130.497167203 45.9666748047 12321024 0.220534948535 0.0 0.220534948535 -1.38286747678 1.61929189515 -1.61929189515 -1.38286747678 
225.177837073 36.1080307345 1.35464966297 135.233370357 45.8062438965 8388608 0.544936644785 0.0 0.544936644785 -0.961775537345 0.953972497063 -0.953972497063 -0.961775537345 
137.899630079 101.396814167 2.81373858452 139.745480939 45.0576286316 15794688 0.126308479717 0.0 0.126308479717 -2.14739325043 1.81819334781 -1.81819334781 -2.14739325043 
145.296488255 46.8762781924 2.02039432526 137.428793303 44.9919891357 8519936 0.244978358309 0.0 0.244978358309 -1.4878934388 1.36680881777 -1.36680881777 -1.4878934388 
128.395254668 122.497516001 2.83474349976 138.994928105 44.8192634583 16318976 0.12444357065 0.0 0.12444357065 -2.13924344013 1.85994844371 -1.85994844371 -2.13924344013 
213.930661575 69.791287498 1.47499477863 151.852131952 44.69947052 8388608 0.459641289219 0.0 0.459641289219 -1.30055164335 0.695826860625 -0.695826860625 -1.30055164335 
188.093353745 112.197093237 1.22867107391 137.165783701 44.2926368713 8388608 0.662412824674 0.0 0.662412824674 -0.90101396219 0.835348099782 -0.835348099782 -0.90101396219 
72.26594214 73.0307531089 1.73206543922 127.614783232 43.1440544128 14090240 0.333327701678 0.0 0.333327701678 -1.05716539093 1.37202478912 -1.37202478912 -1.05716539093 
179.343187764 81.0352788095 1.42307257652 133.989131116 43.0048294067 8388608 0.493794104807 0.0 0.493794104807 -0.988355070783 1.02386025028 -1.02386025028 -0.988355070783 
133.637835823 133.330897628 4.81140327454 136.570460381 42.4347991943 21168385 0.0431972879225 0.0 0.0431972879225 -3.49413890797 3.30765698977 -3.30765698977 -3.49413890797 
116.729875466 77.1641530514 2.31283044815 127.477964182 42.3774681091 18284800 0.186944377409 0.0 0.186944377409 -1.40725616965 1.8354331246 -1.8354331246 -1.40725616965 
109.670316975 125.801478212 1.26424384117 134.470812277 41.8259773254 8388608 0.625659879588 0.0 0.625659879588 -0.885660748504 0.902173779545 -0.902173779545 -0.885660748504 
77.7097441311 135.676179333 3.50302100182 147.6378473 41.3003883362 14876673 0.081491913937 0.0 0.081491913937 -2.95893768946 1.87505836951 -1.87505836951 -2.95893768946 
216.169612287 68.1977235253 3.05249738693 151.191132494 40.2614250183 21627392 0.107322158388 0.0 0.107322158388 -2.67469622581 1.47096580412 -1.47096580412 -2.67469622581 
122.553397292 114.153025849 1.44991075993 139.464063162 39.5685157776 8388608 0.475682806717 0.0 0.475682806717 -1.10192996173 0.942333046853 -0.942333046853 -1.10192996173 
110.454202647 144.720035763 1.57616090775 129.464512293 38.7946014404 8388608 0.402530596005 0.0 0.402530596005 -1.00180814332 1.2168252344 -1.2168252344 -1.00180814332 
23.3736840366 54.1338490108 1.26308393478 141.1733841 38.5451431274 8388608 0.626809510399 0.0 0.626809510399 -0.984001499284 0.791910396266 -0.791910396266 -0.984001499284 
95.6218176045 109.850423166 1.37429797649 138.426095801 38.3985519409 8388608 0.529466132975 0.0 0.529466132975 -1.02811287032 0.91196428333 -0.91196428333 -1.02811287032 
80.0633209608 101.236537393 1.72124707699 132.874741686 38.104309082 13631488 0.337530924157 0.0 0.337530924157 -1.1711328416 1.26140372894 -1.26140372894 -1.1711328416 
158.995479358 46.908469585 2.46613407135 137.624110968 37.625328064 22937856 0.16442453918 0.0 0.16442453918 -1.82182949743 1.66215358501 -1.66215358501 -1.82182949743 
212.167245733 98.5722719253 1.94430398941 136.237917556 37.4307403564 22478848 0.26452801038 0.0 0.26452801038 -1.40421157352 1.34480774092 -1.34480774092 -1.40421157352 
96.1709813114 142.180379199 3.37426543236 149.757779238 37.0469017029 12189697 0.0878297232592 0.0 0.0878297232592 -2.91504105418 1.69947134735 -1.69947134735 -2.91504105418 
118.543637819 158.5015865 2.22535037994 137.438688257 36.9841194153 15532288 0.201931094784 0.0 0.201931094784 -1.63909065986 1.5051797641 -1.5051797641 -1.63909065986 
137.147200219 46.7716275428 1.96792018414 142.597866815 36.4850387573 23330816 0.25821712404 0.0 0.25821712404 -1.56330006413 1.19532537856 -1.19532537856 -1.56330006413 
133.864471317 64.7939037388 1.29354894161 143.329473546 36.1274604797 8388608 0.597632586913 0.0 0.597632586913 -1.03753356755 0.772523760506 -0.772523760506 -1.03753356755 
140.087579033 67.1756772158 2.24430060387 140.950612661 35.881690979 16122112 0.198535396419 0.0 0.198535396419 -1.74293106769 1.41388701592 -1.41388701592 -1.74293106769 
68.9521249043 46.3499858597 1.37326979637 135.84970376 35.2492370605 8388608 0.530259262407 0.0 0.530259262407 -0.985341848978 0.956541360464 -0.956541360464 -0.985341848978 
93.8942843078 68.7432988464 1.48543143272 122.634440264 34.6450653076 8388608 0.453205091973 0.0 0.453205091973 -0.801059129159 1.25092398367 -1.25092398367 -0.801059129159 
72.6060139488 135.238085806 1.57549679279 137.124771299 34.4792366028 8388608 0.402870022821 0.0 0.402870022821 -1.15458255374 1.07197447297 -1.07197447297 -1.15458255374 
128.069877129 64.5583787927 1.44602799416 145.272493396 34.4201965332 8388608 0.478240771836 0.0 0.478240771836 -1.18844796188 0.823764773335 -0.823764773335 -1.18844796188 
131.365644818 45.4036715332 1.30377948284 141.200253843 34.1644439697 8388608 0.588290337372 0.0 0.588290337372 -1.01608846829 0.816948691467 -0.816948691467 -1.01608846829 
76.3476717241 46.2145036814 1.43292629719 135.217769179 34.1201629639 8388608 0.48702616522 0.0 0.48702616522 -1.01707565469 1.00937351154 -1.00937351154 -1.01707565469 
81.5537259959 45.6701197796 1.279946208 136.771927311 33.291973114 8388608 0.610402865783 0.0 0.610402865783 -0.932611222834 0.876640520634 -0.876640520634 -0.932611222834 
218.879993905 56.0972977547 1.97353923321 138.248835737 33.2752876282 23527424 0.256748828786 0.0 0.256748828786 -1.4723467959 1.31417351123 -1.31417351123 -1.4723467959 
79.9712183179 70.1124103862 3.70827698708 140.685641971 32.5132255554 19005441 0.07272030103 0.0 0.07272030103 -2.86902516615 2.34947075081 -2.34947075081 -2.86902516615 
207.721755555 55.6715239261 1.83514654636 139.580226318 32.1473579407 18284544 0.296933022169 0.0 0.296933022169 -1.39712383271 1.18987723851 -1.18987723851 -1.39712383271 
200.713044294 133.877113822 3.41379332542 133.043762463 31.5899276733 13041665 0.0858075594971 0.0 0.0858075594971 -2.33010774003 2.4949113789 -2.4949113789 -2.33010774003 
75.911301404 125.542966045 2.39798641205 148.002877155 31.1784706116 20906240 0.173902795844 0.0 0.173902795844 -2.03367162 1.27063707422 -1.27063707422 -2.03367162 
167.667134477 68.2366989886 2.92583298683 143.101287865 30.6586284637 18612736 0.116815624757 0.0 0.116815624757 -2.33978323913 1.75667670923 -1.75667670923 -2.33978323913 
131.686556617 56.0916918033 1.30702936649 139.534762624 29.9855518341 8388608 0.585368447026 0.0 0.585368447026 -0.9943877593 0.848244510168 -0.848244510168 -0.9943877593 
151.385305459 44.9313950123 1.18618381023 133.175421258 29.559803009 8388608 0.710715873909 0.0 0.710715873909 -0.811627684666 0.865039035619 -0.865039035619 -0.811627684666 
96.0892522091 46.2566676324 1.52752459049 137.302268224 29.033416748 8388608 0.428571788347 0.0 0.428571788347 -1.12264112454 1.03586112972 -1.03586112972 -1.12264112454 
118.117439674 47.0558038678 1.86036455631 137.844740371 28.9573364258 19267584 0.288937483865 0.0 0.288937483865 -1.37914200023 1.24856863071 -1.24856863071 -1.37914200023 
160.813499219 134.011915849 2.9040954113 139.19908891 28.929857254 18022912 0.118570933435 0.0 0.118570933435 -2.19835569254 1.89763073515 -1.89763073515 -2.19835569254 
79.6244393662 92.7423363524 1.56189191341 136.259052377 28.4792385101 8388608 0.409918998708 0.0 0.409918998708 -1.12842506092 1.07989037919 -1.07989037919 -1.12842506092 
240.425650477 40.6935486935 1.25808167458 129.894238779 27.9575424194 8388608 0.631803936114 0.0 0.631803936114 -0.806898973892 0.965237559275 -0.965237559275 -0.806898973892 
229.620395437 55.9547758813 2.1431427002 137.520522669 27.5449676514 12779776 0.217719747205 0.0 0.217719747205 -1.58060905671 1.44732015921 -1.44732015921 -1.58060905671 
215.590059813 21.7567605402 1.20291352272 150.744304898 27.5237693787 8388608 0.691084553012 0.0 0.691084553012 -1.04947881701 0.587873418171 -0.587873418171 -1.04947881701 
247.265987531 65.6935849459 1.35574305058 147.09736134 26.9464454651 8388608 0.544058031822 0.0 0.544058031822 -1.13827488137 0.736457407881 -0.736457407881 -1.13827488137 
125.069058133 71.0463878094 1.37878274918 142.836279038 26.9147586823 8388608 0.526027341156 0.0 0.526027341156 -1.0987693229 0.832915268482 -0.832915268482 -1.0987693229 
85.2632490179 78.2708346947 1.31789588928 144.979021127 26.595615387 8388608 0.575755099579 0.0 0.575755099579 -1.07928026127 0.756309257257 -0.756309257257 -1.07928026127 
100.992894883 63.0306858438 1.48178100586 127.018986821 25.3473815918 8388608 0.455440820285 0.0 0.455440820285 -0.892150180453 1.18310735136 -1.18310735136 -0.892150180453 
191.188493856 55.005432442 1.5369194746 144.493406437 24.5569553375 8388608 0.423348253722 0.0 0.423348253722 -1.25112727883 0.89263766646 -0.89263766646 -1.25112727883 
240.126518664 33.3833848301 1.2954210043 129.626768193 23.7135238647 8388608 0.595906511381 0.0 0.595906511381 -0.826198658499 0.997753153372 -0.997753153372 -0.826198658499 
128.977081 69.7970125543 1.5840651989 149.611708362 23.5241966248 8388608 0.398523461908 0.0 0.398523461908 -1.36644166303 0.801311260308 -0.801311260308 -1.36644166303 
198.614458159 29.090690402 1.47659099102 134.494133403 21.4008769989 8388608 0.458648070971 0.0 0.458648070971 -1.03484846323 1.05328515271 -1.05328515271 -1.03484846323 
64.0141120778 132.989664083 2.20532917976 139.566405341 20.8644943237 14876928 0.205614222695 0.0 0.205614222695 -1.67860430002 1.4303022041 -1.4303022041 -1.67860430002 
59.2669951713 118.90094539 1.8943631649 130.042644644 20.4570407867 20578304 0.278659285424 0.0 0.278659285424 -1.21875292108 1.45025967257 -1.45025967257 -1.21875292108 
152.799796753 38.1460519494 1.43189525604 132.746232599 20.4074878693 8388608 0.487727787491 0.0 0.487727787491 -0.971902427144 1.05153682598 -1.05153682598 -0.971902427144 
146.90281851 130.328710944 1.7664847374 140.7593429 20.2366714478 15532032 0.320464717171 0.0 0.320464717171 -1.36813501956 1.11744122696 -1.11744122696 -1.36813501956 
122.774977736 88.7039634723 1.70479547977 144.784952902 18.9902954102 12976128 0.344076830986 0.0 0.344076830986 -1.39280680313 0.983065021768 -0.983065021768 -1.39280680313 
70.1924305977 37.7444740876 1.98714840412 130.226393956 18.1631946564 24051712 0.253244134604 0.0 0.253244134604 -1.28331925888 1.51718504467 -1.51718504467 -1.28331925888 
183.475132219 37.1497963151 1.44456470013 141.041412594 17.6168365479 8388608 0.479210145247 0.0 0.479210145247 -1.12329441 0.908282357707 -0.908282357707 -1.12329441 
245.476166895 71.4279244419 1.5357105732 151.411803615 17.4407234192 8388608 0.42401503006 0.0 0.42401503006 -1.34847915585 0.734854360317 -0.734854360317 -1.34847915585 
174.027364406 136.764322491 1.98920845985 127.38990153 17.1558589935 24117248 0.252719878948 0.0 0.252719878948 -1.20791861731 1.58046920587 -1.58046920587 -1.20791861731 
183.108815732 68.7404728627 2.7219786644 145.176460715 16.1788482666 13369856 0.134967923567 0.0 0.134967923567 -2.23451221433 1.55438830845 -1.55438830845 -2.23451221433 
185.394555693 159.905057342 1.40424478054 136.322595396 15.4941482544 8388608 0.507124232422 0.0 0.507124232422 -1.01560536159 0.969767576895 -0.969767576895 -1.01560536159 
209.452617401 29.4513778588 1.25449573994 143.9051736 15.0738372803 8388608 0.635421079847 0.0 0.635421079847 -1.01368660517 0.739052791095 -0.739052791095 -1.01368660517 
43.4441611921 59.4972918923 1.33097720146 136.232965186 14.6387405396 8388608 0.564493268162 0.0 0.564493268162 -0.961176278271 0.920673923222 -0.920673923222 -0.961176278271 
138.486939577 148.199724779 1.69564032555 139.740336472 14.2645969391 12582912 0.347802362164 0.0 0.347802362164 -1.29398295184 1.09581213442 -1.09581213442 -1.29398295184 
165.654688146 73.558115551 1.31611514091 137.060434139 12.5245552063 8388608 0.577314185919 0.0 0.577314185919 -0.963491897951 0.89657259981 -0.89657259981 -0.963491897951 
60.6154155021 69.4847947993 2.07888817787 131.414841873 11.8436450958 10551552 0.231386352976 0.0 0.231386352976 -1.37519731809 1.55904085656 -1.55904085656 -1.37519731809 
81.6283952196 65.9207672291 1.72642433643 129.817382212 11.7756500244 13828096 0.335509561367 0.0 0.335509561367 -1.1055033063 1.32604804935 -1.32604804935 -1.1055033063 
87.5120386872 156.568350818 1.52110433578 134.00505901 11.3665800095 8388608 0.43219724231 0.0 0.43219724231 -1.05674446818 1.09409758675 -1.09409758675 -1.05674446818 
224.145025407 145.603340907 1.677272439 134.184531194 10.3168029785 11796480 0.35546167138 0.0 0.35546167138 -1.16901112928 1.20277005876 -1.20277005876 -1.16901112928 
56.4392802868 85.4322050717 1.46715927124 134.480553791 9.97383594513 8388608 0.464563917501 0.0 0.464563917501 -1.0279903 1.04680096976 -1.04680096976 -1.0279903 
240.683188649 170.246643431 1.53623342514 131.475464146 9.86974906921 8388608 0.423726454962 0.0 0.423726454962 -1.01744626232 1.15100662023 -1.15100662023 -1.01744626232 
168.959731373 32.8870844073 1.31468880177 130.951441706 9.36304855347 8388608 0.578567550993 0.0 0.578567550993 -0.861672250489 0.992938859258 -0.992938859258 -0.861672250489 
105.985390342 169.658724166 1.45533049107 129.422325636 9.34722328186 8388608 0.472146465668 0.0 0.472146465668 -0.92418079959 1.12422270387 -1.12422270387 -0.92418079959 
39.2557892793 110.38568093 1.2255692482 131.918854047 9.18105316162 8388608 0.66577010419 0.0 0.66577010419 -0.818775173638 0.911935961111 -0.911935961111 -0.818775173638 
180.524213825 145.077120012 1.6437766552 133.574887428 9.12173652649 10289152 0.37009599324 0.0 0.37009599324 -1.13305865944 1.19087353083 -1.19087353083 -1.13305865944 
224.172592321 138.637125053 1.40968871117 131.509235128 7.88413619995 8388608 0.503214974453 0.0 0.503214974453 -0.934258166147 1.05564385158 -1.05564385158 -0.934258166147 
43.0559143976 98.2095111191 2.13690567017 133.474975204 7.43429994583 12583168 0.21899252805 0.0 0.21899252805 -1.470271645 1.55069891762 -1.55069891762 -1.470271645 
80.776115452 166.217587693 1.2890971899 140.749397411 7.13635063171 8388608 0.601767427637 0.0 0.601767427637 -0.998258803313 0.815629159989 -0.815629159989 -0.998258803313 
190.082015614 143.545736237 1.36999118328 134.058358142 6.78706932068 8388608 0.532800293701 0.0 0.532800293701 -0.952679110955 0.984519351672 -0.984519351672 -0.952679110955 
61.2345835767 79.4925339401 1.82280778885 129.973371755 6.54632759094 17760256 0.300966562988 0.0 0.300966562988 -1.17102917975 1.39689616481 -1.39689616481 -1.17102917975 
52.3074809145 112.02569382 1.30571913719 133.032925594 6.36529922485 8388608 0.586543817253 0.0 0.586543817253 -0.89104693049 0.954430632835 -0.954430632835 -0.89104693049 
73.0948682482 153.171015029 1.77211093903 134.653058477 5.94989442825 15728640 0.318433087051 0.0 0.318433087051 -1.24546104607 1.26063633255 -1.26063633255 -1.24546104607 
60.2070873216 147.817592662 1.37584853172 133.920884668 4.8873167038 8388608 0.52827340884 0.0 0.52827340884 -0.954377184171 0.991021378468 -0.991021378468 -0.954377184171 
79.0697496499 151.981587215 1.31677913666 133.447308337 4.87667226791 8388608 0.576732102711 0.0 0.576732102711 -0.905532156494 0.95599100848 -0.95599100848 -0.905532156494 
36.1091652853 103.78033375 1.37793445587 135.401554101 4.62755775452 8388608 0.526675213518 0.0 0.526675213518 -0.981151465091 0.967494272453 -0.967494272453 -0.981151465091 
66.2414343561 160.633429163 1.28873121738 132.291775208 4.54337739944 8388608 0.602109254713 0.0 0.602109254713 -0.867195397401 0.953310176902 -0.953310176902 -0.867195397401 
71.8847585983 159.913719704 1.66298687458 136.289116446 3.81381511688 11141120 0.361594950413 0.0 0.361594950413 -1.20206660934 1.14915673941 -1.14915673941 -1.20206660934 
237.837117767 143.150943734 1.724614501 134.692604077 3.67853546143 13762560 0.336214108039 0.0 0.336214108039 -1.21292645697 1.2260116586 -1.2260116586 -1.21292645697 
37.1501836557 33.5762189457 1.44840764999 132.640021384 3.5531539917 8388608 0.476670615024 0.0 0.476670615024 -0.981136817409 1.06548358321 -1.06548358321 -0.981136817409 
52.036464294 34.059116045 1.40637457371 130.275513205 3.5252456665 8388608 0.505589432342 0.0 0.505589432342 -0.909170215878 1.07298600184 -1.07298600184 -0.909170215878 
43.0694002142 150.02585792 1.31074142456 131.415804363 3.49908733368 8388608 0.582057580769 0.0 0.582057580769 -0.867080028003 0.982962515611 -0.982962515611 -0.867080028003 
204.073389898 151.157700608 1.51032936573 137.165862964 3.29764938354 8388608 0.438385990391 0.0 0.438385990391 -1.10756216231 1.02684022594 -1.02684022594 -1.10756216231 
209.672584628 152.340368106 1.36954653263 137.247635622 3.09024429321 8388608 0.533146318389 0.0 0.533146318389 -1.0056504827 0.929690707539 -0.929690707539 -1.0056504827 
85.1234962979 150.81766623 1.23128604889 138.604095101 2.54615306854 8388608 0.65960218036 0.0 0.65960218036 -0.923659490693 0.8141980591 -0.8141980591 -0.923659490693 
60.4016549322 28.7514095021 1.64522957802 126.259198974 2.44772338867 10354688 0.369442609071 0.0 0.369442609071 -0.973053129444 1.32663030708 -1.32663030708 -0.973053129444 
247.772005898 144.089587921 1.28857970238 134.527351176 1.92043685913 8388608 0.602250858606 0.0 0.602250858606 -0.903616087734 0.918648798707 -0.918648798707 -0.903616087734 
31.6310213425 82.7000127211 1.24921345711 129.468510096 0.854263544083 8388608 0.640806180757 0.0 0.640806180757 -0.794067577611 0.964360380566 -0.964360380566 -0.794067577611 
