13
117
167.497436592 109.521943341 2.26377081871 269.670318604 183.39894104 16777472 0.195134960738 0.0 0.195134960738 -0.0130257239341 -2.26373334343 2.26373334343 -0.0130257239341 
180.569817568 82.6103899301 2.04815602303 82.8478393555 153.72203064 9502976 0.238382256311 0.0 0.238382256311 0.255005296101 2.03221932714 -2.03221932714 0.255005296101 
21.5428594022 98.0851824736 1.31192862988 231.358200073 152.213256836 8388608 0.58100461314 0.0 0.58100461314 -0.81923328984 -1.02470168669 1.02470168669 -0.81923328984 
181.873333713 101.909352684 1.58313906193 35.3181762695 142.224945068 8388608 0.398989871055 0.0 0.398989871055 1.2917690173 0.915238818753 -0.915238818753 1.2917690173 
161.778157411 78.7012799782 2.29987621307 51.0059814453 138.789535522 17891584 0.189056266445 0.0 0.189056266445 1.44717239895 1.78749059947 -1.78749059947 1.44717239895 
44.7701406952 111.451158751 3.12145233154 100.004730225 127.669761658 23265792 0.10263289652 0.0 0.10263289652 -0.542288292987 3.073985697 -3.073985697 -0.542288292987 
15.6420739052 89.3404474056 1.910135746 26.8424072266 126.96509552 21168128 0.274076333637 0.0 0.274076333637 1.70432217014 0.862498990448 -0.862498990448 1.70432217014 
43.9520172734 111.393186604 1.48178565502 99.9810791016 125.552207947 8388608 0.455437962362 0.0 0.455437962362 -0.25682746573 1.45935889358 -1.45935889358 -0.25682746573 
32.3801180088 108.078939354 3.46725487709 100.181762695 124.054954529 14155777 0.0831818288429 0.0 0.0831818288429 -0.612911709917 3.41265228503 -3.41265228503 -0.612911709917 
107.58622828 42.2335245231 3.01888155937 276.481872559 122.430450439 20840960 0.109725571337 0.0 0.109725571337 0.340798092668 -2.99958372604 2.99958372604 0.340798092668 
167.860633881 127.007587392 4.11717891693 99.977142334 121.305351257 9896193 0.0589930050928 0.0 0.0589930050928 -0.713322999015 4.05491461477 -4.05491461477 -0.713322999015 
19.3096278849 76.6374611156 1.30318570137 38.0950927734 119.077323914 8388608 0.588826554862 0.0 0.588826554862 1.02559133478 0.804024493577 -0.804024493577 1.02559133478 
102.448583372 43.6242168505 1.31448602676 106.21824646 116.251808167 8388608 0.578746066523 0.0 0.578746066523 -0.367131882602 1.2621757783 -1.2621757783 -0.367131882602 
90.0717765403 35.7438690308 3.08664941788 27.5822143555 103.613868713 22479360 0.104960378923 0.0 0.104960378923 2.73584353805 1.42918325074 -1.42918325074 2.73584353805 
153.668009886 96.8642100986 2.20950484276 19.3157958984 99.1842727661 15008000 0.204837791353 0.0 0.204837791353 2.08513136455 0.730848029843 -0.730848029843 2.08513136455 
90.3483305 32.3980946892 1.58262133598 37.1942443848 98.6429672241 8388608 0.399250958392 0.0 0.399250958392 1.26070135663 0.956724820681 -0.956724820681 1.26070135663 
146.33773325 44.5540978341 4.43862009048 308.196990967 87.785446167 15335681 0.0507579473437 0.0 0.0507579473437 2.74469673649 -3.48826434382 3.48826434382 2.74469673649 
137.942165632 38.9512118938 1.25124680996 120.671981812 86.9109649658 8388608 0.638725174277 0.0 0.638725174277 -0.63828900171 1.07619967001 -1.07619967001 -0.63828900171 
128.342025863 30.1901261002 2.75892996788 285.153167725 85.7364349365 14352896 0.131376790163 0.0 0.131376790163 0.721185144648 -2.66300329606 2.66300329606 0.721185144648 
146.648218029 79.3742982504 3.3507168293 27.3987426758 78.5508499146 11665409 0.0890685836071 0.0 0.0890685836071 2.97485178989 1.54193388261 -1.54193388261 2.97485178989 
104.202721966 29.58423211 1.73810422421 263.152923584 76.0131149292 14352384 0.33101553013 0.0 0.33101553013 -0.207216415217 -1.72570786968 1.72570786968 -0.207216415217 
126.312986275 27.3999817103 1.53355515003 118.827285767 73.1597366333 8388608 0.425207780235 0.0 0.425207780235 -0.739435728065 1.34351263569 -1.34351263569 -0.739435728065 
174.225566672 69.2220757234 1.67652845383 107.4324646 72.9210891724 11730944 0.355777224501 0.0 0.355777224501 -0.502256792135 1.59952673352 -1.59952673352 -0.502256792135 
161.106579273 68.8034102624 1.23644137383 72.7731018066 72.830696106 8388608 0.654113243242 0.0 0.654113243242 0.366180130398 1.18097391292 -1.18097391292 0.366180130398 
166.388647432 31.9564604689 3.693546772 130.895309448 64.8291015625 18743297 0.0733014885637 0.0 0.0733014885637 -2.41808726022 2.7919781086 -2.7919781086 -2.41808726022 
166.878738505 65.1877058668 4.09806919098 83.1745605469 64.5995025635 9568513 0.0595444689946 0.0 0.0595444689946 0.487034358902 4.06902551323 -4.06902551323 0.487034358902 
179.715449436 67.4876117402 3.3609828949 327.76574707 60.0088157654 11927553 0.0885252976307 0.0 0.0885252976307 2.84296954903 -1.79268797147 1.79268797147 2.84296954903 
260.876356441 61.6912046226 6.85748767853 284.765319824 59.8417358398 13369346 0.0212652223522 0.0 0.0212652223522 1.74770280139 -6.63103854454 6.63103854454 1.74770280139 
140.474480308 37.2011929107 2.26903891563 305.642425537 59.77684021 16908544 0.194229911008 0.0 0.194229911008 1.3222254376 -1.84397871269 1.84397871269 1.3222254376 
190.815672347 82.9363908844 1.67918264866 161.925125122 56.1251602173 11862016 0.354653397064 0.0 0.354653397064 -1.59631813652 0.520982508885 -0.520982508885 -1.59631813652 
128.746127472 44.3887218122 2.35251617432 278.918731689 54.787940979 19529984 0.180690268795 0.0 0.180690268795 0.364718513787 -2.3240724507 2.3240724507 0.364718513787 
192.759898003 86.9222315765 2.33219861984 176.972839355 53.4448738098 18874624 0.183852242725 0.0 0.183852242725 -2.32894430038 0.123161877699 -0.123161877699 -2.32894430038 
18.7087044513 43.1035196223 1.97854340076 249.292694092 47.0281982422 23724032 0.255451723682 0.0 0.255451723682 -0.699601315421 -1.85072742136 1.85072742136 -0.699601315421 
238.164141472 55.1616398825 1.99985003471 118.159713745 46.0044136047 24510464 0.250037495539 0.0 0.250037495539 -0.943791185053 1.7631387808 -1.7631387808 -0.943791185053 
215.402307044 51.1185018014 2.01959705353 91.2717895508 45.0992240906 8519936 0.245171815584 0.0 0.245171815584 -0.044825143114 2.01909954315 -2.01909954315 -0.044825143114 
293.926019587 63.313987992 1.25397491455 289.593017578 44.0292510986 8388608 0.635949020482 0.0 0.635949020482 0.420503887787 -1.18136766787 1.18136766787 0.420503887787 
33.1028438968 93.4523608958 2.77586364746 195.878601074 42.6779556274 14811648 0.129778796116 0.0 0.129778796116 -2.66994657616 -0.759476312831 0.759476312831 -2.66994657616 
193.107966891 103.210544031 5.1735033989 219.079406738 42.003200531 9699841 0.0373620349624 0.0 0.0373620349624 -4.01605118284 -3.26136019403 3.26136019403 -4.01605118284 
287.158979268 63.2674387892 2.49639582634 291.508178711 40.1102180481 23789824 0.160462333787 0.0 0.160462333787 0.91526367689 -2.32255990742 2.32255990742 0.91526367689 
246.387237082 77.704554464 3.86125898361 240.102600098 39.4267959595 21954561 0.0670721358889 0.0 0.0670721358889 -1.92463835942 -3.34740020374 3.34740020374 -1.92463835942 
207.251902114 95.3748628332 7.78134536743 277.355499268 38.8099708557 22478850 0.0165154578162 0.0 0.0165154578162 0.99620940488 -7.71731187324 7.71731187324 0.99620940488 
89.1544352739 25.892164233 1.15693700314 260.36138916 37.9398498535 8388608 0.74710316581 0.0 0.74710316581 -0.193709616045 -1.14060502098 1.14060502098 -0.193709616045 
303.052494808 67.3748738841 1.3672825098 299.470794678 37.1464691162 8388608 0.534913407167 0.0 0.534913407167 0.672675444879 -1.1903651572 1.1903651572 0.672675444879 
207.382273859 50.0092332293 1.29637527466 87.2139892578 36.4595451355 8388608 0.595029532873 0.0 0.595029532873 0.0630114885507 1.29484300402 -1.29484300402 0.0630114885507 
142.259574728 26.3757638728 1.87894713879 299.943847656 34.0915679932 19988480 0.283250624359 0.0 0.283250624359 0.93787837641 -1.62813589771 1.62813589771 0.93787837641 
239.533015433 106.57218588 2.76918125153 105.76083374 32.9925575256 14615040 0.130405898205 0.0 0.130405898205 -0.752171741532 2.66507081989 -2.66507081989 -0.752171741532 
250.056735574 105.298458617 4.69604825974 234.277557373 32.5309448242 19398913 0.0453455733271 0.0 0.0453455733271 -2.7418312518 -3.81250975663 3.81250975663 -2.7418312518 
273.089157389 55.4275974923 1.97261786461 294.664611816 30.7672595978 23527424 0.256988728829 0.0 0.256988728829 0.823185000067 -1.79264823528 1.79264823528 0.823185000067 
272.34714234 57.505672767 3.00713372231 292.291259766 30.478263855 20578816 0.110584566093 0.0 0.110584566093 1.14065098259 -2.78240337833 2.78240337833 1.14065098259 
231.565464324 95.8445121988 1.96474993229 236.832092285 30.1353588104 23199744 0.259051096592 0.0 0.259051096592 -1.07490378852 -1.64463495702 1.64463495702 -1.07490378852 
173.509409823 36.5652790112 1.83659863472 129.765396118 30.0010986328 18350080 0.296463673533 0.0 0.296463673533 -1.17477219278 1.41173823357 -1.41173823357 -1.17477219278 
133.51813697 87.7031503377 1.40264320374 163.600738525 29.8846092224 8388608 0.508282990546 0.0 0.508282990546 -1.34558033116 0.39600698148 -0.39600698148 -1.34558033116 
169.615996412 97.9796266088 2.30762267113 303.731018066 28.591676712 18153728 0.187789110997 0.0 0.187789110997 1.28141072875 -1.91914276085 1.91914276085 1.28141072875 
157.345752384 59.1022307974 1.99319648743 261.282318115 26.1927261353 24248320 0.251709596636 0.0 0.251709596636 -0.302100558259 -1.97016940647 1.97016940647 -0.302100558259 
279.78209677 104.071545982 2.45127868652 10.8373413086 25.6312866211 22479104 0.166423488693 0.0 0.166423488693 2.40755993585 0.460892996572 -0.460892996572 2.40755993585 
307.715629243 108.979931711 1.36417233944 288.10168457 24.8057785034 8388608 0.537355280935 0.0 0.537355280935 0.423854315336 -1.29665480798 1.29665480798 0.423854315336 
260.06361866 88.8025057113 2.1651725769 266.326507568 23.424621582 13500672 0.213311841157 0.0 0.213311841157 -0.138723952324 -2.16072394184 2.16072394184 -0.138723952324 
152.988938647 114.077662117 2.71468257904 306.514099121 21.8452148438 13173248 0.135694388464 0.0 0.135694388464 1.61529199914 -2.18181879689 2.18181879689 1.61529199914 
135.617602976 67.0358203252 1.29531788826 204.109786987 21.7168731689 8388608 0.596001391508 0.0 0.596001391508 -1.18232007437 -0.529119715555 0.529119715555 -1.18232007437 
139.567099941 60.0967054305 1.3465192318 220.334671021 20.600982666 8388608 0.551537287262 0.0 0.551537287262 -1.0264203744 -0.871536147621 0.871536147621 -1.0264203744 
281.681522887 97.2386917177 1.50410318375 12.1112365723 19.1162204742 8388608 0.442022868844 0.0 0.442022868844 1.47062501839 0.315576365797 -0.315576365797 1.47062501839 
244.083646034 99.8769816033 1.98784458637 230.902984619 18.5327911377 24051712 0.253066783517 0.0 0.253066783517 -1.25360512851 -1.54272495324 1.54272495324 -1.25360512851 
224.437874365 107.57795898 2.36986804008 269.587921143 18.5080795288 20054272 0.178053974235 0.0 0.178053974235 -0.0170442588156 -2.36980674753 2.36980674753 -0.0170442588156 
143.598207655 55.2282103605 1.38763678074 234.144287109 18.2584629059 8388608 0.519335959211 0.0 0.519335959211 -0.812802770349 -1.1246721708 1.1246721708 -0.812802770349 
163.240432914 85.3111127232 1.26232993603 60.5296020508 18.1474266052 8388608 0.627558529693 0.0 0.627558529693 0.621033283633 1.09899705551 -1.09899705551 0.621033283633 
247.744548103 94.9163649595 1.28808987141 234.436141968 18.063867569 8388608 0.602708990015 0.0 0.602708990015 -0.749165890079 -1.04781963427 1.04781963427 -0.749165890079 
238.992553675 102.54388368 1.41305756569 230.432144165 16.7472686768 8388608 0.500818416434 0.0 0.500818416434 -0.900105820788 -1.0892847173 1.0892847173 -0.900105820788 
102.302187483 53.3946462591 2.08836746216 270.941955566 16.2540512085 10879232 0.229290554135 0.0 0.229290554135 0.0343316865524 -2.08808524546 2.08808524546 0.0343316865524 
287.203772959 114.701653469 1.30828380585 260.627075195 15.9281959534 8388608 0.584246431804 0.0 0.584246431804 -0.213066757931 -1.29081721142 1.29081721142 -0.213066757931 
186.700370483 55.0146388917 1.67332112789 90.1904602051 15.4905462265 11599872 0.357142398336 0.0 0.357142398336 -0.00556237302199 1.67331188278 -1.67331188278 -0.00556237302199 
64.0535581873 92.5032194625 3.85913062096 317.326385498 15.3218746185 21889025 0.0671461386676 0.0 0.0671461386676 2.83733633097 -2.61580039272 2.61580039272 2.83733633097 
128.972164241 51.9525578431 1.31868088245 90.8888549805 15.2241334915 8388608 0.575069824917 0.0 0.575069824917 -0.0204564640817 1.31852220415 -1.31852220415 -0.0204564640817 
125.663630749 82.0700798339 3.93048810959 283.41619873 14.9860076904 23199745 0.0647302115549 0.0 0.0647302115549 0.911963322607 -3.82322634405 3.82322634405 0.911963322607 
140.819207811 77.8092495654 1.43049669266 22.7378540039 14.5384979248 8388608 0.488681933942 0.0 0.488681933942 1.31932267947 0.552909083983 -0.552909083983 1.31932267947 
128.677620671 99.5137379579 3.27069354057 277.192382812 14.5185470581 9961473 0.0934803421966 0.0 0.0934803421966 0.409495200163 -3.24495761411 3.24495761411 0.409495200163 
170.487339785 79.8262130082 1.32431745529 159.056777954 13.469669342 8388608 0.570185006924 0.0 0.570185006924 -1.23682655127 0.473367515214 -0.473367515214 -1.23682655127 
45.7121716743 88.5921997306 2.16056203842 335.743621826 13.3439693451 13369600 0.21422320754 0.0 0.21422320754 1.96981966356 -0.887602847508 0.887602847508 1.96981966356 
115.798274243 101.789056869 1.8876978159 275.807159424 12.696723938 20316160 0.280630618433 0.0 0.280630618433 0.190998420714 -1.87801028949 1.87801028949 0.190998420714 
136.291748271 52.5365888662 1.47394680977 78.0869750977 12.5511236191 8388608 0.460295126924 0.0 0.460295126924 0.304261860948 1.44220106712 -1.44220106712 0.304261860948 
117.101448835 98.0600198085 3.41252946854 278.282104492 12.479019165 12976129 0.0858711302639 0.0 0.0858711302639 0.491565075643 -3.37693961303 3.37693961303 0.491565075643 
262.819696253 70.4429157772 1.53779661655 96.1334533691 11.7374296188 8388608 0.422865445258 0.0 0.422865445258 -0.164305293157 1.52899385366 -1.52899385366 -0.164305293157 
288.048955165 52.0822758649 2.10631990433 297.069793701 11.7030696869 11534592 0.225398663437 0.0 0.225398663437 0.958534634846 -1.87557854892 1.87557854892 0.958534634846 
299.549670436 91.8721813061 2.22906732559 184.146820068 11.1025028229 15597824 0.201258220426 0.0 0.201258220426 -2.2232316825 -0.161189416311 0.161189416311 -2.2232316825 
49.3338522392 52.4634996287 1.38967871666 270.901397705 10.9372577667 8388608 0.517810899287 0.0 0.517810899287 0.02186202097 -1.38950674254 1.38950674254 0.02186202097 
299.791155551 78.2611671407 2.05827188492 125.626068115 10.3824968338 9830656 0.236044842872 0.0 0.236044842872 -1.19892865623 1.67303712735 -1.67303712735 -1.19892865623 
195.938005194 56.7500896777 1.6255440712 94.4345397949 9.97494697571 9502720 0.37844476594 0.0 0.37844476594 -0.125687182342 1.62067771614 -1.62067771614 -0.125687182342 
52.0588938042 79.5314607841 1.89459753036 236.027328491 8.09587669373 20578304 0.278590348278 0.0 0.278590348278 -1.05869619683 -1.57119768485 1.57119768485 -1.05869619683 
43.423674197 94.7813143802 1.3521926403 283.911254883 7.80939102173 8388608 0.546918815228 0.0 0.546918815228 0.325092424184 -1.31253184808 1.31253184808 0.325092424184 
83.7004065856 98.1404147478 1.97830116749 283.775543213 6.6501159668 23724032 0.255514285134 0.0 0.255514285134 0.471070909297 -1.92139733207 1.92139733207 0.471070909297 
83.8899300598 81.2525141021 1.430554986 285.264678955 6.20955276489 8388608 0.488642108387 0.0 0.488642108387 0.37663420003 -1.38008486961 1.38008486961 0.37663420003 
154.219410679 86.2746849451 1.38939273357 305.442352295 5.81044960022 8388608 0.518024086525 0.0 0.518024086525 0.805685984982 -1.13193739302 1.13193739302 0.805685984982 
292.284558687 97.8016490279 1.53916323185 199.070465088 5.24880886078 8388608 0.422114858422 0.0 0.422114858422 -1.45469004631 -0.50289196001 0.50289196001 -1.45469004631 
27.3624496115 34.9505495499 1.30002987385 242.761062622 5.22806549072 8388608 0.591688782141 0.0 0.591688782141 -0.595026605976 -1.15586375109 1.15586375109 -0.595026605976 
189.753761851 38.6535414525 1.31206178665 272.06918335 4.30028963089 8388608 0.580886690681 0.0 0.580886690681 0.0473735818699 -1.31120626742 1.31120626742 0.0473735818699 
69.6706766685 79.0856125836 1.6466063261 292.604644775 4.16216659546 10420224 0.368825076196 0.0 0.368825076196 0.632906341849 -1.52011248124 1.52011248124 0.632906341849 
215.070076583 27.5407521079 1.28674376011 274.375640869 4.04172515869 8388608 0.603970682946 0.0 0.603970682946 0.0981722788299 -1.28299326103 1.28299326103 0.0981722788299 
76.3211702864 80.1624951178 1.35116016865 287.318634033 3.97943496704 8388608 0.547754976527 0.0 0.547754976527 0.402220615609 -1.2899040188 1.2899040188 0.402220615609 
91.4771628119 11.3310832685 1.60904574394 270.329345703 3.77731704712 8781824 0.386245309203 0.0 0.386245309203 0.00924901254719 -1.60901916144 1.60901916144 0.00924901254719 
280.117679081 30.9637581966 2.88453364372 339.843048096 3.76001739502 17564160 0.120184588985 0.0 0.120184588985 2.70786227832 -0.993990051981 0.993990051981 2.70786227832 
219.948887696 21.3165244927 2.19535470009 276.626617432 3.71217727661 14549248 0.207486862184 0.0 0.207486862184 0.25334090529 -2.18068811271 2.18068811271 0.25334090529 
164.062390498 141.696155899 1.47690629959 98.9649047852 3.70905303955 8388608 0.458452255935 0.0 0.458452255935 -0.230145496227 1.45886437627 -1.45886437627 -0.230145496227 
62.3647367352 125.309745672 1.23285746574 100.36239624 3.63868331909 8388608 0.657921776198 0.0 0.657921776198 -0.221758485004 1.21274923425 -1.21274923425 -0.221758485004 
208.95044364 25.7425159511 1.20819580555 278.633148193 3.62661743164 8388608 0.685054861512 0.0 0.685054861512 0.181359080995 -1.1945065878 1.1945065878 0.181359080995 
93.1292006853 130.498427689 1.40465915203 111.714782715 3.56700515747 8388608 0.506825075394 0.0 0.506825075394 -0.519704878004 1.30498052597 -1.30498052597 -0.519704878004 
275.314297316 24.543548868 1.48296248913 281.81729126 3.54777145386 8388608 0.454715405635 0.0 0.454715405635 0.303698044882 -1.45153203261 1.45153203261 0.303698044882 
16.3578011151 121.014756109 1.61625933647 91.1900939941 3.54410552979 9109504 0.382805268887 0.0 0.382805268887 -0.0335690034611 1.61591069207 -1.61591069207 -0.0335690034611 
77.6479745493 131.821149556 1.7501335144 89.8724365234 3.54145431519 14811136 0.326480793329 0.0 0.326480793329 0.00389649871254 1.75012917681 -1.75012917681 0.00389649871254 
33.4391745467 136.661529021 3.0837597847 107.077011108 3.51900100708 22413824 0.105157177063 0.0 0.105157177063 -0.905567051852 2.94779964114 -2.94779964114 -0.905567051852 
74.266519879 87.4311684831 1.49826300144 288.717895508 2.90054512024 8388608 0.445475567637 0.0 0.445475567637 0.480805815392 -1.41902001021 1.41902001021 0.480805815392 
201.491066763 94.9000421072 1.32395410538 280.190643311 2.43215656281 8388608 0.570498016419 0.0 0.570498016419 0.234239274487 -1.30306808549 1.30306808549 0.234239274487 
236.88175894 61.3821798819 1.27383494377 274.750732422 1.11368370056 8388608 0.616273769881 0.0 0.616273769881 0.105500216078 -1.26945861231 1.26945861231 0.105500216078 
221.312179806 90.4389448902 1.29252290726 279.4793396 0.564636707306 8388608 0.598581792448 0.0 0.598581792448 0.212868115985 -1.27487357451 1.27487357451 0.212868115985 
200.595887331 88.6000714941 1.22289824486 279.161987305 0.419268608093 8388608 0.668681574865 0.0 0.668681574865 0.194717489755 -1.20729665636 1.20729665636 0.194717489755 
86.993609717 71.9559593764 1.5171957016 301.481414795 0.0326919555664 8388608 0.434426983565 0.0 0.434426983565 0.792312918708 -1.29387906537 1.29387906537 0.792312918708 
82.6841608181 72.5768356248 1.48274791241 296.580505371 0.0295143127441 8388608 0.454847023964 0.0 0.454847023964 0.663462715088 -1.32603114497 1.32603114497 0.663462715088 
92.4851675819 72.2975576169 1.33215939999 298.659973145 -0.0113010406494 8388608 0.563491815936 0.0 0.563491815936 0.638917776626 -1.16894514058 1.16894514058 0.638917776626 
47.7017455518 67.4365380414 1.52470993996 313.169464111 -0.0234718322754 8388608 0.430155556108 0.0 0.430155556108 1.04314327093 -1.11202181513 1.11202181513 1.04314327093 
