13
82
167.497436592 109.521943341 2.26377081871 142.713312807 183.39894104 16777472 0.195134960738 0.0 0.195134960738 -1.80108834969 1.37140040697 -1.37140040697 -1.80108834969 
180.569817568 82.6103899301 2.04815602303 144.809292849 153.72203064 9502976 0.238382256311 0.0 0.238382256311 -1.67383170946 1.18035185562 -1.18035185562 -1.67383170946 
181.873333713 101.909352684 1.58313906193 130.359809482 142.224945068 8388608 0.398989871055 0.0 0.398989871055 -1.02521798866 1.20634048474 -1.20634048474 -1.02521798866 
161.778157411 78.7012799782 2.29987621307 131.454093392 138.789535522 17891584 0.189056266445 0.0 0.189056266445 -1.52256348987 1.72372591057 -1.72372591057 -1.52256348987 
43.9520172734 111.393186604 1.48178565502 141.445142761 125.552207947 8388608 0.455437962362 0.0 0.455437962362 -1.15877383496 0.923543137509 -0.923543137509 -1.15877383496 
167.860633881 127.007587392 4.11717891693 141.868279972 121.305351257 9896193 0.0589930050928 0.0 0.0589930050928 -3.23854534536 2.54224040563 -2.54224040563 -3.23854534536 
102.448583372 43.6242168505 1.31448602676 140.315477318 116.251808167 8388608 0.578746066523 0.0 0.578746066523 -1.01159174237 0.839378139657 -0.839378139657 -1.01159174237 
153.668009886 96.8642100986 2.20950484276 131.618804027 99.1842727661 15008000 0.204837791353 0.0 0.204837791353 -1.46749036304 1.65178197246 -1.65178197246 -1.46749036304 
90.3483305 32.3980946892 1.58262133598 129.123532782 98.6429672241 8388608 0.399250958392 0.0 0.399250958392 -0.998625351495 1.22777754519 -1.22777754519 -0.998625351495 
137.942165632 38.9512118938 1.25124680996 146.790252195 86.9109649658 8388608 0.638725174277 0.0 0.638725174277 -1.04688209956 0.685314853965 -0.685314853965 -1.04688209956 
146.648218029 79.3742982504 3.3507168293 128.153023481 78.5508499146 11665409 0.0890685836071 0.0 0.0890685836071 -2.06995178734 2.63488194579 -2.63488194579 -2.06995178734 
126.312986275 27.3999817103 1.53355515003 151.714896366 73.1597366333 8388608 0.425207780235 0.0 0.425207780235 -1.35044955801 0.726689334893 -0.726689334893 -1.35044955801 
174.225566672 69.2220757234 1.67652845383 149.588937421 72.9210891724 11730944 0.355777224501 0.0 0.355777224501 -1.44586487741 0.848659185285 -0.848659185285 -1.44586487741 
161.106579273 68.8034102624 1.23644137383 128.564229314 72.830696106 8388608 0.654113243242 0.0 0.654113243242 -0.77078711592 0.966785649893 -0.966785649893 -0.77078711592 
179.715449436 67.4876117402 3.3609828949 152.78063725 60.0088157654 11927553 0.0885252976307 0.0 0.0885252976307 -2.98879386398 1.53730844609 -1.53730844609 -2.98879386398 
190.815672347 82.9363908844 1.67918264866 129.604158267 56.1251602173 11862016 0.354653397064 0.0 0.354653397064 -1.07044520109 1.29375478319 -1.29375478319 -1.07044520109 
128.746127472 44.3887218122 2.35251617432 145.506444017 54.787940979 19529984 0.180690268795 0.0 0.180690268795 -1.93892003924 1.33226177302 -1.33226177302 -1.93892003924 
192.759898003 86.9222315765 2.33219861984 130.225253315 53.4448738098 18874624 0.183852242725 0.0 0.183852242725 -1.50612050703 1.78066038893 -1.78066038893 -1.50612050703 
238.164141472 55.1616398825 1.99985003471 150.66119963 46.0044136047 24510464 0.250037495539 0.0 0.250037495539 -1.74334460068 0.979872320577 -0.979872320577 -1.74334460068 
215.402307044 51.1185018014 2.01959705353 147.816306435 45.0992240906 8519936 0.245171815584 0.0 0.245171815584 -1.70927544207 1.07570893915 -1.07570893915 -1.70927544207 
293.926019587 63.313987992 1.25397491455 155.29553949 44.0292510986 8388608 0.635949020482 0.0 0.635949020482 -1.13920566753 0.52408351758 -0.52408351758 -1.13920566753 
193.107966891 103.210544031 5.1735033989 133.451698045 42.003200531 9699841 0.0373620349624 0.0 0.0373620349624 -3.55803981758 3.75572763588 -3.75572763588 -3.55803981758 
246.387237082 77.704554464 3.86125898361 143.338404422 39.4267959595 21954561 0.0670721358889 0.0 0.0670721358889 -3.09740945033 2.30550984286 -2.30550984286 -3.09740945033 
89.1544352739 25.892164233 1.15693700314 128.529459559 37.9398498535 8388608 0.74710316581 0.0 0.74710316581 -0.720675663636 0.905057908128 -0.905057908128 -0.720675663636 
207.382273859 50.0092332293 1.29637527466 145.553864559 36.4595451355 8388608 0.595029532873 0.0 0.595029532873 -1.06906664408 0.733270320723 -0.733270320723 -1.06906664408 
239.533015433 106.57218588 2.76918125153 130.990961579 32.9925575256 14615040 0.130405898205 0.0 0.130405898205 -1.81641665385 2.09021418601 -2.09021418601 -1.81641665385 
273.089157389 55.4275974923 1.97261786461 158.558034702 30.7672595978 23527424 0.256988728829 0.0 0.256988728829 -1.83608966523 0.721107468426 -0.721107468426 -1.83608966523 
231.565464324 95.8445121988 1.96474993229 131.185253417 30.1353588104 23199744 0.259051096592 0.0 0.259051096592 -1.29377954789 1.47864017864 -1.47864017864 -1.29377954789 
173.509409823 36.5652790112 1.83659863472 138.738875091 30.0010986328 18350080 0.296463673533 0.0 0.296463673533 -1.38059281155 1.21122171123 -1.21122171123 -1.38059281155 
133.51813697 87.7031503377 1.40264320374 129.943792065 29.8846092224 8388608 0.508282990546 0.0 0.508282990546 -0.900547152173 1.07537099817 -1.07537099817 -0.900547152173 
169.615996412 97.9796266088 2.30762267113 136.585978147 28.591676712 18153728 0.187789110997 0.0 0.187789110997 -1.67627210786 1.58594899436 -1.58594899436 -1.67627210786 
157.345752384 59.1022307974 1.99319648743 129.678805599 26.1927261353 24248320 0.251709596636 0.0 0.251709596636 -1.27262239901 1.5340353539 -1.5340353539 -1.27262239901 
260.06361866 88.8025057113 2.1651725769 123.437435857 23.424621582 13500672 0.213311841157 0.0 0.213311841157 -1.19306658912 1.80681056055 -1.80681056055 -1.19306658912 
152.988938647 114.077662117 2.71468257904 150.816749646 21.8452148438 13173248 0.135694388464 0.0 0.135694388464 -2.37009342053 1.32369130952 -1.32369130952 -2.37009342053 
135.617602976 67.0358203252 1.29531788826 131.717781075 21.7168731689 8388608 0.596001391508 0.0 0.596001391508 -0.861984875364 0.966866333207 -0.966866333207 -0.861984875364 
139.567099941 60.0967054305 1.3465192318 128.531199086 20.600982666 8388608 0.551537287262 0.0 0.551537287262 -0.838801626662 1.0533403404 -1.0533403404 -0.838801626662 
281.681522887 97.2386917177 1.50410318375 130.998958435 19.1162204742 8388608 0.442022868844 0.0 0.442022868844 -0.986759838268 1.13517902066 -1.13517902066 -0.986759838268 
244.083646034 99.8769816033 1.98784458637 121.823814155 18.5327911377 24051712 0.253066783517 0.0 0.253066783517 -1.04820833198 1.68901906216 -1.68901906216 -1.04820833198 
224.437874365 107.57795898 2.36986804008 139.229228896 18.5080795288 20054272 0.178053974235 0.0 0.178053974235 -1.79476811845 1.54760522369 -1.54760522369 -1.79476811845 
143.598207655 55.2282103605 1.38763678074 126.084866421 18.2584629059 8388608 0.519335959211 0.0 0.519335959211 -0.817294365523 1.12141239308 -1.12141239308 -0.817294365523 
163.240432914 85.3111127232 1.26232993603 126.606790424 18.1474266052 8388608 0.627558529693 0.0 0.627558529693 -0.752752608774 1.01333132655 -1.01333132655 -0.752752608774 
247.744548103 94.9163649595 1.28808987141 119.205464389 18.063867569 8388608 0.602708990015 0.0 0.602708990015 -0.628514318753 1.12434214897 -1.12434214897 -0.628514318753 
238.992553675 102.54388368 1.41305756569 130.697371403 16.7472686768 8388608 0.500818416434 0.0 0.500818416434 -0.921403433962 1.07132973254 -1.07132973254 -0.921403433962 
102.302187483 53.3946462591 2.08836746216 147.804914275 16.2540512085 10879232 0.229290554135 0.0 0.229290554135 -1.76725771707 1.1126899022 -1.1126899022 -1.76725771707 
287.203772959 114.701653469 1.30828380585 134.894654267 15.9281959534 8388608 0.584246431804 0.0 0.584246431804 -0.923393878307 0.926795696012 -0.926795696012 -0.923393878307 
186.700370483 55.0146388917 1.67332112789 150.736767336 15.4905462265 11599872 0.357142398336 0.0 0.357142398336 -1.45977713139 0.81795740947 -0.81795740947 -1.45977713139 
128.972164241 51.9525578431 1.31868088245 141.59623181 15.2241334915 8388608 0.575069824917 0.0 0.575069824917 -1.03338770792 0.819163667937 -0.819163667937 -1.03338770792 
125.663630749 82.0700798339 3.93048810959 136.025367314 14.9860076904 23199745 0.0647302115549 0.0 0.0647302115549 -2.82856509705 2.729094405 -2.729094405 -2.82856509705 
140.819207811 77.8092495654 1.43049669266 131.473157381 14.5384979248 8388608 0.488681933942 0.0 0.488681933942 -0.947373751022 1.07182263625 -1.07182263625 -0.947373751022 
128.677620671 99.5137379579 3.27069354057 141.898136945 14.5185470581 9961473 0.0934803421966 0.0 0.0934803421966 -2.57375766924 2.01821894163 -2.01821894163 -2.57375766924 
170.487339785 79.8262130082 1.32431745529 133.157304827 13.469669342 8388608 0.570185006924 0.0 0.570185006924 -0.905838051829 0.966061150367 -0.966061150367 -0.905838051829 
45.7121716743 88.5921997306 2.16056203842 137.622286504 13.3439693451 13369600 0.21422320754 0.0 0.21422320754 -1.59604513907 1.45625143294 -1.45625143294 -1.59604513907 
115.798274243 101.789056869 1.8876978159 141.623802756 12.696723938 20316160 0.280630618433 0.0 0.280630618433 -1.47986341563 1.1719246201 -1.1719246201 -1.47986341563 
136.291748271 52.5365888662 1.47394680977 136.870453245 12.5511236191 8388608 0.460295126924 0.0 0.460295126924 -1.07570086086 1.00766405908 -1.00766405908 -1.07570086086 
117.101448835 98.0600198085 3.41252946854 146.630540629 12.479019165 12976129 0.0858711302639 0.0 0.0858711302639 -2.84994385264 1.87701289565 -1.87701289565 -2.84994385264 
262.819696253 70.4429157772 1.53779661655 149.227417333 11.7374296188 8388608 0.422865445258 0.0 0.422865445258 -1.32128226932 0.786785611634 -0.786785611634 -1.32128226932 
49.3338522392 52.4634996287 1.38967871666 134.427337598 10.9372577667 8388608 0.517810899287 0.0 0.517810899287 -0.972780879935 0.992423445496 -0.992423445496 -0.972780879935 
195.938005194 56.7500896777 1.6255440712 148.482940931 9.97494697571 9502720 0.37844476594 0.0 0.37844476594 -1.38575122141 0.849757071033 -0.849757071033 -1.38575122141 
52.0588938042 79.5314607841 1.89459753036 135.82620733 8.09587669373 20578304 0.278590348278 0.0 0.278590348278 -1.35886108573 1.32022587149 -1.32022587149 -1.35886108573 
43.423674197 94.7813143802 1.3521926403 133.412697919 7.80939102173 8388608 0.546918815228 0.0 0.546918815228 -0.929292387794 0.982262996596 -0.982262996596 -0.929292387794 
83.7004065856 98.1404147478 1.97830116749 137.926381841 6.6501159668 23724032 0.255514285134 0.0 0.255514285134 -1.4684622143 1.32562975014 -1.32562975014 -1.4684622143 
83.8899300598 81.2525141021 1.430554986 140.799676137 6.20955276489 8388608 0.488642108387 0.0 0.488642108387 -1.10859559147 0.904158936551 -0.904158936551 -1.10859559147 
154.219410679 86.2746849451 1.38939273357 135.083589425 5.81044960022 8388608 0.518024086525 0.0 0.518024086525 -0.983881282972 0.981014673246 -0.981014673246 -0.983881282972 
27.3624496115 34.9505495499 1.30002987385 124.633741167 5.22806549072 8388608 0.591688782141 0.0 0.591688782141 -0.73884388127 1.06966695378 -1.06966695378 -0.73884388127 
189.753761851 38.6535414525 1.31206178665 132.336652339 4.30028963089 8388608 0.580886690681 0.0 0.580886690681 -0.883654615627 0.969876617036 -0.969876617036 -0.883654615627 
69.6706766685 79.0856125836 1.6466063261 134.220579485 4.16216659546 10420224 0.368825076196 0.0 0.368825076196 -1.14838039542 1.18005714293 -1.18005714293 -1.14838039542 
215.070076583 27.5407521079 1.28674376011 125.206181102 4.04172515869 8388608 0.603970682946 0.0 0.603970682946 -0.741834113333 1.05137607566 -1.05137607566 -0.741834113333 
76.3211702864 80.1624951178 1.35116016865 137.428059393 3.97943496704 8388608 0.547754976527 0.0 0.547754976527 -0.995032835294 0.914080662757 -0.914080662757 -0.995032835294 
164.062390498 141.696155899 1.47690629959 125.036566875 3.70905303955 8388608 0.458452255935 0.0 0.458452255935 -0.847890595787 1.20926992659 -1.20926992659 -0.847890595787 
62.3647367352 125.309745672 1.23285746574 125.034546648 3.63868331909 8388608 0.657921776198 0.0 0.657921776198 -0.707746783764 1.00947115903 -1.00947115903 -0.707746783764 
208.95044364 25.7425159511 1.20819580555 124.907532178 3.62661743164 8388608 0.685054861512 0.0 0.685054861512 -0.691394504034 0.990813173277 -0.990813173277 -0.691394504034 
93.1292006853 130.498427689 1.40465915203 124.947450959 3.56700515747 8388608 0.506825075394 0.0 0.506825075394 -0.804623747873 1.15136786378 -1.15136786378 -0.804623747873 
77.6479745493 131.821149556 1.7501335144 124.951272543 3.54145431519 14811136 0.326480793329 0.0 0.326480793329 -1.00261574814 1.4344786439 -1.4344786439 -1.00261574814 
74.266519879 87.4311684831 1.49826300144 136.3158849 2.90054512024 8388608 0.445475567637 0.0 0.445475567637 -1.08348186594 1.034823206 -1.034823206 -1.08348186594 
201.491066763 94.9000421072 1.32395410538 130.972817069 2.43215656281 8388608 0.570498016419 0.0 0.570498016419 -0.86811789456 0.999612822191 -0.999612822191 -0.86811789456 
236.88175894 61.3821798819 1.27383494377 153.452017373 1.11368370056 8388608 0.616273769881 0.0 0.616273769881 -1.13952226793 0.569336864132 -0.569336864132 -1.13952226793 
221.312179806 90.4389448902 1.29252290726 127.065601631 0.564636707306 8388608 0.598581792448 0.0 0.598581792448 -0.779041088164 1.03136339315 -1.03136339315 -0.779041088164 
200.595887331 88.6000714941 1.22289824486 126.509199679 0.419268608093 8388608 0.668681574865 0.0 0.668681574865 -0.727565573279 0.982918335294 -0.982918335294 -0.727565573279 
86.993609717 71.9559593764 1.5171957016 132.234856166 0.0326919555664 8388608 0.434426983565 0.0 0.434426983565 -1.01981515991 1.12332534761 -1.12332534761 -1.01981515991 
82.6841608181 72.5768356248 1.48274791241 132.339774328 0.0295143127441 8388608 0.454847023964 0.0 0.454847023964 -0.998668970964 1.09599345718 -1.09599345718 -0.998668970964 
92.4851675819 72.2975576169 1.33215939999 131.983979028 -0.0113010406494 8388608 0.563491815936 0.0 0.563491815936 -0.891111773238 0.990236575051 -0.990236575051 -0.891111773238 
47.7017455518 67.4365380414 1.52470993996 133.059569815 -0.0234718322754 8388608 0.430155556108 0.0 0.430155556108 -1.0410084764 1.1140205353 -1.1140205353 -1.0410084764 
