13
113
159.571636613 149.660031334 1.37660050392 42.4123840332 130.023788452 8388608 0.527696424571 0.0 0.527696424571 1.01635733741 0.928464705893 -0.928464705893 1.01635733741 
124.810344491 65.3294694078 5.55262994766 259.940795898 117.897109985 14811649 0.0324341512647 0.0 0.0324341512647 -0.969853957987 -5.46727378461 5.46727378461 -0.969853957987 
31.3396833613 158.818674096 2.09756278992 102.449707031 113.458396912 11206912 0.227284625745 0.0 0.227284625745 -0.452197955195 2.04823989488 -2.04823989488 -0.452197955195 
157.974784291 160.673866802 1.44686102867 203.453460693 109.448242188 8388608 0.477690233291 0.0 0.477690233291 -1.32732666801 -0.575856538288 0.575856538288 -1.32732666801 
102.192135006 62.3783185731 2.61724209785 85.4557189941 100.450592041 10551808 0.145986334946 0.0 0.145986334946 0.207362885208 2.60901453285 -2.60901453285 0.207362885208 
150.139707171 60.6971192101 4.40516757965 270.365722656 99.7962265015 14745857 0.0515317784962 0.0 0.0515317784962 0.0281182778568 -4.40507783896 4.40507783896 0.0281182778568 
92.1699929298 70.9611207962 4.83449745178 241.035186768 99.6802520752 21496065 0.0427855706449 0.0 0.0427855706449 -2.34121369864 -4.22978534072 4.22978534072 -2.34121369864 
29.0150662037 116.195712286 2.92430591583 324.349578857 95.6928482056 18547200 0.116937658727 0.0 0.116937658727 2.37625639077 -1.70439744622 1.70439744622 2.37625639077 
48.5506854796 109.229852709 5.73051548004 258.795593262 95.6043395996 17105409 0.0304517755377 0.0 0.0304517755377 -1.11349530513 -5.62129307833 5.62129307833 -1.11349530513 
31.7820569597 112.574062693 1.42704904079 29.616973877 95.0109558105 8388608 0.491046029804 0.0 0.491046029804 1.24060303017 0.705246826556 -0.705246826556 1.24060303017 
158.665911745 140.01783315 1.41462564468 30.541229248 93.6165008545 8388608 0.499708741113 0.0 0.499708741113 1.21836574491 0.718853689029 -0.718853689029 1.21836574491 
102.251866399 117.389228176 1.54544579983 69.8489685059 93.4127120972 8388608 0.418689859771 0.0 0.418689859771 0.532399863777 1.45084565177 -1.45084565177 0.532399863777 
41.2421859163 105.337206927 3.50895285606 268.410522461 91.1750183105 15007745 0.0812166240796 0.0 0.0812166240796 -0.097331538781 -3.50760270236 3.50760270236 -0.097331538781 
111.107160899 60.9161913172 2.91627168655 259.592071533 89.7080612183 18350592 0.117582864807 0.0 0.117582864807 -0.52683978485 -2.86828875654 2.86828875654 -0.52683978485 
77.4810172368 77.4316545818 3.01188731194 231.981369019 87.5911026001 20709888 0.110235775608 0.0 0.110235775608 -1.85507465095 -2.37279649764 2.37279649764 -1.85507465095 
71.3956113902 87.9827656442 4.15361595154 261.366943359 86.3065338135 10486017 0.0579625285337 0.0 0.0579625285337 -0.623481757109 -4.10655524393 4.10655524393 -0.623481757109 
63.5438453208 89.334060038 2.93305158615 232.051086426 85.5791244507 18743808 0.116241337194 0.0 0.116241337194 -1.8037053545 -2.31288534112 2.31288534112 -1.8037053545 
60.0595875141 89.6109779439 2.0133895874 103.940856934 83.8254165649 24969216 0.246685920775 0.0 0.246685920775 -0.485066197167 1.95408505829 -1.95408505829 -0.485066197167 
199.737164646 62.7814126895 5.7637758255 277.08013916 79.2485427856 17498625 0.030101340588 0.0 0.030101340588 0.710428542952 -5.71982543894 5.71982543894 0.710428542952 
151.060771255 164.376349863 1.30972659588 20.3216247559 78.5314865112 8388608 0.582959933327 0.0 0.582959933327 1.22820649651 0.454854435923 -0.454854435923 1.22820649651 
99.629184449 90.2380973735 2.03898406029 259.239807129 78.3318710327 9175296 0.240531709886 0.0 0.240531709886 -0.380675897986 -2.00313301076 2.00313301076 -0.380675897986 
111.648097925 151.173897295 1.79467582703 21.8178710938 78.320350647 16646144 0.310475956389 0.0 0.310475956389 1.66612310527 0.667004589337 -0.667004589337 1.66612310527 
130.06474385 105.152845051 2.66012120247 71.5252075195 78.2388534546 11731456 0.141317891988 0.0 0.141317891988 0.84295890942 2.52302696951 -2.52302696951 0.84295890942 
213.759826183 139.887180984 2.0528280735 75.8314208984 75.9838256836 9699584 0.237298418293 0.0 0.237298418293 0.502482443041 1.9903804897 -1.9903804897 0.502482443041 
221.596901104 56.3637134268 2.05068397522 297.336334229 72.4384078979 9568512 0.237794893733 0.0 0.237794893733 0.941700700421 -1.82167630414 1.82167630414 0.941700700421 
109.902927359 115.805516457 1.41049706936 72.113861084 71.5653152466 8388608 0.502638353071 0.0 0.502638353071 0.433200883754 1.3423259578 -1.3423259578 0.433200883754 
152.326410139 138.093853031 1.2472268343 21.436126709 70.5370864868 8388608 0.642849199734 0.0 0.642849199734 1.16095062276 0.455816221417 -0.455816221417 1.16095062276 
58.3841647027 106.907259748 2.43482995033 61.5291137695 68.1154632568 22020352 0.168679664849 0.0 0.168679664849 1.16071300673 2.14036029749 -2.14036029749 1.16071300673 
172.357224188 61.8174216612 4.71525430679 268.665100098 67.7914047241 19661057 0.0449769249036 0.0 0.0449769249036 -0.109847935289 -4.71397460842 4.71397460842 -0.109847935289 
19.0627854993 152.176463732 1.27807533741 103.109466553 66.136932373 8388608 0.612191212002 0.0 0.612191212002 -0.28988311368 1.24476678478 -1.24476678478 -0.28988311368 
131.731072325 160.024773099 1.44567596912 90.5511474609 65.3359451294 8388608 0.478473705389 0.0 0.478473705389 -0.0139062311159 1.44560908424 -1.44560908424 -0.0139062311159 
190.540337441 53.5501166202 2.09561467171 282.527282715 64.705581665 11141376 0.227707397288 0.0 0.227707397288 0.454548200964 -2.04572402471 2.04572402471 0.454548200964 
224.19334995 93.6573601986 4.05877637863 78.9261169434 63.1508140564 8847617 0.0607029436382 0.0 0.0607029436382 0.779588040951 3.98320325594 -3.98320325594 0.779588040951 
20.3882535912 124.696951093 1.74127423763 201.317840576 61.442779541 14483456 0.329811390657 0.0 0.329811390657 -1.62213290133 -0.633025134634 0.633025134634 -1.62213290133 
200.577220689 103.006852441 1.57792675495 259.975952148 54.4381790161 8388608 0.401630161563 0.0 0.401630161563 -0.274656298087 -1.55383936168 1.55383936168 -0.274656298087 
241.052473979 106.097044668 1.36768841743 306.588531494 54.2674713135 8388608 0.534595947121 0.0 0.534595947121 0.81523005933 -1.09816736318 1.09816736318 0.81523005933 
204.167494227 94.2647950477 5.23417139053 73.2089538574 53.0388793945 10551809 0.0365009460932 0.0 0.0365009460932 1.51205888884 5.0110106827 -5.0110106827 1.51205888884 
145.706176545 141.326706389 1.94774496555 13.7646789551 51.4621887207 22609920 0.2635941812 0.0 0.2635941812 1.89180795785 0.46343618918 -0.46343618918 1.89180795785 
130.881033856 77.2575609155 1.42956709862 338.235046387 50.8821105957 8388608 0.489317683761 0.0 0.489317683761 1.32765727657 -0.530083243851 0.530083243851 1.32765727657 
230.365934999 133.093021348 2.94318127632 357.659545898 50.3810310364 19005952 0.115442567217 0.0 0.115442567217 2.94072610604 -0.120191491194 0.120191491194 2.94072610604 
115.40150752 89.114204772 4.14542865753 91.3385620117 49.8066101074 10354945 0.0581917086404 0.0 0.0581917086404 -0.0968379978445 4.14429742621 -4.14429742621 -0.0968379978445 
210.233880161 100.736018786 1.71683728695 76.5657043457 48.6426811218 13434880 0.339267084116 0.0 0.339267084116 0.398873044539 1.66985944444 -1.66985944444 0.398873044539 
120.166035449 41.3874697178 4.83756160736 262.036804199 47.802482605 21561601 0.0427313862706 0.0 0.0427313862706 -0.670181123332 -4.79091427255 4.79091427255 -0.670181123332 
170.011844528 153.413558363 2.37151932716 179.580322266 47.4262733459 20119808 0.177806102871 0.0 0.177806102871 -2.37145570897 0.0173706504559 -0.0173706504559 -2.37145570897 
233.090320912 59.6193122218 1.52943110466 329.64666748 46.8722686768 8388608 0.427503980952 0.0 0.427503980952 1.31978517437 -0.772869068747 0.772869068747 1.31978517437 
150.806144988 133.991830907 3.85613083839 38.9940795898 46.0547790527 21823489 0.0672506486911 0.0 0.0672506486911 2.99702724871 2.42643209534 -2.42643209534 2.99702724871 
111.854540385 142.716208641 1.23227632046 106.349639893 45.1722259521 8388608 0.658542478375 0.0 0.658542478375 -0.346883515801 1.18244524458 -1.18244524458 -0.346883515801 
144.785019931 156.408861455 1.63916027546 0.277160644531 45.1305809021 10092544 0.372183537095 0.0 0.372183537095 1.63914109723 0.00792918693976 -0.00792918693976 1.63914109723 
112.228866 78.3455736389 2.66957139969 201.986297607 44.235458374 11928064 0.140319141276 0.0 0.140319141276 -2.47542259082 -0.999447074573 0.999447074573 -2.47542259082 
231.003506862 130.604661691 1.82950270176 6.08096313477 43.2787399292 18022400 0.298767869141 0.0 0.298767869141 1.81920844886 0.193805973437 -0.193805973437 1.81920844886 
41.2862737812 80.4739960672 4.71994876862 244.151535034 41.9219017029 19726593 0.0448875012823 0.0 0.0448875012823 -2.05786225935 -4.24771930569 4.24771930569 -2.05786225935 
131.169357381 125.502320066 4.02158260345 41.517578125 41.7327842712 24903681 0.0618309633308 0.0 0.0618309633308 3.01116961109 2.66570519931 -2.66570519931 3.01116961109 
119.160898888 146.707355006 2.54023337364 125.132766724 40.8415260315 8389120 0.154971831259 0.0 0.154971831259 -1.46183584051 2.07745555138 -2.07745555138 -1.46183584051 
122.506802905 157.517940718 1.68516421318 86.1193237305 40.7524414062 12124160 0.35214014976 0.0 0.35214014976 0.114049900327 1.68130040315 -1.68130040315 0.114049900327 
53.195254843 83.5010622934 1.27342665195 229.182907104 39.2187652588 8388608 0.616669018204 0.0 0.616669018204 -0.832370755889 -0.963729403229 0.963729403229 -0.832370755889 
96.7695719489 77.9454330814 2.54468035698 260.375793457 36.7655830383 8520192 0.15443065918 0.0 0.15443065918 -0.42543314697 -2.50886523286 2.50886523286 -0.42543314697 
144.470750717 108.51103828 2.55925226212 55.9958496094 34.9558143616 8913408 0.152677066996 0.0 0.152677066996 1.43126939226 2.12161261024 -2.12161261024 1.43126939226 
224.251667699 75.6413337849 2.65848398209 343.283691406 34.6544685364 11665920 0.141492006091 0.0 0.141492006091 2.54613820927 -0.764668099432 0.764668099432 2.54613820927 
170.193946463 142.369894124 2.83429026604 175.085281372 34.4587135315 16318976 0.124483373582 0.0 0.124483373582 -2.82386948965 0.242821781458 -0.242821781458 -2.82386948965 
110.530593958 158.968429619 1.34864997864 287.465515137 34.0952415466 8388608 0.549795904388 0.0 0.549795904388 0.404772647544 -1.28647420055 1.28647420055 0.404772647544 
140.636552057 111.958237503 1.68256163597 39.1025085449 33.5311660767 11993088 0.353230369227 0.0 0.353230369227 1.30569945131 1.06120808595 -1.06120808595 1.30569945131 
114.585364297 77.4926549954 1.55731773376 207.734863281 33.0195846558 8388608 0.412330577032 0.0 0.412330577032 -1.37839845743 -0.7247456219 0.7247456219 -1.37839845743 
147.713929988 105.78776179 4.00916147232 48.8991699219 32.8254318237 24641537 0.0622146845797 0.0 0.0622146845797 2.63556727733 3.02111913665 -3.02111913665 2.63556727733 
211.543782937 109.191865741 1.2604777813 261.103363037 32.117893219 8388608 0.62940416234 0.0 0.62940416234 -0.194935909828 -1.24531290373 1.24531290373 -0.194935909828 
167.036816034 139.794510901 1.79243350029 174.88710022 32.0630455017 16580608 0.3112532505 0.0 0.3112532505 -1.78530145432 0.159739068999 -0.159739068999 -1.78530145432 
134.999102522 117.693949621 2.04721665382 40.1323242188 31.812789917 9502976 0.238601070792 0.0 0.238601070792 1.56521564075 1.3195438703 -1.3195438703 1.56521564075 
29.8580049744 129.790957771 1.41017127037 101.519836426 31.446931839 8388608 0.502870634053 0.0 0.502870634053 -0.281621332118 1.38176424801 -1.38176424801 -0.281621332118 
243.773277702 123.015959763 1.32319772243 175.574798584 30.7195968628 8388608 0.571150433355 0.0 0.571150433355 -1.31925315238 0.102094723588 -0.102094723588 -1.31925315238 
174.02171609 138.840232228 4.66369724274 163.101638794 30.2954750061 18874625 0.0459768593544 0.0 0.0459768593544 -4.46232764951 1.35561938624 -1.35561938624 -4.46232764951 
162.787864504 121.509461511 2.52395653725 300.46194458 30.0821857452 24641792 0.156977083465 0.0 0.156977083465 1.27956005782 -2.17556490603 2.17556490603 1.27956005782 
232.686277662 141.374769433 1.39628911018 337.013397217 29.336139679 8388608 0.512919603833 0.0 0.512919603833 1.28541843666 -0.545273070963 0.545273070963 1.28541843666 
205.073408552 111.469981028 1.77691602707 260.64465332 28.7029972076 15925248 0.316713219404 0.0 0.316713219404 -0.288850192291 -1.75328153292 1.75328153292 -0.288850192291 
214.894614493 77.5587180095 2.32267189026 267.579986572 26.8400211334 18612480 0.18536352172 0.0 0.18536352172 -0.0980739959722 -2.32060039669 2.32060039669 -0.0980739959722 
151.928689143 122.557921317 1.68904972076 89.9144592285 26.358127594 12255232 0.350521879504 0.0 0.350521879504 0.00252169642761 1.68904783836 -1.68904783836 0.00252169642761 
141.794286849 75.6866264312 1.62252795696 218.131622314 26.342546463 9371648 0.379853054215 0.0 0.379853054215 -1.27627132641 -1.0018625018 1.0018625018 -1.27627132641 
155.372697556 94.4579790298 1.89294099808 49.8263244629 25.5007381439 20512768 0.27907815623 0.0 0.27907815623 1.2211489104 1.44638202451 -1.44638202451 1.2211489104 
195.602249693 128.118697926 6.75586128235 69.421661377 25.4159679413 12255234 0.0219098070379 0.0 0.0219098070379 2.37460237607 6.32478657521 -6.32478657521 2.37460237607 
202.44275154 72.7827880839 2.02647399902 347.573028564 20.8957214355 8716544 0.243510632275 0.0 0.243510632275 1.97899591305 -0.436087198696 0.436087198696 1.97899591305 
173.922012505 92.7491172262 1.34939408302 261.360870361 20.7414169312 8388608 0.549189717136 0.0 0.549189717136 -0.202693255472 -1.33408389372 1.33408389372 -0.202693255472 
237.775339868 99.2156295849 1.46417546272 285.183410645 20.0566177368 8388608 0.466459294429 0.0 0.466459294429 0.383481840915 -1.41306456446 1.41306456446 0.383481840915 
149.055729855 107.317401723 1.24382400513 59.3610229492 20.0039997101 8388608 0.646371399446 0.0 0.646371399446 0.633886099327 1.07018062439 -1.07018062439 0.633886099327 
234.410047667 76.2171329746 1.62133073807 267.115722656 19.384262085 9306112 0.380414241575 0.0 0.380414241575 -0.0815835427641 -1.61927684099 1.61927684099 -0.0815835427641 
130.219202215 139.280882358 1.2660087347 270.054992676 16.8113937378 8388608 0.623916679297 0.0 0.623916679297 0.00121511912022 -1.26600815157 1.26600815157 0.00121511912022 
54.3374717388 164.350825207 1.32381439209 86.2876281738 16.7072544098 8388608 0.570618441699 0.0 0.570618441699 0.0857140506574 1.3210365802 -1.3210365802 0.0857140506574 
231.79776998 71.0792563278 1.33609187603 150.857421875 16.4407501221 8388608 0.560179682861 0.0 0.560179682861 -1.16695676987 0.650656129189 -0.650656129189 -1.16695676987 
159.256119176 124.339052334 1.4956060648 127.529388428 16.363407135 8388608 0.447059743735 0.0 0.447059743735 -0.911075773354 1.18607690993 -1.18607690993 -0.911075773354 
208.030792014 82.2399202554 1.524091959 267.786193848 14.2503986359 8388608 0.430504461348 0.0 0.430504461348 -0.0588735282477 -1.52295443371 1.52295443371 -0.0588735282477 
196.068003369 83.4332164721 1.91707599163 9.91473388672 12.3297233582 21430272 0.272095489928 0.0 0.272095489928 1.88844461733 0.330086783981 -0.330086783981 1.88844461733 
166.578651441 90.3379405838 2.25403213501 10.2966308594 12.0469036102 16449792 0.196824788436 0.0 0.196824788436 2.2177321878 0.402895530968 -0.402895530968 2.2177321878 
117.16122447 168.267034891 1.57663965225 91.1619262695 11.5278320312 8388608 0.402286177372 0.0 0.402286177372 -0.0319711762682 1.57631546238 -1.57631546238 -0.0319711762682 
123.319458661 168.376947768 1.26330757141 89.9109191895 11.5247001648 8388608 0.626587608527 0.0 0.626587608527 0.00196413100667 1.26330604454 -1.26330604454 0.00196413100667 
124.090478855 82.6823970506 1.72891879082 252.481704712 11.4492473602 13959168 0.334542124888 0.0 0.334542124888 -0.520422395718 -1.64873306368 1.64873306368 -0.520422395718 
165.611750379 129.292105467 1.26737344265 151.364624023 11.3521022797 8388608 0.622573735547 0.0 0.622573735547 -1.11235751248 0.607368263551 -0.607368263551 -1.11235751248 
58.0531243345 101.064416661 1.28383266926 269.582763672 10.5984516144 8388608 0.606712795601 0.0 0.606712795601 -0.00934897647062 -1.28379862879 1.28379862879 -0.00934897647062 
11.7748065213 149.862848938 1.2154763937 184.253509521 10.2612953186 8388608 0.676872613464 0.0 0.676872613464 -1.21212853886 -0.0901513667262 0.0901513667262 -1.21212853886 
177.772864623 99.8199399106 1.57061135769 79.8240356445 9.35684394836 8388608 0.405380200031 0.0 0.405380200031 0.277482819809 1.54590534044 -1.54590534044 0.277482819809 
91.3089785436 150.863337214 1.51327598095 259.032287598 8.78595352173 8388608 0.436680422854 0.0 0.436680422854 -0.287909522936 -1.48563531902 1.48563531902 -0.287909522936 
42.938569938 146.68547034 2.20386767387 278.143310547 8.56861495972 14811392 0.205887021323 0.0 0.205887021323 0.312176890757 -2.18164578079 2.18164578079 0.312176890757 
38.2300377298 147.016409565 1.99393844604 278.395019531 8.27579498291 24248320 0.251522305641 0.0 0.251522305641 0.291109100978 -1.97257345058 1.97257345058 0.291109100978 
79.5426036225 150.243216589 3.46627521515 274.148895264 7.70650291443 14155777 0.0832288542996 0.0 0.0832288542996 0.250780219834 -3.45719151169 3.45719151169 0.250780219834 
195.797463222 75.1525953053 1.49703514576 3.15808105469 7.35207939148 8388608 0.44620661797 0.0 0.44620661797 1.49476165431 0.0824731741098 -0.0824731741098 1.49476165431 
43.984852172 74.5716912233 2.0138258934 236.175933838 6.41879653931 24969216 0.246579040743 0.0 0.246579040743 -1.12098532492 -1.67298733715 1.67298733715 -1.12098532492 
50.9743403754 76.0987920913 1.31531429291 259.063568115 6.4059677124 8388608 0.578017412014 0.0 0.578017412014 -0.24954115064 -1.29142591861 1.29142591861 -0.24954115064 
48.8953920329 75.9436451625 1.50186192989 249.315536499 6.38866424561 8388608 0.443343129577 0.0 0.443343129577 -0.530489432439 -1.40505167824 1.40505167824 -0.530489432439 
37.3606871207 68.3490233661 3.07308268547 230.090438843 6.2721862793 22151680 0.105889161333 0.0 0.105889161333 -1.97162114395 -2.3572329661 2.3572329661 -1.97162114395 
45.6607909207 65.859331168 2.63558292389 242.069702148 6.14477539062 11010560 0.143961588426 0.0 0.143961588426 -1.23449935004 -2.3285851291 2.3285851291 -1.23449935004 
60.7639375849 53.8206644612 2.63108444214 228.863113403 6.13357162476 10879488 0.144454284282 0.0 0.144454284282 -1.73088586371 -1.98157499693 1.98157499693 -1.73088586371 
51.6575322848 64.4847660384 2.29383563995 228.238677979 6.0987663269 17694976 0.190053296799 0.0 0.190053296799 -1.52776123825 -1.71103113414 1.71103113414 -1.52776123825 
74.8604676586 53.3103623398 1.72800779343 191.616729736 5.86879348755 13893632 0.334894955864 0.0 0.334894955864 -1.69261213768 -0.347958453747 0.347958453747 -1.69261213768 
41.8677629538 179.57055148 1.46054553986 98.3591918945 5.09261703491 8388608 0.468780776778 0.0 0.468780776778 -0.212331768448 1.4450288904 -1.4450288904 -0.212331768448 
178.524378853 77.2386281838 1.35693359375 284.916259766 4.46356964111 8388608 0.543103761945 0.0 0.543103761945 0.349284242515 -1.31120909689 1.31120909689 0.349284242515 
230.395161129 46.1424555783 1.20100557804 291.61114502 3.78145599365 8388608 0.693282042283 0.0 0.693282042283 0.442336843807 -1.11658072485 1.11658072485 0.442336843807 
66.2430421725 159.43938706 2.26832652092 100.092834473 3.62236404419 16908544 0.194351930558 0.0 0.194351930558 -0.39750970718 2.23322440391 -2.23322440391 -0.39750970718 
