13
87
159.571636613 149.660031334 1.37660050392 131.603396568 130.023788452 8388608 0.527696424571 0.0 0.527696424571 -0.914022182607 1.0293650456 -1.0293650456 -0.914022182607 
157.974784291 160.673866802 1.44686102867 128.56254975 109.448242188 8388608 0.477690233291 0.0 0.477690233291 -0.901927788983 1.1313412835 -1.1313412835 -0.901927788983 
102.192135006 62.3783185731 2.61724209785 123.911090512 100.450592041 10551808 0.145986334946 0.0 0.145986334946 -1.46017444339 2.17206049493 -2.17206049493 -1.46017444339 
31.7820569597 112.574062693 1.42704904079 133.305395311 95.0109558105 8388608 0.491046029804 0.0 0.491046029804 -0.978794216052 1.03847525125 -1.03847525125 -0.978794216052 
158.665911745 140.01783315 1.41462564468 129.404604231 93.6165008545 8388608 0.499708741113 0.0 0.499708741113 -0.897993901258 1.09305657123 -1.09305657123 -0.897993901258 
102.251866399 117.389228176 1.54544579983 124.966117747 93.4127120972 8388608 0.418689859771 0.0 0.418689859771 -0.885682508251 1.26647906212 -1.26647906212 -0.885682508251 
111.107160899 60.9161913172 2.91627168655 132.46036958 89.7080612183 18350592 0.117582864807 0.0 0.117582864807 -1.96871693833 2.15146326173 -2.15146326173 -1.96871693833 
77.4810172368 77.4316545818 3.01188731194 120.341194671 87.5911026001 20709888 0.110235775608 0.0 0.110235775608 -1.52144963426 2.59935688012 -2.59935688012 -1.52144963426 
71.3956113902 87.9827656442 4.15361595154 124.646912804 86.3065338135 10486017 0.0579625285337 0.0 0.0579625285337 -2.36140345893 3.41706001952 -3.41706001952 -2.36140345893 
63.5438453208 89.334060038 2.93305158615 122.345735488 85.5791244507 18743808 0.116241337194 0.0 0.116241337194 -1.5692614875 2.47794471101 -2.47794471101 -1.5692614875 
60.0595875141 89.6109779439 2.0133895874 120.01148693 83.8254165649 24969216 0.246685920775 0.0 0.246685920775 -1.00704434802 1.74344466841 -1.74344466841 -1.00704434802 
151.060771255 164.376349863 1.30972659588 129.502669061 78.5314865112 8388608 0.582959933327 0.0 0.582959933327 -0.833135639751 1.01057842928 -1.01057842928 -0.833135639751 
99.629184449 90.2380973735 2.03898406029 137.141916166 78.3318710327 9175296 0.240531709886 0.0 0.240531709886 -1.49465830521 1.38688591772 -1.38688591772 -1.49465830521 
111.648097925 151.173897295 1.79467582703 135.499445578 78.320350647 16646144 0.310475956389 0.0 0.310475956389 -1.28004116755 1.25791729994 -1.25791729994 -1.28004116755 
130.06474385 105.152845051 2.66012120247 121.742778605 78.2388534546 11731456 0.141317891988 0.0 0.141317891988 -1.39950770323 2.26221639116 -2.26221639116 -1.39950770323 
213.759826183 139.887180984 2.0528280735 130.807145187 75.9838256836 9699584 0.237298418293 0.0 0.237298418293 -1.34155394158 1.5538134126 -1.5538134126 -1.34155394158 
221.596901104 56.3637134268 2.05068397522 156.069759458 72.4384078979 9568512 0.237794893733 0.0 0.237794893733 -1.87440717123 0.831806782047 -0.831806782047 -1.87440717123 
109.902927359 115.805516457 1.41049706936 128.40153674 71.5653152466 8388608 0.502638353071 0.0 0.502638353071 -0.876156771455 1.10537382568 -1.10537382568 -0.876156771455 
152.326410139 138.093853031 1.2472268343 129.433635298 70.5370864868 8388608 0.642849199734 0.0 0.642849199734 -0.792218572531 0.963309145356 -0.963309145356 -0.792218572531 
58.3841647027 106.907259748 2.43482995033 130.738386502 68.1154632568 22020352 0.168679664849 0.0 0.168679664849 -1.58898508585 1.8448640286 -1.8448640286 -1.58898508585 
131.731072325 160.024773099 1.44567596912 136.274610251 65.3359451294 8388608 0.478473705389 0.0 0.478473705389 -1.04473352725 0.999255154975 -0.999255154975 -1.04473352725 
190.540337441 53.5501166202 2.09561467171 137.053033886 64.705581665 11141376 0.227707397288 0.0 0.227707397288 -1.5339577862 1.42778652552 -1.42778652552 -1.5339577862 
200.577220689 103.006852441 1.57792675495 131.611330888 54.4381790161 8388608 0.401630161563 0.0 0.401630161563 -1.04786026629 1.17976341117 -1.17976341117 -1.04786026629 
145.706176545 141.326706389 1.94774496555 137.766751981 51.4621887207 22609920 0.2635941812 0.0 0.2635941812 -1.44213896654 1.30917747155 -1.30917747155 -1.44213896654 
130.881033856 77.2575609155 1.42956709862 129.859428569 50.8821105957 8388608 0.489317683761 0.0 0.489317683761 -0.916218470104 1.09736311424 -1.09736311424 -0.916218470104 
115.40150752 89.114204772 4.14542865753 135.037313588 49.8066101074 10354945 0.0581917086404 0.0 0.0581917086404 -2.93316906171 2.92935112441 -2.92935112441 -2.93316906171 
210.233880161 100.736018786 1.71683728695 128.861060632 48.6426811218 13434880 0.339267084116 0.0 0.339267084116 -1.07720209131 1.33684925266 -1.33684925266 -1.07720209131 
170.011844528 153.413558363 2.37151932716 134.732448239 47.4262733459 20119808 0.177806102871 0.0 0.177806102871 -1.66906851058 1.68472971901 -1.68472971901 -1.66906851058 
150.806144988 133.991830907 3.85613083839 132.929995776 46.0547790527 21823489 0.0672506486911 0.0 0.0672506486911 -2.6264272191 2.823406649 -2.823406649 -2.6264272191 
111.854540385 142.716208641 1.23227632046 138.713130652 45.1722259521 8388608 0.658542478375 0.0 0.658542478375 -0.925951365318 0.813092245089 -0.813092245089 -0.925951365318 
144.785019931 156.408861455 1.63916027546 132.530621976 45.1305809021 10092544 0.372183537095 0.0 0.372183537095 -1.10804636906 1.20792369488 -1.20792369488 -1.10804636906 
112.228866 78.3455736389 2.66957139969 136.160360948 44.235458374 11928064 0.140319141276 0.0 0.140319141276 -1.9255116857 1.8490581944 -1.8490581944 -1.9255116857 
131.169357381 125.502320066 4.02158260345 125.503885001 41.7327842712 24903681 0.0618309633308 0.0 0.0618309633308 -2.33556689836 3.27387444776 -3.27387444776 -2.33556689836 
119.160898888 146.707355006 2.54023337364 136.24181809 40.8415260315 8389120 0.154971831259 0.0 0.154971831259 -1.83472218026 1.75686656119 -1.75686656119 -1.83472218026 
122.506802905 157.517940718 1.68516421318 134.20355568 40.7524414062 12124160 0.35214014976 0.0 0.35214014976 -1.17491265315 1.20803918929 -1.20803918929 -1.17491265315 
53.195254843 83.5010622934 1.27342665195 123.179543529 39.2187652588 8388608 0.616669018204 0.0 0.616669018204 -0.696901118881 1.06580686262 -1.06580686262 -0.696901118881 
96.7695719489 77.9454330814 2.54468035698 133.809104623 36.7655830383 8520192 0.15443065918 0.0 0.15443065918 -1.76157497045 1.83636917385 -1.83636917385 -1.76157497045 
144.470750717 108.51103828 2.55925226212 129.525476908 34.9558143616 8913408 0.152677066996 0.0 0.152677066996 -1.62876256169 1.97405791678 -1.97405791678 -1.62876256169 
170.193946463 142.369894124 2.83429026604 133.865530818 34.4587135315 16318976 0.124483373582 0.0 0.124483373582 -1.9640730771 2.04343295949 -2.04343295949 -1.9640730771 
110.530593958 158.968429619 1.34864997864 143.065125108 34.0952415466 8388608 0.549795904388 0.0 0.549795904388 -1.07800161373 0.810413033993 -0.810413033993 -1.07800161373 
140.636552057 111.958237503 1.68256163597 123.72003163 33.5311660767 11993088 0.353230369227 0.0 0.353230369227 -0.934049290541 1.39948761398 -1.39948761398 -0.934049290541 
114.585364297 77.4926549954 1.55731773376 136.077081281 33.0195846558 8388608 0.412330577032 0.0 0.412330577032 -1.12169498809 1.08029573617 -1.08029573617 -1.12169498809 
147.713929988 105.78776179 4.00916147232 130.556724852 32.8254318237 24641537 0.0622146845797 0.0 0.0622146845797 -2.6067590295 3.04601101004 -3.04601101004 -2.6067590295 
211.543782937 109.191865741 1.2604777813 131.598360623 32.117893219 8388608 0.62940416234 0.0 0.62940416234 -0.836837269446 0.942606822386 -0.942606822386 -0.836837269446 
167.036816034 139.794510901 1.79243350029 133.406719122 32.0630455017 16580608 0.3112532505 0.0 0.3112532505 -1.2317113896 1.30219234589 -1.30219234589 -1.2317113896 
134.999102522 117.693949621 2.04721665382 118.875241292 31.812789917 9502976 0.238601070792 0.0 0.238601070792 -0.988609175617 1.79269292562 -1.79269292562 -0.988609175617 
29.8580049744 129.790957771 1.41017127037 149.276212061 31.446931839 8388608 0.502870634053 0.0 0.502870634053 -1.21223995714 0.720456312405 -0.720456312405 -1.21223995714 
174.02171609 138.840232228 4.66369724274 137.379960716 30.2954750061 18874625 0.0459768593544 0.0 0.0459768593544 -3.43182966953 3.15794507413 -3.15794507413 -3.43182966953 
162.787864504 121.509461511 2.52395653725 149.662281448 30.0821857452 24641792 0.156977083465 0.0 0.156977083465 -2.17833407255 1.27484009596 -1.27484009596 -2.17833407255 
232.686277662 141.374769433 1.39628911018 133.23226256 29.336139679 8388608 0.512919603833 0.0 0.512919603833 -0.956398657411 1.01731258093 -1.01731258093 -0.956398657411 
205.073408552 111.469981028 1.77691602707 130.64244996 28.7029972076 15925248 0.316713219404 0.0 0.316713219404 -1.15737040146 1.34830423907 -1.34830423907 -1.15737040146 
214.894614493 77.5587180095 2.32267189026 126.832140158 26.8400211334 18612480 0.18536352172 0.0 0.18536352172 -1.39237833298 1.85905548267 -1.85905548267 -1.39237833298 
151.928689143 122.557921317 1.68904972076 130.297901547 26.358127594 12255232 0.350521879504 0.0 0.350521879504 -1.09241291609 1.2882247397 -1.2882247397 -1.09241291609 
141.794286849 75.6866264312 1.62252795696 128.11432206 26.342546463 9371648 0.379853054215 0.0 0.379853054215 -1.00147709059 1.27657377701 -1.27657377701 -1.00147709059 
155.372697556 94.4579790298 1.89294099808 131.389902905 25.5007381439 20512768 0.27907815623 0.0 0.27907815623 -1.25157409463 1.42013658071 -1.42013658071 -1.25157409463 
202.44275154 72.7827880839 2.02647399902 135.354288202 20.8957214355 8716544 0.243510632275 0.0 0.243510632275 -1.44176659375 1.42404563054 -1.42404563054 -1.44176659375 
173.922012505 92.7491172262 1.34939408302 136.530487475 20.7414169312 8388608 0.549189717136 0.0 0.549189717136 -0.979309999222 0.928340625375 -0.928340625375 -0.979309999222 
149.055729855 107.317401723 1.24382400513 130.38338088 20.0039997101 8388608 0.646371399446 0.0 0.646371399446 -0.805872308266 0.947453417589 -0.947453417589 -0.805872308266 
130.219202215 139.280882358 1.2660087347 134.407555064 16.8113937378 8388608 0.623916679297 0.0 0.623916679297 -0.885899164564 0.90441184566 -0.90441184566 -0.885899164564 
54.3374717388 164.350825207 1.32381439209 142.612498148 16.7072544098 8388608 0.570618441699 0.0 0.570618441699 -1.05183287407 0.803823456817 -0.803823456817 -1.05183287407 
231.79776998 71.0792563278 1.33609187603 132.266508851 16.4407501221 8388608 0.560179682861 0.0 0.560179682861 -0.898628755995 0.988740542353 -0.988740542353 -0.898628755995 
159.256119176 124.339052334 1.4956060648 146.160422764 16.363407135 8388608 0.447059743735 0.0 0.447059743735 -1.24225040961 0.832857383283 -0.832857383283 -1.24225040961 
208.030792014 82.2399202554 1.524091959 134.636906649 14.2503986359 8388608 0.430504461348 0.0 0.430504461348 -1.07084461908 1.08450361976 -1.08450361976 -1.07084461908 
196.068003369 83.4332164721 1.91707599163 127.359991741 12.3297233582 21430272 0.272095489928 0.0 0.272095489928 -1.16332191501 1.52376588745 -1.52376588745 -1.16332191501 
166.578651441 90.3379405838 2.25403213501 135.655507036 12.0469036102 16449792 0.196824788436 0.0 0.196824788436 -1.61197145209 1.57550274621 -1.57550274621 -1.61197145209 
117.16122447 168.267034891 1.57663965225 140.482385393 11.5278320312 8388608 0.402286177372 0.0 0.402286177372 -1.21626554329 1.00324011146 -1.00324011146 -1.21626554329 
123.319458661 168.376947768 1.26330757141 133.356013272 11.5247001648 8388608 0.626587608527 0.0 0.626587608527 -0.867297924686 0.918553389749 -0.918553389749 -0.867297924686 
124.090478855 82.6823970506 1.72891879082 139.070268328 11.4492473602 13959168 0.334542124888 0.0 0.334542124888 -1.30622168088 1.13267166718 -1.13267166718 -1.30622168088 
165.611750379 129.292105467 1.26737344265 135.104262679 11.3521022797 8388608 0.622573735547 0.0 0.622573735547 -0.897797652687 0.894536090923 -0.894536090923 -0.897797652687 
58.0531243345 101.064416661 1.28383266926 132.448958883 10.5984516144 8388608 0.606712795601 0.0 0.606712795601 -0.866501223386 0.947313017183 -0.947313017183 -0.866501223386 
177.772864623 99.8199399106 1.57061135769 134.288371524 9.35684394836 8388608 0.405380200031 0.0 0.405380200031 -1.0967108202 1.12429774248 -1.12429774248 -1.0967108202 
91.3089785436 150.863337214 1.51327598095 134.296181236 8.78595352173 8388608 0.436680422854 0.0 0.436680422854 -1.05682288916 1.08311106331 -1.08311106331 -1.05682288916 
42.938569938 146.68547034 2.20386767387 149.733361032 8.56861495972 14811392 0.205887021323 0.0 0.205887021323 -1.90345664295 1.11080400267 -1.11080400267 -1.90345664295 
38.2300377298 147.016409565 1.99393844604 147.002005743 8.27579498291 24248320 0.251522305641 0.0 0.251522305641 -1.67229550455 1.08591817007 -1.08591817007 -1.67229550455 
79.5426036225 150.243216589 3.46627521515 145.73419273 7.70650291443 14155777 0.0832288542996 0.0 0.0832288542996 -2.86464923724 1.95162717105 -1.95162717105 -2.86464923724 
195.797463222 75.1525953053 1.49703514576 125.327438013 7.35207939148 8388608 0.44620661797 0.0 0.44620661797 -0.865658167407 1.22137224663 -1.22137224663 -0.865658167407 
43.984852172 74.5716912233 2.0138258934 125.017367555 6.41879653931 24969216 0.246579040743 0.0 0.246579040743 -1.15558306369 1.64927939169 -1.64927939169 -1.15558306369 
50.9743403754 76.0987920913 1.31531429291 125.200917784 6.4059677124 8388608 0.578017412014 0.0 0.578017412014 -0.758206880821 1.07479021907 -1.07479021907 -0.758206880821 
48.8953920329 75.9436451625 1.50186192989 124.418982982 6.38866424561 8388608 0.443343129577 0.0 0.443343129577 -0.848912955888 1.23892536086 -1.23892536086 -0.848912955888 
45.6607909207 65.859331168 2.63558292389 125.05295586 6.14477539062 11010560 0.143961588426 0.0 0.143961588426 -1.5137030273 2.15754501549 -2.15754501549 -1.5137030273 
60.7639375849 53.8206644612 2.63108444214 125.004415696 6.13357162476 10879488 0.144454284282 0.0 0.144454284282 -1.50929413595 2.15514188694 -2.15514188694 -1.50929413595 
51.6575322848 64.4847660384 2.29383563995 125.046582094 6.0987663269 17694976 0.190053296799 0.0 0.190053296799 -1.31721728458 1.87792986246 -1.87792986246 -1.31721728458 
74.8604676586 53.3103623398 1.72800779343 125.118113078 5.86879348755 13893632 0.334894955864 0.0 0.334894955864 -0.994060445971 1.41345490338 -1.41345490338 -0.994060445971 
41.8677629538 179.57055148 1.46054553986 130.648579901 5.09261703491 8388608 0.468780776778 0.0 0.468780776778 -0.95142529465 1.10814402615 -1.10814402615 -0.95142529465 
178.524378853 77.2386281838 1.35693359375 133.692873669 4.46356964111 8388608 0.543103761945 0.0 0.543103761945 -0.937359528628 0.981135001891 -0.981135001891 -0.937359528628 
230.395161129 46.1424555783 1.20100557804 124.803580828 3.78145599365 8388608 0.693282042283 0.0 0.693282042283 -0.685491811991 0.986161941153 -0.986161941153 -0.685491811991 
66.2430421725 159.43938706 2.26832652092 141.712351991 3.62236404419 16908544 0.194351930558 0.0 0.194351930558 -1.78043209255 1.40547741687 -1.40547741687 -1.78043209255 
