13
84
161.789157765 130.936701655 1.46996796131 133.037168977 156.802932739 8388608 0.462790314905 0.0 0.462790314905 -1.00321294621 1.07441593056 -1.07441593056 -1.00321294621 
154.761298271 130.036869799 1.33864021301 138.217640407 148.305847168 8388608 0.558048911926 0.0 0.558048911926 -0.998198811605 0.89193988161 -0.89193988161 -0.998198811605 
167.992064248 104.355256685 1.29300785065 132.432866061 131.296554565 8388608 0.598132879707 0.0 0.598132879707 -0.872425847078 0.954328268043 -0.954328268043 -0.872425847078 
170.367584209 112.77433181 1.34254813194 128.596133614 110.709968567 8388608 0.554804877869 0.0 0.554804877869 -0.837517582017 1.04928536938 -1.04928536938 -0.837517582017 
150.38911374 122.31450053 1.35870277882 127.847870017 105.633850098 8388608 0.541690317428 0.0 0.541690317428 -0.833655195777 1.07288967546 -1.07288967546 -0.833655195777 
167.994272318 127.471571762 1.48902463913 134.856020534 102.042037964 8388608 0.451020447667 0.0 0.451020447667 -1.05025025054 1.05554194003 -1.05554194003 -1.05025025054 
154.053700115 97.8661808798 1.30779242516 134.256999793 101.529823303 8388608 0.584685555543 0.0 0.584685555543 -0.912679516098 0.936662761184 -0.936662761184 -0.912679516098 
75.2310913674 85.5800087503 2.0867497921 136.986501825 97.5400695801 10879232 0.229646188754 0.0 0.229646188754 -1.52581686363 1.4235194391 -1.4235194391 -1.52581686363 
154.941042967 141.58360948 2.96808981895 134.728200215 93.9093399048 19595776 0.113513083611 0.0 0.113513083611 -2.08877677748 2.10868886924 -2.10868886924 -2.08877677748 
94.1117294185 64.1949085888 2.48668646812 125.910688433 93.3069915771 23527680 0.161717842196 0.0 0.161717842196 -1.45849994739 2.01404754021 -2.01404754021 -1.45849994739 
155.296424978 105.024026816 1.5040667057 140.075495526 91.1154098511 8388608 0.442044309814 0.0 0.442044309814 -1.15345483508 0.965276436386 -0.965276436386 -1.15345483508 
108.562547737 110.009394843 1.69576716423 132.916741875 86.542175293 12582912 0.347750334804 0.0 0.347750334804 -1.15470702667 1.24188484081 -1.24188484081 -1.15470702667 
90.2060983532 94.4881514892 2.77657580376 127.435771501 85.5523605347 14811648 0.12971223144 0.0 0.12971223144 -1.68780185003 2.20469909717 -2.20469909717 -1.68780185003 
199.383438496 64.0484228531 3.03775143623 130.061836623 85.1980438232 21299712 0.108366620626 0.0 0.108366620626 -1.95513932458 2.32494387239 -2.32494387239 -1.95513932458 
185.777991483 74.2154360426 4.08832836151 133.711950339 83.1795806885 9371905 0.0598285476861 0.0 0.0598285476861 -2.82517057841 2.9551378977 -2.9551378977 -2.82517057841 
186.192825777 132.297897979 5.57500457764 128.926738468 79.9799423218 15073793 0.0321743323308 0.0 0.0321743323308 -3.50292130372 4.33707486454 -4.33707486454 -3.50292130372 
185.586321818 68.3380287128 2.66776037216 129.244690741 78.4606781006 11928064 0.140509719175 0.0 0.140509719175 -1.68771476143 2.06605040774 -2.06605040774 -1.68771476143 
45.1118201178 84.6295223411 2.13226795197 141.602666326 76.8866271973 12386560 0.219946188807 0.0 0.219946188807 -1.6711060764 1.32437573989 -1.32437573989 -1.6711060764 
129.292996408 77.8127395733 3.54040575027 130.092129105 76.4569396973 15663105 0.0797799803667 0.0 0.0797799803667 -2.28008695684 2.70844537435 -2.70844537435 -2.28008695684 
169.82112507 119.989967006 1.34306311607 140.0113464 75.8515777588 8388608 0.554379490667 0.0 0.554379490667 -1.02901697856 0.863100568643 -0.863100568643 -1.02901697856 
186.690646924 71.9710081696 1.27420115471 130.529198151 75.6865615845 8388608 0.615919581278 0.0 0.615919581278 -0.828021106 0.968488322428 -0.968488322428 -0.828021106 
154.840637136 96.742629457 3.9107708931 132.458873329 69.9798965454 22872065 0.0653845669419 0.0 0.0653845669419 -2.64000820212 2.88521847891 -2.88521847891 -2.64000820212 
260.012473985 103.726375716 1.54810154438 133.614806873 69.161781311 8388608 0.41725457981 0.0 0.41725457981 -1.06789076727 1.12081564091 -1.12081564091 -1.06789076727 
214.696846091 74.5936746999 1.62345850468 131.96118713 69.0026855469 9437184 0.379417724224 0.0 0.379417724224 -1.08548825028 1.20720038722 -1.20720038722 -1.08548825028 
172.987520903 61.6039747764 1.56892251968 126.733322519 66.7607269287 8388608 0.406253397979 0.0 0.406253397979 -0.938358985805 1.25737833866 -1.25737833866 -0.938358985805 
139.583697032 75.7429870912 1.65768182278 128.363529122 62.9547805786 10944512 0.363913066516 0.0 0.363913066516 -1.02883824182 1.29976955562 -1.29976955562 -1.02883824182 
178.525047996 133.627839364 1.87955117226 132.749026416 61.6670379639 19988480 0.28306859647 0.0 0.28306859647 -1.27581728418 1.38021841262 -1.38021841262 -1.27581728418 
177.90251367 55.0699741039 2.22034692764 125.73368969 60.5893211365 15335680 0.202842205548 0.0 0.202842205548 -1.29672393156 1.80234500704 -1.80234500704 -1.29672393156 
128.713956771 124.504295735 2.02050471306 134.344761776 59.9465866089 8519936 0.244951590855 0.0 0.244951590855 -1.41228066601 1.44495765195 -1.44495765195 -1.41228066601 
162.373034961 88.9022385857 1.66256594658 143.567309294 54.5354232788 11141120 0.361778070616 0.0 0.361778070616 -1.33762588648 0.98736139004 -0.98736139004 -1.33762588648 
203.226356429 37.7466992324 1.57716393471 143.044769368 51.0546226501 8388608 0.402018765058 0.0 0.402018765058 -1.26032038746 0.948176459258 -0.948176459258 -1.26032038746 
245.2018608 107.291917223 1.3288422823 128.619755785 50.2202720642 8388608 0.566308555964 0.0 0.566308555964 -0.829395622324 1.03823153145 -1.03823153145 -0.829395622324 
106.682836307 122.243576554 2.8947892189 138.685388988 50.1065979004 17826304 0.119334524505 0.0 0.119334524505 -2.17426402963 1.91112023467 -1.91112023467 -2.17426402963 
181.915759265 96.9847595134 4.41689395905 141.006230532 49.0087928772 14942465 0.0512585190336 0.0 0.0512585190336 -3.43287354953 2.77926814799 -2.77926814799 -3.43287354953 
93.1107607689 53.7629881567 1.1728758812 121.235249717 45.3178329468 8388608 0.726935517647 0.0 0.726935517647 -0.608198484633 1.00286212212 -1.00286212212 -0.608198484633 
124.073574398 95.5915205507 2.52204179764 126.108445774 44.827293396 24576256 0.15721552863 0.0 0.15721552863 -1.4862782069 2.03756519423 -2.03756519423 -1.4862782069 
126.703894299 100.754498437 4.31614208221 126.926341768 44.7682418823 13304065 0.053679508983 0.0 0.053679508983 -2.59308558093 3.45036079908 -3.45036079908 -2.59308558093 
214.122952163 47.4218494382 1.75925064087 145.676365881 44.4714927673 15204352 0.323105658775 0.0 0.323105658775 -1.4529048914 0.991982960505 -0.991982960505 -1.4529048914 
117.762071055 120.60567203 3.4744143486 137.380048628 44.0121688843 14286849 0.0828393686274 0.0 0.0828393686274 -2.55668720761 2.3526380062 -2.3526380062 -2.55668720761 
178.689474061 37.3912177023 1.77763998508 137.055721844 43.4106712341 15990784 0.316455303981 0.0 0.316455303981 -1.30126201217 1.21108261166 -1.21108261166 -1.30126201217 
56.0589549689 99.5990187049 1.69448673725 142.565629247 42.2489356995 12517376 0.348276083555 0.0 0.348276083555 -1.34550740264 1.02999763696 -1.02999763696 -1.34550740264 
82.4505701978 56.5532953384 2.25124597549 127.707837695 42.139251709 16318720 0.197312273683 0.0 0.197312273683 -1.37694143728 1.78105045422 -1.78105045422 -1.37694143728 
120.960217574 117.794075016 1.67218148708 129.780481765 39.6967315674 11534336 0.357629370295 0.0 0.357629370295 -1.06994188122 1.28507404322 -1.28507404322 -1.06994188122 
212.39311461 39.7318399768 2.235435009 150.002581476 36.767616272 15859968 0.200113276943 0.0 0.200113276943 -1.93599386339 1.11763027893 -1.11763027893 -1.93599386339 
231.916587127 102.343189795 1.24675011635 127.855136051 35.9568061829 8388608 0.643340904266 0.0 0.643340904266 -0.765089578649 0.984390059508 -0.984390059508 -0.765089578649 
151.912157186 91.3624372961 1.3312138319 121.479768625 35.3708267212 8388608 0.564292602551 0.0 0.564292602551 -0.695156483613 1.1352919138 -1.1352919138 -0.695156483613 
38.4933608747 113.784282678 1.33037924767 141.803811031 34.8983612061 8388608 0.565000817794 0.0 0.565000817794 -1.0455424231 0.822648153293 -0.822648153293 -1.0455424231 
176.198098486 120.855437967 2.22604727745 138.955290947 34.8451309204 15532288 0.201804679456 0.0 0.201804679456 -1.67887910098 1.46172892347 -1.46172892347 -1.67887910098 
189.341008623 114.768916738 2.55773568153 129.213886942 34.1096343994 8847872 0.15285817697 0.0 0.15285817697 -1.61704425973 1.98171130053 -1.98171130053 -1.61704425973 
178.726107835 113.895075262 1.69776165485 132.785119747 30.5792770386 12648448 0.346933756839 0.0 0.346933756839 -1.15320583459 1.24599796941 -1.24599796941 -1.15320583459 
76.8107918273 120.604372771 3.12656497955 145.137280388 27.5430603027 23396864 0.102297514493 0.0 0.102297514493 -2.56542153395 1.78718239821 -1.78718239821 -2.56542153395 
79.8612312343 107.306305404 1.76675081253 141.607720367 26.6056728363 15532032 0.320368199574 0.0 0.320368199574 -1.3847389118 1.09722676768 -1.09722676768 -1.3847389118 
233.462328235 103.052119296 2.73824810982 127.929413505 26.1843299866 13828608 0.133368850153 0.0 0.133368850153 -1.68317429284 2.15984420986 -2.15984420986 -1.68317429284 
176.941440369 105.873409981 1.90957939625 132.044101017 25.9177589417 21168128 0.274236059401 0.0 0.274236059401 -1.27884992866 1.41811012638 -1.41811012638 -1.27884992866 
45.4587041336 114.716143761 1.19614470005 141.792576988 24.9269962311 8388608 0.698928193321 0.0 0.698928193321 -0.939902716535 0.739827700826 -0.739827700826 -0.939902716535 
141.97638664 55.796748844 1.47146892548 139.112099863 24.0272636414 8388608 0.461846662764 0.0 0.461846662764 -1.11241832695 0.963195859884 -0.963195859884 -1.11241832695 
157.30352445 64.1165672783 1.63494718075 135.240057663 21.973657608 9895936 0.374104167751 0.0 0.374104167751 -1.16091582652 1.15122835596 -1.15122835596 -1.16091582652 
226.466730321 52.3849746116 1.91327881813 150.394735167 20.7382831573 21299200 0.273176585934 0.0 0.273176585934 -1.66349938483 0.945201371449 -0.945201371449 -1.66349938483 
45.7902459106 137.715542488 1.32256555557 128.032114575 20.3693466187 8388608 0.571696566841 0.0 0.571696566841 -0.814836689294 1.04173932371 -1.04173932371 -0.814836689294 
128.525431911 52.8190351662 1.42726540565 127.941000933 20.1023216248 8388608 0.490897161833 0.0 0.490897161833 -0.877553724113 1.12560472612 -1.12560472612 -0.877553724113 
140.44116329 133.441435983 1.51465892792 135.220663611 18.6802387238 8388608 0.435883371901 0.0 0.435883371901 -1.0751424938 1.06689281839 -1.06689281839 -1.0751424938 
165.199797872 63.368925875 1.2998790741 132.763013536 17.4621734619 8388608 0.591826074445 0.0 0.591826074445 -0.882575663438 0.954330029697 -0.954330029697 -0.882575663438 
109.59208023 56.5133645281 1.29800820351 132.495319534 17.4220046997 8388608 0.593533348623 0.0 0.593533348623 -0.876843452535 0.957063663566 -0.957063663566 -0.876843452535 
121.862660151 134.029474523 1.26884198189 139.928343012 17.4025325775 8388608 0.621133453954 0.0 0.621133453954 -0.970968564215 0.816810885277 -0.816810885277 -0.970968564215 
227.640162098 81.5581567845 2.05057740211 129.790886749 17.040222168 9568512 0.237819611843 0.0 0.237819611843 -1.31234388689 1.57563358831 -1.57563358831 -1.31234388689 
119.919611982 53.9412233271 2.01332426071 132.363057536 16.1918525696 24969216 0.246701929559 0.0 0.246701929559 -1.35663046553 1.48762507332 -1.48762507332 -1.35663046553 
157.374102609 57.1947295507 1.29625630379 138.187581472 15.3618745804 8388608 0.595138761935 0.0 0.595138761935 -0.9661406749 0.864206341919 -0.864206341919 -0.9661406749 
238.426932842 78.7437246261 1.2368657589 135.520220845 15.2255821228 8388608 0.653664450365 0.0 0.653664450365 -0.882500960582 0.866619270557 -0.866619270557 -0.882500960582 
124.005181297 52.7800348223 2.2865626812 132.308925429 15.1385126114 17498368 0.191264239397 0.0 0.191264239397 -1.53914873265 1.69097311446 -1.69097311446 -1.53914873265 
173.677942987 68.7239916959 1.28718996048 130.642995871 14.8726139069 8388608 0.603552026428 0.0 0.603552026428 -0.838403207889 0.976697525011 -0.976697525011 -0.838403207889 
159.526648251 146.721101343 1.32543134689 131.580804926 14.7686042786 8388608 0.569227043446 0.0 0.569227043446 -0.879656510871 0.991449786026 -0.991449786026 -0.879656510871 
164.524733161 52.7555958613 1.30856394768 133.385561888 14.6955080032 8388608 0.583996303645 0.0 0.583996303645 -0.898858330137 0.950995955568 -0.950995955568 -0.898858330137 
219.678381568 82.6233035541 1.42500925064 129.706804242 14.6006259918 8388608 0.49245282451 0.0 0.49245282451 -0.910380247276 1.09629337761 -1.09629337761 -0.910380247276 
223.331403683 97.626632988 1.36308825016 125.497003951 12.7526884079 8388608 0.538210358003 0.0 0.538210358003 -0.791491346857 1.10975268667 -1.10975268667 -0.791491346857 
219.364378591 33.5108981368 1.43137466908 146.013557636 12.3334159851 8388608 0.488082622472 0.0 0.488082622472 -1.18685274625 0.800133740069 -0.800133740069 -1.18685274625 
231.700460214 38.5101203383 1.33740019798 150.633329633 12.0602416992 8388608 0.559084218844 0.0 0.559084218844 -1.16554324037 0.655856877976 -0.655856877976 -1.16554324037 
22.7835966865 118.661392943 1.30682051182 128.743801482 8.84889221191 8388608 0.585555567913 0.0 0.585555567913 -0.817859369159 1.01925752506 -1.01925752506 -0.817859369159 
179.458858132 149.259590298 1.50058066845 125.863391854 4.65110015869 8388608 0.444100544327 0.0 0.444100544327 -0.879122199829 1.21609477439 -1.21609477439 -0.879122199829 
171.427836026 152.362213931 1.51166248322 125.160242005 4.44931793213 8388608 0.437613116368 0.0 0.437613116368 -0.87051374888 1.23585164003 -1.23585164003 -0.87051374888 
212.858247508 141.542419332 1.49865484238 125.082361974 3.62453842163 8388608 0.445242648438 0.0 0.445242648438 -0.861356912519 1.22638925543 -1.22638925543 -0.861356912519 
261.919615252 126.309020728 1.22721612453 125.001335067 3.59726715088 8388608 0.663984427948 0.0 0.663984427948 -0.70392567542 1.00526019508 -1.00526019508 -0.70392567542 
217.92146423 145.920180932 1.97233915329 124.99110373 3.58651351929 23461888 0.257061364134 0.0 0.257061364134 -1.13103638917 1.61582128405 -1.61582128405 -1.13103638917 
70.2553268104 38.2462959319 1.74550259113 124.951272543 3.55574035645 14680064 0.328215437668 0.0 0.328215437668 -0.999962786776 1.43068295604 -1.43068295604 -0.999962786776 
188.137377528 154.413814635 1.25444602966 124.95166315 3.5421333313 8388608 0.635471440852 0.0 0.635471440852 -0.718653520937 1.0281886783 -1.0281886783 -0.718653520937 
