13
236
159.524293905 58.2114844968 2.31745553017 23.3023681641 107.428291321 18415872 0.186198930286 0.0 0.186198930286 2.12842075619 0.91674708557 -0.91674708557 2.12842075619 
158.203070549 61.814197275 1.28820371628 1.58782958984 94.4549102783 8388608 0.602602466031 0.0 0.602602466031 1.28770907623 0.0356952324894 -0.0356952324894 1.28770907623 
158.314228922 58.4450659236 1.40380060673 25.9409790039 85.0793228149 8388608 0.507445199572 0.0 0.507445199572 1.26236087336 0.614085636421 -0.614085636421 1.26236087336 
147.404059988 57.1747722703 2.51791477203 30.5586547852 83.7640304565 24445184 0.157731323889 0.0 0.157731323889 2.16819940458 1.28015863908 -1.28015863908 2.16819940458 
113.649063532 104.871725731 2.58202362061 75.9995727539 81.5974197388 9568768 0.149995965618 0.0 0.149995965618 0.624666730609 2.50532182624 -2.50532182624 0.624666730609 
166.412461619 68.6533399678 1.29363942146 275.526000977 77.1666412354 8388608 0.597548990487 0.0 0.597548990487 0.124574185356 -1.28762736267 1.28762736267 0.124574185356 
110.785284172 126.511039599 6.21475696564 90.2504272461 72.7034988403 22938113 0.02589117144 0.0 0.02589117144 -0.0271632488457 6.21469760325 -6.21469760325 -0.0271632488457 
130.13130466 69.0930835947 1.90661287308 88.8855285645 69.0790100098 21037056 0.27509009802 0.0 0.27509009802 0.0370835621078 1.90625220189 -1.90625220189 0.0370835621078 
74.1764466101 93.2683907521 5.70247220993 280.382415771 62.208190918 16712193 0.0307520197579 0.0 0.0307520197579 1.02768400831 -5.60910464193 5.60910464193 1.02768400831 
179.193636948 86.569190941 1.3067690134 32.2622680664 61.2379150391 8388608 0.585601721099 0.0 0.585601721099 1.10502157892 0.697547535668 -0.697547535668 1.10502157892 
172.665937737 60.8169845534 2.25452017784 163.998931885 59.3714256287 16449792 0.19673958314 0.0 0.19673958314 -2.16717230453 0.621470381267 -0.621470381267 -2.16717230453 
135.896213105 56.7167076517 2.36750769615 56.0115356445 58.9173278809 19988736 0.178409181626 0.0 0.178409181626 1.32349830497 1.96301933971 -1.96301933971 1.32349830497 
146.114878419 64.0191419985 1.51423311234 338.699127197 58.4356651306 8388608 0.436128554796 0.0 0.436128554796 1.4107893281 -0.550068532293 0.550068532293 1.4107893281 
43.6464390507 93.5176959734 4.59120082855 37.7167053223 57.6620864868 17760513 0.04744029924 0.0 0.04744029924 3.63184738114 2.80870248482 -2.80870248482 3.63184738114 
44.4424333292 115.059988719 3.37332439423 273.180450439 56.6202468872 12189697 0.0878787328636 0.0 0.0878787328636 0.187154835798 -3.36812864008 3.36812864008 0.187154835798 
188.700757236 67.242147941 5.80060863495 300.849945068 56.3643951416 17957377 0.0297202782078 0.0 0.0297202782078 2.97450240045 -4.97989919632 4.97989919632 2.97450240045 
132.273543721 80.9769259444 6.01743364334 221.634094238 56.1074371338 20578817 0.0276170559846 0.0 0.0276170559846 -4.49744726158 -3.99780887254 3.99780887254 -4.49744726158 
201.394596918 134.630220543 4.63913679123 97.4961547852 55.9898376465 18481409 0.0464649680719 0.0 0.0464649680719 -0.605220182573 4.59948896056 -4.59948896056 -0.605220182573 
45.0294310159 101.169024787 1.91193366051 265.605499268 55.9404716492 21233664 0.2735611127 0.0 0.2735611127 -0.14649872443 -1.90631278806 1.90631278806 -0.14649872443 
116.517691403 119.582313685 3.30371809006 280.21697998 55.8315048218 10682369 0.0916207910644 0.0 0.0916207910644 0.586001639169 -3.25133131155 3.25133131155 0.586001639169 
122.095273206 133.539430639 2.9393017292 96.180480957 55.0675888062 18940416 0.115747510694 0.0 0.115747510694 -0.316447194906 2.92221762162 -2.92221762162 -0.316447194906 
124.423128103 133.788185279 2.13430666924 99.9896850586 55.0047912598 12517632 0.219526198617 0.0 0.219526198617 -0.370240056571 2.10194844343 -2.10194844343 -0.370240056571 
47.7240211609 112.842348149 2.10385227203 270.573394775 53.8612251282 11469056 0.225927718842 0.0 0.225927718842 0.0210542168205 -2.10374691978 2.10374691978 0.0210542168205 
78.6419670562 115.125501133 2.29493546486 283.184356689 52.2229423523 17760512 0.18987117816 0.0 0.18987117816 0.523440465678 -2.23444374885 2.23444374885 0.523440465678 
143.674423371 70.3813175967 1.29384171963 84.9317626953 51.7077789307 8388608 0.597362145973 0.0 0.597362145973 0.114300713097 1.28878304708 -1.28878304708 0.114300713097 
153.727832815 131.495877445 1.54027092457 62.5883789062 51.3293533325 8388608 0.421507945159 0.0 0.421507945159 0.709109693622 1.36733242611 -1.36733242611 0.709109693622 
163.62137806 94.9574516625 9.42952060699 52.7258605957 51.2182502747 19661058 0.0112465876461 0.0 0.0112465876461 5.71079396054 7.50351192562 -7.50351192562 5.71079396054 
191.920882033 63.06526672 2.62778353691 342.451904297 50.6416854858 10813952 0.144817426362 0.0 0.144817426362 2.50549751146 -0.792293213991 0.792293213991 2.50549751146 
60.288085472 113.770849988 2.66101408005 273.868011475 50.5641365051 11731456 0.141223072191 0.0 0.141223072191 0.179507400649 -2.65495254709 2.65495254709 0.179507400649 
125.522989461 96.7978836945 1.66689753532 34.7299194336 48.9190788269 11337728 0.359900285459 0.0 0.359900285459 1.36993416427 0.949646133481 -0.949646133481 1.36993416427 
240.359361527 107.061504547 3.87231969833 332.019226074 48.5569076538 22151169 0.0666895196263 0.0 0.0666895196263 3.41966519011 -1.81679658566 1.81679658566 3.41966519011 
80.5360047767 131.760455923 3.70086741447 26.7351989746 46.5356140137 18874369 0.0730117817488 0.0 0.0730117817488 3.30522687199 1.6649008812 -1.6649008812 3.30522687199 
42.7407798301 59.0599141533 1.24118423462 288.307983398 45.3706588745 8388608 0.649123749296 0.0 0.649123749296 0.389886678251 -1.17835762075 1.17835762075 0.389886678251 
159.073328079 154.245651887 1.98624026775 91.0924072266 44.171257019 23986176 0.253475760945 0.0 0.253475760945 -0.0378675669382 1.98587926335 -1.98587926335 -0.0378675669382 
36.7253049804 101.81241046 1.6309401989 286.483642578 44.0661277771 9764864 0.375944664488 0.0 0.375944664488 0.462765579671 -1.56390982817 1.56390982817 0.462765579671 
40.1725812051 110.514048062 1.70072340965 278.968048096 43.5939216614 12779520 0.34572646116 0.0 0.34572646116 0.265114956758 -1.67993278909 1.67993278909 0.265114956758 
190.042807082 154.364412752 2.94398188591 89.2036743164 43.492729187 19005952 0.115379787035 0.0 0.115379787035 0.0409156299487 2.94369754829 -2.94369754829 0.0409156299487 
147.020568864 108.638689146 3.46617984772 31.1989135742 42.1794433594 14155777 0.08323343423 0.0 0.08323343423 2.96488040766 1.79551856159 -1.79551856159 2.96488040766 
146.709309746 43.8240638537 2.43055438995 246.707336426 41.8795509338 21889280 0.169273631742 0.0 0.169273631742 -0.961109011088 -2.23245696741 2.23245696741 -0.961109011088 
160.251118261 141.052457415 2.62439990044 98.3608703613 41.5369911194 10748416 0.14519109305 0.0 0.14519109305 -0.381607113284 2.59650743278 -2.59650743278 -0.381607113284 
229.267417735 111.410530829 2.51435732841 16.9149780273 41.1394042969 24314112 0.15817797261 0.0 0.15817797261 2.40558008829 0.731558072716 -0.731558072716 2.40558008829 
145.101705169 85.2192160861 3.62875723839 116.175827026 41.0613288879 17432577 0.0759423740736 0.0 0.0759423740736 -1.60074374509 3.25660844403 -3.25660844403 -1.60074374509 
144.809674735 47.3370510095 1.57220602036 252.145568848 40.7118377686 8388608 0.404558276157 0.0 0.404558276157 -0.482037882377 -1.49648630144 1.49648630144 -0.482037882377 
210.169921468 99.5497452343 2.42483735085 0.574829101562 40.1479225159 21692672 0.170072765587 0.0 0.170072765587 2.42471531675 0.024327161698 -0.024327161698 2.42471531675 
170.269691189 136.084956748 4.62738418579 42.7377929688 39.9803924561 18350337 0.0467012907482 0.0 0.0467012907482 3.39866150473 3.14034781181 -3.14034781181 3.39866150473 
158.780944809 47.8515560652 1.76637911797 288.286010742 39.4803466797 15532032 0.320503042254 0.0 0.320503042254 0.554220235836 -1.6771807054 1.6771807054 0.554220235836 
44.9854356538 65.5153542074 1.36513292789 133.93522644 39.390537262 8388608 0.536599316937 0.0 0.536599316937 -0.947190253004 0.983065885603 -0.983065885603 -0.947190253004 
162.987176794 32.1478956912 3.83318018913 349.995574951 39.2706565857 21430273 0.0680583679017 0.0 0.0680583679017 3.77489415038 -0.665916297883 0.665916297883 3.77489415038 
87.7007028721 130.893460828 2.28809762001 95.1282653809 39.0860061646 17498368 0.191007711503 0.0 0.191007711503 -0.204523108936 2.27893857236 -2.27893857236 -0.204523108936 
159.642369321 75.9912571907 1.94126856327 332.996307373 38.5482673645 22347776 0.265355905103 0.0 0.265355905103 1.7296261519 -0.881428958807 0.881428958807 1.7296261519 
233.738630965 30.1952578674 1.75194859505 69.2369995117 36.9253959656 14942208 0.32580465249 0.0 0.32580465249 0.621071404718 1.63816793703 -1.63816793703 0.621071404718 
46.4595927254 90.4125572819 2.34356164932 36.4117736816 36.8527145386 19267840 0.182073707231 0.0 0.182073707231 1.88603241835 1.39110133387 -1.39110133387 1.88603241835 
140.546910291 132.981534309 4.59381389618 357.338409424 36.7446517944 17826049 0.0473863443102 0.0 0.0473863443102 4.58885822437 -0.213322078971 0.213322078971 4.58885822437 
43.5808846226 132.046964979 2.3915643692 162.136138916 36.2860183716 20709632 0.174838008545 0.0 0.174838008545 -2.2762624535 0.733627545022 -0.733627545022 -2.2762624535 
103.965342308 96.9312945002 1.73819077015 231.463500977 36.2267494202 14352384 0.330982567881 0.0 0.330982567881 -1.08291553964 -1.35963270314 1.35963270314 -1.08291553964 
170.56987113 51.1282250849 1.70049536228 280.231872559 36.1139030457 12779520 0.345819195664 0.0 0.345819195664 0.302062736196 -1.67345229407 1.67345229407 0.302062736196 
158.580761158 144.744982143 1.25068485737 88.5051879883 35.0943336487 8388608 0.639299281978 0.0 0.639299281978 0.032625905175 1.25025923822 -1.25025923822 0.032625905175 
177.020432751 99.665733687 2.15345931053 58.8394775391 34.9060020447 13107456 0.215638677459 0.0 0.215638677459 1.11428066515 1.8427603212 -1.8427603212 1.11428066515 
164.118745119 102.764992245 2.71799039841 99.0634460449 34.829460144 13238784 0.1353643068 0.0 0.1353643068 -0.428159803661 2.68405495256 -2.68405495256 -0.428159803661 
109.174436595 95.1738315798 1.35521483421 241.803543091 34.8250846863 8388608 0.544482224876 0.0 0.544482224876 -0.640333947972 -1.19439511132 1.19439511132 -0.640333947972 
252.451668961 29.4928584309 2.48248934746 29.7696533203 33.9789276123 23396608 0.162265134031 0.0 0.162265134031 2.1548716377 1.23259141052 -1.23259141052 2.1548716377 
129.749886423 108.797852709 1.9882158041 208.412902832 33.3950614929 24051712 0.252972292661 0.0 0.252972292661 -1.74871819428 -0.946037399191 0.946037399191 -1.74871819428 
236.468660972 31.1169832314 3.02744650841 72.7018432617 33.0517845154 21037568 0.109105600323 0.0 0.109105600323 0.900193533924 2.89051621043 -2.89051621043 0.900193533924 
60.084651872 66.6878232989 1.58238375187 304.849090576 32.975227356 8388608 0.399370857002 0.0 0.399370857002 0.904200837639 -1.29859893092 1.29859893092 0.904200837639 
202.89465782 75.3434126239 1.82283294201 116.681594849 32.8659820557 17760256 0.300958257007 0.0 0.300958257007 -0.818510316711 1.62872981059 -1.62872981059 -0.818510316711 
32.1118227878 115.641902279 1.80617344379 96.2178039551 32.7038497925 17104896 0.306535723971 0.0 0.306535723971 -0.195623522114 1.79554836935 -1.79554836935 -0.195623522114 
172.66794798 103.054607364 4.34532403946 29.8910217285 32.1993484497 13762817 0.0529609374203 0.0 0.0529609374203 3.76728666391 2.1655004502 -2.1655004502 3.76728666391 
210.559357009 143.991837693 1.69097507 160.575119019 31.7909030914 12386304 0.349724123421 0.0 0.349724123421 -1.59472193895 0.562368762293 -0.562368762293 -1.59472193895 
227.205284399 55.0887999562 2.30919742584 37.6829528809 31.7568016052 18153728 0.187533073162 0.0 0.187533073162 1.82751141542 1.41159299305 -1.41159299305 1.82751141542 
212.597717903 24.8017300382 1.73548090458 66.6010437012 31.6527080536 14221312 0.332016999904 0.0 0.332016999904 0.689213566887 1.59275818296 -1.59275818296 0.689213566887 
123.558203393 24.8793391193 2.22066164017 103.785552979 31.4837741852 15335680 0.202784715962 0.0 0.202784715962 -0.529158309657 2.15669413766 -2.15669413766 -0.529158309657 
240.029878869 47.145823591 2.27817082405 58.4976196289 31.4753761292 17236224 0.192675914375 0.0 0.192675914375 1.19042168482 1.94241049108 -1.94241049108 1.19042168482 
246.863029196 34.1050663355 1.37294340134 84.143951416 31.4011440277 8388608 0.530511413461 0.0 0.530511413461 0.140080691904 1.36577852635 -1.36577852635 0.140080691904 
150.1991924 31.6741978488 1.94220864773 97.6825561523 31.3872585297 22347776 0.265099087598 0.0 0.265099087598 -0.259643137246 1.92477527847 -1.92477527847 -0.259643137246 
68.6377534793 58.0315457401 1.58650124073 4.01141357422 31.1106147766 8388608 0.397300551441 0.0 0.397300551441 1.58261452634 0.1109839982 -0.1109839982 1.58261452634 
173.534055281 71.4452984009 1.40491831303 86.9219665527 30.7955741882 8388608 0.506638107689 0.0 0.506638107689 0.0754384675671 1.40289147973 -1.40289147973 0.0754384675671 
218.554566584 144.7151511 1.35270106792 165.091766357 30.1867027283 8388608 0.546507761551 0.0 0.546507761551 -1.30716795729 0.348011652981 -0.348011652981 -1.30716795729 
191.353830298 118.838489736 1.733938694 93.4214477539 30.1587047577 14155776 0.332607871821 0.0 0.332607871821 -0.103481538319 1.73084804815 -1.73084804815 -0.103481538319 
45.7160502221 47.8154663008 1.63410699368 79.7192077637 30.0638561249 9895936 0.374488962983 0.0 0.374488962983 0.291642945897 1.60787128182 -1.60787128182 0.291642945897 
134.25624392 25.6630663897 3.39762425423 97.626373291 29.8889636993 12713985 0.0866262079264 0.0 0.0866262079264 -0.450907662419 3.36757076435 -3.36757076435 -0.450907662419 
166.811020831 36.7778059434 2.02800798416 75.3762817383 29.8754653931 8782080 0.243142388737 0.0 0.243142388737 0.512011036285 1.96231013924 -1.96231013924 0.512011036285 
75.3060714328 103.733767504 1.68785667419 277.570007324 29.8173561096 12189696 0.351017581217 0.0 0.351017581217 0.222354017985 -1.67314639028 1.67314639028 0.222354017985 
181.759136458 120.432476396 1.97475373745 84.2070007324 29.7718467712 23592960 0.256433116859 0.0 0.256433116859 0.199321247358 1.96466876697 -1.96466876697 0.199321247358 
205.841766655 89.0552651743 1.35919725895 293.75213623 29.5471134186 8388608 0.541296251923 0.0 0.541296251923 0.547458581453 -1.24406844278 1.24406844278 0.547458581453 
118.913015809 64.5929725669 1.3389236927 228.532913208 29.3797359467 8388608 0.557812634404 0.0 0.557812634404 -0.886621486302 -1.00330403912 1.00330403912 -0.886621486302 
88.0571984655 70.4708530909 1.55521225929 354.17010498 29.3390140533 8388608 0.41344777394 0.0 0.41344777394 1.54716846139 -0.157971274429 0.157971274429 1.54716846139 
197.46458169 49.4453558697 1.27418208122 313.404266357 29.0296287537 8388608 0.615938021062 0.0 0.615938021062 0.875543528115 -0.92572323428 0.92572323428 0.875543528115 
122.646477517 57.0060233267 2.94951462746 229.53678894 29.015586853 19202560 0.114947330924 0.0 0.114947330924 -1.91411602996 -2.24405801204 2.24405801204 -1.91411602996 
59.5775493972 58.1509794192 1.76758038998 29.9498291016 28.75365448 15532032 0.320067553711 0.0 0.320067553711 1.53154282254 0.882449442033 -0.882449442033 1.53154282254 
30.2417692928 128.359970644 3.0168364048 164.022140503 28.6818065643 20775424 0.109874390688 0.0 0.109874390688 -2.90029039484 0.83043212781 -0.83043212781 -2.90029039484 
174.824406046 44.057890594 1.77978241444 338.893493652 28.3367042542 16056320 0.315693890606 0.0 0.315693890606 1.66038152616 -0.640904540736 0.640904540736 1.66038152616 
248.4391975 42.1379833323 1.90938830376 65.7329406738 28.2358436584 21168128 0.274290953498 0.0 0.274290953498 0.784740078882 1.74067420936 -1.74067420936 0.784740078882 
224.689063509 25.4196860775 1.47234940529 220.585067749 28.1397438049 8388608 0.461294449991 0.0 0.461294449991 -1.1181623344 -0.957875652251 0.957875652251 -1.1181623344 
36.2760457524 61.339764982 1.74980247021 104.06427002 28.0981674194 14811136 0.326604338469 0.0 0.326604338469 -0.425219754879 1.69734994765 -1.69734994765 -0.425219754879 
226.582107874 95.059517551 2.00433588028 284.406555176 28.06980896 24641536 0.248919544742 0.0 0.248919544742 0.498680171163 -1.94130894189 1.94130894189 0.498680171163 
97.3920666275 103.593380721 1.25764071941 82.0180053711 28.0135173798 8388608 0.632247061155 0.0 0.632247061155 0.174638379027 1.24545638852 -1.24545638852 0.174638379027 
254.988395208 39.6871210623 2.13601112366 74.6865234375 27.7395019531 12517632 0.219175991534 0.0 0.219175991534 0.564120359589 2.06017274525 -2.06017274525 0.564120359589 
210.770724166 113.317477735 3.37574601173 351.205810547 27.3878955841 12255233 0.0877526971089 0.0 0.0877526971089 3.33606037415 -0.51610300887 0.51610300887 3.33606037415 
235.850055884 22.8288629282 1.31213033199 41.8257141113 27.3562068939 8388608 0.580826001532 0.0 0.580826001532 0.977769065671 0.875016378334 -0.875016378334 0.977769065671 
139.020863253 96.5606237252 1.48008131981 228.962387085 27.1811847687 8388608 0.45648745317 0.0 0.45648745317 -0.971753801035 -1.11639386572 1.11639386572 -0.971753801035 
225.538510622 128.299303415 3.0278096199 359.533416748 26.9504375458 21037568 0.109079432811 0.0 0.109079432811 3.02770922557 -0.0246564346731 0.0246564346731 3.02770922557 
200.613615087 43.2211279674 1.50380301476 309.7371521 26.8674621582 8388608 0.44219934781 0.0 0.44219934781 0.961331013582 -1.15640226112 1.15640226112 0.961331013582 
133.174820178 103.15958884 1.72947371006 223.778823853 26.853521347 13959168 0.334327476838 0.0 0.334327476838 -1.24870767366 -1.19658199031 1.19658199031 -1.24870767366 
222.077850693 134.674881402 4.59192991257 353.334106445 26.7445259094 17760513 0.0474252357619 0.0 0.0474252357619 4.56088811799 -0.5330289834 0.5330289834 4.56088811799 
199.171011614 91.5056214297 1.2546710968 94.0958251953 26.5138053894 8388608 0.635243475274 0.0 0.635243475274 -0.0896145901617 1.25146665412 -1.25146665412 -0.0896145901617 
204.582690665 119.012365096 1.76974260807 24.511138916 26.4218215942 15663104 0.319285933733 0.0 0.319285933733 1.61025452422 0.734213365486 -0.734213365486 1.61025452422 
136.608612579 44.48278632 1.26401484013 76.502746582 26.3467674255 8388608 0.625886601207 0.0 0.625886601207 0.295019485169 1.22910415321 -1.22910415321 0.295019485169 
229.393981397 41.9557752438 1.85228300095 247.800735474 26.1959323883 18939904 0.291464266482 0.0 0.291464266482 -0.699846052271 -1.71498332899 1.71498332899 -0.699846052271 
225.870589612 17.3233951179 1.29052734375 84.0047302246 26.171087265 8388608 0.600434417315 0.0 0.600434417315 0.134790879895 1.28346883237 -1.28346883237 0.134790879895 
87.6711318641 82.8706466095 1.59697628021 300.749908447 26.0177211761 8388608 0.392105621527 0.0 0.392105621527 0.816520737665 -1.37245295895 1.37245295895 0.816520737665 
249.30499778 11.5457617033 1.25035738945 41.592376709 25.5880851746 8388608 0.639634190095 0.0 0.639634190095 0.935125312062 0.830020633535 -0.830020633535 0.935125312062 
200.188528198 35.2711216095 1.46980452538 81.6075134277 25.4176311493 8388608 0.462893241209 0.0 0.462893241209 0.214522820859 1.45406509557 -1.45406509557 0.214522820859 
40.347717646 61.2678701107 2.77496218681 270.311584473 25.3397369385 14746112 0.129863128422 0.0 0.129863128422 0.0150906554588 -2.7749211539 2.7749211539 0.0150906554588 
79.2513207651 69.8515043462 2.18836593628 297.306732178 24.8880386353 14287104 0.208814238133 0.0 0.208814238133 1.00392154502 -1.94450173631 1.94450173631 1.00392154502 
37.4152470708 146.94285701 3.01599431038 100.347442627 24.6410484314 20775424 0.109935755213 0.0 0.109935755213 -0.54172336779 2.96694413042 -2.96694413042 -0.54172336779 
56.3932738744 72.59075592 1.26117253304 99.7986450195 24.0189247131 8388608 0.628710903993 0.0 0.628710903993 -0.214634155058 1.24277445161 -1.24277445161 -0.214634155058 
187.174302713 170.960156557 1.40508103371 69.6795043945 23.8451881409 8388608 0.506520768231 0.0 0.506520768231 0.487944074182 1.31763549275 -1.31763549275 0.487944074182 
238.085402438 136.808691469 1.71127319336 23.3122253418 23.7281417847 13238272 0.341476880547 0.0 0.341476880547 1.57156820723 0.677221760088 -0.677221760088 1.57156820723 
194.76096211 143.862943926 1.60502696037 272.878051758 23.7182559967 8585216 0.388181949075 0.0 0.388181949075 0.0805889780513 -1.60300248289 1.60300248289 0.0805889780513 
263.560073116 47.9979072915 1.31744670868 242.110946655 23.6499462128 8388608 0.576147771417 0.0 0.576147771417 -0.616250134201 -1.16443187963 1.16443187963 -0.616250134201 
222.9250564 35.5176344653 1.25522267818 81.9368896484 23.4646835327 8388608 0.63468530899 0.0 0.63468530899 0.176062277808 1.24281376166 -1.24281376166 0.176062277808 
79.6519771937 57.2154187568 1.37179064751 316.940002441 23.43708992 8388608 0.53140339507 0.0 0.53140339507 1.00228394282 -0.936609031851 0.936609031851 1.00228394282 
236.769214701 152.18241558 2.03609752655 79.6652526855 23.3495864868 9109760 0.241214187062 0.0 0.241214187062 0.36527358375 2.0030647385 -2.0030647385 0.36527358375 
166.632450382 18.3158240439 1.40337312222 50.2221374512 23.2115783691 8388608 0.50775439461 0.0 0.50775439461 0.897896099294 1.07853544913 -1.07853544913 0.897896099294 
209.749827135 49.5975256555 1.37342464924 260.640594482 23.1727581024 8388608 0.530139696273 0.0 0.530139696273 -0.223355831068 -1.35514111437 1.35514111437 -0.223355831068 
160.104757315 80.5493285857 1.31482112408 319.811279297 23.0893268585 8388608 0.578451103909 0.0 0.578451103909 1.00442220169 -0.848463687533 0.848463687533 1.00442220169 
108.746213442 74.291353304 1.44575762749 229.092483521 22.9397068024 8388608 0.47841965722 0.0 0.47841965722 -0.946739876308 -1.09265672745 1.09265672745 -0.946739876308 
115.95413043 17.7709577694 1.15029430389 93.1092529297 22.8206443787 8388608 0.755756796638 0.0 0.755756796638 -0.0623920436194 1.14860098314 -1.14860098314 -0.0623920436194 
181.645462229 50.2299733416 2.05956697464 283.690856934 22.7423915863 9896192 0.235748078417 0.0 0.235748078417 0.487464709671 -2.00104829523 2.00104829523 0.487464709671 
23.2308733911 161.499621835 1.26677680016 80.8269042969 22.6007919312 8388608 0.623160328895 0.0 0.623160328895 0.201946570326 1.25057628482 -1.25057628482 0.201946570326 
214.407443195 32.2919394758 1.404489398 270.127380371 22.5335102081 8388608 0.506947597925 0.0 0.506947597925 0.0031224679175 -1.40448592706 1.40448592706 0.0031224679175 
103.913672052 69.4425998969 3.82932519913 227.409896851 22.4423809052 21364737 0.0681954658893 0.0 0.0681954658893 -2.59149127774 -2.81920280187 2.81920280187 -2.59149127774 
255.477746122 51.6847294659 1.30530261993 237.463378906 22.2986011505 8388608 0.58691820492 0.0 0.58691820492 -0.702042080827 -1.10043257238 1.10043257238 -0.702042080827 
213.626154938 55.6162462749 1.55163419247 105.958099365 22.0733127594 8388608 0.415356792772 0.0 0.415356792772 -0.426597472379 1.49183888667 -1.49183888667 -0.426597472379 
49.5576075797 57.6887358199 2.02080702782 266.172790527 21.9826850891 8519936 0.24487830633 0.0 0.24487830633 -0.134884309607 -2.01630039099 2.01630039099 -0.134884309607 
194.36592526 104.85594596 3.32858610153 254.174316406 21.9641151428 11206657 0.0902568991889 0.0 0.0902568991889 -0.907743863936 -3.20241885343 3.20241885343 -0.907743863936 
219.71733156 55.0479972967 1.30105674267 52.5104064941 21.8144035339 8388608 0.590755161077 0.0 0.590755161077 0.791845673246 1.03234155075 -1.03234155075 0.791845673246 
98.8343300683 69.3238433951 1.67847466469 114.784667969 21.7914714813 11796480 0.354952647187 0.0 0.354952647187 -0.703631939558 1.52386984143 -1.52386984143 -0.703631939558 
164.155264134 24.299946298 2.15703582764 7.8742980957 21.2894573212 13238528 0.214924182106 0.0 0.214924182106 2.13669717747 0.295514354162 -0.295514354162 2.13669717747 
191.115960575 30.1129769763 1.51999592781 39.4613647461 20.9290370941 8388608 0.432827803915 0.0 0.432827803915 1.17351790755 0.966045206618 -0.966045206618 1.17351790755 
236.533683878 16.5771706307 2.14783024788 71.2012939453 20.9161739349 12910848 0.216770456151 0.0 0.216770456151 0.692126089959 2.03325754623 -2.03325754623 0.692126089959 
84.3343797653 168.162068564 1.7272708416 73.025177002 20.8757133484 13893632 0.335180787239 0.0 0.335180787239 0.504279236355 1.65201907132 -1.65201907132 0.504279236355 
251.627851841 17.151340673 1.32938504219 89.7167663574 20.8464984894 8388608 0.565846226667 0.0 0.565846226667 0.00657160156599 1.32936879926 -1.32936879926 0.00657160156599 
23.0261295197 143.953270867 2.09118771553 85.9916992188 20.8130531311 11010304 0.22867251167 0.0 0.22867251167 0.146176104273 2.08607253185 -2.08607253185 0.146176104273 
92.4945850361 78.2960497344 1.30393838882 280.987182617 20.7595481873 8388608 0.588146960723 0.0 0.588146960723 0.248516828869 -1.28003699463 1.28003699463 0.248516828869 
191.278839298 43.1438678377 1.62616419792 41.4996337891 20.6655292511 9502720 0.378156186268 0.0 0.378156186268 1.21793186607 1.07752121474 -1.07752121474 1.21793186607 
191.776624464 171.036013736 1.36254632473 88.4554138184 20.5198917389 8388608 0.538638567859 0.0 0.538638567859 0.0367272308647 1.3620512463 -1.3620512463 0.0367272308647 
46.2873535563 158.30497395 1.33653390408 40.8982543945 20.2798862457 8388608 0.559809210876 0.0 0.559809210876 1.01025044837 0.875052517463 -0.875052517463 1.01025044837 
119.063850715 78.2855162623 1.65043973923 241.00100708 20.1189632416 10616832 0.367113754182 0.0 0.367113754182 -0.800123690763 -1.44352118526 1.44352118526 -0.800123690763 
45.9424682623 76.7881830239 2.72683811188 319.201141357 20.1040019989 13500928 0.134487304548 0.0 0.134487304548 2.06423846154 -1.78173108585 1.78173108585 2.06423846154 
144.211015825 24.7727385767 1.79051840305 338.237579346 20.0096988678 16515072 0.311919425186 0.0 0.311919425186 1.66290672606 -0.663850413948 0.663850413948 1.66290672606 
132.352153853 39.9360530836 3.30047535896 286.587036133 19.9715270996 10616833 0.091800915142 0.0 0.091800915142 0.942191743692 -3.16313330627 3.16313330627 0.942191743692 
221.72083099 103.271609168 1.31425154209 205.661224365 19.8983898163 8388608 0.578952601093 0.0 0.578952601093 -1.18462730566 -0.569135539724 0.569135539724 -1.18462730566 
117.921873985 39.1282597276 3.50146269798 219.339492798 19.8959712982 14876673 0.0815644649996 0.0 0.0815644649996 -2.70804332918 -2.21962662461 2.21962662461 -2.70804332918 
188.547551643 31.8999913576 2.4653570652 34.5924072266 19.7454280853 22937856 0.164528198818 0.0 0.164528198818 2.02951056215 1.39966865259 -1.39966865259 2.02951056215 
208.879228216 32.3638560735 1.45840096474 96.2066345215 19.5265846252 8388608 0.470160472467 0.0 0.470160472467 -0.157674250181 1.4498524769 -1.4498524769 -0.157674250181 
166.724633134 125.244490754 3.0582048893 345.241210938 19.3714962006 21758464 0.106921943292 0.0 0.106921943292 2.9573051442 -0.779078576919 0.779078576919 2.9573051442 
169.583069786 119.605873238 1.33116877079 339.154815674 19.0469856262 8388608 0.564330806696 0.0 0.564330806696 1.24403757544 -0.473688512861 0.473688512861 1.24403757544 
30.0529869364 41.1217352887 3.7297372818 69.4448852539 18.964887619 19464193 0.0718858672564 0.0 0.0718858672564 1.30954147671 3.4922831088 -3.4922831088 1.30954147671 
30.0896287168 168.419014976 1.25019884109 99.5204772949 18.84192276 8388608 0.639796435292 0.0 0.639796435292 -0.206783000905 1.23297929132 -1.23297929132 -0.206783000905 
212.965108333 35.8463077616 2.65277123451 129.913619995 18.800901413 11534848 0.142102068844 0.0 0.142102068844 -1.70210285745 2.03470909108 -2.03470909108 -1.70210285745 
244.724588113 20.8449712031 1.47061645985 23.0997924805 18.5794887543 8388608 0.462382251106 0.0 0.462382251106 1.35270672383 0.576972522122 -0.576972522122 1.35270672383 
217.233391478 55.3490571818 4.05875110626 279.813110352 17.8432426453 8847617 0.0607036995909 0.0 0.0607036995909 0.691753141549 -3.99936721667 3.99936721667 0.691753141549 
256.135141888 122.89202597 2.25819468498 296.348999023 16.960899353 16580864 0.196099839504 0.0 0.196099839504 1.00227193239 -2.0235844951 2.0235844951 1.00227193239 
68.2252374964 48.4354063602 1.99186348915 87.4494628906 16.774438858 24182784 0.252046608415 0.0 0.252046608415 0.088639060093 1.98989026744 -1.98989026744 0.088639060093 
97.3336975643 61.1845704688 1.36128246784 281.775939941 16.7478294373 8388608 0.539639209681 0.0 0.539639209681 0.277817306234 -1.33263179521 1.33263179521 0.277817306234 
151.327360798 77.7259218032 1.34352338314 260.264648438 16.4930725098 8388608 0.553999714746 0.0 0.553999714746 -0.227186482416 -1.3241757373 1.3241757373 -0.227186482416 
121.880446969 16.253908165 1.60268557072 90.2430419922 16.1529464722 8454144 0.389316980325 0.0 0.389316980325 -0.00679838426366 1.60267115172 -1.60267115172 -0.00679838426366 
215.247537655 38.2085275844 1.25815522671 122.76159668 16.1429862976 8388608 0.631730067378 0.0 0.631730067378 -0.680844016085 1.0580198487 -1.0580198487 -0.680844016085 
175.514172042 18.0936905338 1.74405193329 58.4938049316 16.104341507 14614528 0.328761667176 0.0 0.328761667176 0.911425412769 1.48695018846 -1.48695018846 0.911425412769 
48.6888947002 164.513711321 1.27447855473 257.185119629 15.9601011276 8388608 0.61565149123 0.0 0.61565149123 -0.282681570738 -1.24273356598 1.24273356598 -0.282681570738 
147.092894001 99.5008363381 1.47769153118 219.646469116 15.9033851624 8388608 0.457965150827 0.0 0.457965150827 -1.13781658842 -0.942839155132 0.942839155132 -1.13781658842 
66.0824679334 124.312621924 1.30121636391 263.776489258 15.8394069672 8388608 0.590610233162 0.0 0.590610233162 -0.141061334992 -1.29354772833 1.29354772833 -0.141061334992 
242.028608915 116.500795767 1.40401899815 337.975402832 15.376543045 8388608 0.507287348349 0.0 0.507287348349 1.30155783342 -0.526513583306 0.526513583306 1.30155783342 
25.9830711282 82.2859591874 2.73793506622 289.613708496 15.2478370667 13763072 0.133399349526 0.0 0.133399349526 0.919061706834 -2.57907231498 2.57907231498 0.919061706834 
190.972453687 127.718058778 1.22268044949 261.453613281 15.2034950256 8388608 0.668919819819 0.0 0.668919819819 -0.18170262817 -1.20910365001 1.20910365001 -0.18170262817 
35.9054050008 69.3395833922 1.46939337254 265.832580566 14.9889965057 8388608 0.463152322951 0.0 0.463152322951 -0.106782394881 -1.46550824064 1.46550824064 -0.106782394881 
218.532747097 18.140477916 1.95249891281 103.229370117 14.8131628036 22740992 0.262312144846 0.0 0.262312144846 -0.446829184347 1.90068295214 -1.90068295214 -0.446829184347 
244.985122655 53.2481508233 1.29085230827 246.504180908 14.1410179138 8388608 0.600132143658 0.0 0.600132143658 -0.514639772855 -1.18382667058 1.18382667058 -0.514639772855 
185.705031335 30.3074878874 1.48151767254 44.9028320312 14.0078277588 8388608 0.455602739923 0.0 0.455602739923 1.0493662963 1.04581307614 -1.04581307614 1.0493662963 
90.0168012033 93.9639801556 2.21270561218 260.130157471 13.984913826 15073536 0.204245607438 0.0 0.204245607438 -0.379281123574 -2.1799568701 2.1799568701 -0.379281123574 
183.706911846 15.3051253072 1.51267313957 80.6950683594 13.9752922058 8388608 0.437028550254 0.0 0.437028550254 0.244582248002 1.49276908835 -1.49276908835 0.244582248002 
217.06331222 116.039885852 1.29412007332 201.076797485 13.8419017792 8388608 0.597105199065 0.0 0.597105199065 -1.20754246041 -0.465390127165 0.465390127165 -1.20754246041 
133.870309696 78.6712412966 1.70829057693 248.035430908 13.5691957474 13107200 0.342670335214 0.0 0.342670335214 -0.638957330048 -1.58429486701 1.58429486701 -0.638957330048 
201.235553987 127.38148755 1.29587244987 62.1706542969 13.4505615234 8388608 0.595491389505 0.0 0.595491389505 0.604964631965 1.14599441553 -1.14599441553 0.604964631965 
84.8324849067 160.980745433 1.32220935822 275.643890381 13.3847427368 8388608 0.572004633388 0.0 0.572004633388 0.130033005585 -1.31579975848 1.31579975848 0.130033005585 
196.052683843 127.193262877 1.33724439144 106.99105835 13.1201038361 8388608 0.559214507748 0.0 0.559214507748 -0.390772844427 1.27887417149 -1.27887417149 -0.390772844427 
185.337247809 23.0250931022 1.4609862566 265.010986328 13.0059547424 8388608 0.468497997422 0.0 0.468497997422 -0.127054265412 -1.45545115192 1.45545115192 -0.127054265412 
108.597955836 58.1423387806 1.85046064854 193.909927368 12.874174118 18874368 0.292038623089 0.0 0.292038623089 -1.79619560104 -0.444843764254 0.444843764254 -1.79619560104 
45.5300093046 152.106568084 1.35286128521 99.4670410156 12.8663835526 8388608 0.546378325065 0.0 0.546378325065 -0.222518928447 1.33443582967 -1.33443582967 -0.222518928447 
201.253822477 62.8287383172 1.70262253284 279.534301758 12.7705917358 12845056 0.344955637385 0.0 0.344955637385 0.282019066596 -1.67910355113 1.67910355113 0.282019066596 
226.339637225 86.8915462709 1.46405887604 281.823242188 12.2296199799 8388608 0.466533588037 0.0 0.466533588037 0.299975583951 -1.43299792098 1.43299792098 0.299975583951 
143.053354763 164.231290709 1.27295696735 272.926086426 12.1467342377 8388608 0.61712416851 0.0 0.61712416851 0.0649814563476 -1.27129731026 1.27129731026 0.0649814563476 
254.751776705 60.1442736337 1.93410074711 193.691085815 11.7340745926 22085632 0.26732637827 0.0 0.26732637827 -1.8791451233 -0.457776479877 0.457776479877 -1.8791451233 
81.6835688467 95.8448552933 1.95335996151 98.5440368652 11.6861810684 22806528 0.26208093938 0.0 0.26208093938 -0.290209738994 1.93168150755 -1.93168150755 -0.290209738994 
105.757923177 62.9477590601 1.97175145149 79.068359375 11.6665744781 23461888 0.257214626798 0.0 0.257214626798 0.373918379112 1.93597232217 -1.93597232217 0.373918379112 
199.326290325 98.4761508374 1.44740867615 91.5731811523 11.2419643402 8388608 0.47732882001 0.0 0.47732882001 -0.0397367828943 1.44686311166 -1.44686311166 -0.0397367828943 
17.3925331363 161.616531188 1.38016533852 312.02053833 10.9685020447 8388608 0.524973966614 0.0 0.524973966614 0.923878471079 -1.02533162066 1.02533162066 0.923878471079 
256.015350111 139.665038066 1.70410871506 231.390655518 10.3022947311 12910592 0.34435421639 0.0 0.34435421639 -1.06337584899 -1.33162243768 1.33162243768 -1.06337584899 
146.310339658 77.2608304404 1.39842581749 261.696655273 10.3021659851 8388608 0.511353383054 0.0 0.511353383054 -0.201952218179 -1.3837666236 1.3837666236 -0.201952218179 
212.167197245 126.792749786 1.34811472893 267.058197021 10.2536029816 8388608 0.550232568289 0.0 0.550232568289 -0.0691873938204 -1.34633815473 1.34633815473 -0.0691873938204 
198.90400763 168.141545655 1.6645014286 98.3327941895 9.93690013885 11206656 0.360937208799 0.0 0.360937208799 -0.241223789544 1.64692929089 -1.64692929089 -0.241223789544 
207.098654357 66.7012341882 1.26145839691 236.772033691 9.84154510498 8388608 0.62842598715 0.0 0.62842598715 -0.691243358927 -1.0552060964 1.0552060964 -0.691243358927 
99.3849765054 48.5142944894 3.43962550163 101.653198242 9.69339370728 13565953 0.0845235403571 0.0 0.0845235403571 -0.694760856443 3.36872838677 -3.36872838677 -0.694760856443 
136.597617129 15.0662808317 2.18781161308 75.5723266602 9.54829597473 14287104 0.208920065562 0.0 0.208920065562 0.545110054827 2.11881445211 -2.11881445211 0.545110054827 
31.8329602139 93.6823425442 1.55481374264 99.5421447754 9.52898979187 8388608 0.413659743947 0.0 0.413659743947 -0.257746198272 1.53330123315 -1.53330123315 -0.257746198272 
58.1822136412 32.5896589781 3.98400115967 91.8134155273 7.94298171997 24182785 0.0630029794024 0.0 0.0630029794024 -0.126072871299 3.9820058854 -3.9820058854 -0.126072871299 
82.0811569539 48.4761247432 2.12192392349 103.951293945 7.9324131012 12058880 0.222095818258 0.0 0.222095818258 -0.511589446152 2.05932935095 -2.05932935095 -0.511589446152 
234.939621848 65.0470671552 1.95309448242 267.125457764 7.86334562302 22806528 0.262152192192 0.0 0.262152192192 -0.0979460912842 -1.95063697814 1.95063697814 -0.0979460912842 
19.6165628218 39.5164435656 1.38217628002 86.9870605469 7.05924415588 8388608 0.523447498556 0.0 0.523447498556 0.0726492329256 1.38026568385 -1.38026568385 0.0726492329256 
23.0755813215 103.270383813 1.24279034138 292.523071289 6.97829246521 8388608 0.647447057204 0.0 0.647447057204 0.476057576016 -1.14799695859 1.14799695859 0.476057576016 
226.067835544 74.379766657 1.99437785149 81.9624633789 6.6153383255 24313856 0.251411486024 0.0 0.251411486024 0.278857566731 1.97478643705 -1.97478643705 0.278857566731 
219.811989044 63.4701353723 1.30870127678 325.346374512 6.60355949402 8388608 0.583873746296 0.0 0.583873746296 1.07654361133 -0.744145741609 0.744145741609 1.07654361133 
91.3171469063 49.3705696818 1.55377113819 99.7118835449 6.26138305664 8388608 0.414215074364 0.0 0.414215074364 -0.262111585172 1.53150327025 -1.53150327025 -0.262111585172 
237.465846185 80.3462118811 1.81143987179 88.5547180176 6.25358963013 17301504 0.304755922573 0.0 0.304755922573 0.0456885969265 1.81086359542 -1.81086359542 0.0456885969265 
22.9408936472 33.1233972969 1.73946225643 54.2263183594 6.06984138489 14417920 0.330498871286 0.0 0.330498871286 1.01686364335 1.41128213776 -1.41128213776 1.01686364335 
259.926744003 69.5976955327 1.55077373981 120.984329224 6.05511236191 8388608 0.415817845208 0.0 0.415817845208 -0.798343926834 1.32949094265 -1.32949094265 -0.798343926834 
26.3285413942 24.1794533163 3.0717394352 79.461151123 5.92105674744 22086144 0.105981790768 0.0 0.105981790768 0.561827809933 3.01992262645 -3.01992262645 0.561827809933 
19.1806448597 25.3059844807 1.48921573162 79.0340576172 5.83149147034 8388608 0.45090470743 0.0 0.45090470743 0.283286755436 1.46202329308 -1.46202329308 0.283286755436 
165.128300197 163.173513967 1.46468114853 253.141418457 5.52771568298 8388608 0.466137256933 0.0 0.466137256933 -0.424772836381 -1.40173424883 1.40173424883 -0.424772836381 
256.129264553 102.785973051 1.77916407585 248.511810303 5.41553401947 16056320 0.315913364051 0.0 0.315913364051 -0.651724584204 -1.65549988678 1.65549988678 -0.651724584204 
15.3495721074 32.9315110061 1.3509953022 39.6551208496 5.27020072937 8388608 0.547888673405 0.0 0.547888673405 1.04013082211 0.86215786226 -0.86215786226 1.04013082211 
130.936423309 11.4775457182 1.36378288269 80.8494567871 5.1887550354 8388608 0.537662230854 0.0 0.537662230854 0.216881093826 1.34642725101 -1.34642725101 0.216881093826 
218.610738731 73.6886637431 1.77169954777 86.6851501465 5.16087341309 15728640 0.318580985489 0.0 0.318580985489 0.102444582714 1.76873525295 -1.76873525295 0.102444582714 
65.2922835472 40.9599085955 1.26618766785 114.333572388 4.79095649719 8388608 0.623740352379 0.0 0.623740352379 -0.521730505771 1.15370208007 -1.15370208007 -0.521730505771 
253.695775296 128.157258836 1.35809493065 255.781738281 4.71401309967 8388608 0.542175319094 0.0 0.542175319094 -0.333570336031 -1.31649256419 1.31649256419 -0.333570336031 
251.988268283 93.5488155339 1.50397384167 170.533508301 4.53070640564 8388608 0.44209890024 0.0 0.44209890024 -1.48349266225 0.247359732922 -0.247359732922 -1.48349266225 
241.950819634 92.6933164647 2.00675630569 311.902435303 4.46724081039 24707072 0.248319444125 0.0 0.248319444125 1.34024067689 -1.49359492449 1.49359492449 1.34024067689 
100.752042474 27.8000973736 1.39572072029 129.988174438 4.03554725647 8388608 0.513337449147 0.0 0.513337449147 -0.896931292243 1.06936924682 -1.06936924682 -0.896931292243 
71.3233174201 32.5829475007 2.3175740242 105.764038086 3.98254394531 18415872 0.186179890637 0.0 0.186179890637 -0.62962982848 2.23040705629 -2.23040705629 -0.62962982848 
35.9841383062 19.6799760271 1.83919298649 73.5542602539 3.51029968262 18415616 0.295627884579 0.0 0.295627884579 0.520688769188 1.76394842532 -1.76394842532 0.520688769188 
92.9202537743 28.4317088806 1.3837916851 126.700149536 3.2448425293 8388608 0.522226091889 0.0 0.522226091889 -0.826991604848 1.10948831146 -1.10948831146 -0.826991604848 
47.2297884678 26.7463764902 1.43000614643 92.5461120605 3.0769443512 8388608 0.489017264242 0.0 0.489017264242 -0.0635257556879 1.42859443412 -1.42859443412 -0.0635257556879 
236.817441187 73.2949950777 1.51679730415 73.7622070312 2.53825998306 8388608 0.434655224121 0.0 0.434655224121 0.424133636641 1.45629142693 -1.45629142693 0.424133636641 
54.0969597248 18.9007687088 1.35724627972 90.1580505371 2.37627410889 8388608 0.542853547425 0.0 0.542853547425 -0.00374396217786 1.35724111585 -1.35724111585 -0.00374396217786 
15.6270382714 18.4651589858 1.45483863354 68.3775634766 1.73031997681 8388608 0.472465769878 0.0 0.472465769878 0.536091475662 1.35246492722 -1.35246492722 0.536091475662 
