13
164
159.524293905 58.2114844968 2.31745553017 134.745576954 107.428291321 18415872 0.186198930286 0.0 0.186198930286 -1.6313957595 1.64594896949 -1.64594896949 -1.6313957595 
158.203070549 61.814197275 1.28820371628 130.904279584 94.4549102783 8388608 0.602602466031 0.0 0.602602466031 -0.843512274978 0.973630246344 -0.973630246344 -0.843512274978 
158.314228922 58.4450659236 1.40380060673 133.653578237 85.0793228149 8388608 0.507445199572 0.0 0.507445199572 -0.969038543432 1.01568717861 -1.01568717861 -0.969038543432 
147.404059988 57.1747722703 2.51791477203 130.36670604 83.7640304565 24445184 0.157731323889 0.0 0.157731323889 -1.63079616556 1.91843651593 -1.91843651593 -1.63079616556 
113.649063532 104.871725731 2.58202362061 132.243211055 81.5974197388 9568768 0.149995965618 0.0 0.149995965618 -1.7358405021 1.91146638177 -1.91146638177 -1.7358405021 
166.412461619 68.6533399678 1.29363942146 139.949776337 77.1666412354 8388608 0.597548990487 0.0 0.597548990487 -0.990256012031 0.832403738217 -0.832403738217 -0.990256012031 
110.785284172 126.511039599 6.21475696564 143.512658168 72.7034988403 22938113 0.02589117144 0.0 0.02589117144 -4.99659159711 3.69557526694 -3.69557526694 -4.99659159711 
130.13130466 69.0930835947 1.90661287308 135.409641072 69.0790100098 21037056 0.27509009802 0.0 0.27509009802 -1.35778327273 1.33850559658 -1.33850559658 -1.35778327273 
179.193636948 86.569190941 1.3067690134 130.073026328 61.2379150391 8388608 0.585601721099 0.0 0.585601721099 -0.841250127336 0.999971738426 -0.999971738426 -0.841250127336 
172.665937737 60.8169845534 2.25452017784 138.824784492 59.3714256287 16449792 0.19673958314 0.0 0.19673958314 -1.6969768158 1.48429475473 -1.48429475473 -1.6969768158 
135.896213105 56.7167076517 2.36750769615 132.380682518 58.9173278809 19988736 0.178409181626 0.0 0.178409181626 -1.5958265561 1.74883684035 -1.74883684035 -1.5958265561 
146.114878419 64.0191419985 1.51423311234 136.650555265 58.4356651306 8388608 0.436128554796 0.0 0.436128554796 -1.10112100937 1.03943948415 -1.03943948415 -1.10112100937 
45.0294310159 101.169024787 1.91193366051 135.280669173 55.9404716492 21233664 0.2735611127 0.0 0.2735611127 -1.35854763031 1.34530244122 -1.34530244122 -1.35854763031 
116.517691403 119.582313685 3.30371809006 141.645311143 55.8315048218 10682369 0.0916207910644 0.0 0.0916207910644 -2.59072429941 2.05004898063 -2.05004898063 -2.59072429941 
122.095273206 133.539430639 2.9393017292 137.661401314 55.0675888062 18940416 0.115747510694 0.0 0.115747510694 -2.17266580988 1.97965096263 -1.97965096263 -2.17266580988 
124.423128103 133.788185279 2.13430666924 138.208728504 55.0047912598 12517632 0.219526198617 0.0 0.219526198617 -1.59129109758 1.42234229394 -1.42234229394 -1.59129109758 
47.7240211609 112.842348149 2.10385227203 137.696449805 53.8612251282 11469056 0.225927718842 0.0 0.225927718842 -1.55598682266 1.41601532134 -1.41601532134 -1.55598682266 
78.6419670562 115.125501133 2.29493546486 149.683137642 52.2229423523 17760512 0.18987117816 0.0 0.18987117816 -1.98109622154 1.15844143092 -1.15844143092 -1.98109622154 
143.674423371 70.3813175967 1.29384171963 139.346408282 51.7077789307 8388608 0.597362145973 0.0 0.597362145973 -0.981588899089 0.842917332028 -0.842917332028 -0.981588899089 
153.727832815 131.495877445 1.54027092457 136.526663909 51.3293533325 8388608 0.421507945159 0.0 0.421507945159 -1.117766345 1.05973247523 -1.05973247523 -1.117766345 
191.920882033 63.06526672 2.62778353691 150.094643688 50.6416854858 10813952 0.144817426362 0.0 0.144817426362 -2.27789453705 1.31013083123 -1.31013083123 -2.27789453705 
60.288085472 113.770849988 2.66101408005 144.720943137 50.5641365051 11731456 0.141223072191 0.0 0.141223072191 -2.17231553912 1.5368933381 -1.5368933381 -2.17231553912 
125.522989461 96.7978836945 1.66689753532 131.41891637 48.9190788269 11337728 0.359900285459 0.0 0.359900285459 -1.10275186776 1.24999428456 -1.24999428456 -1.10275186776 
80.5360047767 131.760455923 3.70086741447 144.588481306 46.5356140137 18874369 0.0730117817488 0.0 0.0730117817488 -3.01624884059 2.14444924192 -2.14444924192 -3.01624884059 
42.7407798301 59.0599141533 1.24118423462 146.59345331 45.3706588745 8388608 0.649123749296 0.0 0.649123749296 -1.03612193062 0.683366409148 -0.683366409148 -1.03612193062 
159.073328079 154.245651887 1.98624026775 139.569180254 44.171257019 23986176 0.253475760945 0.0 0.253475760945 -1.51190537486 1.28813529519 -1.28813529519 -1.51190537486 
36.7253049804 101.81241046 1.6309401989 138.966546967 44.0661277771 9764864 0.375944664488 0.0 0.375944664488 -1.23026125101 1.07071153288 -1.07071153288 -1.23026125101 
40.1725812051 110.514048062 1.70072340965 139.985125774 43.5939216614 12779520 0.34572646116 0.0 0.34572646116 -1.30254587299 1.09354211849 -1.09354211849 -1.30254587299 
190.042807082 154.364412752 2.94398188591 142.552485775 43.492729187 19005952 0.115379787035 0.0 0.115379787035 -2.33725861089 1.79004232642 -1.79004232642 -2.33725861089 
147.020568864 108.638689146 3.46617984772 134.960279539 42.1794433594 14155777 0.08323343423 0.0 0.08323343423 -2.44925955186 2.45265782048 -2.45265782048 -2.44925955186 
146.709309746 43.8240638537 2.43055438995 126.095585026 41.8795509338 21889280 0.169273631742 0.0 0.169273631742 -1.43192246153 1.96397370316 -1.96397370316 -1.43192246153 
160.251118261 141.052457415 2.62439990044 135.715347581 41.5369911194 10748416 0.14519109305 0.0 0.14519109305 -1.87875484858 1.83241781708 -1.83241781708 -1.87875484858 
229.267417735 111.410530829 2.51435732841 133.432729365 41.1394042969 24314112 0.15817797261 0.0 0.15817797261 -1.7286268076 1.82588119411 -1.82588119411 -1.7286268076 
145.101705169 85.2192160861 3.62875723839 137.88921221 41.0613288879 17432577 0.0759423740736 0.0 0.0759423740736 -2.69199209944 2.43332234438 -2.43332234438 -2.69199209944 
144.809674735 47.3370510095 1.57220602036 130.058946475 40.7118377686 8388608 0.404558276157 0.0 0.404558276157 -1.01183309266 1.20333933828 -1.20333933828 -1.01183309266 
210.169921468 99.5497452343 2.42483735085 137.699951426 40.1479225159 21692672 0.170072765587 0.0 0.170072765587 -1.79348372143 1.63194740081 -1.63194740081 -1.79348372143 
170.269691189 136.084956748 4.62738418579 137.319109313 39.9803924561 18350337 0.0467012907482 0.0 0.0467012907482 -3.40177860858 3.13697094362 -3.13697094362 -3.40177860858 
158.780944809 47.8515560652 1.76637911797 130.199657829 39.4803466797 15532032 0.320503042254 0.0 0.320503042254 -1.14011492395 1.34916016416 -1.34916016416 -1.14011492395 
44.9854356538 65.5153542074 1.36513292789 151.410829179 39.390537262 8388608 0.536599316937 0.0 0.536599316937 -1.19868695898 0.65325147164 -0.65325147164 -1.19868695898 
87.7007028721 130.893460828 2.28809762001 146.452278012 39.0860061646 17498368 0.191007711503 0.0 0.191007711503 -1.90695963828 1.26447445868 -1.26447445868 -1.90695963828 
159.642369321 75.9912571907 1.94126856327 141.996732825 38.5482673645 22347776 0.265355905103 0.0 0.265355905103 -1.5296723492 1.19525149606 -1.19525149606 -1.5296723492 
46.4595927254 90.4125572819 2.34356164932 132.078854694 36.8527145386 19267840 0.182073707231 0.0 0.182073707231 -1.57054426828 1.73944586164 -1.73944586164 -1.57054426828 
140.546910291 132.981534309 4.59381389618 142.498258371 36.7446517944 17826049 0.0473863443102 0.0 0.0473863443102 -3.64443259076 2.79664749372 -2.79664749372 -3.64443259076 
43.5808846226 132.046964979 2.3915643692 130.845832849 36.2860183716 20709632 0.174838008545 0.0 0.174838008545 -1.56414513712 1.80915176866 -1.80915176866 -1.56414513712 
103.965342308 96.9312945002 1.73819077015 125.885213277 36.2267494202 14352384 0.330982567881 0.0 0.330982567881 -1.0188636102 1.40826989502 -1.40826989502 -1.0188636102 
170.56987113 51.1282250849 1.70049536228 144.913565184 36.1139030457 12779520 0.345819195664 0.0 0.345819195664 -1.39149126078 0.977464346319 -0.977464346319 -1.39149126078 
158.580761158 144.744982143 1.25068485737 134.533700137 35.0943336487 8388608 0.639299281978 0.0 0.639299281978 -0.877141136979 0.891535775092 -0.891535775092 -0.877141136979 
177.020432751 99.665733687 2.15345931053 132.317817302 34.9060020447 13107456 0.215638677459 0.0 0.215638677459 -1.44980029643 1.5923146996 -1.5923146996 -1.44980029643 
164.118745119 102.764992245 2.71799039841 144.222489891 34.829460144 13238784 0.1353643068 0.0 0.1353643068 -2.20508757809 1.58904391972 -1.58904391972 -2.20508757809 
109.174436595 95.1738315798 1.35521483421 123.81624962 34.8250846863 8388608 0.544482224876 0.0 0.544482224876 -0.754219430235 1.12594862135 -1.12594862135 -0.754219430235 
129.749886423 108.797852709 1.9882158041 133.732147693 33.3950614929 24051712 0.252972292661 0.0 0.252972292661 -1.3744296213 1.4366437623 -1.4366437623 -1.3744296213 
60.084651872 66.6878232989 1.58238375187 152.920456734 32.975227356 8388608 0.399370857002 0.0 0.399370857002 -1.40891555719 0.72034386989 -0.72034386989 -1.40891555719 
202.89465782 75.3434126239 1.82283294201 150.25544776 32.8659820557 17760256 0.300958257007 0.0 0.300958257007 -1.58266739506 0.904369311216 -0.904369311216 -1.58266739506 
32.1118227878 115.641902279 1.80617344379 129.674433879 32.7038497925 17104896 0.306535723971 0.0 0.306535723971 -1.15310526552 1.39018371293 -1.39018371293 -1.15310526552 
172.66794798 103.054607364 4.34532403946 140.146818049 32.1993484497 13762817 0.0529609374203 0.0 0.0529609374203 -3.33585765252 2.78458160771 -2.78458160771 -3.33585765252 
210.559357009 143.991837693 1.69097507 139.560375997 31.7909030914 12386304 0.349724123421 0.0 0.349724123421 -1.28698405644 1.09684489598 -1.09684489598 -1.28698405644 
227.205284399 55.0887999562 2.30919742584 122.956196729 31.7568016052 18153728 0.187533073162 0.0 0.187533073162 -1.25619809493 1.93761686043 -1.93761686043 -1.25619809493 
246.863029196 34.1050663355 1.37294340134 128.744997541 31.4011440277 8388608 0.530511413461 0.0 0.530511413461 -0.859264012194 1.07081228076 -1.07081228076 -0.859264012194 
68.6377534793 58.0315457401 1.58650124073 143.933196992 31.1106147766 8388608 0.397300551441 0.0 0.397300551441 -1.2824183355 0.9340178797 -0.9340178797 -1.2824183355 
173.534055281 71.4452984009 1.40491831303 142.057078726 30.7955741882 8388608 0.506638107689 0.0 0.506638107689 -1.10795186648 0.863850755532 -0.863850755532 -1.10795186648 
218.554566584 144.7151511 1.35270106792 132.27235333 30.1867027283 8388608 0.546507761551 0.0 0.546507761551 -0.909901873216 1.00093893934 -1.00093893934 -0.909901873216 
191.353830298 118.838489736 1.733938694 132.671705911 30.1587047577 14155776 0.332607871821 0.0 0.332607871821 -1.17525786928 1.27487738047 -1.27487738047 -1.17525786928 
45.7160502221 47.8154663008 1.63410699368 137.479663448 30.0638561249 9895936 0.374488962983 0.0 0.374488962983 -1.20439812767 1.1044142415 -1.1044142415 -1.20439812767 
166.811020831 36.7778059434 2.02800798416 131.376201068 29.8754653931 8782080 0.243142388737 0.0 0.243142388737 -1.34051375381 1.52178817832 -1.52178817832 -1.34051375381 
75.3060714328 103.733767504 1.68785667419 142.435045533 29.8173561096 12189696 0.351017581217 0.0 0.351017581217 -1.33790102264 1.0290194392 -1.0290194392 -1.33790102264 
181.759136458 120.432476396 1.97475373745 133.679407212 29.7718467712 23592960 0.256433116859 0.0 0.256433116859 -1.36380940929 1.42817233508 -1.42817233508 -1.36380940929 
205.841766655 89.0552651743 1.35919725895 148.631759602 29.5471134186 8388608 0.541296251923 0.0 0.541296251923 -1.16053626283 0.707511675795 -0.707511675795 -1.16053626283 
118.913015809 64.5929725669 1.3389236927 128.215738254 29.3797359467 8388608 0.557812634404 0.0 0.557812634404 -0.828290644605 1.05197493456 -1.05197493456 -0.828290644605 
88.0571984655 70.4708530909 1.55521225929 145.921355148 29.3390140533 8388608 0.41344777394 0.0 0.41344777394 -1.28813447161 0.871432587477 -0.871432587477 -1.28813447161 
197.46458169 49.4453558697 1.27418208122 135.563064946 29.0296287537 8388608 0.615938021062 0.0 0.615938021062 -0.909793402715 0.892085164368 -0.892085164368 -0.909793402715 
122.646477517 57.0060233267 2.94951462746 125.289336282 29.015586853 19202560 0.114947330924 0.0 0.114947330924 -1.70395146353 2.40752693598 -2.40752693598 -1.70395146353 
59.5775493972 58.1509794192 1.76758038998 149.407275428 28.75365448 15532032 0.320067553711 0.0 0.320067553711 -1.52154496865 0.899578425374 -0.899578425374 -1.52154496865 
174.824406046 44.057890594 1.77978241444 129.76110089 28.3367042542 16056320 0.315693890606 0.0 0.315693890606 -1.13832738739 1.36815065028 -1.36815065028 -1.13832738739 
36.2760457524 61.339764982 1.74980247021 143.895900565 28.0981674194 14811136 0.326604338469 0.0 0.326604338469 -1.41374892611 1.03107839599 -1.03107839599 -1.41374892611 
226.582107874 95.059517551 2.00433588028 137.956319832 28.06980896 24641536 0.248919544742 0.0 0.248919544742 -1.48848895287 1.34229764142 -1.34229764142 -1.48848895287 
97.3920666275 103.593380721 1.25764071941 137.065233098 28.0135173798 8388608 0.632247061155 0.0 0.632247061155 -0.920756128436 0.85666115301 -0.85666115301 -0.920756128436 
210.770724166 113.317477735 3.37574601173 133.204030269 27.3878955841 12255233 0.0877526971089 0.0 0.0877526971089 -2.31103025414 2.46065038154 -2.46065038154 -2.31103025414 
235.850055884 22.8288629282 1.31213033199 128.671048883 27.3562068939 8388608 0.580826001532 0.0 0.580826001532 -0.819882316852 1.02444082047 -1.02444082047 -0.819882316852 
139.020863253 96.5606237252 1.48008131981 132.899069204 27.1811847687 8388608 0.45648745317 0.0 0.45648745317 -1.00750462832 1.08423942796 -1.08423942796 -1.00750462832 
200.613615087 43.2211279674 1.50380301476 137.652933684 26.8674621582 8388608 0.44219934781 0.0 0.44219934781 -1.11142771126 1.01299158429 -1.01299158429 -1.11142771126 
133.174820178 103.15958884 1.72947371006 128.392807413 26.853521347 13959168 0.334327476838 0.0 0.334327476838 -1.07408860121 1.35551207687 -1.35551207687 -1.07408860121 
199.171011614 91.5056214297 1.2546710968 150.323838682 26.5138053894 8388608 0.635243475274 0.0 0.635243475274 -1.09010540134 0.621184171662 -0.621184171662 -1.09010540134 
204.582690665 119.012365096 1.76974260807 136.187220275 26.4218215942 15663104 0.319285933733 0.0 0.319285933733 -1.27705658146 1.22520014143 -1.22520014143 -1.27705658146 
136.608612579 44.48278632 1.26401484013 125.498125217 26.3467674255 8388608 0.625886601207 0.0 0.625886601207 -0.733983481519 1.0290781141 -1.0290781141 -0.733983481519 
229.393981397 41.9557752438 1.85228300095 124.597508141 26.1959323883 18939904 0.291464266482 0.0 0.291464266482 -1.05174100501 1.52472724576 -1.52472724576 -1.05174100501 
87.6711318641 82.8706466095 1.59697628021 146.156971018 26.0177211761 8388608 0.392105621527 0.0 0.392105621527 -1.32639493322 0.889387272616 -0.889387272616 -1.32639493322 
200.188528198 35.2711216095 1.46980452538 134.367015146 25.4176311493 8388608 0.462893241209 0.0 0.462893241209 -1.02776361691 1.05072702952 -1.05072702952 -1.02776361691 
79.2513207651 69.8515043462 2.18836593628 156.246843466 24.8880386353 14287104 0.208814238133 0.0 0.208814238133 -2.00298790331 0.881467486789 -0.881467486789 -2.00298790331 
56.3932738744 72.59075592 1.26117253304 151.718318263 24.0189247131 8388608 0.628710903993 0.0 0.628710903993 -1.1106249567 0.59755197568 -0.59755197568 -1.1106249567 
187.174302713 170.960156557 1.40508103371 143.398231031 23.8451881409 8388608 0.506520768231 0.0 0.506520768231 -1.12799774258 0.837779090219 -0.837779090219 -1.12799774258 
238.085402438 136.808691469 1.71127319336 135.901468464 23.7281417847 13238272 0.341476880547 0.0 0.341476880547 -1.22894080453 1.19086541694 -1.19086541694 -1.22894080453 
194.76096211 143.862943926 1.60502696037 139.486874949 23.7182559967 8585216 0.388181949075 0.0 0.388181949075 -1.22023325966 1.04266117965 -1.04266117965 -1.22023325966 
222.9250564 35.5176344653 1.25522267818 132.143056223 23.4646835327 8388608 0.63468530899 0.0 0.63468530899 -0.842234338905 0.930712248871 -0.930712248871 -0.842234338905 
79.6519771937 57.2154187568 1.37179064751 149.842338426 23.43708992 8388608 0.53140339507 0.0 0.53140339507 -1.18611366658 0.689161773855 -0.689161773855 -1.18611366658 
236.769214701 152.18241558 2.03609752655 138.34395664 23.3495864868 9109760 0.241214187062 0.0 0.241214187062 -1.52126684493 1.35330718025 -1.35330718025 -1.52126684493 
209.749827135 49.5975256555 1.37342464924 131.849379716 23.1727581024 8388608 0.530139696273 0.0 0.530139696273 -0.916314181959 1.02306577847 -1.02306577847 -0.916314181959 
160.104757315 80.5493285857 1.31482112408 146.120919281 23.0893268585 8388608 0.578451103909 0.0 0.578451103909 -1.09158536115 0.732936550899 -0.732936550899 -1.09158536115 
108.746213442 74.291353304 1.44575762749 131.552580614 22.9397068024 8388608 0.47841965722 0.0 0.47841965722 -0.958981283844 1.08192883993 -1.08192883993 -0.958981283844 
181.645462229 50.2299733416 2.05956697464 139.88959845 22.7423915863 9896192 0.235748078417 0.0 0.235748078417 -1.57516599402 1.32690173499 -1.32690173499 -1.57516599402 
23.2308733911 161.499621835 1.26677680016 144.023922456 22.6007919312 8388608 0.623160328895 0.0 0.623160328895 -1.0251547566 0.744164757585 -0.744164757585 -1.0251547566 
214.407443195 32.2919394758 1.404489398 131.31320697 22.5335102081 8388608 0.506947597925 0.0 0.506947597925 -0.927208536437 1.05492881232 -1.05492881232 -0.927208536437 
103.913672052 69.4425998969 3.82932519913 128.764276157 22.4423809052 21364737 0.0681954658893 0.0 0.0681954658893 -2.39760856732 2.98583399381 -2.98583399381 -2.39760856732 
213.626154938 55.6162462749 1.55163419247 132.851657457 22.0733127594 8388608 0.415356792772 0.0 0.415356792772 -1.05527037642 1.13752938419 -1.13752938419 -1.05527037642 
49.5576075797 57.6887358199 2.02080702782 150.876628032 21.9826850891 8519936 0.24487830633 0.0 0.24487830633 -1.76532400461 0.983510143527 -0.983510143527 -1.76532400461 
194.36592526 104.85594596 3.32858610153 140.859976451 21.9641151428 11206657 0.0902568991889 0.0 0.0902568991889 -2.58167023269 2.1010626466 -2.1010626466 -2.58167023269 
219.71733156 55.0479972967 1.30105674267 129.760012269 21.8144035339 8388608 0.590755161077 0.0 0.590755161077 -0.832121213025 1.0001614542 -1.0001614542 -0.832121213025 
98.8343300683 69.3238433951 1.67847466469 145.5610593 21.7914714813 11796480 0.354952647187 0.0 0.354952647187 -1.38428728838 0.949223842538 -0.949223842538 -1.38428728838 
191.115960575 30.1129769763 1.51999592781 133.652291027 20.9290370941 8388608 0.432827803915 0.0 0.432827803915 -1.04922305097 1.09978116454 -1.09978116454 -1.04922305097 
84.3343797653 168.162068564 1.7272708416 140.789887627 20.8757133484 13893632 0.335180787239 0.0 0.335180787239 -1.33834632214 1.0919220129 -1.0919220129 -1.33834632214 
92.4945850361 78.2960497344 1.30393838882 145.222546499 20.7595481873 8388608 0.588146960723 0.0 0.588146960723 -1.07102073474 0.743753929472 -0.743753929472 -1.07102073474 
191.278839298 43.1438678377 1.62616419792 135.783229555 20.6655292511 9502720 0.378156186268 0.0 0.378156186268 -1.16548247849 1.13404611499 -1.13404611499 -1.16548247849 
191.776624464 171.036013736 1.36254632473 143.632565919 20.5198917389 8388608 0.538638567859 0.0 0.538638567859 -1.09716447998 0.807937244413 -0.807937244413 -1.09716447998 
46.2873535563 158.30497395 1.33653390408 137.806679676 20.2798862457 8388608 0.559809210876 0.0 0.559809210876 -0.990215117489 0.897661906199 -0.897661906199 -0.990215117489 
119.063850715 78.2855162623 1.65043973923 133.464024903 20.1189632416 10616832 0.367113754182 0.0 0.367113754182 -1.13533582827 1.19789978289 -1.19789978289 -1.13533582827 
221.72083099 103.271609168 1.31425154209 129.568062783 19.8983898163 8388608 0.578952601093 0.0 0.578952601093 -0.837170871545 1.01311502196 -1.01311502196 -0.837170871545 
208.879228216 32.3638560735 1.45840096474 128.344563892 19.5265846252 8388608 0.470160472467 0.0 0.470160472467 -0.904776255691 1.14381523905 -1.14381523905 -0.904776255691 
166.724633134 125.244490754 3.0582048893 133.181897766 19.3714962006 21758464 0.106921943292 0.0 0.106921943292 -2.09278085759 2.22999673251 -2.22999673251 -2.09278085759 
169.583069786 119.605873238 1.33116877079 134.416291833 19.0469856262 8388608 0.564330806696 0.0 0.564330806696 -0.931640388273 0.950818848817 -0.950818848817 -0.931640388273 
30.0896287168 168.419014976 1.25019884109 143.342761337 18.84192276 8388608 0.639796435292 0.0 0.639796435292 -1.0029363198 0.746401956527 -0.746401956527 -1.0029363198 
68.2252374964 48.4354063602 1.99186348915 140.681269317 16.774438858 24182784 0.252046608415 0.0 0.252046608415 -1.54097154284 1.26211206458 -1.26211206458 -1.54097154284 
97.3336975643 61.1845704688 1.36128246784 134.44188116 16.7478294373 8388608 0.539639209681 0.0 0.539639209681 -0.953150119402 0.971902673696 -0.971902673696 -0.953150119402 
151.327360798 77.7259218032 1.34352338314 131.850713607 16.4930725098 8388608 0.553999714746 0.0 0.553999714746 -0.896388112633 1.00077141874 -1.00077141874 -0.896388112633 
215.247537655 38.2085275844 1.25815522671 128.186038856 16.1429862976 8388608 0.631730067378 0.0 0.631730067378 -0.777812809979 0.988919514988 -0.988919514988 -0.777812809979 
48.6888947002 164.513711321 1.27447855473 142.685209297 15.9601011276 8388608 0.61565149123 0.0 0.61565149123 -1.01361448694 0.772580907293 -0.772580907293 -1.01361448694 
147.092894001 99.5008363381 1.47769153118 125.562485064 15.9033851624 8388608 0.457965150827 0.0 0.457965150827 -0.859411297733 1.20207507363 -1.20207507363 -0.859411297733 
66.0824679334 124.312621924 1.30121636391 136.996781135 15.8394069672 8388608 0.590610233162 0.0 0.590610233162 -0.951599547359 0.887480888339 -0.887480888339 -0.951599547359 
242.028608915 116.500795767 1.40401899815 134.69296997 15.376543045 8388608 0.507287348349 0.0 0.507287348349 -0.987457069676 0.998097130895 -0.998097130895 -0.987457069676 
190.972453687 127.718058778 1.22268044949 137.325255584 15.2034950256 8388608 0.668919819819 0.0 0.668919819819 -0.898931113766 0.828776407879 -0.828776407879 -0.898931113766 
35.9054050008 69.3395833922 1.46939337254 148.493849717 14.9889965057 8388608 0.463152322951 0.0 0.463152322951 -1.25278138646 0.767890409495 -0.767890409495 -1.25278138646 
244.985122655 53.2481508233 1.29085230827 123.273040564 14.1410179138 8388608 0.600132143658 0.0 0.600132143658 -0.708199635849 1.07923721098 -1.07923721098 -0.708199635849 
185.705031335 30.3074878874 1.48151767254 131.092820578 14.0078277588 8388608 0.455602739923 0.0 0.455602739923 -0.973773144298 1.11653951004 -1.11653951004 -0.973773144298 
90.0168012033 93.9639801556 2.21270561218 139.185737505 13.984913826 15073536 0.204245607438 0.0 0.204245607438 -1.67464724995 1.4462443481 -1.4462443481 -1.67464724995 
217.06331222 116.039885852 1.29412007332 132.055350558 13.8419017792 8388608 0.597105199065 0.0 0.597105199065 -0.866864012936 0.960881651006 -0.960881651006 -0.866864012936 
133.870309696 78.6712412966 1.70829057693 137.495399629 13.5691957474 13107200 0.342670335214 0.0 0.342670335214 -1.25939125809 1.15420550783 -1.15420550783 -1.25939125809 
201.235553987 127.38148755 1.29587244987 140.388622767 13.4505615234 8388608 0.595491389505 0.0 0.595491389505 -0.998322840917 0.826218440637 -0.826218440637 -0.998322840917 
84.8324849067 160.980745433 1.32220935822 142.534771088 13.3847427368 8388608 0.572004633388 0.0 0.572004633388 -1.04946749345 0.8042733162 -0.8042733162 -1.04946749345 
196.052683843 127.193262877 1.33724439144 138.839521101 13.1201038361 8388608 0.559214507748 0.0 0.559214507748 -1.00676994976 0.880134552617 -0.880134552617 -1.00676994976 
108.597955836 58.1423387806 1.85046064854 122.823394781 12.874174118 18874368 0.292038623089 0.0 0.292038623089 -1.00304475164 1.5550259927 -1.5550259927 -1.00304475164 
45.5300093046 152.106568084 1.35286128521 139.570715362 12.8663835526 8388608 0.546378325065 0.0 0.546378325065 -1.0298074064 0.877342785205 -0.877342785205 -1.0298074064 
201.253822477 62.8287383172 1.70262253284 138.250086126 12.7705917358 12845056 0.344955637385 0.0 0.344955637385 -1.27025580181 1.13374321931 -1.13374321931 -1.27025580181 
226.339637225 86.8915462709 1.46405887604 140.799015431 12.2296199799 8388608 0.466533588037 0.0 0.466533588037 -1.13454845615 0.925347606664 -0.925347606664 -1.13454845615 
143.053354763 164.231290709 1.27295696735 140.721233165 12.1467342377 8388608 0.61712416851 0.0 0.61712416851 -0.985364012183 0.805901485436 -0.805901485436 -0.985364012183 
81.6835688467 95.8448552933 1.95335996151 132.462881885 11.6861810684 22806528 0.26208093938 0.0 0.26208093938 -1.31873759626 1.44102265473 -1.44102265473 -1.31873759626 
105.757923177 62.9477590601 1.97175145149 135.037692356 11.6665744781 23461888 0.257214626798 0.0 0.257214626798 -1.39515572839 1.39332131255 -1.39332131255 -1.39515572839 
199.326290325 98.4761508374 1.44740867615 143.618210978 11.2419643402 8388608 0.47732882001 0.0 0.47732882001 -1.16528320715 0.858549313045 -0.858549313045 -1.16528320715 
146.310339658 77.2608304404 1.39842581749 138.687663303 10.3021659851 8388608 0.511353383054 0.0 0.511353383054 -1.05038840693 0.92318955887 -0.92318955887 -1.05038840693 
212.167197245 126.792749786 1.34811472893 137.776556527 10.2536029816 8388608 0.550232568289 0.0 0.550232568289 -0.998318981206 0.905964974001 -0.905964974001 -0.998318981206 
198.90400763 168.141545655 1.6645014286 141.106278081 9.93690013885 11206656 0.360937208799 0.0 0.360937208799 -1.29550135562 1.04510346063 -1.04510346063 -1.29550135562 
207.098654357 66.7012341882 1.26145839691 135.365149622 9.84154510498 8388608 0.62842598715 0.0 0.62842598715 -0.897652315572 0.886283028997 -0.886283028997 -0.897652315572 
31.8329602139 93.6823425442 1.55481374264 140.96180611 9.52898979187 8388608 0.413659743947 0.0 0.413659743947 -1.20766469145 0.979281250369 -0.979281250369 -1.20766469145 
82.0811569539 48.4761247432 2.12192392349 139.127781935 7.9324131012 12058880 0.222095818258 0.0 0.222095818258 -1.6045370277 1.38853234166 -1.38853234166 -1.6045370277 
234.939621848 65.0470671552 1.95309448242 121.894989348 7.86334562302 22806528 0.262152192192 0.0 0.262152192192 -1.0319449852 1.65821217122 -1.65821217122 -1.0319449852 
23.0755813215 103.270383813 1.24279034138 138.085949332 6.97829246521 8388608 0.647447057204 0.0 0.647447057204 -0.924819637497 0.830202668461 -0.830202668461 -0.924819637497 
226.067835544 74.379766657 1.99437785149 132.758085793 6.6153383255 24313856 0.251411486024 0.0 0.251411486024 -1.35399183699 1.4643254829 -1.4643254829 -1.35399183699 
219.811989044 63.4701353723 1.30870127678 124.049002571 6.60355949402 8388608 0.583873746296 0.0 0.583873746296 -0.732744119918 1.08433624239 -1.08433624239 -0.732744119918 
91.3171469063 49.3705696818 1.55377113819 126.721744002 6.26138305664 8388608 0.414215074364 0.0 0.414215074364 -0.929045415408 1.24542336817 -1.24542336817 -0.929045415408 
237.465846185 80.3462118811 1.81143987179 135.620131485 6.25358963013 17301504 0.304755922573 0.0 0.304755922573 -1.29466953316 1.26694325407 -1.26694325407 -1.29466953316 
165.128300197 163.173513967 1.46468114853 142.18632654 5.52771568298 8388608 0.466137256933 0.0 0.466137256933 -1.15711088156 0.897989573786 -0.897989573786 -1.15711088156 
218.610738731 73.6886637431 1.77169954777 131.655497411 5.16087341309 15728640 0.318580985489 0.0 0.318580985489 -1.17756050784 1.32373356002 -1.32373356002 -1.17756050784 
65.2922835472 40.9599085955 1.26618766785 125.589351695 4.79095649719 8388608 0.623740352379 0.0 0.623740352379 -0.736885575667 1.02967512283 -1.02967512283 -0.736885575667 
100.752042474 27.8000973736 1.39572072029 126.741433025 4.03554725647 8388608 0.513337449147 0.0 0.513337449147 -0.834926818809 1.11845140095 -1.11845140095 -0.834926818809 
92.9202537743 28.4317088806 1.3837916851 125.257307422 3.2448425293 8388608 0.522226091889 0.0 0.522226091889 -0.798792835054 1.12995992603 -1.12995992603 -0.798792835054 
47.2297884678 26.7463764902 1.43000614643 126.448665521 3.0769443512 8388608 0.489017264242 0.0 0.489017264242 -0.849569980629 1.15028189017 -1.15028189017 -0.849569980629 
236.817441187 73.2949950777 1.51679730415 133.495789608 2.53825998306 8388608 0.434655224121 0.0 0.434655224121 -1.04401351011 1.10032261297 -1.10032261297 -1.04401351011 
