13
97
140.97467023 29.432584443 1.99767935276 93.1292419434 106.868087769 24379392 0.250581173138 0.0 0.250581173138 -0.109050174065 1.99470069333 -1.99470069333 -0.109050174065 
16.5866333844 81.1212508542 1.29542315006 64.2897949219 104.534240723 8388608 0.595904537237 0.0 0.595904537237 0.561979914616 1.16717595644 -1.16717595644 0.561979914616 
38.7904801537 83.0005176534 1.5963807106 267.888519287 101.840827942 8388608 0.392398245652 0.0 0.392398245652 -0.0588169705014 -1.59529681789 1.59529681789 -0.0588169705014 
36.0793484671 82.9033311996 1.65982830524 269.201507568 101.016578674 11010048 0.36297245364 0.0 0.36297245364 -0.0231311529242 -1.65966712104 1.65966712104 -0.0231311529242 
47.8181964665 83.5864169379 1.5232899189 101.845581055 97.3586959839 8388608 0.430957917694 0.0 0.430957917694 -0.312692903512 1.49085053748 -1.49085053748 -0.312692903512 
26.8397632689 69.4498503426 3.01190209389 80.0733032227 95.9118041992 20709888 0.110234693571 0.0 0.110234693571 0.519216049244 2.96681123723 -2.96681123723 0.519216049244 
28.8400398554 82.5995867414 1.53826034069 274.00100708 95.8603363037 8388608 0.422610529558 0.0 0.422610529558 0.107330588979 -1.53451132952 1.53451132952 0.107330588979 
88.4652934715 29.0003951355 1.67168629169 81.3062744141 91.7411422729 11534336 0.357841279248 0.0 0.357841279248 0.252679679527 1.65247936066 -1.65247936066 0.252679679527 
40.4385428398 71.9058467315 2.55493330956 95.086730957 80.0519790649 8782336 0.15319368506 0.0 0.15319368506 -0.22652964334 2.5448710256 -2.5448710256 -0.22652964334 
66.6961049323 65.354769918 2.0708091259 261.001525879 77.7898025513 10289408 0.233195335707 0.0 0.233195335707 -0.323891447688 -2.04532265573 2.04532265573 -0.323891447688 
89.0353104935 19.7160799008 2.18589925766 68.6854553223 75.8272094727 14221568 0.209285777006 0.0 0.209285777006 0.794547561203 2.03638153047 -2.03638153047 0.794547561203 
87.7091317215 38.6763255819 1.82766544819 275.610473633 74.6355743408 17956864 0.299368841524 0.0 0.299368841524 0.178681392841 -1.81891009958 1.81891009958 0.178681392841 
67.6829360155 30.2006794182 1.55302882195 51.0668029785 74.5580673218 8388608 0.414611141789 0.0 0.414611141789 0.975944843244 1.20806878312 -1.20806878312 0.975944843244 
96.2231060442 39.0097142068 1.75359499454 270.134521484 68.3100280762 15007744 0.325193162595 0.0 0.325193162595 0.00411716162934 -1.75359016132 1.75359016132 0.00411716162934 
36.2416546915 52.5889459244 2.68238449097 71.2903442383 68.3087921143 12321280 0.138981802907 0.0 0.138981802907 0.860435486226 2.54063719004 -2.54063719004 0.860435486226 
85.6946069332 76.5398137937 1.95980679989 34.060546875 66.6669158936 23003136 0.260359530436 0.0 0.260359530436 1.62359447055 1.0976263882 -1.0976263882 1.62359447055 
152.443085303 40.3543145367 1.27255523205 103.766204834 65.5446472168 8388608 0.617513872144 0.0 0.617513872144 -0.302818013254 1.23600083716 -1.23600083716 -0.302818013254 
34.0404920024 95.0163375781 2.84958338737 87.9902038574 63.9761695862 16646656 0.123150806261 0.0 0.123150806261 0.099935935136 2.84783045325 -2.84783045325 0.099935935136 
62.6907843761 76.2373523788 1.64214396477 83.4716491699 63.5955963135 10223616 0.370832289918 0.0 0.370832289918 0.186703286259 1.63149584245 -1.63149584245 0.186703286259 
76.4304629112 53.7985551095 1.43437361717 98.5986633301 62.4072113037 8388608 0.486043817147 0.0 0.486043817147 -0.214456464737 1.41825107029 -1.41825107029 -0.214456464737 
25.6094571014 56.5195076838 1.32852184772 71.977722168 62.3844985962 8388608 0.56658177198 0.0 0.56658177198 0.411027073041 1.26333963965 -1.26333963965 0.411027073041 
83.932414604 84.3842932777 3.28522109985 3.11111450195 62.0056877136 10289153 0.0926554123194 0.0 0.0926554123194 3.28037921313 0.178297204049 -0.178297204049 3.28037921313 
81.2926726826 53.400781679 1.43243801594 102.063598633 60.643196106 8388608 0.487358251179 0.0 0.487358251179 -0.299375694605 1.40080436285 -1.40080436285 -0.299375694605 
127.641118684 25.0084155495 2.37562870979 67.845123291 58.9574813843 20250880 0.177191493909 0.0 0.177191493909 0.895876907006 2.20023097294 -2.20023097294 0.895876907006 
59.7405321647 28.2113101596 1.48632502556 62.5721130371 58.2467346191 8388608 0.452660313305 0.0 0.452660313305 0.684648642001 1.31924914956 -1.31924914956 0.684648642001 
81.7554222457 26.4886625465 2.85769891739 78.5002746582 57.383266449 16908800 0.12245233175 0.0 0.12245233175 0.569720106427 2.80033249861 -2.80033249861 0.569720106427 
29.385991809 66.5142925991 1.42451572418 20.1212768555 56.5657348633 8388608 0.492794106245 0.0 0.492794106245 1.3375726419 0.490045381665 -0.490045381665 1.3375726419 
70.9877855984 52.4883198025 2.18183875084 91.3095397949 55.1480026245 14090496 0.210065483655 0.0 0.210065483655 -0.049863287316 2.18126889384 -2.18126889384 -0.049863287316 
101.670740419 69.437772917 1.35665678978 29.2399902344 53.9162940979 8388608 0.543325407707 0.0 0.543325407707 1.18379342333 0.662684522324 -0.662684522324 1.18379342333 
137.929900433 49.7757981686 3.80221414566 83.3320922852 52.6462364197 20840449 0.069171445838 0.0 0.069171445838 0.441491920714 3.77649537182 -3.77649537182 0.441491920714 
49.714324636 53.2737952487 1.84838867188 92.6557922363 52.4577064514 18808832 0.292693719462 0.0 0.292693719462 -0.0856464241538 1.84640336123 -1.84640336123 -0.0856464241538 
99.8906760204 81.0854850746 2.72192502022 164.765792847 51.5620803833 13369856 0.134973243563 0.0 0.134973243563 -2.62627599893 0.715227371619 -0.715227371619 -2.62627599893 
71.8138075769 38.1243814222 1.66971135139 91.8383483887 51.0528030396 11468800 0.358688291655 0.0 0.358688291655 -0.0535638849491 1.66885197283 -1.66885197283 -0.0535638849491 
66.3068947868 37.4422704007 1.91054987907 52.9819335938 50.9152069092 21168128 0.273957528288 0.0 0.273957528288 1.15027868556 1.5254703491 -1.5254703491 1.15027868556 
98.4342460772 100.093578258 2.55223178864 90.3276977539 50.4394645691 8716800 0.153518165759 0.0 0.153518165759 -0.01459716705 2.55219004497 -2.55219004497 -0.01459716705 
134.020159997 100.647374221 2.60415315628 91.2799072266 46.717918396 10158592 0.147457530012 0.0 0.147457530012 -0.0581682851899 2.60350343037 -2.60350343037 -0.0581682851899 
151.687366342 29.8507302496 2.49296498299 351.623596191 46.4725341797 23724288 0.160904297434 0.0 0.160904297434 2.46637105621 -0.363164177013 0.363164177013 2.46637105621 
146.633605651 86.6357948348 2.69997000694 350.893066406 45.9142875671 12780032 0.137177258909 0.0 0.137177258909 2.66593596749 -0.427344656753 0.427344656753 2.66593596749 
131.92141646 74.1193650317 1.24353718758 39.6076660156 45.6352043152 8388608 0.646669600487 0.0 0.646669600487 0.958055806578 0.792788627798 -0.792788627798 0.958055806578 
58.1867476379 24.8499150073 2.89317631721 57.6674804688 44.6935043335 17760768 0.119467615949 0.0 0.119467615949 1.54736330791 2.44461367006 -2.44461367006 1.54736330791 
110.427060071 40.2786252346 1.89325499535 298.423461914 44.597782135 20512768 0.278985593408 0.0 0.278985593408 0.901159794559 -1.66503018053 1.66503018053 0.901159794559 
117.047283599 100.656059378 2.55593776703 91.0736694336 44.4901275635 8782336 0.153073301608 0.0 0.153073301608 -0.0478930852041 2.55548901804 -2.55548901804 -0.0478930852041 
86.4913478659 99.7714661546 1.35252392292 91.5425720215 44.4815483093 8388608 0.546650927166 0.0 0.546650927166 -0.0364095495315 1.35203376688 -1.35203376688 -0.0364095495315 
144.088268553 69.16775951 1.79848134518 350.131988525 44.2015838623 16842752 0.309163435842 0.0 0.309163435842 1.77187310415 -0.30822208186 0.30822208186 1.77187310415 
149.016657844 76.4883835529 1.35909092426 89.9897460938 43.929058075 8388608 0.541380956806 0.0 0.541380956806 0.000243228924829 1.3590909025 -1.3590909025 0.000243228924829 
127.448198345 74.3841291512 1.18212747574 81.5815124512 43.7854766846 8388608 0.715601721751 0.0 0.715601721751 0.173066096309 1.16939022367 -1.16939022367 0.173066096309 
132.659698677 68.0351346943 1.28350043297 3.5754699707 43.3505554199 8388608 0.60702693355 0.0 0.60702693355 1.28100212434 0.0800432312011 -0.0800432312011 1.28100212434 
115.067331439 49.1514784905 1.68493855 102.434265137 43.2028808594 12124160 0.352234480072 0.0 0.352234480072 -0.362799919354 1.64541609807 -1.64541609807 -0.362799919354 
79.6177437906 65.7165555229 2.76147174835 253.952484131 42.9158401489 14418432 0.131135051476 0.0 0.131135051476 -0.763365905457 -2.65386486305 2.65386486305 -0.763365905457 
74.1223566659 98.2720846641 1.33163702488 87.6036987305 42.8483886719 8388608 0.56393399624 0.0 0.56393399624 0.0556772823744 1.33047254998 -1.33047254998 0.0556772823744 
58.5741341383 53.1501380041 1.49748384953 92.2591552734 42.6340942383 8388608 0.445939256698 0.0 0.445939256698 -0.0590300372482 1.49631993046 -1.49631993046 -0.0590300372482 
159.180810286 85.6585507063 1.38922917843 70.5047607422 42.3316345215 8388608 0.518146068547 0.0 0.518146068547 0.463625416287 1.30958359167 -1.30958359167 0.463625416287 
100.447719797 61.0218260491 4.14951372147 62.2021179199 42.145149231 10420481 0.0580771892755 0.0 0.0580771892755 1.93514208044 3.67065242881 -3.67065242881 1.93514208044 
36.9639138538 61.8684188423 1.27434766293 263.40737915 42.1070404053 8388608 0.615777968286 0.0 0.615777968286 -0.146306851752 -1.26592111568 1.26592111568 -0.146306851752 
50.4559719935 46.1944472772 1.50982248783 58.4095458984 41.2007141113 8388608 0.438680389861 0.0 0.438680389861 0.79091144335 1.28608826818 -1.28608826818 0.79091144335 
146.755792768 78.8240108362 1.6181217432 14.4506530762 40.9591903687 9175040 0.381924582588 0.0 0.381924582588 1.56692910447 0.403795935327 -0.403795935327 1.56692910447 
97.7743499768 84.9275177257 1.52518510818 178.976455688 40.9182510376 8388608 0.429887569733 0.0 0.429887569733 -1.52494174827 0.0272447905238 -0.0272447905238 -1.52494174827 
58.0152947919 41.7875487443 1.73658919334 52.6205444336 40.4754676819 14286848 0.331593349575 0.0 0.331593349575 1.05426758144 1.37994996039 -1.37994996039 1.05426758144 
65.8029567383 83.7114506868 1.5263248682 77.2548828125 39.5187606812 8388608 0.429245785359 0.0 0.429245785359 0.336729114382 1.48871794065 -1.48871794065 0.336729114382 
89.6977897322 85.8321240799 1.63480782509 180.636413574 38.9229621887 9895936 0.374167949872 0.0 0.374167949872 -1.63470697742 -0.0181582745932 0.0181582745932 -1.63470697742 
11.2017873532 85.2912768398 1.25850844383 273.499908447 38.306804657 8388608 0.631375510258 0.0 0.631375510258 0.0768280952726 -1.25616119466 1.25616119466 0.0768280952726 
156.230931822 27.9524123976 1.43643712997 9.90661621094 38.0222663879 8388608 0.48464836834 0.0 0.48464836834 1.4150190855 0.247128743866 -0.247128743866 1.4150190855 
82.9887200239 98.3938424649 3.78283667564 96.2182006836 36.6870117188 20447233 0.0698819182849 0.0 0.0698819182849 -0.409738537423 3.76058075908 -3.76058075908 -0.409738537423 
125.171371969 66.7390562033 1.70161664486 107.159347534 35.6598777771 12779520 0.345363589776 0.0 0.345363589776 -0.502028277207 1.62587416947 -1.62587416947 -0.502028277207 
70.6660049891 18.533820846 1.59389460087 27.712890625 35.571231842 8388608 0.393623302705 0.0 0.393623302705 1.41105739141 0.741226710817 -0.741226710817 1.41105739141 
45.234024836 24.4012284338 1.30768787861 63.7507324219 35.4298477173 8388608 0.584779047729 0.0 0.584779047729 0.578360566514 1.17283700614 -1.17283700614 0.578360566514 
65.8602010371 91.5587715092 1.34260857105 81.6444091797 35.3919143677 8388608 0.5547549286 0.0 0.5547549286 0.195102793388 1.32835713386 -1.32835713386 0.195102793388 
156.69874298 77.6413230363 1.63431584835 154.01348877 34.7220840454 9895936 0.374393254711 0.0 0.374393254711 -1.4690819796 0.716091076171 -0.716091076171 -1.4690819796 
153.143509713 60.0153226402 1.75550115108 19.5360107422 34.4058113098 15073280 0.324487344157 0.0 0.324487344157 1.65443959238 0.587038266741 -0.587038266741 1.65443959238 
69.6411257405 91.3584051389 1.43624401093 77.0693664551 33.321937561 8388608 0.484778709875 0.0 0.484778709875 0.321390112191 1.3998232941 -1.3998232941 0.321390112191 
47.5165999873 14.2169485288 1.48450088501 11.6116333008 33.2694587708 8388608 0.453773446152 0.0 0.453773446152 1.45411968766 0.298795601645 -0.298795601645 1.45411968766 
58.2500214855 34.6336851903 1.28563916683 309.3828125 32.4235839844 8388608 0.605008965802 0.0 0.605008965802 0.815736355874 -0.993701295661 0.993701295661 0.815736355874 
112.061146202 26.7163035133 3.49974107742 109.585357666 32.3864212036 14811137 0.0816447324227 0.0 0.0816447324227 -1.17315103954 3.29725707937 -3.29725707937 -1.17315103954 
95.4050646752 73.2812805927 1.42399215698 320.338317871 30.9657859802 8388608 0.493156549621 0.0 0.493156549621 1.09622700309 -0.908867438543 0.908867438543 1.09622700309 
142.248857065 101.726025285 1.27495503426 93.8500976562 30.7814788818 8388608 0.615191411446 0.0 0.615191411446 -0.0856085408525 1.272077638 -1.272077638 -0.0856085408525 
113.043467686 33.0234650145 1.26610410213 231.177108765 30.3242034912 8388608 0.623822691622 0.0 0.623822691622 -0.793739815552 -0.986405952258 0.986405952258 -0.793739815552 
13.8981899512 74.0020260936 1.27968347073 335.957244873 28.6470947266 8388608 0.610653540348 0.0 0.610653540348 1.16866029448 -0.521366379202 0.521366379202 1.16866029448 
130.509355646 44.472887595 1.54131007195 269.545043945 28.4734115601 8388608 0.420939777557 0.0 0.420939777557 -0.0122386148941 -1.54126148144 1.54126148144 -0.0122386148941 
20.5381813266 31.2063174702 1.33048272133 3.22839355469 27.8941936493 8388608 0.564912939266 0.0 0.564912939266 1.32837121681 0.0749278460348 -0.0749278460348 1.32837121681 
18.0264230622 92.2697295217 1.32285118103 86.1569519043 27.762840271 8388608 0.571449715998 0.0 0.571449715998 0.0886621965683 1.31987660865 -1.31987660865 0.0886621965683 
37.0839479984 16.5660646415 1.31731116772 11.3502502441 26.9148311615 8388608 0.576266339668 0.0 0.576266339668 1.29154776281 0.259254872633 -0.259254872633 1.29154776281 
102.387289455 61.5381489218 1.42424786091 75.3034973145 24.9491424561 8388608 0.492979486697 0.0 0.492979486697 0.361330119094 1.37765108585 -1.37765108585 0.361330119094 
48.4182853336 61.8673090892 1.45474398136 259.474365234 23.7018127441 8388608 0.472527253367 0.0 0.472527253367 -0.265745977042 -1.43026540439 1.43026540439 -0.265745977042 
143.103418146 18.5125522217 1.80390226841 287.386169434 23.5452518463 17039360 0.307308088051 0.0 0.307308088051 0.539024831447 -1.72148645799 1.72148645799 0.539024831447 
160.771591965 103.093479207 1.70244443417 95.645904541 23.1675338745 12845056 0.345027815197 0.0 0.345027815197 -0.167486874995 1.69418570355 -1.69418570355 -0.167486874995 
21.8054239196 22.9618835648 1.5053704977 20.4146728516 22.6175804138 8388608 0.44127893776 0.0 0.44127893776 1.41082223085 0.525091390436 -0.525091390436 1.41082223085 
73.7963338346 84.386523016 1.30264592171 177.352615356 22.5071926117 8388608 0.58931464214 0.0 0.58931464214 -1.30125562355 0.0601680938183 -0.0601680938183 -1.30125562355 
156.33346465 97.0631770086 1.32192122936 280.785339355 20.0371437073 8388608 0.572254011334 0.0 0.572254011334 0.247371072343 -1.29856970903 1.29856970903 0.247371072343 
160.473083767 97.0074828534 1.49399554729 272.307281494 19.9075756073 8388608 0.448024118254 0.0 0.448024118254 0.0601464318956 -1.49278434547 1.49278434547 0.0601464318956 
128.586195327 14.8627581255 1.29066872597 312.417114258 19.6863269806 8388608 0.600302879147 0.0 0.600302879147 0.870585656144 -0.952841212116 0.952841212116 0.870585656144 
29.9061628397 33.6395810247 1.34717381001 209.881530762 18.3609008789 8388608 0.55100144463 0.0 0.55100144463 -1.16807700883 -0.671173134005 0.671173134005 -1.16807700883 
147.70752246 96.2293044776 1.56637179852 310.115966797 17.0208721161 8388608 0.407577582777 0.0 0.407577582777 1.00927094187 -1.19787010026 1.19787010026 1.00927094187 
19.5479566768 110.977505568 1.30169165134 272.614624023 3.86608886719 8388608 0.59017901218 0.0 0.59017901218 0.0593805193218 -1.30033653686 1.30033653686 0.0593805193218 
19.5441098713 104.094273022 1.45230460167 270.192779541 1.93415248394 8388608 0.474115957878 0.0 0.474115957878 0.00488646962566 -1.45229638106 1.45229638106 0.00488646962566 
159.682655978 112.993632596 1.4738329649 193.475982666 1.35189962387 8388608 0.460366239817 0.0 0.460366239817 -1.43325494023 -0.343458708911 0.343458708911 -1.43325494023 
144.073271183 109.232295202 1.27650558949 262.366729736 0.498724460602 8388608 0.613697788653 0.0 0.613697788653 -0.169560717254 -1.26519393104 1.26519393104 -0.169560717254 
99.4736174232 115.318289689 1.39195084572 262.903137207 -0.191349983215 8388608 0.516121798056 0.0 0.516121798056 -0.171971548549 -1.38128669848 1.38128669848 -0.171971548549 
