13
60
38.7904801537 83.0005176534 1.5963807106 141.241966833 101.840827942 8388608 0.392398245652 0.0 0.392398245652 -1.24485243832 0.999386701922 -0.999386701922 -1.24485243832 
36.0793484671 82.9033311996 1.65982830524 142.499519843 101.016578674 11010048 0.36297245364 0.0 0.36297245364 -1.31682186242 1.01045048644 -1.01045048644 -1.31682186242 
47.8181964665 83.5864169379 1.5232899189 138.385740865 97.3586959839 8388608 0.430957917694 0.0 0.430957917694 -1.13886156331 1.01163556513 -1.01163556513 -1.13886156331 
28.8400398554 82.5995867414 1.53826034069 144.856611082 95.8603363037 8388608 0.422610529558 0.0 0.422610529558 -1.25785708268 0.885460578061 -0.885460578061 -1.25785708268 
88.4652934715 29.0003951355 1.67168629169 134.984359312 91.7411422729 11534336 0.357841279248 0.0 0.357841279248 -1.18173798812 1.18238334954 -1.18238334954 -1.18173798812 
66.6961049323 65.354769918 2.0708091259 134.514325404 77.7898025513 10289408 0.233195335707 0.0 0.233195335707 -1.45181854458 1.4766425937 -1.4766425937 -1.45181854458 
87.7091317215 38.6763255819 1.82766544819 140.807536902 74.6355743408 17956864 0.299368841524 0.0 0.299368841524 -1.41649120522 1.15495179814 -1.15495179814 -1.41649120522 
67.6829360155 30.2006794182 1.55302882195 130.671602662 74.5580673218 8388608 0.414611141789 0.0 0.414611141789 -1.01214393804 1.17790626558 -1.17790626558 -1.01214393804 
96.2231060442 39.0097142068 1.75359499454 141.298262085 68.3100280762 15007744 0.325193162595 0.0 0.325193162595 -1.36852559822 1.09646390361 -1.09646390361 -1.36852559822 
85.6946069332 76.5398137937 1.95980679989 127.328524212 66.6669158936 23003136 0.260359530436 0.0 0.260359530436 -1.18839616228 1.55838289723 -1.55838289723 -1.18839616228 
152.443085303 40.3543145367 1.27255523205 132.50581252 65.5446472168 8388608 0.617513872144 0.0 0.617513872144 -0.859821029797 0.938138910467 -0.938138910467 -0.859821029797 
62.6907843761 76.2373523788 1.64214396477 136.709030165 63.5955963135 10223616 0.370832289918 0.0 0.370832289918 -1.19528512483 1.12602409894 -1.12602409894 -1.19528512483 
76.4304629112 53.7985551095 1.43437361717 137.502955344 62.4072113037 8388608 0.486043817147 0.0 0.486043817147 -1.05758114306 0.968994220565 -0.968994220565 -1.05758114306 
25.6094571014 56.5195076838 1.32852184772 136.694795534 62.3844985962 8388608 0.56658177198 0.0 0.56658177198 -0.966779242665 0.911212486655 -0.911212486655 -0.966779242665 
83.932414604 84.3842932777 3.28522109985 133.937591192 62.0056877136 10289153 0.0926554123194 0.0 0.0926554123194 -2.27953090309 2.36567464728 -2.36567464728 -2.27953090309 
81.2926726826 53.400781679 1.43243801594 140.429785584 60.643196106 8388608 0.487358251179 0.0 0.487358251179 -1.10418697715 0.912496459722 -0.912496459722 -1.10418697715 
59.7405321647 28.2113101596 1.48632502556 130.227691989 58.2467346191 8388608 0.452660313305 0.0 0.452660313305 -0.959908486649 1.13478534484 -1.13478534484 -0.959908486649 
29.385991809 66.5142925991 1.42451572418 140.228078082 56.5657348633 8388608 0.492794106245 0.0 0.492794106245 -1.09487868339 0.911309890815 -0.911309890815 -1.09487868339 
70.9877855984 52.4883198025 2.18183875084 136.071859701 55.1480026245 14090496 0.210065483655 0.0 0.210065483655 -1.57138310524 1.51366293184 -1.51366293184 -1.57138310524 
101.670740419 69.437772917 1.35665678978 129.878474566 53.9162940979 8388608 0.543325407707 0.0 0.543325407707 -0.869835926306 1.04110667396 -1.04110667396 -0.869835926306 
49.714324636 53.2737952487 1.84838867188 134.456231577 52.4577064514 18808832 0.292693719462 0.0 0.292693719462 -1.29454526385 1.31935334242 -1.31935334242 -1.29454526385 
99.8906760204 81.0854850746 2.72192502022 135.83325297 51.5620803833 13369856 0.134973243563 0.0 0.134973243563 -1.95247792695 1.89649828908 -1.89649828908 -1.95247792695 
71.8138075769 38.1243814222 1.66971135139 134.3441849 51.0528030396 11468800 0.358688291655 0.0 0.358688291655 -1.16707313397 1.19410062262 -1.19410062262 -1.16707313397 
66.3068947868 37.4422704007 1.91054987907 136.34526906 50.9152069092 21168128 0.273957528288 0.0 0.273957528288 -1.38230725881 1.31887356584 -1.31887356584 -1.38230725881 
98.4342460772 100.093578258 2.55223178864 137.498646028 50.4394645691 8716800 0.153518165759 0.0 0.153518165759 -1.88166190901 1.7243072705 -1.7243072705 -1.88166190901 
131.92141646 74.1193650317 1.24353718758 132.935854563 45.6352043152 8388608 0.646669600487 0.0 0.646669600487 -0.847071600033 0.910414433817 -0.910414433817 -0.847071600033 
110.427060071 40.2786252346 1.89325499535 134.539871416 44.597782135 20512768 0.278985593408 0.0 0.278985593408 -1.32793934664 1.34944120622 -1.34944120622 -1.32793934664 
117.047283599 100.656059378 2.55593776703 142.339944653 44.4901275635 8782336 0.153073301608 0.0 0.153073301608 -2.023407306 1.56161478699 -1.56161478699 -2.023407306 
86.4913478659 99.7714661546 1.35252392292 136.699609565 44.4815483093 8388608 0.546650927166 0.0 0.546650927166 -0.984323744241 0.927592436684 -0.927592436684 -0.984323744241 
149.016657844 76.4883835529 1.35909092426 131.401003062 43.929058075 8388608 0.541380956806 0.0 0.541380956806 -0.898800801699 1.01945341202 -1.01945341202 -0.898800801699 
127.448198345 74.3841291512 1.18212747574 134.633710855 43.7854766846 8388608 0.715601721751 0.0 0.715601721751 -0.830529502861 0.841217043202 -0.841217043202 -0.830529502861 
132.659698677 68.0351346943 1.28350043297 135.263468472 43.3505554199 8388608 0.60702693355 0.0 0.60702693355 -0.911735621181 0.903388907668 -0.903388907668 -0.911735621181 
115.067331439 49.1514784905 1.68493855 137.924407789 43.2028808594 12124160 0.352234480072 0.0 0.352234480072 -1.25066480136 1.12909497913 -1.12909497913 -1.25066480136 
79.6177437906 65.7165555229 2.76147174835 134.201616086 42.9158401489 14418432 0.131135051476 0.0 0.131135051476 -1.92525757496 1.97967408605 -1.97967408605 -1.92525757496 
74.1223566659 98.2720846641 1.33163702488 140.838600005 42.8483886719 8388608 0.56393399624 0.0 0.56393399624 -1.03251154536 0.840938211004 -0.840938211004 -1.03251154536 
58.5741341383 53.1501380041 1.49748384953 138.040538295 42.6340942383 8388608 0.445939256698 0.0 0.445939256698 -1.11355604586 1.00122465626 -1.00122465626 -1.11355604586 
36.9639138538 61.8684188423 1.27434766293 138.84995682 42.1070404053 8388608 0.615777968286 0.0 0.615777968286 -0.959569697685 0.838563033581 -0.838563033581 -0.959569697685 
50.4559719935 46.1944472772 1.50982248783 134.354872744 41.2007141113 8388608 0.438680389861 0.0 0.438680389861 -1.05551749181 1.07955859926 -1.07955859926 -1.05551749181 
146.755792768 78.8240108362 1.6181217432 132.866958 40.9591903687 9175040 0.381924582588 0.0 0.381924582588 -1.10080547819 1.18597861491 -1.18597861491 -1.10080547819 
97.7743499768 84.9275177257 1.52518510818 132.183936457 40.9182510376 8388608 0.429887569733 0.0 0.429887569733 -1.02418142879 1.13015132401 -1.13015132401 -1.02418142879 
58.0152947919 41.7875487443 1.73658919334 128.517512925 40.4754676819 14286848 0.331593349575 0.0 0.331593349575 -1.08146755072 1.35873837186 -1.35873837186 -1.08146755072 
65.8029567383 83.7114506868 1.5263248682 140.168692722 39.5187606812 8388608 0.429245785359 0.0 0.429245785359 -1.17211621693 0.977655960604 -0.977655960604 -1.17211621693 
89.6977897322 85.8321240799 1.63480782509 131.802485144 38.9229621887 9895936 0.374167949872 0.0 0.374167949872 -1.08970535727 1.21866273403 -1.21866273403 -1.08970535727 
82.9887200239 98.3938424649 3.78283667564 136.769909601 36.6870117188 20447233 0.0698819182849 0.0 0.0698819182849 -2.75620891864 2.59097775201 -2.59097775201 -2.75620891864 
125.171371969 66.7390562033 1.70161664486 138.270063288 35.6598777771 12779520 0.345363589776 0.0 0.345363589776 -1.26990033905 1.13263071428 -1.13263071428 -1.26990033905 
45.234024836 24.4012284338 1.30768787861 128.99327141 35.4298477173 8388608 0.584779047729 0.0 0.584779047729 -0.822835295392 1.01636099124 -1.01636099124 -0.822835295392 
65.8602010371 91.5587715092 1.34260857105 143.537011974 35.3919143677 8388608 0.5547549286 0.0 0.5547549286 -1.07978077518 0.797916820617 -0.797916820617 -1.07978077518 
69.6411257405 91.3584051389 1.43624401093 143.300831648 33.321937561 8388608 0.484778709875 0.0 0.484778709875 -1.15155792577 0.858318823354 -0.858318823354 -1.15155792577 
58.2500214855 34.6336851903 1.28563916683 130.856234488 32.4235839844 8388608 0.605008965802 0.0 0.605008965802 -0.841017911599 0.972397521419 -0.972397521419 -0.841017911599 
95.4050646752 73.2812805927 1.42399215698 145.594954622 30.9657859802 8388608 0.493156549621 0.0 0.493156549621 -1.17488430183 0.804612043444 -0.804612043444 -1.17488430183 
142.248857065 101.726025285 1.27495503426 143.856203246 30.7814788818 8388608 0.615191411446 0.0 0.615191411446 -1.02957625462 0.751986087167 -0.751986087167 -1.02957625462 
113.043467686 33.0234650145 1.26610410213 138.252093731 30.3242034912 8388608 0.623822691622 0.0 0.623822691622 -0.944617110452 0.84304099075 -0.84304099075 -0.944617110452 
130.509355646 44.472887595 1.54131007195 147.03115184 28.4734115601 8388608 0.420939777557 0.0 0.420939777557 -1.29310761727 0.838754688832 -0.838754688832 -1.29310761727 
102.387289455 61.5381489218 1.42424786091 131.343171314 24.9491424561 8388608 0.492979486697 0.0 0.492979486697 -0.940811911867 1.06927775428 -1.06927775428 -0.940811911867 
48.4182853336 61.8673090892 1.45474398136 131.208343791 23.7018127441 8388608 0.472527253367 0.0 0.472527253367 -0.958383916221 1.09443150559 -1.09443150559 -0.958383916221 
73.7963338346 84.386523016 1.30264592171 138.383546135 22.5071926117 8388608 0.58931464214 0.0 0.58931464214 -0.97386772705 0.865140478506 -0.865140478506 -0.97386772705 
29.9061628397 33.6395810247 1.34717381001 132.391376984 18.3609008789 8388608 0.55100144463 0.0 0.55100144463 -0.908252784698 0.994964398082 -0.994964398082 -0.908252784698 
147.70752246 96.2293044776 1.56637179852 144.578438508 17.0208721161 8388608 0.407577582777 0.0 0.407577582777 -1.27645164053 0.907850109084 -0.907850109084 -1.27645164053 
144.073271183 109.232295202 1.27650558949 133.112152644 0.498724460602 8388608 0.613697788653 0.0 0.613697788653 -0.872400464166 0.931871208971 -0.931871208971 -0.872400464166 
99.4736174232 115.318289689 1.39195084572 127.61477845 -0.191349983215 8388608 0.516121798056 0.0 0.516121798056 -0.849576504016 1.10260914232 -1.10260914232 -0.849576504016 
