13
148
142.502928653 85.1054056452 3.8248860836 136.173001473 97.5517120361 21233665 0.0683538513762 0.0 0.0683538513762 -2.75940287063 2.64866935462 -2.64866935462 -2.75940287063 
181.184760625 121.931151284 5.38874530792 134.962082214 89.6658477783 12648961 0.0344369503594 0.0 0.0344369503594 -3.80789581754 3.81293921226 -3.81293921226 -3.80789581754 
122.308923822 91.3075261428 1.48746025562 133.199888963 85.6127471924 8388608 0.451969636024 0.0 0.451969636024 -1.01823451181 1.08431383419 -1.08431383419 -1.01823451181 
227.808668049 86.2918517748 2.38194608688 127.888692438 84.886756897 20447488 0.176252848758 0.0 0.176252848758 -1.4628232619 1.87984447901 -1.87984447901 -1.4628232619 
54.9745129945 69.2209571462 1.51438128948 143.863977098 83.0830688477 8388608 0.436043211529 0.0 0.436043211529 -1.22304353533 0.893037065642 -0.893037065642 -1.22304353533 
129.50636421 100.846430976 2.29601287842 141.165561481 76.6120071411 17760512 0.189693024295 0.0 0.189693024295 -1.78850493369 1.43976568927 -1.43976568927 -1.78850493369 
248.017194378 93.1588572796 1.90325689316 134.0617262 74.5672454834 20905984 0.276061076533 0.0 0.276061076533 -1.32358751821 1.36766329299 -1.36766329299 -1.32358751821 
101.56086927 84.3490049566 1.5871976614 128.461011548 72.4301147461 8388608 0.396951977825 0.0 0.396951977825 -0.987208289822 1.24282589644 -1.24282589644 -0.987208289822 
45.5230988137 67.4835307344 1.91845285892 145.317226415 71.7463302612 21495808 0.271705066009 0.0 0.271705066009 -1.5775728737 1.09166166923 -1.09166166923 -1.5775728737 
144.877179738 101.057213666 2.53834915161 139.516124106 70.2722091675 25035008 0.155201988497 0.0 0.155201988497 -1.93063968729 1.64798264958 -1.64798264958 -1.93063968729 
81.3458897002 94.294532015 2.00555682182 153.8694004 64.3553619385 24707072 0.248616562846 0.0 0.248616562846 -1.80057385718 0.88328475046 -0.88328475046 -1.80057385718 
118.591057921 101.555666047 1.52221930027 139.259994489 63.0158004761 8388608 0.431564339948 0.0 0.431564339948 -1.15335335082 0.99344232156 -0.99344232156 -1.15335335082 
218.19166731 79.3380682007 1.78113794327 130.606588251 62.2455291748 16121856 0.31521355798 0.0 0.31521355798 -1.15927414739 1.35223364259 -1.35223364259 -1.15927414739 
65.26343535 37.3682937429 1.67557859421 145.711350715 59.4917373657 11665408 0.356180708058 0.0 0.356180708058 -1.38437965114 0.943957947626 -0.943957947626 -1.38437965114 
162.4157984 101.004761064 2.13410162926 138.171002112 58.9898643494 12452096 0.219568383871 0.0 0.219568383871 -1.59020142856 1.42325302762 -1.42325302762 -1.59020142856 
62.1678244828 69.5208256286 1.5465297699 144.230031239 58.6200218201 8388608 0.418103142033 0.0 0.418103142033 -1.25480833823 0.90399688245 -0.90399688245 -1.25480833823 
61.990734001 76.4422911068 1.50161468983 141.098095266 57.8964004517 8388608 0.44348913402 0.0 0.44348913402 -1.16858999584 0.942997401018 -0.942997401018 -1.16858999584 
82.0403504444 81.5922672505 3.16276073456 144.493433715 57.4738235474 24248832 0.0999694546924 0.0 0.0999694546924 -2.57464209471 1.83691958131 -1.83691958131 -2.57464209471 
138.487065872 48.374445417 1.68722140789 137.382345914 56.4247055054 12189696 0.351281958637 0.0 0.351281958637 -1.24160681727 1.14242224705 -1.14242224705 -1.24160681727 
197.988793708 51.3721046113 1.34065485001 132.949191819 56.3149986267 8388608 0.556372982808 0.0 0.556372982808 -0.913454578018 0.98130329702 -0.98130329702 -0.913454578018 
208.242831066 48.0431454053 1.36353158951 143.512115 55.6611442566 8388608 0.537860426927 0.0 0.537860426927 -1.09625569422 0.810827878446 -0.810827878446 -1.09625569422 
105.782728359 95.9002630778 5.07348966599 145.63643074 55.4293632507 24969473 0.0388495899956 0.0 0.0388495899956 -4.18802649271 2.86369193302 -2.86369193302 -4.18802649271 
91.5017079826 105.837480093 1.30170977116 147.099588921 54.8081359863 8388608 0.5901625817 0.0 0.5901625817 -1.0929363088 0.70706333043 -0.70706333043 -1.0929363088 
103.396768031 101.010886948 3.55455613136 147.732584046 54.251739502 15925249 0.0791460502652 0.0 0.0791460502652 -3.00561032434 1.89767643955 -1.89767643955 -3.00561032434 
95.0360080535 40.5893996664 1.57450628281 141.29093007 53.1164169312 8388608 0.403377067225 0.0 0.403377067225 -1.22863672591 0.984642996392 -0.984642996392 -1.22863672591 
202.853165067 90.1666004766 1.5590955019 127.095995892 51.6958045959 8388608 0.411390788238 0.0 0.411390788238 -0.940371955617 1.24357523662 -1.24357523662 -0.940371955617 
29.4641051901 28.7463035272 1.59109950066 139.721693479 51.1902770996 8388608 0.395007481327 0.0 0.395007481327 -1.21387075473 1.02864737 -1.02864737 -1.21387075473 
128.685981137 109.799555167 1.32343006134 142.29038671 50.1892547607 8388608 0.570949910756 0.0 0.570949910756 -1.04699320457 0.809488947943 -0.809488947943 -1.04699320457 
92.1809285337 80.3045006609 1.50471675396 137.952924364 49.4049224854 8388608 0.44166245979 0.0 0.44166245979 -1.11739483752 1.00777045339 -1.00777045339 -1.11739483752 
111.537290647 89.1898729508 2.28578305244 137.461005707 49.3593864441 17432832 0.191394733436 0.0 0.191394733436 -1.6842046656 1.54539923878 -1.54539923878 -1.6842046656 
125.525116926 47.5156163037 1.91349506378 143.242725851 48.9099731445 21299200 0.273114845601 0.0 0.273114845601 -1.53304985015 1.14508581167 -1.14508581167 -1.53304985015 
138.708678186 63.9239041749 1.70583069324 139.936835041 48.7551460266 12976128 0.343659339507 0.0 0.343659339507 -1.3055325225 1.09792676746 -1.09792676746 -1.3055325225 
105.870641757 40.7049505266 1.75087320805 136.524919855 48.102558136 14876672 0.326204994084 0.0 0.326204994084 -1.27056262314 1.20466908789 -1.20466908789 -1.27056262314 
129.429306868 63.3085136741 1.3405623436 131.854628137 47.4416275024 8388608 0.556449771243 0.0 0.556449771243 -0.894480751974 0.998504672708 -0.998504672708 -0.894480751974 
87.0080060253 43.6576789197 1.38636541367 146.286645522 47.0419654846 8388608 0.520288910548 0.0 0.520288910548 -1.15321310053 0.76948593553 -0.76948593553 -1.15321310053 
120.830004175 62.2231222779 2.40500068665 134.4995912 46.7243843079 21102848 0.172889887057 0.0 0.172889887057 -1.6856750229 1.71537984713 -1.71537984713 -1.6856750229 
213.6250705 49.0584233106 1.2940864563 146.182750984 46.3732452393 8388608 0.597136221965 0.0 0.597136221965 -1.07514897256 0.720218330221 -0.720218330221 -1.07514897256 
218.004080909 49.8798907855 1.4542580843 153.80063641 46.2923278809 8388608 0.47284306796 0.0 0.47284306796 -1.30485236941 0.642048962136 -0.642048962136 -1.30485236941 
115.554972296 42.826058008 1.39865636826 135.53884789 46.1677474976 8388608 0.511184816707 0.0 0.511184816707 -0.998256741198 0.979654589698 -0.979654589698 -0.998256741198 
76.0227095331 45.4741350834 1.79928326607 140.180375904 46.088634491 16842752 0.308887915723 0.0 0.308887915723 -1.38196513018 1.15221206838 -1.15221206838 -1.38196513018 
78.2346697942 78.3194564205 1.36407196522 139.649273117 45.8857040405 8388608 0.537434365623 0.0 0.537434365623 -1.03955296287 0.883188521033 -0.883188521033 -1.03955296287 
200.720781874 61.3185226435 2.13409805298 136.055612959 45.5820960999 12452096 0.219569119768 0.0 0.219569119768 -1.5365798718 1.48097832439 -1.48097832439 -1.5365798718 
78.3369427032 68.4955270392 2.02026128769 145.001399413 44.2087936401 8519936 0.245010623837 0.0 0.245010623837 -1.65492946564 1.15873384964 -1.15873384964 -1.65492946564 
120.272057881 63.2593088393 1.41221761703 129.681034076 44.1463813782 8388608 0.501414339964 0.0 0.501414339964 -0.901719445088 1.08685815092 -1.08685815092 -0.901719445088 
104.88458326 48.3586375054 1.99131441116 134.482527634 43.7368736267 24182784 0.252185624458 0.0 0.252185624458 -1.3952975313 1.42073146064 -1.42073146064 -1.3952975313 
202.616027081 62.1789494066 1.54008924961 138.431755802 43.3622436523 8388608 0.421607396479 0.0 0.421607396479 -1.15224234003 1.02186715702 -1.02186715702 -1.15224234003 
209.163040825 79.9184987943 1.136074543 135.177385387 42.5951957703 8388608 0.774794168476 0.0 0.774794168476 -0.805809223834 0.800835102899 -0.800835102899 -0.805809223834 
51.368068472 57.9624618986 2.6501185894 146.167172035 42.1863021851 11403776 0.142386686304 0.0 0.142386686304 -2.20136234797 1.47551087791 -1.47551087791 -2.20136234797 
238.030536796 51.560614311 2.34240555763 133.028126578 41.9933929443 19202304 0.182253476139 0.0 0.182253476139 -1.59835753279 1.7123425457 -1.7123425457 -1.59835753279 
48.7281604019 29.7783893456 1.63049435616 140.937939692 41.8943138123 9699328 0.376150289385 0.0 0.376150289385 -1.26601993024 1.02747524626 -1.02747524626 -1.26601993024 
111.845710531 63.2203309079 2.11614561081 133.1483247 40.8453788757 11862272 0.22331037666 0.0 0.22331037666 -1.44720948394 1.54390963329 -1.54390963329 -1.44720948394 
248.685196669 74.8143451771 1.74330615997 138.440500254 40.8372879028 14548992 0.329043010898 0.0 0.329043010898 -1.30445883365 1.15650487189 -1.15650487189 -1.30445883365 
229.464271576 55.0474460074 2.06134724617 141.774701696 40.5387496948 9961728 0.235341049121 0.0 0.235341049121 -1.61936093132 1.27546957762 -1.27546957762 -1.61936093132 
165.838766861 80.3397168358 1.86034858227 136.446853186 40.3296737671 19267584 0.28894244586 0.0 0.28894244586 -1.34826075364 1.28183063926 -1.28183063926 -1.34826075364 
84.6912778757 104.489758232 1.61343324184 152.592853896 39.3668289185 8978432 0.384147489149 0.0 0.384147489149 -1.43233823679 0.742680282021 -0.742680282021 -1.43233823679 
190.432736642 78.1545220003 1.53756129742 132.719009323 38.8530883789 8388608 0.422994891735 0.0 0.422994891735 -1.04308690265 1.12963023014 -1.12963023014 -1.04308690265 
28.5255353264 21.6657359328 1.24315285683 147.220396838 38.6906776428 8388608 0.647069508558 0.0 0.647069508558 -1.04519244257 0.673054071699 -0.673054071699 -1.04519244257 
159.151044302 63.9366168639 1.30025875568 134.073324095 37.9322471619 8388608 0.591480492991 0.0 0.591480492991 -0.904431871363 0.934171195123 -0.934171195123 -0.904431871363 
76.4654211552 101.055432286 1.54878509045 152.958475784 37.6154060364 8388608 0.416886355981 0.0 0.416886355981 -1.37946767268 0.704133649549 -0.704133649549 -1.37946767268 
78.2224192917 59.4309885661 1.62619543076 148.078937645 36.9516601562 9502720 0.378141660614 0.0 0.378141660614 -1.38027788473 0.859851463872 -0.859851463872 -1.38027788473 
251.748584548 50.4911435189 1.73569631577 142.560758186 35.0419845581 14221312 0.331934594085 0.0 0.331934594085 -1.37814017263 1.05516414133 -1.05516414133 -1.37814017263 
190.994668031 111.853503631 1.32984256744 135.470059866 34.7206382751 8388608 0.565456940883 0.0 0.565456940883 -0.948023607088 0.932594496332 -0.932594496332 -0.948023607088 
211.839743706 58.785550116 2.79966926575 146.611244096 33.5406646729 15401472 0.127581158242 0.0 0.127581158242 -2.33760030737 1.54070529321 -1.54070529321 -2.33760030737 
165.077546364 109.541040546 1.40401244164 138.141717063 33.4097595215 8388608 0.50729208626 0.0 0.50729208626 -1.04570509388 0.936884087225 -0.936884087225 -1.04570509388 
39.2135419843 37.5295262195 2.18058609962 143.842371813 33.3891830444 14024960 0.210306899817 0.0 0.210306899817 -1.76059837123 1.28656484994 -1.28656484994 -1.76059837123 
147.335821757 63.9601104574 1.7914866209 138.430041548 33.1804656982 16515072 0.311582359487 0.0 0.311582359487 -1.34029372878 1.1887123426 -1.1887123426 -1.34029372878 
245.756678109 61.1050244621 1.6676377058 140.572103488 32.7122955322 11337728 0.359580877415 0.0 0.359580877415 -1.2881241219 1.05912783194 -1.05912783194 -1.2881241219 
88.7456377857 87.909600306 1.47397816181 140.975106407 32.479850769 8388608 0.460275545848 0.0 0.460275545848 -1.1450930465 0.928102115261 -0.928102115261 -1.1450930465 
149.871952002 40.8612744069 1.68369209766 127.598329561 29.8169689178 12058624 0.352756197793 0.0 0.352756197793 -1.02725769897 1.33400176149 -1.33400176149 -1.02725769897 
29.0298720535 92.6507178379 1.3537633419 132.520720591 29.6814498901 8388608 0.545650428239 0.0 0.545650428239 -0.914950152466 0.997768211753 -0.997768211753 -0.914950152466 
221.003171006 69.7840583796 1.27456891537 135.69814447 29.1437416077 8388608 0.615564201024 0.0 0.615564201024 -0.912170882332 0.890207954046 -0.890207954046 -0.912170882332 
254.690628202 42.7307123729 1.73306763172 136.128215796 27.7773590088 14155776 0.332942301909 0.0 0.332942301909 -1.24935545068 1.20109715426 -1.20109715426 -1.24935545068 
79.4107137124 29.6136803149 1.51569521427 139.531337951 27.2378921509 8388608 0.435287545548 0.0 0.435287545548 -1.15308190956 0.983734767312 -0.983734767312 -1.15308190956 
61.5902922933 87.9170048161 2.70800375938 139.840602905 26.6953620911 12976640 0.136364547015 0.0 0.136364547015 -2.06960065578 1.74643565196 -1.74643565196 -2.06960065578 
201.27691316 70.7010173115 1.56274533272 137.448113787 26.1415805817 8388608 0.409471405287 0.0 0.409471405287 -1.15122015004 1.05681840497 -1.05681840497 -1.15122015004 
193.191384026 86.8203685721 1.9627622366 131.583546612 26.1134490967 23134208 0.259576046041 0.0 0.259576046041 -1.30270775681 1.46812400625 -1.46812400625 -1.30270775681 
209.111571597 71.9002062997 1.76749408245 141.075936433 25.9224357605 15532032 0.320098812557 0.0 0.320098812557 -1.3750738844 1.11049860151 -1.11049860151 -1.3750738844 
64.8545374842 59.6250059051 2.36013484001 142.779311605 24.1673603058 19792128 0.17952559225 0.0 0.17952559225 -1.87940264938 1.42761414414 -1.42761414414 -1.87940264938 
97.041743117 50.3338320178 1.39082074165 135.034892188 23.8469905853 8388608 0.51696088291 0.0 0.51696088291 -0.984057505665 0.982859685284 -0.982859685284 -0.984057505665 
88.4917166081 70.4056657388 2.07047724724 144.092990291 23.770532608 10289408 0.23327009988 0.0 0.23327009988 -1.67702424086 1.21427580347 -1.21427580347 -1.67702424086 
119.643906252 49.6891811133 1.27039146423 136.949583963 23.6017150879 8388608 0.619619198841 0.0 0.619619198841 -0.928342768221 0.867222103666 -0.867222103666 -0.928342768221 
167.977388956 89.1837945044 1.50917828083 128.32201176 23.3130493164 8388608 0.439054979526 0.0 0.439054979526 -0.935811992204 1.18400802302 -1.18400802302 -0.935811992204 
187.556672581 150.471040807 1.28736710548 128.769902791 22.9570617676 8388608 0.603385937253 0.0 0.603385937253 -0.806141997905 1.00371766125 -1.00371766125 -0.806141997905 
206.022293834 54.6054294071 1.31370425224 139.070434005 22.9016513824 8388608 0.579435085459 0.0 0.579435085459 -0.992523933656 0.860648071794 -0.860648071794 -0.992523933656 
40.8173548641 91.0209048161 1.52563869953 134.615882266 22.7315044403 8388608 0.429631985899 0.0 0.429631985899 -1.07153294797 1.08599750595 -1.08599750595 -1.07153294797 
55.4971478976 85.6907146084 1.26765930653 136.132427405 22.142873764 8388608 0.622292979868 0.0 0.622292979868 -0.91391065791 0.878480180073 -0.878480180073 -0.91391065791 
163.724300368 161.360778362 1.43714690208 128.381492269 21.845615387 8388608 0.484169774328 0.0 0.484169774328 -0.892316748828 1.12657092006 -1.12657092006 -0.892316748828 
133.787773211 73.831394417 1.50504302979 139.385094107 21.5269699097 8388608 0.441470985977 0.0 0.441470985977 -1.14248114123 0.979740457185 -0.979740457185 -1.14248114123 
60.9464252885 25.2554410024 1.30329620838 139.815072057 21.0803279877 8388608 0.588726705413 0.0 0.588726705413 -0.995673723153 0.840960667216 -0.840960667216 -0.995673723153 
186.494999192 53.6278416871 1.53242540359 143.197050754 20.74958992 8388608 0.425834961235 0.0 0.425834961235 -1.2270138416 0.918022140309 -0.918022140309 -1.2270138416 
177.69231469 40.5726631414 1.34153318405 131.758652759 20.3114109039 8388608 0.555644679755 0.0 0.555644679755 -0.893453490526 1.00072580869 -1.00072580869 -0.893453490526 
54.9946591346 92.1613871465 1.53515291214 134.25912758 19.7821140289 8388608 0.424323142191 0.0 0.424323142191 -1.07139022139 1.09946234913 -1.09946234913 -1.07139022139 
67.3781326366 100.143335667 1.47191011906 134.244926745 19.2312259674 8388608 0.461569834387 0.0 0.461569834387 -1.02699147896 1.05442301792 -1.05442301792 -1.02699147896 
35.2546553941 82.0458012738 1.34748327732 136.756990118 18.7167816162 8388608 0.550748384187 0.0 0.550748384187 -0.981580334094 0.923152874869 -0.923152874869 -0.981580334094 
227.555240164 104.062810604 2.01177334785 126.408695286 18.3860836029 24903680 0.247082450234 0.0 0.247082450234 -1.19407002815 1.61908269431 -1.61908269431 -1.19407002815 
34.0929508994 76.6121773603 1.29694116116 140.583627448 17.879524231 8388608 0.594510394875 0.0 0.594510394875 -1.00195470138 0.823494475933 -0.823494475933 -1.00195470138 
135.151188709 40.9871144907 1.38180506229 136.589466233 17.8469333649 8388608 0.523728781491 0.0 0.523728781491 -1.00380999149 0.949605566094 -0.949605566094 -1.00380999149 
209.015557828 41.7433948876 1.25634217262 135.411028496 17.7042865753 8388608 0.633554709186 0.0 0.633554709186 -0.894718131331 0.881972289915 -0.881972289915 -0.894718131331 
238.279413744 78.2105631692 1.68328356743 135.700442081 17.4722614288 12058624 0.352927445304 0.0 0.352927445304 -1.20472288883 1.17562167789 -1.17562167789 -1.20472288883 
63.8122484065 30.6023922345 1.21980702877 144.627001207 17.0785255432 8388608 0.672074994188 0.0 0.672074994188 -0.994631501743 0.706142594083 -0.706142594083 -0.994631501743 
243.723581969 135.194557203 1.23559367657 121.22625391 16.3117408752 8388608 0.655011079191 0.0 0.655011079191 -0.640555111646 1.0565892686 -1.0565892686 -0.640555111646 
180.09617835 52.9489009041 1.45024502277 143.924492788 16.0605373383 8388608 0.475463554434 0.0 0.475463554434 -1.17214847304 0.853978092941 -0.853978092941 -1.17214847304 
217.293123331 106.24421984 2.59261822701 131.271053269 15.780960083 9830912 0.148772568194 0.0 0.148772568194 -1.71014810639 1.94860532823 -1.94860532823 -1.71014810639 
237.480386807 138.201437845 1.21184909344 121.006029227 15.5375118256 8388608 0.680930700726 0.0 0.680930700726 -0.624257729006 1.03869173148 -1.03869173148 -0.624257729006 
233.677938144 98.8678903649 1.53235983849 131.889844126 15.3931407928 8388608 0.425871402431 0.0 0.425871402431 -1.02315760381 1.14073449688 -1.14073449688 -1.02315760381 
201.711009918 158.259067677 2.09120440483 116.092454589 15.3884754181 11010304 0.228668861745 0.0 0.228668861745 -0.919755409178 1.87808036305 -1.87808036305 -0.919755409178 
46.8624207437 81.1203106198 1.74927067757 136.961185423 14.7480268478 14811136 0.326802949452 0.0 0.326802949452 -1.27852710334 1.19386613547 -1.19386613547 -1.27852710334 
212.950216997 110.251100236 1.79358029366 134.235806655 11.4465503693 16646144 0.310855354681 0.0 0.310855354681 -1.25122492166 1.28505504365 -1.28505504365 -1.25122492166 
176.735772071 81.5147586491 1.77862823009 132.355381861 11.3827991486 15990784 0.316103742605 0.0 0.316103742605 -1.19831008093 1.31437107806 -1.31437107806 -1.19831008093 
37.3470753915 103.392184756 1.73317492008 132.869058323 11.0603122711 14155776 0.332901083071 0.0 0.332901083071 -1.17912252481 1.27026193168 -1.27026193168 -1.17912252481 
109.003386992 73.3935905223 1.27069354057 129.759185623 9.2749786377 8388608 0.619324635209 0.0 0.619324635209 -0.812687624946 0.97683207273 -0.97683207273 -0.812687624946 
256.012133903 143.214624052 1.53659248352 122.630771234 6.86729431152 8388608 0.423528452225 0.0 0.423528452225 -0.82856624572 1.29406121836 -1.29406121836 -0.82856624572 
249.52013461 151.54624979 1.29330742359 119.904436845 6.48789978027 8388608 0.597855816926 0.0 0.597855816926 -0.644784712663 1.12111407369 -1.12111407369 -0.644784712663 
182.327530311 132.859071995 1.35177075863 128.291149596 5.92995452881 8388608 0.547260250387 0.0 0.547260250387 -0.837635295779 1.06096715083 -1.06096715083 -0.837635295779 
108.522299671 139.734650732 1.78653085232 124.673421075 5.57690048218 16318464 0.313313392282 0.0 0.313313392282 -1.01635396816 1.46925732862 -1.46925732862 -1.01635396816 
123.94917377 143.58621651 3.23869276047 125.687880402 5.40046882629 9240577 0.0953367842752 0.0 0.0953367842752 -1.88935431983 2.63048874753 -2.63048874753 -1.88935431983 
256.435660467 164.295627388 1.27729487419 121.438087702 5.37041664124 8388608 0.612939572786 0.0 0.612939572786 -0.666207525808 1.08979343373 -1.08979343373 -0.666207525808 
131.750976952 131.643977958 1.5245347023 127.014081253 5.35507965088 8388608 0.43025445026 0.0 0.43025445026 -0.917787089075 1.21732202709 -1.21732202709 -0.917787089075 
123.435226055 132.769814593 1.82728493214 127.141491146 5.16084671021 17956864 0.299493536375 0.0 0.299493536375 -1.10328797389 1.45661452343 -1.45661452343 -1.10328797389 
262.581505509 139.89586635 1.28304672241 121.597657157 4.77244949341 8388608 0.607456322782 0.0 0.607456322782 -0.672253713515 1.09283294083 -1.09283294083 -0.672253713515 
67.280996387 126.585376695 1.26147460938 126.603054638 4.76745223999 8388608 0.628409834201 0.0 0.628409834201 -0.752176532553 1.0126937612 -1.0126937612 -0.752176532553 
152.05409734 128.003079437 1.38694429398 135.823197053 4.72846412659 8388608 0.519854686689 0.0 0.519854686689 -0.994706470803 0.966526518796 -0.966526518796 -0.994706470803 
195.886821445 136.961737088 1.5294200182 123.715480917 4.55200386047 8388608 0.427510178759 0.0 0.427510178759 -0.848933938843 1.27217795907 -1.27217795907 -0.848933938843 
147.582280905 136.363187177 1.25340390205 125.801192687 4.38964653015 8388608 0.63652859033 0.0 0.63652859033 -0.733209393881 1.01657529303 -1.01657529303 -0.733209393881 
259.733137448 151.687942002 1.44582152367 119.367312259 4.26457977295 8388608 0.4783773719 0.0 0.4783773719 -0.709040473559 1.26002439863 -1.26002439863 -0.709040473559 
129.501808408 149.560404347 1.38475298882 124.798693477 4.25858688354 8388608 0.521501278681 0.0 0.521501278681 -0.790271389214 1.13710684257 -1.13710684257 -0.790271389214 
163.279425944 147.667680297 2.18301534653 121.291449782 4.16593360901 14090496 0.209839103629 0.0 0.209839103629 -1.13383982419 1.86546596224 -1.86546596224 -1.13383982419 
99.0124796451 123.991147439 1.45506310463 138.689506085 4.1083316803 8388608 0.472320007503 0.0 0.472320007503 -1.0929608139 0.960544271616 -0.960544271616 -1.0929608139 
72.3909133368 133.558431433 1.94720673561 126.435885601 4.04429626465 22544384 0.26373992216 0.0 0.26373992216 -1.15649065727 1.56657059556 -1.56657059556 -1.15649065727 
107.946720461 157.978578757 1.70283126831 122.694256304 3.88275146484 12845056 0.344871072269 0.0 0.344871072269 -0.919794457317 1.4330430854 -1.4330430854 -0.919794457317 
139.129422587 150.445471622 1.68934106827 124.419769876 3.80051231384 12255232 0.35040098637 0.0 0.35040098637 -0.954902868031 1.3935687129 -1.3935687129 -0.954902868031 
92.1540599782 133.262214235 1.89101278782 127.139921204 3.68514633179 20447232 0.279647582011 0.0 0.279647582011 -1.14172461851 1.50744627074 -1.50744627074 -1.14172461851 
63.9645857388 134.050802899 1.70237374306 126.615756064 3.64318847656 12845056 0.345056470368 0.0 0.345056470368 -1.01537336838 1.3664162191 -1.3664162191 -1.01537336838 
101.389610935 158.834043856 1.68926858902 123.063304342 3.64011764526 12255232 0.350431055413 0.0 0.350431055413 -0.92160636454 1.4157224568 -1.4157224568 -0.92160636454 
55.2037067796 151.408953648 1.67881381512 123.762552354 3.5580291748 11862016 0.354809248102 0.0 0.354809248102 -0.93300476991 1.39567830289 -1.39567830289 -0.93300476991 
52.3475373241 132.79624972 1.30537891388 126.53067042 3.43779373169 8388608 0.586849601089 0.0 0.586849601089 -0.777030722365 1.04892200153 -1.04892200153 -0.777030722365 
62.769826747 149.292975547 2.09220290184 123.778750671 3.4189453125 11075840 0.228450650891 0.0 0.228450650891 -1.16323842951 1.73901964871 -1.73901964871 -1.16323842951 
31.4131331536 140.066617924 1.40559327602 125.7461417 3.39414978027 8388608 0.506151651362 0.0 0.506151651362 -0.821140582008 1.14079823027 -1.14079823027 -0.821140582008 
79.6497976336 142.554815465 1.79506528378 124.576143293 3.3796043396 16646144 0.310341249489 0.0 0.310341249489 -1.01870127161 1.47800781196 -1.47800781196 -1.01870127161 
92.8943514027 140.764380469 1.35709893703 124.769340431 3.27829360962 8388608 0.542971431004 0.0 0.542971431004 -0.773918348457 1.11479501022 -1.11479501022 -0.773918348457 
176.206429061 146.882269809 1.40844345093 122.765977811 3.21936798096 8388608 0.50410519211 0.0 0.50410519211 -0.762262253347 1.18434336726 -1.18434336726 -0.762262253347 
71.3795216501 147.888319832 1.7210021019 124.195131145 3.17852401733 13631488 0.3376270223 0.0 0.3376270223 -0.967225713554 1.42348960438 -1.42348960438 -0.967225713554 
46.4211043094 140.522744666 1.96519958973 125.851931452 3.12585067749 23199744 0.258932563159 0.0 0.258932563159 -1.1510027834 1.59285969881 -1.59285969881 -1.1510027834 
38.5188201844 139.855268332 1.56581294537 125.817668297 3.09394073486 8388608 0.407868571128 0.0 0.407868571128 -0.916325878318 1.2696917203 -1.2696917203 -0.916325878318 
43.8544239168 155.390150972 1.56043314934 123.822409391 2.56586647034 8388608 0.410685778902 0.0 0.410685778902 -0.868569213446 1.29635609884 -1.29635609884 -0.868569213446 
63.6069949026 159.444923867 1.49602627754 121.819749468 2.44003677368 8388608 0.446808633415 0.0 0.446808633415 -0.788777934609 1.2711899909 -1.2711899909 -0.788777934609 
75.2406267719 159.100224024 1.51053833961 122.674553643 2.28858184814 8388608 0.438264702657 0.0 0.438264702657 -0.815489096619 1.27149660194 -1.27149660194 -0.815489096619 
221.917008344 158.214927177 1.30143725872 122.113397788 2.24468994141 8388608 0.590409759932 0.0 0.590409759932 -0.691839689761 1.10231428461 -1.10231428461 -0.691839689761 
