13
177
127.520660687 125.962540087 3.26580762863 256.409118652 148.216171265 9830401 0.0937602597115 0.0 0.0937602597115 -0.767423715529 -3.1743598265 3.1743598265 -0.767423715529 
95.9126818763 112.464397423 3.87276554108 89.7092895508 136.494384766 22151169 0.0666741655716 0.0 0.0666741655716 0.0196497645913 3.87271569095 -3.87271569095 0.0196497645913 
50.6011677119 119.64443158 2.16083860397 104.706863403 121.417137146 13369600 0.214168374229 0.0 0.214168374229 -0.548580330886 2.09004380169 -2.09004380169 -0.548580330886 
103.003048788 54.4789996885 1.56785917282 39.0572509766 120.032112122 8388608 0.406804639793 0.0 0.406804639793 1.21746890198 0.987902757619 -0.987902757619 1.21746890198 
87.4216005244 128.277777428 2.08535265923 100.580322266 116.014129639 10813696 0.229954005964 0.0 0.229954005964 -0.382899441063 2.04989846855 -2.04989846855 -0.382899441063 
196.203461741 69.1928793507 2.81982445717 77.0147094727 113.27129364 15925760 0.12576385872 0.0 0.12576385872 0.633617088137 2.74771529727 -2.74771529727 0.633617088137 
166.90477321 105.773623618 4.77457380295 342.198577881 103.657325745 20578561 0.0438662771638 0.0 0.0438662771638 4.54597582684 -1.45967762934 1.45967762934 4.54597582684 
51.7880908713 101.217808931 3.28449034691 121.307617188 103.632995605 10223617 0.0926966459601 0.0 0.0926966459601 -1.70672859799 2.80623490317 -2.80623490317 -1.70672859799 
172.480082334 69.4382546391 2.219830513 81.2897338867 98.9416809082 15335680 0.202936593718 0.0 0.202936593718 0.336166545964 2.1942286936 -2.1942286936 0.336166545964 
123.945548444 101.432923907 1.32186818123 351.845092773 98.2115020752 8388608 0.572299942716 0.0 0.572299942716 1.30850168258 -0.187506893818 0.187506893818 1.30850168258 
237.423037066 85.9456108034 4.4323515892 359.932617188 92.9029998779 15204609 0.0509016188209 0.0 0.0509016188209 4.43234852401 -0.00521267447202 0.00521267447202 4.43234852401 
181.914244219 49.9188500849 1.30980682373 15.8889770508 89.8809509277 8388608 0.582888520978 0.0 0.582888520978 1.25976434144 0.358591298729 -0.358591298729 1.25976434144 
81.296509672 91.934567097 2.78408622742 37.992980957 88.2280731201 15008256 0.129013345179 0.0 0.129013345179 2.19409985068 1.71378585796 -1.71378585796 2.19409985068 
154.330003271 68.0589254793 2.98473119736 100.118652344 87.4212799072 20054528 0.112250827179 0.0 0.112250827179 -0.524379116649 2.93830680197 -2.93830680197 -0.524379116649 
85.0507141973 87.3352199145 4.6698141098 37.8305664062 86.9575271606 19005697 0.0458564904748 0.0 0.0458564904748 3.68834958185 2.8641300917 -2.8641300917 3.68834958185 
51.0227090896 96.5479342993 1.73699688911 275.266113281 86.6666259766 14286848 0.331437709295 0.0 0.331437709295 0.159424466709 -1.72966529485 1.72966529485 0.159424466709 
78.4009690183 111.525187147 3.80709266663 84.852722168 83.5774154663 20905985 0.0689942827552 0.0 0.0689942827552 0.341557710495 3.79174008902 -3.79174008902 0.341557710495 
138.272988576 102.131466497 2.44037151337 45.9396057129 82.9310913086 22151424 0.167914463582 0.0 0.167914463582 1.69707394664 1.75366848146 -1.75366848146 1.69707394664 
159.388165938 97.8278306228 1.60711574554 121.646026611 78.6713180542 8650752 0.387173556518 0.0 0.387173556518 -0.843205326009 1.36814684803 -1.36814684803 -0.843205326009 
188.946572591 70.1728538389 1.53045094013 80.2138977051 75.9872512817 8388608 0.426934425338 0.0 0.426934425338 0.260131470075 1.50818158669 -1.50818158669 0.260131470075 
65.8073639768 90.0953021658 1.93209087849 230.62512207 75.9172821045 22020096 0.26788284315 0.0 0.26788284315 -1.2257022957 -1.49352905731 1.49352905731 -1.2257022957 
76.8084051302 130.076193563 1.294277668 34.1435546875 73.0342025757 8388608 0.596959797693 0.0 0.596959797693 1.07118809081 0.72643702823 -0.72643702823 1.07118809081 
179.080471945 52.6451798776 3.07341957092 18.1711120605 72.7712402344 22151680 0.105865949037 0.0 0.105865949037 2.9201463138 0.958464065555 -0.958464065555 2.9201463138 
236.73128606 74.1870713116 1.51871669292 336.823699951 72.6084060669 8388608 0.433557264016 0.0 0.433557264016 1.39615353975 -0.597708697294 0.597708697294 1.39615353975 
167.217278504 100.847713588 2.17791748047 340.231384277 72.1776275635 13959424 0.210822596914 0.0 0.210822596914 2.04956447179 -0.736620681034 0.736620681034 2.04956447179 
147.84678392 43.9923209947 2.32190132141 267.398010254 66.565536499 18546944 0.185486575233 0.0 0.185486575233 -0.105408933118 -2.31950742685 2.31950742685 -0.105408933118 
71.3911131527 84.4945239597 1.70448851585 238.229095459 65.5139389038 12910592 0.344200772781 0.0 0.344200772781 -0.897454353768 -1.44908825942 1.44908825942 -0.897454353768 
134.309644771 105.549713668 4.58487939835 203.473297119 65.0525970459 17629441 0.0475712066217 0.0 0.0475712066217 -4.20546143151 -1.82625662091 1.82625662091 -4.20546143151 
143.996348454 126.526307977 1.51992082596 193.548583984 62.3354263306 8388608 0.432870578476 0.0 0.432870578476 -1.47762389276 -0.356071550015 0.356071550015 -1.47762389276 
106.587849262 60.2332119029 3.92978286743 111.346252441 61.0749855042 23199745 0.0647534467166 0.0 0.0647534467166 -1.43045364382 3.66019067236 -3.66019067236 -1.43045364382 
63.1481438644 123.84592193 2.95770311356 142.841262817 60.0593566895 19399168 0.114311741986 0.0 0.114311741986 -2.35718623692 1.78652756834 -1.78652756834 -2.35718623692 
75.9910884905 118.59256638 1.3522285223 349.845733643 58.6054153442 8388608 0.546889790136 0.0 0.546889790136 1.33104808547 -0.238396666683 0.238396666683 1.33104808547 
148.974184921 117.572135063 1.29807662964 202.964904785 56.9248886108 8388608 0.59347077586 0.0 0.59347077586 -1.19519628664 -0.506466951364 0.506466951364 -1.19519628664 
159.258580429 45.0878515325 2.63466858864 287.087860107 56.6790847778 11010560 0.144061526609 0.0 0.144061526609 0.774165232779 -2.51836192084 2.51836192084 0.774165232779 
124.208475524 106.690739025 2.99178695679 85.3773193359 54.6333045959 20185600 0.111721992132 0.0 0.111721992132 0.241118567775 2.98205483368 -2.98205483368 0.241118567775 
114.667197917 110.328174861 3.77946257591 267.219085693 54.0539398193 20381697 0.070006747573 0.0 0.070006747573 -0.183368399667 -3.77501170763 3.77501170763 -0.183368399667 
86.632322614 111.214326352 1.51069331169 101.960662842 53.9621505737 8388608 0.438174789891 0.0 0.438174789891 -0.313076205772 1.47789633309 -1.47789633309 -0.313076205772 
57.0909648253 72.1580838702 4.76637840271 241.393737793 51.207233429 20447489 0.0440172558461 0.0 0.0440172558461 -2.28208390196 -4.18454969408 4.18454969408 -2.28208390196 
119.126054868 116.533735579 1.70893597603 266.426971436 50.7588691711 13107200 0.342411557395 0.0 0.342411557395 -0.106502088219 -1.70561410506 1.70561410506 -0.106502088219 
67.3674956695 65.2470692032 5.72518634796 248.0259552 50.5080032349 17039873 0.0305084923157 0.0 0.0305084923157 -2.1422876548 -5.30927135518 5.30927135518 -2.1422876548 
207.934723531 87.1225352623 4.82463407516 246.897521973 47.4407501221 21364993 0.0429606892403 0.0 0.0429606892403 -1.89307495372 -4.43772026821 4.43772026821 -1.89307495372 
168.394290402 113.271790548 2.01303172112 0.603485107422 47.1671028137 24969216 0.246773637646 0.0 0.246773637646 2.01292005936 0.0212024727237 -0.0212024727237 2.01292005936 
222.979502061 97.2463136199 1.24640512466 204.077514648 46.4125823975 8388608 0.643697093396 0.0 0.643697093396 -1.13796084104 -0.508498632302 0.508498632302 -1.13796084104 
155.106977069 108.016324945 2.91003847122 204.394515991 46.2682876587 18219520 0.118087122238 0.0 0.118087122238 -2.6502395385 -1.20189612387 1.20189612387 -2.6502395385 
53.3548506523 88.308979789 1.79225242138 269.063201904 42.9306030273 16580608 0.311316148166 0.0 0.311316148166 -0.0293024000006 -1.79201286583 1.79201286583 -0.0293024000006 
58.4744321338 138.578936121 4.02556037903 110.298217773 42.7907791138 24969217 0.0617088296861 0.0 0.0617088296861 -1.39649297183 3.77557197585 -3.77557197585 -1.39649297183 
225.47538943 93.2316753509 1.88069677353 203.496307373 42.4393157959 20054016 0.282723846607 0.0 0.282723846607 -1.72476025106 -0.749814930724 0.749814930724 -1.72476025106 
127.302777311 112.525198205 1.4834138155 273.677215576 42.3210868835 8388608 0.454438754802 0.0 0.454438754802 0.0951394405243 -1.48035976535 1.48035976535 0.0951394405243 
210.426756738 49.0590802393 2.01045489311 294.000366211 39.8810539246 24903680 0.247406629451 0.0 0.247406629451 0.817737413319 -1.8366367088 1.8366367088 0.817737413319 
186.194047767 96.4738589405 4.67236566544 250.78465271 37.9942474365 19005697 0.0458064201477 0.0 0.0458064201477 -1.53776710154 -4.4120599784 4.4120599784 -1.53776710154 
160.564363882 84.7163935331 3.33551239967 274.969177246 37.4731788635 11337729 0.0898824457016 0.0 0.0898824457016 0.288921479387 -3.32297567658 3.32297567658 0.288921479387 
214.445465692 96.9650980651 1.56640696526 255.910369873 37.0912857056 8388608 0.407559282279 0.0 0.407559282279 -0.38132528485 -1.5192833205 1.5192833205 -0.38132528485 
38.1156620209 93.2956122931 1.91748321056 0.0180053710938 36.598449707 21430272 0.271979931504 0.0 0.271979931504 1.91748311588 0.000602574857998 -0.000602574857998 1.91748311588 
111.857455682 117.845688459 1.3578094244 263.247680664 36.0320167542 8388608 0.542403349203 0.0 0.542403349203 -0.159647969062 -1.34839124848 1.34839124848 -0.159647969062 
137.738065165 135.722932258 1.51254439354 238.59828186 34.7381820679 8388608 0.437102952152 0.0 0.437102952152 -0.788088911737 -1.29100984103 1.29100984103 -0.788088911737 
230.504795947 81.943545798 1.89708709717 209.100128174 33.8489303589 20643840 0.277859634127 0.0 0.277859634127 -1.65761994623 -0.922624283287 0.922624283287 -1.65761994623 
176.171700154 88.1300164654 1.67808020115 245.738830566 33.024848938 11796480 0.355119543065 0.0 0.355119543065 -0.689517427018 -1.52987544569 1.52987544569 -0.689517427018 
195.754892581 51.600003398 3.637165308 276.704864502 32.8718490601 17629185 0.0755916664939 0.0 0.0755916664939 0.424657448061 -3.61228979036 3.61228979036 0.424657448061 
171.55390306 47.0768341557 1.38349092007 278.90045166 32.762424469 8388608 0.522453176029 0.0 0.522453176029 0.214051189368 -1.36683181637 1.36683181637 0.214051189368 
230.624048616 63.1520803769 2.59986877441 254.801177979 32.1002426147 10027520 0.147943927574 0.0 0.147943927574 -0.68160587607 -2.50893026485 2.50893026485 -0.68160587607 
209.615932399 90.1154716667 1.50795066357 71.4964294434 31.7661743164 8388608 0.439770136701 0.0 0.439770136701 0.478568882522 1.42999546448 -1.42999546448 0.478568882522 
157.268035593 90.002282492 1.54801511765 258.19229126 31.3547325134 8388608 0.417301172324 0.0 0.417301172324 -0.316766849942 -1.51525891096 1.51525891096 -0.316766849942 
134.310653385 92.7517444351 1.55916905403 257.768463135 31.2834415436 8388608 0.411351975313 0.0 0.411351975313 -0.330329852481 -1.52377502526 1.52377502526 -0.330329852481 
161.211737607 123.685357272 1.30894076824 27.0923156738 31.1783046722 8388608 0.583660107927 0.0 0.583660107927 1.16531579322 0.596125017788 -0.596125017788 1.16531579322 
96.835154225 50.3332692451 1.397788167 222.183044434 30.9736671448 8388608 0.511820033318 0.0 0.511820033318 -1.03576570935 -0.938616617767 0.938616617767 -1.03576570935 
81.5012142468 102.097535967 1.45307719707 285.61831665 29.7841739655 8388608 0.473611920748 0.0 0.473611920748 0.391208655404 -1.39942457053 1.39942457053 0.391208655404 
163.211801605 107.476435011 1.47236943245 317.63092041 29.1001605988 8388608 0.461281901028 0.0 0.461281901028 1.0878147018 -0.992235314916 0.992235314916 1.0878147018 
104.27898042 44.9578396957 2.02533602715 259.869598389 27.4626655579 8716544 0.243784350904 0.0 0.243784350904 -0.356234504392 -1.99376101896 1.99376101896 -0.356234504392 
154.268017565 134.571287195 1.29854571819 113.056274414 26.884771347 8388608 0.593042080803 0.0 0.593042080803 -0.508555998625 1.19481872202 -1.19481872202 -0.508555998625 
210.58653992 54.1436014085 1.24704480171 0.522735595703 25.937625885 8388608 0.643036888327 0.0 0.643036888327 1.24699290164 0.0113772021163 -0.0113772021163 1.24699290164 
60.8257463125 81.3920012629 1.81544399261 235.619979858 25.1955280304 17498112 0.303413073304 0.0 0.303413073304 -1.02514353436 -1.49830491699 1.49830491699 -1.02514353436 
124.903611673 56.83464222 1.25701153278 239.679870605 22.6598949432 8388608 0.632880151538 0.0 0.632880151538 -0.634578294118 -1.08507528872 1.08507528872 -0.634578294118 
230.527170003 150.937331022 1.66782391071 75.778137207 21.026184082 11337728 0.359500590777 0.0 0.359500590777 0.409746453175 1.61670790227 -1.61670790227 0.409746453175 
84.1059139168 160.199561381 1.54824125767 115.941467285 20.7816581726 8388608 0.417179277104 0.0 0.417179277104 -0.677282350081 1.39224265493 -1.39224265493 -0.677282350081 
54.6225767673 74.6097102678 1.79555141926 60.25 20.3514595032 16711680 0.31017322593 0.0 0.31017322593 0.890982247433 1.55889561355 -1.55889561355 0.890982247433 
38.5365664861 125.036942093 1.22243893147 168.533599854 19.4704284668 8388608 0.66918416374 0.0 0.66918416374 -1.19804082424 0.243012601773 -0.243012601773 -1.19804082424 
196.473431834 80.8200914936 2.56119179726 250.070739746 19.4594287872 8978944 0.152445916472 0.0 0.152445916472 -0.873007066256 -2.40781271792 2.40781271792 -0.873007066256 
177.868975104 41.5411974731 1.54033184052 281.892181396 18.8892478943 8388608 0.421474606826 0.0 0.421474606826 0.317417192486 -1.50727187488 1.50727187488 0.317417192486 
197.677352437 33.5976874573 3.10205054283 273.213806152 18.8858146667 22807040 0.1039207472 0.0 0.1039207472 0.173907438168 -3.09717189921 3.09717189921 0.173907438168 
157.043971475 140.593219694 1.29394960403 64.3248291016 18.827999115 8388608 0.597262538733 0.0 0.597262538733 0.560627684938 1.1661913122 -1.1661913122 0.560627684938 
45.1849061327 79.6107204506 2.02470111847 45.2080688477 18.790561676 8651008 0.243937267368 0.0 0.243937267368 1.42647133576 1.43686956519 -1.43686956519 1.42647133576 
206.590595309 68.5721285469 1.27207183838 224.484390259 18.1768550873 8388608 0.617983278044 0.0 0.617983278044 -0.907548687029 -0.891359715642 0.891359715642 -0.907548687029 
126.293654356 32.194686876 2.45498681068 257.875915527 17.3003463745 22610176 0.165921121108 0.0 0.165921121108 -0.515619796776 -2.40022841951 2.40022841951 -0.515619796776 
134.069993022 72.4054520907 1.34326851368 72.3184509277 15.4808883667 8388608 0.554209964599 0.0 0.554209964599 0.407985922002 1.2798116218 -1.2798116218 0.407985922002 
241.680314477 65.2445924594 2.36723947525 336.142669678 13.9826450348 19988736 0.178449613347 0.0 0.178449613347 2.1649716956 -0.957455111444 0.957455111444 2.1649716956 
117.562699536 76.7629685816 1.31537556648 57.7711181641 13.1869812012 8388608 0.577963562195 0.0 0.577963562195 0.701493420109 1.11270834563 -1.11270834563 0.701493420109 
236.230459643 142.674516832 1.38909780979 248.359054565 12.9135885239 8388608 0.518244076564 0.0 0.518244076564 -0.512283863348 -1.2911847151 1.2911847151 -0.512283863348 
107.049894153 109.523071892 1.2804325819 132.615646362 12.7152423859 8388608 0.609939229287 0.0 0.609939229287 -0.866951397773 0.942285981374 -0.942285981374 -0.866951397773 
148.963208037 165.396105479 1.38574004173 261.925018311 12.5872631073 8388608 0.52075861986 0.0 0.52075861986 -0.194653410964 -1.37200055133 1.37200055133 -0.194653410964 
169.023022187 76.2373527673 1.33041751385 86.8185424805 12.0182743073 8388608 0.564968316548 0.0 0.564968316548 0.073836015879 1.32836704412 -1.32836704412 0.073836015879 
225.318831503 145.700081718 1.29133629799 248.482330322 11.6461143494 8388608 0.599682371814 0.0 0.599682371814 -0.473646844713 -1.20133596508 1.20133596508 -0.473646844713 
108.136836726 95.6509151221 1.37206912041 290.626647949 11.5134239197 8388608 0.531187711435 0.0 0.531187711435 0.483348347473 -1.28411372011 1.28411372011 0.483348347473 
221.270641382 62.5653117525 1.53240990639 59.7782592773 11.1179008484 8388608 0.425843574186 0.0 0.425843574186 0.771335242513 1.32413068269 -1.32413068269 0.771335242513 
128.161278252 169.617042214 1.39691972733 250.899597168 10.2817401886 8388608 0.512456609606 0.0 0.512456609606 -0.457106418915 -1.32001456294 1.32001456294 -0.457106418915 
252.208693875 69.5151971055 1.46324706078 262.448852539 10.1153202057 8388608 0.467051401003 0.0 0.467051401003 -0.192287044239 -1.45055770429 1.45055770429 -0.192287044239 
222.211169387 76.1143133629 1.46091151237 211.048294067 9.20155906677 8388608 0.468545937924 0.0 0.468545937924 -1.25161092095 -0.753480291419 0.753480291419 -1.25161092095 
252.428903681 137.077373986 1.79941654205 80.239074707 9.07979202271 16842752 0.308842161096 0.0 0.308842161096 0.305068454058 1.77336773686 -1.77336773686 0.305068454058 
199.967738167 151.513487518 1.51782751083 259.459625244 8.892370224 8388608 0.434065390628 0.0 0.434065390628 -0.277653686404 -1.49221606447 1.49221606447 -0.277653686404 
131.408928937 86.0431878181 1.40777993202 19.647277832 8.79683685303 8388608 0.504580496726 0.0 0.504580496726 1.32581945311 0.47333615408 -0.47333615408 1.32581945311 
253.950762561 105.284973337 1.44335901737 288.83114624 8.78204727173 8388608 0.480011077958 0.0 0.480011077958 0.465887784946 -1.36610168907 1.36610168907 0.465887784946 
156.342708177 156.292816472 3.10631942749 80.6281738281 8.66823959351 22938112 0.103635315605 0.0 0.103635315605 0.505835600487 3.06485737529 -3.06485737529 0.505835600487 
24.45777034 119.293524596 1.55472064018 289.337677002 8.44156646729 8388608 0.413709288399 0.0 0.413709288399 0.514822346331 -1.467008596 1.467008596 0.514822346331 
179.170970846 33.345972122 1.90314674377 275.842956543 8.28080749512 20905984 0.27609303291 0.0 0.27609303291 0.193744456391 -1.89325925693 1.89325925693 0.193744456391 
196.004538797 144.929617973 3.97687578201 69.6131591797 8.14600563049 24051713 0.063228946826 0.0 0.063228946826 1.38537160858 3.72777232294 -3.72777232294 1.38537160858 
185.14155504 43.2262664066 1.63367009163 280.538574219 8.13815116882 9830400 0.37468929336 0.0 0.37468929336 0.298794106447 -1.60611333667 1.60611333667 0.298794106447 
133.714283139 14.0883984285 1.2544516325 108.539657593 7.97937965393 8388608 0.635465764372 0.0 0.635465764372 -0.398866655182 1.18935036455 -1.18935036455 -0.398866655182 
13.9077647968 115.215271334 1.24414002895 306.019866943 7.44934177399 8388608 0.646043071742 0.0 0.646043071742 0.731636124794 -1.00627679718 1.00627679718 0.731636124794 
212.660106461 142.068290405 3.12334227562 70.1199035645 7.36603927612 23331328 0.102508727132 0.0 0.102508727132 1.06210156673 2.93721079132 -2.93721079132 1.06210156673 
72.5732295368 160.86550266 1.48399031162 113.149581909 7.31605005264 8388608 0.454085745363 0.0 0.454085745363 -0.583405493862 1.36450184123 -1.36450184123 -0.583405493862 
221.01863611 170.553334876 1.28481304646 91.181854248 7.27690505981 8388608 0.605787243891 0.0 0.605787243891 -0.0265002778924 1.28453972286 -1.28453972286 -0.0265002778924 
99.3628649859 85.9168246448 1.27602660656 68.4100952148 7.1284828186 8388608 0.61415860339 0.0 0.61415860339 0.469527675585 1.18650228087 -1.18650228087 0.469527675585 
63.6580911771 28.6310133854 1.77433681488 80.8590087891 6.93194961548 15859712 0.317634650216 0.0 0.317634650216 0.28187904887 1.751803452 -1.751803452 0.28187904887 
58.4303864848 22.3188473879 1.30233693123 92.9396972656 6.90375709534 8388608 0.589594315103 0.0 0.589594315103 -0.0667902044071 1.30062313951 -1.30062313951 -0.0667902044071 
242.685826014 53.0622270696 1.80435717106 273.183166504 6.89743041992 17039360 0.307153154601 0.0 0.307153154601 0.100192635063 -1.80157326707 1.80157326707 0.100192635063 
114.705812612 14.6908519955 1.30932581425 81.4014587402 6.84934806824 8388608 0.583316873348 0.0 0.583316873348 0.195757524858 1.29460923808 -1.29460923808 0.195757524858 
35.6366813758 67.9214219303 2.83881306648 273.800720215 6.8090057373 16384512 0.124087035431 0.0 0.124087035431 0.188174820176 -2.83256948079 2.83256948079 0.188174820176 
132.07358731 163.476615282 1.28802573681 99.274810791 6.73757314682 8388608 0.602769012823 0.0 0.602769012823 -0.20759104302 1.2711869483 -1.2711869483 -0.20759104302 
106.266103217 162.424690258 1.91571199894 94.6338500977 6.66095495224 21364736 0.272483093477 0.0 0.272483093477 -0.154766163441 1.90945015581 -1.90945015581 -0.154766163441 
52.5517048322 28.4280682378 1.58947694302 94.4923095703 6.61735153198 8388608 0.395814349952 0.0 0.395814349952 -0.124496235307 1.58459384063 -1.58459384063 -0.124496235307 
48.6113186285 153.003033108 1.56055927277 93.3571166992 6.4875831604 8388608 0.410619398847 0.0 0.410619398847 -0.0913851332322 1.5578812539 -1.5578812539 -0.0913851332322 
85.6619109846 36.2782169759 2.59896755219 84.7079162598 6.48654174805 10027520 0.148046547919 0.0 0.148046547919 0.239710606635 2.58788932576 -2.58788932576 0.239710606635 
214.831371367 168.951287614 1.37722480297 102.756988525 6.47238063812 8388608 0.527218121091 0.0 0.527218121091 -0.304113821043 1.34322855158 -1.34322855158 -0.304113821043 
131.946562336 20.8055638333 1.76186931133 93.752166748 6.11852264404 15335424 0.322145907159 0.0 0.322145907159 -0.11529825193 1.75809265493 -1.75809265493 -0.11529825193 
66.5559540009 22.4131704557 1.2809895277 88.4328613281 5.92774200439 8388608 0.60940896852 0.0 0.60940896852 0.0350329107571 1.28051039248 -1.28051039248 0.0350329107571 
142.933944404 157.077936993 1.7984597683 84.5622558594 5.63494920731 16842752 0.309170854215 0.0 0.309170854215 0.170429473089 1.79036625663 -1.79036625663 0.170429473089 
258.004445395 159.032845379 1.29462742805 136.316238403 5.6291475296 8388608 0.596637288709 0.0 0.596637288709 -0.93622655422 0.894170015514 -0.894170015514 -0.93622655422 
62.6965548536 35.9294214857 1.96853327751 80.696105957 5.61318588257 23330816 0.258056307297 0.0 0.258056307297 0.31825452946 1.94263669253 -1.94263669253 0.31825452946 
119.126377565 21.032407891 1.740452528 85.0509338379 5.47721862793 14417920 0.330122888003 0.0 0.330122888003 0.150149062417 1.73396374278 -1.73396374278 0.150149062417 
252.118555595 50.0319714342 1.2726624012 279.194519043 5.4564743042 8388608 0.617409876535 0.0 0.617409876535 0.203354597549 -1.25631066822 1.25631066822 0.203354597549 
32.3911040885 109.474845392 1.22720956802 287.834899902 5.42016029358 8388608 0.663991522797 0.0 0.663991522797 0.37586386517 -1.16823357198 1.16823357198 0.37586386517 
227.450157098 137.440318981 3.05228185654 59.7107543945 5.33476352692 21627392 0.107337315576 0.0 0.107337315576 1.53946583544 2.63561557767 -2.63561557767 1.53946583544 
147.806173977 21.4812403364 1.48047864437 90.2148132324 5.30546951294 8388608 0.456242465726 0.0 0.456242465726 -0.00555059483921 1.48046823922 -1.48046823922 -0.00555059483921 
89.3579383619 156.163295901 1.33686339855 93.4122009277 5.28474283218 8388608 0.559533294411 0.0 0.559533294411 -0.0795686974442 1.33449337532 -1.33449337532 -0.0795686974442 
39.1170484133 37.1095412508 1.69505834579 83.6579284668 5.27043914795 12517376 0.34804123144 0.0 0.34804123144 0.187243151955 1.68468477695 -1.68468477695 0.187243151955 
35.5760299381 85.2959559822 1.45051324368 61.1231689453 5.19472503662 8388608 0.475287730501 0.0 0.475287730501 0.700493935984 1.27015625642 -1.27015625642 0.700493935984 
154.464698564 22.336189602 1.79661166668 84.544342041 5.15240859985 16711680 0.309807244419 0.0 0.309807244419 0.170813522963 1.78847315362 -1.78847315362 0.170813522963 
46.7893806636 36.4646450681 1.86407065392 85.3433532715 5.04006958008 19398656 0.287789709756 0.0 0.287789709756 0.151333405892 1.85791754474 -1.85791754474 0.151333405892 
196.199449635 12.8799438728 1.57152152061 82.7391052246 4.99580764771 8388608 0.404910775744 0.0 0.404910775744 0.198620827522 1.55891938747 -1.55891938747 0.198620827522 
213.476368145 23.6685390248 2.66273474693 95.9048461914 4.94874191284 11796992 0.141040613648 0.0 0.141040613648 -0.273933284841 2.64860659366 -2.64860659366 -0.273933284841 
219.07779724 21.2076738946 1.8998696804 96.6688232422 4.94289016724 20774912 0.27704631375 0.0 0.27704631375 -0.220632433823 1.88701513817 -1.88701513817 -0.220632433823 
14.3321209527 46.6829689033 1.79809272289 266.359558105 4.92911148071 16777216 0.309297089444 0.0 0.309297089444 -0.114169816925 -1.79446445856 1.79446445856 -0.114169816925 
212.079572721 20.9594742853 1.59809792042 93.399230957 4.81103515625 8388608 0.391555408571 0.0 0.391555408571 -0.0947559798261 1.59528626507 -1.59528626507 -0.0947559798261 
243.47894265 123.065824284 1.45240449905 59.9612426758 4.80177402496 8388608 0.474050740075 0.0 0.474050740075 0.7270529262 1.25732767065 -1.25732767065 0.7270529262 
20.1371301613 155.937283587 1.22492861748 34.4148254395 4.79969215393 8388608 0.666466674273 0.0 0.666466674273 1.01052603454 0.69230574997 -0.69230574997 1.01052603454 
220.896924722 37.0691847781 1.31002676487 135.707641602 4.77216339111 8388608 0.582692814437 0.0 0.582692814437 -0.937698655159 0.914817663137 -0.914817663137 -0.937698655159 
260.285256059 64.2099488967 1.30051219463 269.834899902 4.62278366089 8388608 0.591249984444 0.0 0.591249984444 -0.00374747311273 -1.30050679538 1.30050679538 -0.00374747311273 
70.9761688517 35.9097287449 1.52028524876 78.2687683105 4.58236312866 8388608 0.432663079257 0.0 0.432663079257 0.309105970966 1.48852972302 -1.48852972302 0.309105970966 
191.323370933 22.3584014332 1.78356051445 86.7798461914 4.57818984985 16187392 0.31435784418 0.0 0.31435784418 0.100187415752 1.78074439222 -1.78074439222 0.100187415752 
55.6457780639 45.2844074291 2.29280734062 270.102111816 4.52070999146 17694976 0.19022380873 0.0 0.19022380873 0.00408621019338 -2.29280369942 2.29280369942 0.00408621019338 
179.862169687 18.3396661992 2.01503562927 80.4916992188 4.5120010376 25034752 0.246283059903 0.0 0.246283059903 0.332864729425 1.98735242449 -1.98735242449 0.332864729425 
125.939934612 14.8819412506 1.27043116093 82.5559387207 4.47444534302 8388608 0.619580477421 0.0 0.619580477421 0.16459473355 1.25972374287 -1.25972374287 0.16459473355 
222.574291133 30.0510356308 1.73205149174 103.686889648 4.46546936035 14090240 0.333333069997 0.0 0.333333069997 -0.409830803334 1.68286692364 -1.68286692364 -0.409830803334 
198.924120228 20.9538714429 1.76533484459 88.0218200684 4.37624740601 15466496 0.32088233776 0.0 0.32088233776 0.0609374066178 1.76428278516 -1.76428278516 0.0609374066178 
39.4959827958 148.867034876 1.31469964981 108.715484619 4.36247825623 8388608 0.578558003107 0.0 0.578558003107 -0.421846322019 1.24518305876 -1.24518305876 -0.421846322019 
194.850874289 28.9321605494 1.30110931396 92.7608947754 4.35314941406 8388608 0.590707423139 0.0 0.590707423139 -0.0626719093882 1.29959904534 -1.29959904534 -0.0626719093882 
261.033877563 118.98239644 1.30979692936 60.8284912109 4.29054832458 8388608 0.582897327438 0.0 0.582897327438 0.638428455753 1.14366826617 -1.14366826617 0.638428455753 
22.8320805677 46.4306809524 1.80265545845 269.908081055 4.20004653931 16973824 0.307733335469 0.0 0.307733335469 -0.00289197771343 -1.80265313867 1.80265313867 -0.00289197771343 
204.861382273 28.898054708 1.29904460907 97.881072998 4.18551635742 8388608 0.592586659227 0.0 0.592586659227 -0.178121535013 1.28677488906 -1.28677488906 -0.178121535013 
260.03954826 93.5879489796 1.50251245499 269.399810791 4.17889022827 8388608 0.442959314593 0.0 0.442959314593 -0.015738947565 -1.50243001931 1.50243001931 -0.015738947565 
47.3429201968 170.625672516 1.6069111824 242.066772461 4.16508197784 8650752 0.387272138793 0.0 0.387272138793 -0.752745102226 -1.41969657294 1.41969657294 -0.752745102226 
60.0004399356 164.529016917 1.6611700058 271.156768799 4.16388988495 11075584 0.362386356288 0.0 0.362386356288 0.0335357875771 -1.66083146018 1.66083146018 0.0335357875771 
251.389120726 56.1526267585 1.30325829983 271.642944336 4.15229034424 8388608 0.588760955113 0.0 0.588760955113 0.0373655344872 -1.30272253872 1.30272253872 0.0373655344872 
175.63931092 27.7172718733 1.44106888771 71.500579834 4.08681869507 8388608 0.48153794611 0.0 0.48153794611 0.457244038242 1.36660434238 -1.36660434238 0.457244038242 
255.766915494 95.1285412665 1.2849881649 278.46862793 4.05138301849 8388608 0.605622141526 0.0 0.605622141526 0.189237453828 -1.27097748603 1.27097748603 0.189237453828 
241.383269297 36.5163090332 1.27634143829 127.221588135 4.04871368408 8388608 0.613855655033 0.0 0.613855655033 -0.772057904347 1.01635331428 -1.01635331428 -0.772057904347 
124.898902183 81.7436485036 1.29762375355 275.73248291 4.0043258667 8388608 0.593885095689 0.0 0.593885095689 0.129611674939 -1.29113446995 1.29113446995 0.129611674939 
263.492853966 152.982745485 1.44752287865 278.594726562 3.9994802475 8388608 0.477253505147 0.0 0.477253505147 0.216324099516 -1.43126739926 1.43126739926 0.216324099516 
12.0614969659 53.8558958674 1.33091175556 269.66796875 3.87162017822 8388608 0.56454878601 0.0 0.56454878601 -0.00771264173776 -1.33088940797 1.33088940797 -0.00771264173776 
36.2786419103 53.788477105 1.28596067429 269.858215332 3.73766708374 8388608 0.604706482872 0.0 0.604706482872 -0.00318224697675 -1.28595673687 1.28595673687 -0.00318224697675 
264.038262753 46.6460854129 1.59298157692 270.022277832 3.61818695068 8388608 0.394074645645 0.0 0.394074645645 0.000619385501111 -1.5929814565 1.5929814565 0.000619385501111 
115.72807695 163.245114874 1.33811783791 75.3542480469 3.38851070404 8388608 0.558484699794 0.0 0.558484699794 0.338332410541 1.29463914976 -1.29463914976 0.338332410541 
38.1381853111 166.012058015 1.75591731071 107.754043579 3.31547164917 15073280 0.324333552711 0.0 0.324333552711 -0.535434521258 1.67229048778 -1.67229048778 -0.535434521258 
19.0591034489 54.4377301064 1.60845386982 269.46005249 3.04388427734 8716288 0.386529620328 0.0 0.386529620328 -0.0151576226762 -1.60838244762 1.60838244762 -0.0151576226762 
165.60066631 147.233163106 1.26035571098 77.6784667969 2.79611587524 8388608 0.629526088687 0.0 0.629526088687 0.268956845632 1.23132397581 -1.23132397581 0.268956845632 
245.332696424 116.446688774 1.57881081104 70.2910766602 2.18691444397 8388608 0.401180501376 0.0 0.401180501376 0.532441126902 1.48632096919 -1.48632096919 0.532441126902 
226.572186938 122.444652702 1.2816940546 66.3830566406 1.70279026031 8388608 0.608739187759 0.0 0.608739187759 0.513472271461 1.174344871 -1.174344871 0.513472271461 
240.066734485 129.487668602 1.26984333992 234.42338562 1.59971237183 8388608 0.620154228064 0.0 0.620154228064 -0.738783489646 -1.03281221108 1.03281221108 -0.738783489646 
