13
127
127.520660687 125.962540087 3.26580762863 134.614139947 148.216171265 9830401 0.0937602597115 0.0 0.0937602597115 -2.2936705946 2.32477411176 -2.32477411176 -2.2936705946 
95.9126818763 112.464397423 3.87276554108 147.366259278 136.494384766 22151169 0.0666741655716 0.0 0.0666741655716 -3.26139131602 2.08845388265 -2.08845388265 -3.26139131602 
50.6011677119 119.64443158 2.16083860397 145.059310584 121.417137146 13369600 0.214168374229 0.0 0.214168374229 -1.77133740101 1.23757314297 -1.23757314297 -1.77133740101 
103.003048788 54.4789996885 1.56785917282 135.356412993 120.032112122 8388608 0.406804639793 0.0 0.406804639793 -1.11551876683 1.10172603974 -1.10172603974 -1.11551876683 
87.4216005244 128.277777428 2.08535265923 144.685955173 116.014129639 10813696 0.229954005964 0.0 0.229954005964 -1.70163925378 1.2054540901 -1.2054540901 -1.70163925378 
196.203461741 69.1928793507 2.81982445717 131.373212957 113.27129364 15925760 0.12576385872 0.0 0.12576385872 -1.86379427379 2.11605313597 -2.11605313597 -1.86379427379 
166.90477321 105.773623618 4.77457380295 129.289474034 103.657325745 20578561 0.0438662771638 0.0 0.0438662771638 -3.02344489663 3.69531270082 -3.69531270082 -3.02344489663 
172.480082334 69.4382546391 2.219830513 140.642265948 98.9416809082 15335680 0.202936593718 0.0 0.202936593718 -1.71637648479 1.40772840736 -1.40772840736 -1.71637648479 
123.945548444 101.432923907 1.32186818123 136.349865381 98.2115020752 8388608 0.572299942716 0.0 0.572299942716 -0.956461724231 0.912423398772 -0.912423398772 -0.956461724231 
181.914244219 49.9188500849 1.30980682373 140.417785192 89.8809509277 8388608 0.582888520978 0.0 0.582888520978 -1.00948261668 0.834588977945 -0.834588977945 -1.00948261668 
81.296509672 91.934567097 2.78408622742 132.345512533 88.2280731201 15008256 0.129013345179 0.0 0.129013345179 -1.87535998808 2.05770771414 -2.05770771414 -1.87535998808 
154.330003271 68.0589254793 2.98473119736 141.471074577 87.4212799072 20054528 0.112250827179 0.0 0.112250827179 -2.33493666392 1.85921787211 -1.85921787211 -2.33493666392 
85.0507141973 87.3352199145 4.6698141098 129.942326169 86.9575271606 19005697 0.0458564904748 0.0 0.0458564904748 -2.99809624025 3.58030484098 -3.58030484098 -2.99809624025 
51.0227090896 96.5479342993 1.73699688911 140.224681573 86.6666259766 14286848 0.331437709295 0.0 0.331437709295 -1.33498493146 1.11129358208 -1.11129358208 -1.33498493146 
78.4009690183 111.525187147 3.80709266663 144.131517256 83.5774154663 20905985 0.0689942827552 0.0 0.0689942827552 -3.08513110635 2.23067716823 -2.23067716823 -3.08513110635 
138.272988576 102.131466497 2.44037151337 127.167708648 82.9310913086 22151424 0.167914463582 0.0 0.167914463582 -1.4743506993 1.94466016021 -1.94466016021 -1.4743506993 
159.388165938 97.8278306228 1.60711574554 136.68368302 78.6713180542 8650752 0.387173556518 0.0 0.387173556518 -1.16930112354 1.10252251772 -1.10252251772 -1.16930112354 
188.946572591 70.1728538389 1.53045094013 131.170619737 75.9872512817 8388608 0.426934425338 0.0 0.426934425338 -1.00750128465 1.15205088498 -1.15205088498 -1.00750128465 
65.8073639768 90.0953021658 1.93209087849 120.152905066 75.9172821045 22020096 0.26788284315 0.0 0.26788284315 -0.970507363608 1.67065574548 -1.67065574548 -0.970507363608 
76.8084051302 130.076193563 1.294277668 145.810114272 73.0342025757 8388608 0.596959797693 0.0 0.596959797693 -1.07060032246 0.727302984611 -0.727302984611 -1.07060032246 
236.73128606 74.1870713116 1.51871669292 137.009839268 72.6084060669 8388608 0.433557264016 0.0 0.433557264016 -1.1108969277 1.03557153755 -1.03557153755 -1.1108969277 
167.217278504 100.847713588 2.17791748047 145.226667967 72.1776275635 13959424 0.210822596914 0.0 0.210822596914 -1.78897355425 1.24213452328 -1.24213452328 -1.78897355425 
147.84678392 43.9923209947 2.32190132141 132.651625542 66.565536499 18546944 0.185486575233 0.0 0.185486575233 -1.5731785707 1.70772800265 -1.70772800265 -1.5731785707 
71.3911131527 84.4945239597 1.70448851585 116.777935455 65.5139389038 12910592 0.344200772781 0.0 0.344200772781 -0.767929642746 1.52169811871 -1.52169811871 -0.767929642746 
134.309644771 105.549713668 4.58487939835 129.356966498 65.0525970459 17629441 0.0475712066217 0.0 0.0475712066217 -2.90750105204 3.54507499635 -3.54507499635 -2.90750105204 
143.996348454 126.526307977 1.51992082596 128.68359129 62.3354263306 8388608 0.432870578476 0.0 0.432870578476 -0.949979586756 1.18646453884 -1.18646453884 -0.949979586756 
63.1481438644 123.84592193 2.95770311356 148.640078496 60.0593566895 19399168 0.114311741986 0.0 0.114311741986 -2.52562715937 1.53922550647 -1.53922550647 -2.52562715937 
75.9910884905 118.59256638 1.3522285223 142.17871569 58.6054153442 8388608 0.546889790136 0.0 0.546889790136 -1.06816219092 0.829187258949 -0.829187258949 -1.06816219092 
148.974184921 117.572135063 1.29807662964 127.575726744 56.9248886108 8388608 0.59347077586 0.0 0.59347077586 -0.79157940472 1.02878811348 -1.02878811348 -0.79157940472 
124.208475524 106.690739025 2.99178695679 133.473895141 54.6333045959 20185600 0.111721992132 0.0 0.111721992132 -2.05842126589 2.17110365643 -2.17110365643 -2.05842126589 
114.667197917 110.328174861 3.77946257591 135.057640161 54.0539398193 20381697 0.070006747573 0.0 0.070006747573 -2.67517081066 2.66979371797 -2.66979371797 -2.67517081066 
86.632322614 111.214326352 1.51069331169 140.415064487 53.9621505737 8388608 0.438174789891 0.0 0.438174789891 -1.1642623463 0.962646077733 -0.962646077733 -1.1642623463 
119.126054868 116.533735579 1.70893597603 134.621899286 50.7588691711 13107200 0.342411557395 0.0 0.342411557395 -1.20039960671 1.21634820441 -1.21634820441 -1.20039960671 
168.394290402 113.271790548 2.01303172112 128.718634482 47.1671028137 24969216 0.246773637646 0.0 0.246773637646 -1.25914418529 1.57062173386 -1.57062173386 -1.25914418529 
222.979502061 97.2463136199 1.24640512466 128.17330426 46.4125823975 8388608 0.643697093396 0.0 0.643697093396 -0.770330934267 0.979855084439 -0.979855084439 -0.770330934267 
155.106977069 108.016324945 2.91003847122 133.408651755 46.2682876587 18219520 0.118087122238 0.0 0.118087122238 -1.99977033852 2.11405830032 -2.11405830032 -1.99977033852 
53.3548506523 88.308979789 1.79225242138 137.007587136 42.9306030273 16580608 0.311316148166 0.0 0.311316148166 -1.31093229045 1.2221396286 -1.2221396286 -1.31093229045 
225.47538943 93.2316753509 1.88069677353 132.49059247 42.4393157959 20054016 0.282723846607 0.0 0.282723846607 -1.27035263823 1.38680370944 -1.38680370944 -1.27035263823 
127.302777311 112.525198205 1.4834138155 134.75385038 42.3210868835 8388608 0.454438754802 0.0 0.454438754802 -1.04441596325 1.05342861349 -1.05342861349 -1.04441596325 
210.426756738 49.0590802393 2.01045489311 139.20360567 39.8810539246 24903680 0.247406629451 0.0 0.247406629451 -1.52198708116 1.31357687328 -1.31357687328 -1.52198708116 
186.194047767 96.4738589405 4.67236566544 124.121768191 37.9942474365 19005697 0.0458064201477 0.0 0.0458064201477 -2.6209801361 3.86800517551 -3.86800517551 -2.6209801361 
160.564363882 84.7163935331 3.33551239967 135.049993142 37.4731788635 11337729 0.0898824457016 0.0 0.0898824457016 -2.36062049102 2.3565045864 -2.3565045864 -2.36062049102 
214.445465692 96.9650980651 1.56640696526 129.033414957 37.0912857056 8388608 0.407559282279 0.0 0.407559282279 -0.986481622503 1.21675173691 -1.21675173691 -0.986481622503 
38.1156620209 93.2956122931 1.91748321056 129.536795831 36.598449707 21430272 0.271979931504 0.0 0.271979931504 -1.2206192533 1.47879359657 -1.47879359657 -1.2206192533 
111.857455682 117.845688459 1.3578094244 134.831798667 36.0320167542 8388608 0.542403349203 0.0 0.542403349203 -0.957293536728 0.962930691966 -0.962930691966 -0.957293536728 
137.738065165 135.722932258 1.51254439354 124.744507866 34.7381820679 8388608 0.437102952152 0.0 0.437102952152 -0.862026276191 1.24286010539 -1.24286010539 -0.862026276191 
230.504795947 81.943545798 1.89708709717 130.588764254 33.8489303589 20643840 0.277859634127 0.0 0.277859634127 -1.23429288272 1.44064587387 -1.44064587387 -1.23429288272 
176.171700154 88.1300164654 1.67808020115 125.010816701 33.024848938 11796480 0.355119543065 0.0 0.355119543065 -0.96276675175 1.37442109385 -1.37442109385 -0.96276675175 
171.55390306 47.0768341557 1.38349092007 150.937963216 32.762424469 8388608 0.522453176029 0.0 0.522453176029 -1.2093014842 0.67203946776 -0.67203946776 -1.2093014842 
209.615932399 90.1154716667 1.50795066357 124.543924561 31.7661743164 8388608 0.439770136701 0.0 0.439770136701 -0.85506513053 1.24208648101 -1.24208648101 -0.85506513053 
157.268035593 90.002282492 1.54801511765 126.378822605 31.3547325134 8388608 0.417301172324 0.0 0.417301172324 -0.918160808723 1.24632721778 -1.24632721778 -0.918160808723 
134.310653385 92.7517444351 1.55916905403 124.477245679 31.2834415436 8388608 0.411351975313 0.0 0.411351975313 -0.882612703942 1.28530267015 -1.28530267015 -0.882612703942 
161.211737607 123.685357272 1.30894076824 141.343738655 31.1783046722 8388608 0.583660107927 0.0 0.583660107927 -1.02216163659 0.817625539872 -0.817625539872 -1.02216163659 
96.835154225 50.3332692451 1.397788167 126.19282169 30.9736671448 8388608 0.511820033318 0.0 0.511820033318 -0.825400290497 1.12806299481 -1.12806299481 -0.825400290497 
81.5012142468 102.097535967 1.45307719707 152.299336323 29.7841739655 8388608 0.473611920748 0.0 0.473611920748 -1.28653746394 0.675466279347 -0.675466279347 -1.28653746394 
163.211801605 107.476435011 1.47236943245 139.880128701 29.1001605988 8388608 0.461281901028 0.0 0.461281901028 -1.12591790168 0.948778490628 -0.948778490628 -1.12591790168 
104.27898042 44.9578396957 2.02533602715 122.583235354 27.4626655579 8716544 0.243784350904 0.0 0.243784350904 -1.09069258898 1.70656839863 -1.70656839863 -1.09069258898 
154.268017565 134.571287195 1.29854571819 134.142482567 26.884771347 8388608 0.593042080803 0.0 0.593042080803 -0.904365760558 0.931849533652 -0.931849533652 -0.904365760558 
210.58653992 54.1436014085 1.24704480171 122.458450951 25.937625885 8388608 0.643036888327 0.0 0.643036888327 -0.669273814545 1.05223253069 -1.05223253069 -0.669273814545 
60.8257463125 81.3920012629 1.81544399261 124.295077654 25.1955280304 17498112 0.303413073304 0.0 0.303413073304 -1.02292113249 1.49982307191 -1.49982307191 -1.02292113249 
124.903611673 56.83464222 1.25701153278 138.382055205 22.6598949432 8388608 0.632880151538 0.0 0.632880151538 -0.939729396293 0.83485726642 -0.83485726642 -0.939729396293 
230.527170003 150.937331022 1.66782391071 130.401252842 21.026184082 11337728 0.359500590777 0.0 0.359500590777 -1.0809776403 1.27008816163 -1.27008816163 -1.0809776403 
84.1059139168 160.199561381 1.54824125767 153.362135508 20.7816581726 8388608 0.417179277104 0.0 0.417179277104 -1.3839080439 0.694153814349 -0.694153814349 -1.3839080439 
54.6225767673 74.6097102678 1.79555141926 127.291528205 20.3514595032 16711680 0.31017322593 0.0 0.31017322593 -1.08787212879 1.4284744067 -1.4284744067 -1.08787212879 
38.5365664861 125.036942093 1.22243893147 138.899028262 19.4704284668 8388608 0.66918416374 0.0 0.66918416374 -0.921171598841 0.803616716259 -0.803616716259 -0.921171598841 
196.473431834 80.8200914936 2.56119179726 125.581202293 19.4594287872 8978944 0.152445916472 0.0 0.152445916472 -1.49024526311 2.08299603411 -2.08299603411 -1.49024526311 
177.868975104 41.5411974731 1.54033184052 145.044440787 18.8892478943 8388608 0.421474606826 0.0 0.421474606826 -1.26245087114 0.8825191085 -0.8825191085 -1.26245087114 
157.043971475 140.593219694 1.29394960403 133.220259012 18.827999115 8388608 0.597262538733 0.0 0.597262538733 -0.886102921238 0.942935411762 -0.942935411762 -0.886102921238 
45.1849061327 79.6107204506 2.02470111847 128.809066399 18.790561676 8651008 0.243937267368 0.0 0.243937267368 -1.26893511056 1.57772567461 -1.57772567461 -1.26893511056 
206.590595309 68.5721285469 1.27207183838 130.108666377 18.1768550873 8388608 0.617983278044 0.0 0.617983278044 -0.819518698652 0.972911026022 -0.972911026022 -0.819518698652 
134.069993022 72.4054520907 1.34326851368 135.40688063 15.4808883667 8388608 0.554209964599 0.0 0.554209964599 -0.956555427769 0.943065222267 -0.943065222267 -0.956555427769 
117.562699536 76.7629685816 1.31537556648 124.25185535 13.1869812012 8388608 0.577963562195 0.0 0.577963562195 -0.740335058333 1.08725198657 -1.08725198657 -0.740335058333 
236.230459643 142.674516832 1.38909780979 123.903240497 12.9135885239 8388608 0.518244076564 0.0 0.518244076564 -0.774827716887 1.15292442697 -1.15292442697 -0.774827716887 
107.049894153 109.523071892 1.2804325819 146.771834291 12.7152423859 8388608 0.609939229287 0.0 0.609939229287 -1.07107550235 0.701644400727 -0.701644400727 -1.07107550235 
148.963208037 165.396105479 1.38574004173 128.205399958 12.5872631073 8388608 0.52075861986 0.0 0.52075861986 -0.857055906185 1.0889125938 -1.0889125938 -0.857055906185 
169.023022187 76.2373527673 1.33041751385 134.647345365 12.0182743073 8388608 0.564968316548 0.0 0.564968316548 -0.934939178195 0.946519674507 -0.946519674507 -0.934939178195 
225.318831503 145.700081718 1.29133629799 124.951771056 11.6461143494 8388608 0.599682371814 0.0 0.599682371814 -0.73978940175 1.05842386385 -1.05842386385 -0.73978940175 
108.136836726 95.6509151221 1.37206912041 144.13475216 11.5134239197 8388608 0.531187711435 0.0 0.531187711435 -1.11192090408 0.803869127565 -0.803869127565 -1.11192090408 
221.270641382 62.5653117525 1.53240990639 121.090250081 11.1179008484 8388608 0.425843574186 0.0 0.425843574186 -0.791317492108 1.31228683903 -1.31228683903 -0.791317492108 
128.161278252 169.617042214 1.39691972733 124.877293883 10.2817401886 8388608 0.512456609606 0.0 0.512456609606 -0.798787763297 1.14600298158 -1.14600298158 -0.798787763297 
222.211169387 76.1143133629 1.46091151237 129.998568587 9.20155906677 8388608 0.468545937924 0.0 0.468545937924 -0.939027859806 1.1191466059 -1.1191466059 -0.939027859806 
199.967738167 151.513487518 1.51782751083 125.542353785 8.892370224 8388608 0.434065390628 0.0 0.434065390628 -0.882320116742 1.23503504575 -1.23503504575 -0.882320116742 
131.408928937 86.0431878181 1.40777993202 123.785778479 8.79683685303 8388608 0.504580496726 0.0 0.504580496726 -0.782851410098 1.1700376091 -1.1700376091 -0.782851410098 
156.342708177 156.292816472 3.10631942749 126.543864943 8.66823959351 22938112 0.103635315605 0.0 0.103635315605 -1.84962073687 2.4956208677 -2.4956208677 -1.84962073687 
179.170970846 33.345972122 1.90314674377 131.505567148 8.28080749512 20905984 0.27609303291 0.0 0.27609303291 -1.26120167758 1.42525010325 -1.42525010325 -1.26120167758 
196.004538797 144.929617973 3.97687578201 125.056668286 8.14600563049 24051713 0.063228946826 0.0 0.063228946826 -2.28426311117 3.25540827309 -3.25540827309 -2.28426311117 
185.14155504 43.2262664066 1.63367009163 135.454231689 8.13815116882 9830400 0.37468929336 0.0 0.37468929336 -1.16430087659 1.14598492008 -1.14598492008 -1.16430087659 
212.660106461 142.068290405 3.12334227562 122.455781681 7.36603927612 23331328 0.102508727132 0.0 0.102508727132 -1.67613712402 2.63549450999 -2.63549450999 -1.67613712402 
72.5732295368 160.86550266 1.48399031162 143.708419291 7.31605005264 8388608 0.454085745363 0.0 0.454085745363 -1.19611884656 0.878366068267 -0.878366068267 -1.19611884656 
221.01863611 170.553334876 1.28481304646 130.246770519 7.27690505981 8388608 0.605787243891 0.0 0.605787243891 -0.83009324513 0.980657824488 -0.980657824488 -0.83009324513 
99.3628649859 85.9168246448 1.27602660656 127.693559951 7.1284828186 8388608 0.61415860339 0.0 0.61415860339 -0.780211287374 1.00970998198 -1.00970998198 -0.780211287374 
242.685826014 53.0622270696 1.80435717106 130.986105133 6.89743041992 17039360 0.307153154601 0.0 0.307153154601 -1.18343453539 1.3620526793 -1.3620526793 -1.18343453539 
132.07358731 163.476615282 1.28802573681 132.344515466 6.73757314682 8388608 0.602769012823 0.0 0.602769012823 -0.86759734095 0.951990101135 -0.951990101135 -0.86759734095 
106.266103217 162.424690258 1.91571199894 153.770017241 6.66095495224 21364736 0.272483093477 0.0 0.272483093477 -1.71844578529 0.846697434679 -0.846697434679 -1.71844578529 
52.5517048322 28.4280682378 1.58947694302 128.871879503 6.61735153198 8388608 0.395814349952 0.0 0.395814349952 -0.997525567506 1.23748927048 -1.23748927048 -0.997525567506 
48.6113186285 153.003033108 1.56055927277 135.174962125 6.4875831604 8388608 0.410619398847 0.0 0.410619398847 -1.10684655872 1.10010723989 -1.10010723989 -1.10684655872 
214.831371367 168.951287614 1.37722480297 128.021022528 6.47238063812 8388608 0.527218121091 0.0 0.527218121091 -0.848302395157 1.08495677531 -1.08495677531 -0.848302395157 
66.5559540009 22.4131704557 1.2809895277 131.652909542 5.92774200439 8388608 0.60940896852 0.0 0.60940896852 -0.851366751347 0.95713574 -0.95713574 -0.851366751347 
142.933944404 157.077936993 1.7984597683 131.496856369 5.63494920731 16842752 0.309170854215 0.0 0.309170854215 -1.19162159295 1.34703211447 -1.34703211447 -1.19162159295 
62.6965548536 35.9294214857 1.96853327751 127.077671149 5.61318588257 23330816 0.258056307297 0.0 0.258056307297 -1.1868230317 1.5705331439 -1.5705331439 -1.1868230317 
252.118555595 50.0319714342 1.2726624012 124.258550637 5.4564743042 8388608 0.617409876535 0.0 0.617409876535 -0.716417655273 1.05186279079 -1.05186279079 -0.716417655273 
32.3911040885 109.474845392 1.22720956802 130.983631513 5.42016029358 8388608 0.663991522797 0.0 0.663991522797 -0.804857287973 0.926416790567 -0.926416790567 -0.804857287973 
89.3579383619 156.163295901 1.33686339855 153.171049125 5.28474283218 8388608 0.559533294411 0.0 0.559533294411 -1.19296059014 0.603364547154 -0.603364547154 -1.19296059014 
39.1170484133 37.1095412508 1.69505834579 126.560683052 5.27043914795 12517376 0.34804123144 0.0 0.34804123144 -1.00970190216 1.36151564972 -1.36151564972 -1.00970190216 
35.5760299381 85.2959559822 1.45051324368 126.970317663 5.19472503662 8388608 0.475287730501 0.0 0.475287730501 -0.872340413603 1.15888345957 -1.15888345957 -0.872340413603 
46.7893806636 36.4646450681 1.86407065392 126.604441277 5.04006958008 19398656 0.287789709756 0.0 0.287789709756 -1.11152129094 1.49642234097 -1.49642234097 -1.11152129094 
243.47894265 123.065824284 1.45240449905 136.2223884 4.80177402496 8388608 0.474050740075 0.0 0.474050740075 -1.04868053377 1.00486216316 -1.00486216316 -1.04868053377 
220.896924722 37.0691847781 1.31002676487 124.567464223 4.77216339111 8388608 0.582692814437 0.0 0.582692814437 -0.74327804736 1.07875292305 -1.07875292305 -0.74327804736 
70.9761688517 35.9097287449 1.52028524876 125.813520236 4.58236312866 8388608 0.432663079257 0.0 0.432663079257 -0.889593465329 1.23283847443 -1.23283847443 -0.889593465329 
55.6457780639 45.2844074291 2.29280734062 125.419540204 4.52070999146 17694976 0.19022380873 0.0 0.19022380873 -1.32881742887 1.86847792118 -1.86847792118 -1.32881742887 
222.574291133 30.0510356308 1.73205149174 125.409852699 4.46546936035 14090240 0.333333069997 0.0 0.333333069997 -1.00358758732 1.41167075645 -1.41167075645 -1.00358758732 
39.4959827958 148.867034876 1.31469964981 135.058481379 4.36247825623 8388608 0.578558003107 0.0 0.578558003107 -0.930581422763 0.928683683943 -0.928683683943 -0.930581422763 
194.850874289 28.9321605494 1.30110931396 125.417009613 4.35314941406 8388608 0.590707423139 0.0 0.590707423139 -0.754022951022 1.0603465642 -1.0603465642 -0.754022951022 
204.861382273 28.898054708 1.29904460907 125.325629934 4.18551635742 8388608 0.592586659227 0.0 0.592586659227 -0.751137012058 1.05986323904 -1.05986323904 -0.751137012058 
47.3429201968 170.625672516 1.6069111824 128.870977835 4.16508197784 8650752 0.387272138793 0.0 0.387272138793 -1.00844727712 1.25107858962 -1.25107858962 -1.00844727712 
60.0004399356 164.529016917 1.6611700058 130.890564743 4.16388988495 11075584 0.362386356288 0.0 0.362386356288 -1.08742901883 1.25578020257 -1.25578020257 -1.08742901883 
251.389120726 56.1526267585 1.30325829983 123.136080836 4.15229034424 8388608 0.588760955113 0.0 0.588760955113 -0.712399287866 1.09131546801 -1.09131546801 -0.712399287866 
175.63931092 27.7172718733 1.44106888771 125.83573069 4.08681869507 8388608 0.48153794611 0.0 0.48153794611 -0.843693026294 1.16827292039 -1.16827292039 -0.843693026294 
241.383269297 36.5163090332 1.27634143829 124.835804491 4.04871368408 8388608 0.613855655033 0.0 0.613855655033 -0.729080177043 1.04761136045 -1.04761136045 -0.729080177043 
124.898902183 81.7436485036 1.29762375355 124.385372729 4.0043258667 8388608 0.593885095689 0.0 0.593885095689 -0.732841239755 1.07087399963 -1.07087399963 -0.732841239755 
36.2786419103 53.788477105 1.28596067429 123.781237704 3.73766708374 8388608 0.604706482872 0.0 0.604706482872 -0.715024314232 1.06884755034 -1.06884755034 -0.715024314232 
115.72807695 163.245114874 1.33811783791 132.504765897 3.38851070404 8388608 0.558484699794 0.0 0.558484699794 -0.904101367767 0.9864887556 -0.9864887556 -0.904101367767 
38.1381853111 166.012058015 1.75591731071 128.986488629 3.31547164917 15073280 0.324333552711 0.0 0.324333552711 -1.10471273983 1.36486459568 -1.36486459568 -1.10471273983 
165.60066631 147.233163106 1.26035571098 135.647087148 2.79611587524 8388608 0.629526088687 0.0 0.629526088687 -0.901214124191 0.881084343616 -0.881084343616 -0.901214124191 
245.332696424 116.446688774 1.57881081104 138.776674013 2.18691444397 8388608 0.401180501376 0.0 0.401180501376 -1.18749731621 1.04042957525 -1.04042957525 -1.18749731621 
226.572186938 122.444652702 1.2816940546 131.513140036 1.70279026031 8388608 0.608739187759 0.0 0.608739187759 -0.849496301768 0.959737298894 -0.959737298894 -0.849496301768 
240.066734485 129.487668602 1.26984333992 130.129159354 1.59971237183 8388608 0.620154228064 0.0 0.620154228064 -0.818430331371 0.970913951197 -0.970913951197 -0.818430331371 
