13
216
99.1691880008 156.205975957 2.98061919212 91.3520812988 88.7852249146 19923456 0.112560759009 0.0 0.112560759009 -0.0703309296594 2.97978930946 -2.97978930946 -0.0703309296594 
239.615911912 125.399401667 2.24775743484 85.4677429199 85.7555236816 16253184 0.19792520996 0.0 0.19792520996 0.177618556742 2.24072870607 -2.24072870607 0.177618556742 
193.110493524 159.033854424 2.25597405434 91.7752990723 79.3501663208 16515328 0.196486084757 0.0 0.196486084757 -0.0698897522077 2.25489120722 -2.25489120722 -0.0698897522077 
144.426564456 158.418201743 1.51811122894 345.888916016 76.3433685303 8388608 0.433903161799 0.0 0.433903161799 1.47230202422 -0.370119511658 0.370119511658 1.47230202422 
103.709019964 73.8117699219 1.7143778801 102.505432129 72.7815246582 13369344 0.340241191755 0.0 0.340241191755 -0.371217969708 1.67370509192 -1.67370509192 -0.371217969708 
42.5336882767 166.286515917 1.56249725819 92.2268371582 72.4508285522 8388608 0.409601437504 0.0 0.409601437504 -0.0607121690649 1.56131730099 -1.56131730099 -0.0607121690649 
74.2620382231 156.968103506 2.45194506645 88.3278503418 71.7121429443 22544640 0.16633304115 0.0 0.16633304115 0.0715486749999 2.45090093558 -2.45090093558 0.0715486749999 
213.332788932 167.428563442 2.43088912964 90.7917480469 71.5807723999 21889280 0.169227016123 0.0 0.169227016123 -0.033590440416 2.43065703934 -2.43065703934 -0.033590440416 
205.829296037 105.497051695 1.64412403107 104.792755127 70.7134094238 10354688 0.369939619592 0.0 0.369939619592 -0.419783508762 1.58963066003 -1.58963066003 -0.419783508762 
75.6720742246 155.29257642 3.2517592907 90.7374572754 69.8996047974 9502721 0.0945721408777 0.0 0.0945721408777 -0.0418524253674 3.25148994449 -3.25148994449 -0.0418524253674 
151.862214837 167.451267873 3.09364700317 84.8224487305 68.3324432373 22610432 0.104486091748 0.0 0.104486091748 0.279178073092 3.08102440493 -3.08102440493 0.279178073092 
157.02070466 162.872589483 1.39273107052 40.5074462891 67.9295959473 8388608 0.51554368468 0.0 0.51554368468 1.05892345385 0.904644103323 -0.904644103323 1.05892345385 
134.871911949 146.599278725 1.64835381508 19.3877868652 67.2920074463 10485760 0.368043476871 0.0 0.368043476871 1.55488134022 0.5471876438 -0.5471876438 1.55488134022 
224.768615483 111.274861649 2.37182307243 111.157470703 66.5713882446 20119808 0.177760564648 0.0 0.177760564648 -0.856067861979 2.21194315086 -2.21194315086 -0.856067861979 
106.989482552 108.048579077 1.31484723091 111.705932617 65.7418899536 8388608 0.578428133366 0.0 0.578428133366 -0.486286993299 1.22161704342 -1.22161704342 -0.486286993299 
55.8157834254 164.722233315 3.95545816422 85.0907592773 65.1546707153 23658497 0.0639155321417 0.0 0.0639155321417 0.338498670495 3.94094759403 -3.94094759403 0.338498670495 
220.321411671 167.456886766 2.61878418922 81.3737792969 64.9454956055 10551808 0.145814455197 0.0 0.145814455197 0.392785731247 2.58916009529 -2.58916009529 0.392785731247 
41.0586015579 149.281134617 1.52131772041 331.333007812 64.3149795532 8388608 0.432076008226 0.0 0.432076008226 1.33483865996 -0.72980364368 0.72980364368 1.33483865996 
155.628168581 102.929144313 10.4893465042 300.722503662 64.0072021484 10682882 0.00908872861523 0.0 0.00908872861523 5.35880360085 -9.01718437501 9.01718437501 5.35880360085 
18.4275300668 86.6291639145 1.90110838413 339.244689941 62.9053878784 20840448 0.27668540166 0.0 0.27668540166 1.77773095693 -0.673710422214 0.673710422214 1.77773095693 
33.8961927554 85.9892443229 1.70242702961 18.3037109375 62.8672790527 12845056 0.345034869933 0.0 0.345034869933 1.61629297062 0.534653929442 -0.534653929442 1.61629297062 
172.023065522 121.032134657 3.15077471733 279.658233643 62.7283706665 23921152 0.100731498854 0.0 0.100731498854 0.528607982389 -3.10611572874 3.10611572874 0.528607982389 
58.9767323192 160.696081169 1.4503711462 29.0686340332 62.5900688171 8388608 0.475380865963 0.0 0.475380865963 1.2676799763 0.704672930812 -0.704672930812 1.2676799763 
225.329924253 122.98750133 1.71077287197 27.0235900879 62.1321792603 13172736 0.341676641921 0.0 0.341676641921 1.52398988501 0.777302161237 -0.777302161237 1.52398988501 
152.393747961 168.801944602 1.54528748989 87.7890014648 57.9022750854 8388608 0.418775651135 0.0 0.418775651135 0.0596166158013 1.54413706825 -1.54413706825 0.0596166158013 
220.71615114 168.000817841 1.48064112663 79.2591552734 57.8996963501 8388608 0.456142337155 0.0 0.456142337155 0.275942716226 1.45470057511 -1.45470057511 0.275942716226 
110.751781088 99.691092228 1.24466216564 103.219451904 56.947013855 8388608 0.645501154351 0.0 0.645501154351 -0.284631070091 1.21168026332 -1.21168026332 -0.284631070091 
69.6632626958 98.7668740222 6.13612174988 272.417022705 56.6937065125 22020609 0.026559021092 0.0 0.026559021092 0.258775554727 -6.13066271635 6.13066271635 0.258775554727 
192.571539843 53.9814773013 1.57977044582 231.978942871 56.4439315796 8388608 0.400693253583 0.0 0.400693253583 -0.973061249829 -1.24451856779 1.24451856779 -0.973061249829 
30.8534870333 92.3791098342 2.3761742115 20.7548522949 55.9725723267 20250880 0.177110147039 0.0 0.177110147039 2.22197286591 0.842045406475 -0.842045406475 2.22197286591 
90.3295232276 94.3485422802 8.58725738525 270.705780029 55.9099998474 12910850 0.013560978882 0.0 0.013560978882 0.105776752642 -8.5866058882 8.5866058882 0.105776752642 
116.53001271 113.926985597 1.77608835697 94.7709655762 55.5955467224 15925248 0.317008469512 0.0 0.317008469512 -0.147722354564 1.76993445012 -1.76993445012 -0.147722354564 
43.2227438907 115.364638851 1.80029344559 90.2776794434 53.4498252869 16908288 0.308541366994 0.0 0.308541366994 -0.00872494499879 1.80027230317 -1.80027230317 -0.00872494499879 
103.455483403 168.257398719 2.45208334923 90.8503417969 52.3719749451 22544640 0.16631428131 0.0 0.16631428131 -0.0363906806818 2.45181330242 -2.45181330242 -0.0363906806818 
38.208442106 151.080788445 3.4898378849 145.240310669 52.2474327087 14614529 0.0821087601176 0.0 0.0821087601176 -2.86707817661 1.98968117851 -1.98968117851 -2.86707817661 
180.303291623 79.5917391123 1.43308150768 178.5340271 51.3081970215 8388608 0.486920675786 0.0 0.486920675786 -1.43261245263 0.0366629001268 -0.0366629001268 -1.43261245263 
108.676689635 98.902807048 1.87593531609 89.6287841797 51.1032867432 19857408 0.284160874815 0.0 0.284160874815 0.0121539841366 1.87589594349 -1.87589594349 0.0121539841366 
220.603280277 41.4071047821 2.36223626137 273.672241211 51.0889968872 19792128 0.179206326039 0.0 0.179206326039 0.151298464658 -2.35738603735 2.35738603735 0.151298464658 
122.633556292 112.022052146 4.11398172379 355.670562744 51.0439300537 9830657 0.0590847339017 0.0 0.0590847339017 4.10224239287 -0.310568790677 0.310568790677 4.10224239287 
33.9865871254 151.368709431 1.26449871063 136.906768799 50.7424240112 8388608 0.625407691864 0.0 0.625407691864 -0.923391321837 0.863889724414 -0.863889724414 -0.923391321837 
36.4313423045 156.00000059 1.31893646717 158.097290039 49.8630905151 8388608 0.574846971397 0.0 0.574846971397 -1.22373380147 0.492005068643 -0.492005068643 -1.22373380147 
188.99244615 90.0770130712 2.74634027481 128.135955811 47.6597328186 14025216 0.132584058304 0.0 0.132584058304 -1.69594639088 2.16012748334 -2.16012748334 -1.69594639088 
186.676845903 70.807059353 2.40715742111 189.645446777 47.6458358765 21168384 0.172580218456 0.0 0.172580218456 -2.37312851174 -0.40332110875 0.40332110875 -2.37312851174 
161.901927712 147.905020747 1.50326395035 351.272094727 47.1924247742 8388608 0.442516546488 0.0 0.442516546488 1.48585630363 -0.228108635023 0.228108635023 1.48585630363 
115.687305111 107.063796536 1.4478276968 346.124328613 46.9186859131 8388608 0.477052569333 0.0 0.477052569333 1.4055777657 -0.3472120162 0.3472120162 1.4055777657 
95.2412718555 104.227146927 2.21281766891 65.299407959 46.0999832153 15073536 0.204224922032 0.0 0.204224922032 0.924684417326 2.01035339287 -2.01035339287 0.924684417326 
49.6123433305 115.067360702 1.35134184361 275.223388672 45.9927787781 8388608 0.547607705615 0.0 0.547607705615 0.123024947856 -1.34573015144 1.34573015144 0.123024947856 
63.2989326764 140.278503209 1.35091245174 72.0832519531 45.912311554 8388608 0.547955878676 0.0 0.547955878676 0.415587633082 1.2853993043 -1.2853993043 0.415587633082 
94.0635262401 104.698776997 3.59586262703 90.2047424316 45.5887184143 16777217 0.0773381565653 0.0 0.0773381565653 -0.0128495344247 3.59583966855 -3.59583966855 -0.0128495344247 
26.3524922775 132.968959684 1.30895757675 182.136688232 45.481918335 8388608 0.583645118299 0.0 0.583645118299 -1.30804749104 -0.0488026527414 0.0488026527414 -1.30804749104 
186.684067187 90.4293062488 1.34944498539 126.84777832 44.0880241394 8388608 0.549148285986 0.0 0.549148285986 -0.809250162858 1.07986848389 -1.07986848389 -0.809250162858 
183.441928674 88.4447540779 1.43887710571 126.824890137 43.8047714233 8388608 0.483006077114 0.0 0.483006077114 -0.862421773149 1.15177949736 -1.15177949736 -0.862421773149 
236.213747205 136.788476738 2.19278359413 6.27337646484 43.3806991577 14418176 0.207973716851 0.0 0.207973716851 2.17965285119 0.239610807291 -0.239610807291 2.17965285119 
122.512044974 114.670427627 1.72555363178 358.058929443 43.2550392151 13828096 0.335848239266 0.0 0.335848239266 1.72456349702 -0.0584472488555 0.0584472488555 1.72456349702 
195.063422387 65.410389465 5.3978228569 222.543167114 42.794708252 12780033 0.0343212221264 0.0 0.0343212221264 -3.97694386509 -3.64971356252 3.64971356252 -3.97694386509 
190.094681298 149.794072729 1.96175837517 92.5969543457 42.4672470093 23068672 0.259841771988 0.0 0.259841771988 -0.0888870485168 1.95974360954 -1.95974360954 -0.0888870485168 
144.287708018 130.995164164 2.60039043427 324.408721924 41.7090835571 10093056 0.147884575974 0.0 0.147884575974 2.11460984871 -1.51342512149 1.51342512149 2.11460984871 
25.474964242 140.297149019 1.92273068428 126.473114014 41.6763534546 21626880 0.270497394192 0.0 0.270497394192 -1.14295862656 1.54613675406 -1.54613675406 -1.14295862656 
53.5140927579 103.799723911 3.06935834885 83.1819458008 41.3066101074 22020608 0.10614628748 0.0 0.10614628748 0.364384557883 3.04765230425 -3.04765230425 0.364384557883 
87.2755935743 131.967390428 6.29653358459 97.8222045898 40.8870239258 23921153 0.0252230123014 0.0 0.0252230123014 -0.856955197416 6.23794541268 -6.23794541268 -0.856955197416 
126.058050912 146.02829028 1.2930315733 5.51416015625 39.9245872498 8388608 0.598110932577 0.0 0.598110932577 1.2870480445 0.124249670756 -0.124249670756 1.2870480445 
142.701934074 131.994631625 3.96172714233 321.552429199 39.1902618408 23789569 0.0637134142073 0.0 0.0637134142073 3.10273543502 -2.46339496845 2.46339496845 3.10273543502 
197.585543528 57.1019538155 3.48287177086 239.141693115 38.9765625 14483457 0.0824375410972 0.0 0.0824375410972 -1.78642315668 -2.9898307774 2.9898307774 -1.78642315668 
64.2310565293 130.566558462 6.10695552826 276.544311523 38.1738548279 21692929 0.0268133134513 0.0 0.0268133134513 0.696019434097 -6.06716266236 6.06716266236 0.696019434097 
130.706979367 133.674688301 2.67142248154 58.2622375488 37.6391220093 11993600 0.140124748793 0.0 0.140124748793 1.40525448212 2.27195024491 -2.27195024491 1.40525448212 
229.304902305 38.9878598152 1.45827519894 285.715118408 37.5630493164 8388608 0.470241571916 0.0 0.470241571916 0.394980338876 -1.40376532502 1.40376532502 0.394980338876 
195.617846408 168.994832251 2.33122777939 90.2822570801 37.2164382935 18874624 0.184005405246 0.0 0.184005405246 -0.0114843168227 2.33119949165 -2.33119949165 -0.0114843168227 
235.145027566 120.876201833 1.280590415 161.176742554 37.1504974365 8388608 0.609788888218 0.0 0.609788888218 -1.21210235014 0.413182409812 -0.413182409812 -1.21210235014 
243.344998569 146.159436388 1.33356702328 110.323120117 36.2163505554 8388608 0.562302875935 0.0 0.562302875935 -0.463166606867 1.25055095852 -1.25055095852 -0.463166606867 
36.7966119518 138.519980717 2.5455892086 37.1415710449 36.2154502869 8520192 0.15432040612 0.0 0.15432040612 2.02920640905 1.53699244255 -1.53699244255 2.02920640905 
230.58853181 149.408330422 1.48173618317 25.3052062988 35.5407180786 8388608 0.455468374978 0.0 0.455468374978 1.33955428098 0.63335333331 -0.63335333331 1.33955428098 
140.787775603 103.344195447 4.1734662056 106.872940063 35.1827507019 10879233 0.0574124655257 0.0 0.0574124655257 -1.21134970345 3.99380170579 -3.99380170579 -1.21134970345 
99.129429338 86.5435179241 1.57020270824 17.8760070801 34.4392700195 8388608 0.405591230046 0.0 0.405591230046 1.49439807559 0.481986448606 -0.481986448606 1.49439807559 
200.502934301 99.9684234514 1.57654321194 131.230957031 33.797794342 8388608 0.402335396185 0.0 0.402335396185 -1.03909315979 1.18565336603 -1.18565336603 -1.03909315979 
41.2740469827 129.569586805 2.98426365852 58.5302429199 33.5306739807 19988992 0.112286002176 0.0 0.112286002176 1.55793017441 2.54532574639 -2.54532574639 1.55793017441 
156.078332647 118.254551372 1.23017084599 96.0282592773 33.4277229309 8388608 0.660798638058 0.0 0.660798638058 -0.129191270336 1.22336827079 -1.22336827079 -0.129191270336 
125.727689232 89.3209263023 3.10409069061 278.694793701 32.6613769531 22872576 0.103784189328 0.0 0.103784189328 0.469248487871 -3.06841732367 3.06841732367 0.469248487871 
40.0962766249 108.462105882 1.29203677177 269.654205322 32.1844139099 8388608 0.599032316146 0.0 0.599032316146 -0.00779772490481 -1.29201324107 1.29201324107 -0.00779772490481 
27.3002362388 124.571245067 1.48789489269 326.266082764 29.5678634644 8388608 0.451705619974 0.0 0.451705619974 1.23737137357 -0.826282818144 0.826282818144 1.23737137357 
27.924298796 99.9429313007 1.16070377827 18.5231323242 27.637752533 8388608 0.742261959406 0.0 0.742261959406 1.10057406556 0.368741084106 -0.368741084106 1.10057406556 
237.012992266 111.357916812 2.2992978096 129.684738159 27.334148407 17891584 0.189151395101 0.0 0.189151395101 -1.46824616317 1.76946987021 -1.76946987021 -1.46824616317 
194.907506086 38.7504670394 3.41966819763 241.317382812 26.1738319397 13172737 0.0855129838851 0.0 0.0855129838851 -1.64129492134 -3.00004692681 3.00004692681 -1.64129492134 
235.662218822 113.916630652 1.29054176807 133.44140625 25.8579597473 8388608 0.600420995336 0.0 0.600420995336 -0.887392534029 0.937033908507 -0.937033908507 -0.887392534029 
114.209395412 83.8162809581 1.53522467613 132.314880371 25.8570747375 8388608 0.424283473194 0.0 0.424283473194 -1.03352028559 1.13523152946 -1.13523152946 -1.03352028559 
112.951117272 128.843333777 1.9720621109 84.7744140625 25.5151786804 23461888 0.25713359502 0.0 0.25713359502 0.179610076992 1.96386587869 -1.96386587869 0.179610076992 
20.6717714977 140.797515915 1.2156573534 119.427856445 24.8156871796 8388608 0.676671113347 0.0 0.676671113347 -0.597285606437 1.05880720871 -1.05880720871 -0.597285606437 
169.739714386 135.991125237 2.29031443596 282.608764648 24.667804718 17563904 0.190638134283 0.0 0.190638134283 0.499958525292 -2.23507979467 2.23507979467 0.499958525292 
38.6132161311 130.199607221 1.58156013489 49.5762329102 24.6348285675 8388608 0.399786919926 0.0 0.399786919926 1.02554011962 1.20399332362 -1.20399332362 1.02554011962 
68.6175220774 86.8816073017 2.04936504364 265.827697754 24.3866786957 9568512 0.238101072587 0.0 0.238101072587 -0.149103746192 -2.04393374525 2.04393374525 -0.149103746192 
43.0082618531 127.861737505 1.26537311077 82.6689758301 24.168756485 8388608 0.624543650068 0.0 0.624543650068 0.161463728324 1.25502931197 -1.25502931197 0.161463728324 
58.4815082956 138.321280033 4.19071006775 34.3595581055 23.683013916 11141377 0.0569409579378 0.0 0.0569409579378 3.45948174864 2.3651716434 -2.3651716434 3.45948174864 
211.621881121 151.51254068 1.29196918011 89.8479309082 23.6003742218 8388608 0.599094996669 0.0 0.599094996669 0.00342901956924 1.29196462961 -1.29196462961 0.00342901956924 
122.752329933 124.741092865 2.06344056129 304.672302246 23.552947998 10027264 0.234863794676 0.0 0.234863794676 1.17385423161 -1.69701302085 1.69701302085 1.17385423161 
77.4502881239 110.889905392 1.47140645981 276.446105957 23.4699077606 8388608 0.46188587718 0.0 0.46188587718 0.16519271653 -1.4621040785 1.4621040785 0.16519271653 
211.601669896 150.869126542 3.50144767761 265.358215332 23.393825531 14876673 0.0815651647851 0.0 0.0815651647851 -0.283357573066 -3.48996337013 3.48996337013 -0.283357573066 
78.4229455849 149.767940902 1.57782971859 279.036895752 22.9876441956 8388608 0.401679563507 0.0 0.401679563507 0.247830434638 -1.5582447486 1.5582447486 0.247830434638 
208.343098821 150.376430861 1.71222114563 90.2418212891 22.7918186188 13238272 0.341098875431 0.0 0.341098875431 -0.00722654092233 1.71220589552 -1.71220589552 -0.00722654092233 
54.4151547519 148.955525221 1.29746294022 339.46875 22.7409133911 8388608 0.594032322336 0.0 0.594032322336 1.21504944549 -0.455043872893 0.455043872893 1.21504944549 
41.2021368812 96.7958358075 1.52900612354 176.016418457 22.5780487061 8388608 0.427741660011 0.0 0.427741660011 -1.52531204237 0.106220992358 -0.106220992358 -1.52531204237 
162.323334919 128.833564029 1.46987998486 289.838104248 22.4948825836 8388608 0.462845715169 0.0 0.462845715169 0.498823723472 -1.38265037619 1.38265037619 0.498823723472 
242.075520848 28.4421803387 1.60669434071 259.001953125 22.4920825958 8650752 0.387376679418 0.0 0.387376679418 -0.306517969385 -1.57718528997 1.57718528997 -0.306517969385 
147.639154264 85.6756448725 1.42356538773 276.539337158 22.4634246826 8388608 0.49345227977 0.0 0.49345227977 0.162123223407 -1.4143035295 1.4143035295 0.162123223407 
219.370691452 78.7699448175 1.30875992775 60.3030700684 22.2806835175 8388608 0.583821415851 0.0 0.583821415851 0.648375535628 1.13686486149 -1.13686486149 0.648375535628 
88.7687467895 70.39022538 1.89444553852 269.561157227 22.1150360107 20578304 0.278635052819 0.0 0.278635052819 -0.014509892575 -1.89438997079 1.89438997079 -0.014509892575 
85.623281905 62.9669837952 4.08819770813 264.295379639 22.0519180298 9371905 0.0598323718294 0.0 0.0598323718294 -0.406366816282 -4.06795114417 4.06795114417 -0.406366816282 
45.1290164485 92.6875717822 2.63407444954 247.167602539 21.7363471985 11010560 0.144126522675 0.0 0.144126522675 -1.02211778073 -2.427678613 2.427678613 -1.02211778073 
26.6123625893 81.6173884238 1.47634756565 226.609542847 21.4369392395 8388608 0.458799330448 0.0 0.458799330448 -1.01420130119 -1.07284568101 1.07284568101 -1.01420130119 
229.922009199 26.2661437662 3.67319655418 268.244232178 21.2830696106 18350081 0.0741159472473 0.0 0.0741159472473 -0.112543559933 -3.67147203078 3.67147203078 -0.112543559933 
232.5526819 30.8341203542 2.0739107132 278.585357666 21.0258979797 10420480 0.232498357918 0.0 0.232498357918 0.30959889752 -2.0506716385 2.0506716385 0.30959889752 
152.179268384 111.778376645 1.35156667233 281.387390137 20.9794597626 8388608 0.547425535247 0.0 0.547425535247 0.266855478118 -1.32496061207 1.32496061207 0.266855478118 
222.247248021 30.3343365243 2.08415317535 271.589477539 20.4368667603 10748160 0.230218771046 0.0 0.230218771046 0.0578103622173 -2.08335124748 2.08335124748 0.0578103622173 
102.356159285 127.587190515 1.96341395378 94.4433288574 20.4270477295 23134208 0.259403752171 0.0 0.259403752171 -0.152111586009 1.9575128146 -1.9575128146 -0.152111586009 
54.1162572861 91.2292743274 2.90395069122 258.00958252 20.3654098511 18022912 0.118582751832 0.0 0.118582751832 -0.603290227363 -2.84059333919 2.84059333919 -0.603290227363 
178.739121119 130.814921495 1.2967441082 262.318786621 20.0482692719 8388608 0.594691091946 0.0 0.594691091946 -0.173324433676 -1.28510852571 1.28510852571 -0.173324433676 
183.581662621 52.9790593522 1.32242190838 218.484176636 19.9342975616 8388608 0.5718207739 0.0 0.5718207739 -1.03516548327 -0.822941143713 0.822941143713 -1.03516548327 
191.45418461 46.3439229007 1.27848351002 253.853668213 19.4898948669 8388608 0.611800374275 0.0 0.611800374275 -0.355535383155 -1.22805320598 1.22805320598 -0.355535383155 
150.33992255 93.0214149013 1.97298359871 272.11730957 19.4509525299 23527424 0.256893461103 0.0 0.256893461103 0.0728930887409 -1.97163659897 1.97163659897 0.0728930887409 
96.2512866219 66.1502680713 1.9399292469 250.328033447 19.398273468 22282240 0.265722432067 0.0 0.265722432067 -0.653047265694 -1.82670598394 1.82670598394 -0.653047265694 
33.6077638182 77.9589394968 1.33715486526 271.126159668 19.1508731842 8388608 0.559289392137 0.0 0.559289392137 0.0262803462216 -1.3368965843 1.3368965843 0.0262803462216 
81.5851557136 66.3940524774 6.04708862305 265.365844727 18.773639679 20972033 0.0273468515491 0.0 0.0273468515491 -0.488563107434 -6.02732004336 6.02732004336 -0.488563107434 
154.585306086 60.0314031966 7.99234580994 286.669403076 17.990070343 24444930 0.0156549421449 0.0 0.0156549421449 2.29259628611 -7.65647398053 7.65647398053 2.29259628611 
14.2698047295 113.003034984 1.79693233967 348.174316406 17.6772289276 16777216 0.309696680489 0.0 0.309696680489 1.75879356908 -0.368254008426 0.368254008426 1.75879356908 
35.6459660357 70.072053821 3.44426202774 259.609069824 17.4572563171 13697025 0.0842961291895 0.0 0.0842961291895 -0.621218965848 -3.38777624884 3.38777624884 -0.621218965848 
159.98159359 96.1692020424 1.46167111397 317.864532471 17.4484424591 8388608 0.468059076333 0.0 0.468059076333 1.08391783675 -0.980614383223 0.980614383223 1.08391783675 
237.967987906 52.2933832877 1.3295147419 22.8762817383 17.2314338684 8388608 0.565735830734 0.0 0.565735830734 1.22494363325 0.516838992613 -0.516838992613 1.22494363325 
64.8993517233 65.9657066044 4.32799816132 260.799987793 16.9468421936 13500673 0.0533858134832 0.0 0.0533858134832 -0.69196639659 -4.27232379278 4.27232379278 -0.69196639659 
53.1562342312 68.0996498338 3.45666527748 258.481323242 16.87266922 13959169 0.083692269667 0.0 0.083692269667 -0.690252331774 -3.38704687878 3.38704687878 -0.690252331774 
220.694722287 64.3565272549 2.10479974747 6.36743164062 16.8275089264 11469056 0.225724361935 0.0 0.225724361935 2.09181549114 0.233430777698 -0.233430777698 2.09181549114 
20.1126814906 147.122519626 1.30556285381 155.67276001 16.6458377838 8388608 0.586684250992 0.0 0.586684250992 -1.18963870118 0.537823508142 -0.537823508142 -1.18963870118 
211.635238608 80.3226715411 3.03702974319 3.09664916992 16.4462833405 21299712 0.108418129326 0.0 0.108418129326 3.03259516746 0.164061608476 -0.164061608476 3.03259516746 
115.828798275 64.9851196841 1.58308660984 270.467010498 15.4759101868 8388608 0.399016310794 0.0 0.399016310794 0.0129033915956 -1.58303402261 1.58303402261 0.0129033915956 
227.357967427 75.3573688395 2.03198361397 290.759918213 14.1918487549 8913152 0.242191890427 0.0 0.242191890427 0.720242504453 -1.90005477348 1.90005477348 0.720242504453 
241.439274418 60.8467302834 1.25864398479 178.511077881 13.8920059204 8388608 0.631239534339 0.0 0.631239534339 -1.25821902566 0.0327041881603 -0.0327041881603 -1.25821902566 
238.99368463 81.3188785378 1.4864013195 308.890075684 13.8450756073 8388608 0.452613846238 0.0 0.452613846238 0.93320473503 -1.15694330247 1.15694330247 0.93320473503 
53.0372865292 73.7403960372 1.74878633022 245.275039673 13.4400463104 14811136 0.326983998512 0.0 0.326983998512 -0.731452296006 -1.5884681827 1.5884681827 -0.731452296006 
108.764432277 88.3975098032 1.59134173393 307.994567871 13.2643146515 8388608 0.394887234781 0.0 0.394887234781 0.979608905886 -1.25408727992 1.25408727992 0.979608905886 
243.23639335 49.128287808 1.38335740566 22.1056518555 13.0761795044 8388608 0.522554029779 0.0 0.522554029779 1.28166889758 0.520579051425 -0.520579051425 1.28166889758 
52.6444999161 157.735391831 1.31061065197 202.571884155 12.9559860229 8388608 0.58217374185 0.0 0.58217374185 -1.21021615267 -0.503067733889 0.503067733889 -1.21021615267 
209.844062374 70.1861311498 1.64672982693 285.233520508 12.5585098267 10420224 0.368769756262 0.0 0.368769756262 0.432684371563 -1.58886857779 1.58886857779 0.432684371563 
131.670501698 109.667612131 1.46973013878 69.835144043 12.5227680206 8388608 0.462940098687 0.0 0.462940098687 0.506649021193 1.3796425081 -1.3796425081 0.506649021193 
157.083206099 89.623146661 1.24439191818 307.498413086 12.1408081055 8388608 0.645781554741 0.0 0.645781554741 0.757510458537 -0.987263465973 0.987263465973 0.757510458537 
220.715720437 98.2528148311 2.54723834991 79.0889892578 12.104352951 8585728 0.154120649569 0.0 0.154120649569 0.482151836079 2.50119028029 -2.50119028029 0.482151836079 
170.08146069 74.5462725791 2.15331363678 195.412414551 12.0965518951 13107456 0.215667854776 0.0 0.215667854776 -2.07587583217 -0.572275412497 0.572275412497 -2.07587583217 
240.107096655 89.4223838291 1.79606223106 20.8218994141 11.9268493652 16711680 0.309996820445 0.0 0.309996820445 1.67876119166 0.638435900652 -0.638435900652 1.67876119166 
237.877287497 69.5555398637 1.55271363258 335.087249756 11.8436012268 8388608 0.414779484853 0.0 0.414779484853 1.40823409047 -0.654061443014 0.654061443014 1.40823409047 
232.24267185 84.8571297794 1.37210404873 7.02001953125 11.687543869 8388608 0.531160667919 0.0 0.531160667919 1.36181808319 0.167693258139 -0.167693258139 1.36181808319 
205.244643651 89.4032214676 1.51649689674 28.7579345703 11.3546733856 8388608 0.434827445487 0.0 0.434827445487 1.32945237858 0.729602090814 -0.729602090814 1.32945237858 
123.240655988 65.9108487169 1.4433516264 286.549316406 10.2621774673 8388608 0.480015993959 0.0 0.480015993959 0.411125039089 -1.38356066714 1.38356066714 0.411125039089 
174.136038667 59.2116114038 2.59769821167 193.179611206 10.1372413635 9961984 0.148191266342 0.0 0.148191266342 -2.52927510119 -0.592286637886 0.592286637886 -2.52927510119 
156.919463127 134.326839715 1.29297089577 276.906860352 9.77025127411 8388608 0.59816707111 0.0 0.59816707111 0.155487128543 -1.28358774151 1.28358774151 0.155487128543 
30.9365829463 160.01643446 1.47818756104 162.104919434 9.42244911194 8388608 0.457657847101 0.0 0.457657847101 -1.40667401476 0.454209953436 -0.454209953436 -1.40667401476 
247.007547591 169.293325838 1.39057600498 79.1301879883 9.37942504883 8388608 0.517142865655 0.0 0.517142865655 0.26223210106 1.3656265781 -1.3656265781 0.26223210106 
166.626502264 76.7139518464 1.27717757225 272.039886475 9.0190486908 8388608 0.61305216841 0.0 0.61305216841 0.0454614095401 -1.27636821149 1.27636821149 0.0454614095401 
204.02035027 74.4151535171 1.74248349667 154.24786377 8.78335762024 14548992 0.329353780569 0.0 0.329353780569 -1.56942359171 0.757072206548 -0.757072206548 -1.56942359171 
176.404972673 68.6023635621 1.30556237698 193.221557617 8.51167678833 8388608 0.586684679547 0.0 0.586684679547 -1.2709557262 -0.298604524761 0.298604524761 -1.2709557262 
137.893469394 116.34337567 1.93694114685 273.606292725 8.36783313751 22151168 0.266542919222 0.0 0.266542919222 0.121833852248 -1.93310566675 1.93310566675 0.121833852248 
217.041881534 99.6018365409 1.36744248867 91.7325744629 8.04905128479 8388608 0.534788254065 0.0 0.534788254065 -0.0413439681697 1.36681733824 -1.36681733824 -0.0413439681697 
177.317163221 62.1607203733 1.48985993862 193.468902588 7.87392616272 8388608 0.450514854449 0.0 0.450514854449 -1.44888354625 -0.34701456184 0.34701456184 -1.44888354625 
213.957886676 93.0345605283 1.28699088097 178.393798828 6.6034526825 8388608 0.603738763007 0.0 0.603738763007 -1.28648520578 0.0360741320387 -0.0360741320387 -1.28648520578 
117.046325195 177.950181978 1.37576627731 165.311203003 6.58056640625 8388608 0.528336579623 0.0 0.528336579623 -1.33080259151 0.348851418548 -0.348851418548 -1.33080259151 
81.1882525573 59.0303370006 2.32585859299 266.531585693 6.54930877686 18678016 0.184855929574 0.0 0.184855929574 -0.140710454117 -2.3215983207 2.3215983207 -0.140710454117 
19.5111557144 69.5194671179 1.97987234592 268.129364014 6.2432975769 23789568 0.255108906229 0.0 0.255108906229 -0.0646288880519 -1.97881722577 1.97881722577 -0.0646288880519 
102.480975029 47.0993261743 2.0017683506 91.7703857422 6.17036056519 24576000 0.249558497984 0.0 0.249558497984 -0.0618429189643 2.00081283054 -2.00081283054 -0.0618429189643 
89.8862273983 45.4016109782 3.46802473068 89.5100708008 5.95674705505 14155777 0.0831449025076 0.0 0.0831449025076 0.0296542937053 3.46789794479 -3.46789794479 0.0296542937053 
122.649693398 44.1716539302 2.06590366364 94.8787841797 5.5417766571 10158336 0.23430408929 0.0 0.23430408929 -0.175700943088 2.05841859835 -2.05841859835 -0.175700943088 
179.662125648 178.485564065 1.35998058319 91.5317993164 5.27549552917 8388608 0.54067287778 0.0 0.54067287778 -0.0363546702479 1.35949458425 -1.35949458425 -0.0363546702479 
164.416114219 52.6951238229 2.61318206787 248.692657471 5.16418457031 10420736 0.146440317347 0.0 0.146440317347 -0.949553601091 -2.43455714217 2.43455714217 -0.949553601091 
31.6970965005 174.45841977 1.2612965107 77.690246582 5.05553245544 8388608 0.628587313266 0.0 0.628587313266 0.26890426002 1.23229841631 -1.23229841631 0.26890426002 
182.449405082 97.4421550771 1.89469993114 290.799133301 5.03822898865 20578304 0.278560235754 0.0 0.278560235754 0.672794344424 -1.7712243221 1.7712243221 0.672794344424 
167.942147509 33.5102857998 3.48093008995 101.40032959 4.84509658813 14417921 0.0825295349257 0.0 0.0825295349257 -0.688051012367 3.41225147014 -3.41225147014 -0.688051012367 
19.9476711649 61.6580850683 1.43332672119 265.531494141 4.80508041382 8388608 0.486754085277 0.0 0.486754085277 -0.111672064263 -1.42896985264 1.42896985264 -0.111672064263 
173.417075217 51.3571748988 1.57114458084 255.794647217 4.58623886108 8388608 0.405105086677 0.0 0.405105086677 -0.385555665531 -1.52310279452 1.52310279452 -0.385555665531 
195.592708784 175.503719069 1.48617374897 90.7370910645 4.44087600708 8388608 0.45275246995 0.0 0.45275246995 -0.0191186014778 1.48605077006 -1.48605077006 -0.0191186014778 
167.825042204 66.9316245169 1.62164080143 178.61807251 4.42378425598 9306112 0.38026878243 0.0 0.38026878243 -1.62116914163 0.0391088619627 -0.0391088619627 -1.62116914163 
85.6914204363 96.6751312478 1.54207420349 276.605010986 4.19997024536 8388608 0.420522711155 0.0 0.420522711155 0.177375587374 -1.53183900919 1.53183900919 0.177375587374 
47.0294563606 35.1235466665 3.01088190079 95.304901123 4.08456611633 20644352 0.11030940904 0.0 0.11030940904 -0.278373380822 2.99798567064 -2.99798567064 -0.278373380822 
35.6686794776 31.3878693956 1.70187485218 100.452911377 4.06931304932 12845056 0.345258801058 0.0 0.345258801058 -0.308766686168 1.67363112602 -1.67363112602 -0.308766686168 
62.6348033953 35.0617206516 2.85884237289 91.4512939453 3.84768486023 16908800 0.122354396451 0.0 0.122354396451 -0.0724063274136 2.85792530287 -2.85792530287 -0.0724063274136 
23.7957224483 74.0345973095 1.32270073891 85.6924743652 3.79302215576 8388608 0.571579715166 0.0 0.571579715166 0.0993476603973 1.31896447529 -1.31896447529 0.0993476603973 
171.317475357 60.2461073976 1.51485288143 179.964584351 3.74992752075 8388608 0.435771762779 0.0 0.435771762779 -1.51485259204 0.000936360332336 -0.000936360332336 -1.51485259204 
26.2776983327 32.2506281162 3.30052828789 110.488555908 3.6960144043 10616833 0.0917979708347 0.0 0.0917979708347 -1.15525185563 3.0917438654 -3.0917438654 -1.15525185563 
203.426850481 24.786594401 1.97615385056 91.9266662598 3.58080101013 23658496 0.256069877753 0.0 0.256069877753 -0.0664389503879 1.97503668496 -1.97503668496 -0.0664389503879 
158.871378875 43.2682227079 1.50872826576 230.911636353 3.57452583313 8388608 0.439316936338 0.0 0.439316936338 -0.951280607927 -1.17103637215 1.17103637215 -0.951280607927 
27.985415202 31.5055045966 1.67161941528 103.540435791 3.5239276886 11534336 0.357869912104 0.0 0.357869912104 -0.391378834286 1.62515663172 -1.62515663172 -0.391378834286 
137.326496923 55.0602398225 2.55947041512 287.394927979 3.5086479187 8913408 0.152651041658 0.0 0.152651041658 0.765169852395 -2.44241763481 2.44241763481 0.765169852395 
196.288048548 34.3943877854 1.45340514183 268.293273926 3.49836540222 8388608 0.473398214303 0.0 0.473398214303 -0.0432876146398 -1.45276036865 1.45276036865 -0.0432876146398 
180.802102993 45.36447935 1.24467599392 242.035583496 3.41919898987 8388608 0.645486811471 0.0 0.645486811471 -0.583657348487 -1.09934636462 1.09934636462 -0.583657348487 
27.6138280956 20.6115527898 2.41394996643 110.639923096 3.39583396912 21364992 0.171610347765 0.0 0.171610347765 -0.850902395145 2.25900853349 -2.25900853349 -0.850902395145 
28.0711222365 23.9770733461 1.54453337193 98.1344299316 3.39506149292 8388608 0.419184685143 0.0 0.419184685143 -0.218545490443 1.528993527 -1.528993527 -0.218545490443 
35.78863729 19.5883951913 1.74895977974 97.7200012207 3.25635719299 14811136 0.326919145786 0.0 0.326919145786 -0.23494146933 1.73310784925 -1.73310784925 -0.23494146933 
238.181572159 176.312627379 1.63240647316 280.354919434 3.23226737976 9830400 0.37526959927 0.0 0.37526959927 0.293417246249 -1.60581979475 1.60581979475 0.293417246249 
138.172023393 34.0390601887 2.41786313057 94.7944030762 3.2300491333 21496064 0.17105531549 0.0 0.17105531549 -0.202086211267 2.40940309649 -2.40940309649 -0.202086211267 
206.924635187 28.5693100505 1.30632257462 258.866729736 3.22991943359 8388608 0.586002051004 0.0 0.586002051004 -0.252240107798 -1.28173850569 1.28173850569 -0.252240107798 
195.622152039 180.286411672 1.40007436275 103.971984863 3.2296295166 8388608 0.510149885692 0.0 0.510149885692 -0.338044362881 1.358651622 -1.358651622 -0.338044362881 
53.6330885785 24.0515847335 2.5026049614 87.7143859863 3.2244052887 23986432 0.15966708537 0.0 0.15966708537 0.0998061650232 2.50061398905 -2.50061398905 0.0998061650232 
43.9773422251 23.5246820622 1.60198652744 98.6572570801 3.222032547 8454144 0.38965681938 0.0 0.38965681938 -0.241136390228 1.58373421868 -1.58373421868 -0.241136390228 
35.9468013095 38.4848028389 1.70268595219 95.8936157227 3.22116851807 12845056 0.344929940982 0.0 0.344929940982 -0.174834687688 1.69368600507 -1.69368600507 -0.174834687688 
19.7250001822 29.0597517132 1.67835938931 97.875 3.13195419312 11796480 0.355001407551 0.0 0.355001407551 -0.229955950113 1.66253135329 -1.66253135329 -0.229955950113 
27.8473377728 48.5966141918 1.62768638134 94.1269226074 3.08756256104 9568256 0.377449227081 0.0 0.377449227081 -0.117138276729 1.62346591591 -1.62346591591 -0.117138276729 
11.8277330273 11.1329495808 1.62339198589 268.359375 3.07224082947 9437184 0.379448818282 0.0 0.379448818282 -0.0464783541371 -1.62272650267 1.62272650267 -0.0464783541371 
11.6222119304 172.843636645 1.47090256214 93.3098754883 3.05861854553 8388608 0.462202394519 0.0 0.462202394519 -0.0849241775435 1.46844892025 -1.46844892025 -0.0849241775435 
11.6281780878 28.8497696464 1.48609530926 105.98815918 3.03102493286 8388608 0.452800265957 0.0 0.452800265957 -0.409328151647 1.4286111201 -1.4286111201 -0.409328151647 
127.168707604 23.0530169238 2.62378644943 88.1532287598 2.98601531982 10682880 0.145258993419 0.0 0.145258993419 0.0845558681998 2.62242361898 -2.62242361898 0.0845558681998 
125.67585414 23.3596286425 1.80904090405 83.5809631348 2.87173271179 17235968 0.305564731685 0.0 0.305564731685 0.20224916552 1.79769971562 -1.79769971562 0.20224916552 
44.4001879042 15.6978128754 1.70389950275 94.3821411133 2.86491394043 12910592 0.344438784243 0.0 0.344438784243 -0.13019197352 1.69891835163 -1.69891835163 -0.13019197352 
72.334533932 43.0273572363 1.31336021423 90.3731994629 2.83350372314 8388608 0.579738694174 0.0 0.579738694174 -0.00855458927083 1.31333235372 -1.31333235372 -0.00855458927083 
59.4207098251 42.7263644087 1.34632277489 89.9358825684 2.78779220581 8388608 0.551698260869 0.0 0.551698260869 0.00150661604051 1.34632193189 -1.34632193189 0.00150661604051 
196.318803098 15.5293523491 1.48079681396 94.6859130859 2.65138816833 8388608 0.456046426832 0.0 0.456046426832 -0.1209714299 1.47584725409 -1.47584725409 -0.1209714299 
227.602064222 15.5586148153 1.4418951273 97.4088439941 2.62712287903 8388608 0.480986239245 0.0 0.480986239245 -0.185930453532 1.42985713432 -1.42985713432 -0.185930453532 
172.593883322 31.7463745038 1.40401887894 94.0880126953 2.59603691101 8388608 0.507287434492 0.0 0.507287434492 -0.100090765273 1.40044666129 -1.40044666129 -0.100090765273 
18.277576058 42.0656499071 1.34767770767 169.960464478 2.57550048828 8388608 0.550589481985 0.0 0.550589481985 -1.32704165824 0.234937525849 -0.234937525849 -1.32704165824 
203.702578365 181.902080509 1.57330930233 1.41607666016 2.55946159363 8388608 0.40399108272 0.0 0.40399108272 1.57282880578 0.0388806957493 -0.0388806957493 1.57282880578 
98.3792943143 178.041622243 2.23038721085 91.5580749512 2.54978942871 15663360 0.201020092125 0.0 0.201020092125 -0.0606446441482 2.22956258881 -2.22956258881 -0.0606446441482 
235.878001778 17.5616571012 1.49331712723 173.181838989 2.34770584106 8388608 0.448431289094 0.0 0.448431289094 -1.48275628067 0.177284671119 -0.177284671119 -1.48275628067 
28.5442777839 180.166320155 1.3622276783 219.173782349 2.21312522888 8388608 0.538890589359 0.0 0.538890589359 -1.05604468651 -0.860484670179 0.860484670179 -1.05604468651 
144.259823967 10.1910912359 1.27312791348 269.991210938 2.20841407776 8388608 0.616958453974 0.0 0.616958453974 -0.000195295375214 -1.2731278985 1.2731278985 -0.000195295375214 
