13
138
99.1691880008 156.205975957 2.98061919212 143.625594714 88.7852249146 19923456 0.112560759009 0.0 0.112560759009 -2.39987178507 1.7676838472 -1.7676838472 -2.39987178507 
193.110493524 159.033854424 2.25597405434 142.540097308 79.3501663208 16515328 0.196486084757 0.0 0.196486084757 -1.79074522484 1.37209710792 -1.37209710792 -1.79074522484 
144.426564456 158.418201743 1.51811122894 135.338735256 76.3433685303 8388608 0.433903161799 0.0 0.433903161799 -1.07979433186 1.0671016373 -1.0671016373 -1.07979433186 
103.709019964 73.8117699219 1.7143778801 145.099239816 72.7815246582 13369344 0.340241191755 0.0 0.340241191755 -1.40603722023 0.980892884617 -0.980892884617 -1.40603722023 
42.5336882767 166.286515917 1.56249725819 137.713111821 72.4508285522 8388608 0.409601437504 0.0 0.409601437504 -1.15591217601 1.05131571052 -1.05131571052 -1.15591217601 
74.2620382231 156.968103506 2.45194506645 140.212318921 71.7121429443 22544640 0.16633304115 0.0 0.16633304115 -1.88412640623 1.56910875795 -1.56910875795 -1.88412640623 
213.332788932 167.428563442 2.43088912964 135.05727814 71.5807723999 21889280 0.169227016123 0.0 0.169227016123 -1.72061569768 1.71717896024 -1.71717896024 -1.72061569768 
205.829296037 105.497051695 1.64412403107 145.154717601 70.7134094238 10354688 0.369939619592 0.0 0.369939619592 -1.34932914361 0.939390595945 -0.939390595945 -1.34932914361 
75.6720742246 155.29257642 3.2517592907 143.860181528 69.8996047974 9502721 0.0945721408777 0.0 0.0945721408777 -2.62605647974 1.91775020528 -1.91775020528 -2.62605647974 
151.862214837 167.451267873 3.09364700317 135.761902546 68.3324432373 22610432 0.104486091748 0.0 0.104486091748 -2.2164337618 2.1582569726 -2.1582569726 -2.2164337618 
157.02070466 162.872589483 1.39273107052 135.308872966 67.9295959473 8388608 0.51554368468 0.0 0.51554368468 -0.990104209722 0.9794863392 -0.9794863392 -0.990104209722 
134.871911949 146.599278725 1.64835381508 142.168515382 67.2920074463 10485760 0.368043476871 0.0 0.368043476871 -1.3018996691 1.01100324 -1.01100324 -1.3018996691 
106.989482552 108.048579077 1.31484723091 145.172285374 65.7418899536 8388608 0.578428133366 0.0 0.578428133366 -1.07932265984 0.750923322703 -0.750923322703 -1.07932265984 
41.0586015579 149.281134617 1.52131772041 139.141225517 64.3149795532 8388608 0.432076008226 0.0 0.432076008226 -1.15060967139 0.995241172055 -0.995241172055 -1.15060967139 
33.8961927554 85.9892443229 1.70242702961 127.666884606 62.8672790527 12845056 0.345034869933 0.0 0.345034869933 -1.04030145934 1.34760181984 -1.34760181984 -1.04030145934 
172.023065522 121.032134657 3.15077471733 152.364139736 62.7283706665 23921152 0.100731498854 0.0 0.100731498854 -2.79131366252 1.46148874674 -1.46148874674 -2.79131366252 
58.9767323192 160.696081169 1.4503711462 136.244676947 62.5900688171 8388608 0.475380865963 0.0 0.475380865963 -1.04760266418 1.00304791498 -1.00304791498 -1.04760266418 
225.329924253 122.98750133 1.71077287197 134.345446973 62.1321792603 13172736 0.341676641921 0.0 0.341676641921 -1.1958007312 1.22343959014 -1.22343959014 -1.1958007312 
152.393747961 168.801944602 1.54528748989 133.929949858 57.9022750854 8388608 0.418775651135 0.0 0.418775651135 -1.07208705542 1.11289836554 -1.11289836554 -1.07208705542 
220.71615114 168.000817841 1.48064112663 132.959698239 57.8996963501 8388608 0.456142337155 0.0 0.456142337155 -1.00903287974 1.08358238887 -1.08358238887 -1.00903287974 
110.751781088 99.691092228 1.24466216564 139.553521655 56.947013855 8388608 0.645501154351 0.0 0.645501154351 -0.947203219977 0.807458956633 -0.807458956633 -0.947203219977 
192.571539843 53.9814773013 1.57977044582 124.264667655 56.4439315796 8388608 0.400693253583 0.0 0.400693253583 -0.889436851368 1.30559440445 -1.30559440445 -0.889436851368 
116.53001271 113.926985597 1.77608835697 143.803597753 55.5955467224 15925248 0.317008469512 0.0 0.317008469512 -1.43329867956 1.0488778513 -1.0488778513 -1.43329867956 
43.2227438907 115.364638851 1.80029344559 137.645401838 53.4498252869 16908288 0.308541366994 0.0 0.308541366994 -1.33039783391 1.212888327 -1.212888327 -1.33039783391 
103.455483403 168.257398719 2.45208334923 141.374316305 52.3719749451 22544640 0.16631428131 0.0 0.16631428131 -1.91566738697 1.53066365151 -1.53066365151 -1.91566738697 
180.303291623 79.5917391123 1.43308150768 137.203316265 51.3081970215 8388608 0.486920675786 0.0 0.486920675786 -1.05155105589 0.97363390682 -0.97363390682 -1.05155105589 
108.676689635 98.902807048 1.87593531609 140.722662607 51.1032867432 19857408 0.284160874815 0.0 0.284160874815 -1.45214403476 1.18760726355 -1.18760726355 -1.45214403476 
122.633556292 112.022052146 4.11398172379 146.197784267 51.0439300537 9830657 0.0590847339017 0.0 0.0590847339017 -3.4185664128 2.28872219916 -2.28872219916 -3.4185664128 
33.9865871254 151.368709431 1.26449871063 133.581395225 50.7424240112 8388608 0.625407691864 0.0 0.625407691864 -0.871725632097 0.915997495376 -0.915997495376 -0.871725632097 
36.4313423045 156.00000059 1.31893646717 133.764829446 49.8630905151 8388608 0.574846971397 0.0 0.574846971397 -0.912308350091 0.952516077968 -0.952516077968 -0.912308350091 
188.99244615 90.0770130712 2.74634027481 157.400721121 47.6597328186 14025216 0.132584058304 0.0 0.132584058304 -2.53546268445 1.05537381094 -1.05537381094 -2.53546268445 
186.676845903 70.807059353 2.40715742111 129.671541199 47.6458358765 21168384 0.172580218456 0.0 0.172580218456 -1.53669458198 1.85282935311 -1.85282935311 -1.53669458198 
161.901927712 147.905020747 1.50326395035 141.581040904 47.1924247742 8388608 0.442516546488 0.0 0.442516546488 -1.17778908172 0.934138845886 -0.934138845886 -1.17778908172 
115.687305111 107.063796536 1.4478276968 141.181627015 46.9186859131 8388608 0.477052569333 0.0 0.477052569333 -1.1280561172 0.907576132383 -0.907576132383 -1.1280561172 
95.2412718555 104.227146927 2.21281766891 144.762101575 46.0999832153 15073536 0.204224922032 0.0 0.204224922032 -1.807348565 1.27673536822 -1.27673536822 -1.807348565 
49.6123433305 115.067360702 1.35134184361 141.892151523 45.9927787781 8388608 0.547607705615 0.0 0.547607705615 -1.06330399438 0.833972058173 -0.833972058173 -1.06330399438 
63.2989326764 140.278503209 1.35091245174 141.458386278 45.912311554 8388608 0.547955878676 0.0 0.547955878676 -1.05662403685 0.841730418261 -0.841730418261 -1.05662403685 
94.0635262401 104.698776997 3.59586262703 143.319735479 45.5887184143 16777217 0.0773381565653 0.0 0.0773381565653 -2.88381511683 2.14798473096 -2.14798473096 -2.88381511683 
26.3524922775 132.968959684 1.30895757675 135.270283927 45.481918335 8388608 0.583645118299 0.0 0.583645118299 -0.929928709693 0.921196250874 -0.921196250874 -0.929928709693 
186.684067187 90.4293062488 1.34944498539 155.226806777 44.0880241394 8388608 0.549148285986 0.0 0.549148285986 -1.22526045749 0.565454312838 -0.565454312838 -1.22526045749 
183.441928674 88.4447540779 1.43887710571 153.810752901 43.8047714233 8388608 0.483006077114 0.0 0.483006077114 -1.29116372716 0.635030357548 -0.635030357548 -1.29116372716 
122.512044974 114.670427627 1.72555363178 142.222198135 43.2550392151 13828096 0.335848239266 0.0 0.335848239266 -1.36386449703 1.05707566895 -1.05707566895 -1.36386449703 
190.094681298 149.794072729 1.96175837517 135.010416471 42.4672470093 23068672 0.259841771988 0.0 0.259841771988 -1.38742481758 1.38692043683 -1.38692043683 -1.38742481758 
144.287708018 130.995164164 2.60039043427 148.207924138 41.7090835571 10093056 0.147884575974 0.0 0.147884575974 -2.21024232223 1.36998514139 -1.36998514139 -2.21024232223 
53.5140927579 103.799723911 3.06935834885 142.735907913 41.3066101074 22020608 0.10614628748 0.0 0.10614628748 -2.44275837044 1.85846501643 -1.85846501643 -2.44275837044 
126.058050912 146.02829028 1.2930315733 138.50229676 39.9245872498 8388608 0.598110932577 0.0 0.598110932577 -0.968457738458 0.856749822504 -0.856749822504 -0.968457738458 
142.701934074 131.994631625 3.96172714233 146.243234542 39.1902618408 23789569 0.0637134142073 0.0 0.0637134142073 -3.29379581303 2.20140661678 -2.20140661678 -3.29379581303 
130.706979367 133.674688301 2.67142248154 136.697442369 37.6391220093 11993600 0.140124748793 0.0 0.140124748793 -1.9441067206 1.83219735121 -1.83219735121 -1.9441067206 
229.304902305 38.9878598152 1.45827519894 135.149535986 37.5630493164 8388608 0.470241571916 0.0 0.470241571916 -1.03384397701 1.02846156322 -1.02846156322 -1.03384397701 
195.617846408 168.994832251 2.33122777939 141.835359793 37.2164382935 18874624 0.184005405246 0.0 0.184005405246 -1.83290077839 1.44051993945 -1.44051993945 -1.83290077839 
235.145027566 120.876201833 1.280590415 140.52247662 37.1504974365 8388608 0.609788888218 0.0 0.609788888218 -0.988454512307 0.814167972897 -0.814167972897 -0.988454512307 
230.58853181 149.408330422 1.48173618317 127.447627152 35.5407180786 8388608 0.455468374978 0.0 0.455468374978 -0.900948923269 1.17636437984 -1.17636437984 -0.900948923269 
140.787775603 103.344195447 4.1734662056 146.098950222 35.1827507019 10879233 0.0574124655257 0.0 0.0574124655257 -3.46398557262 2.32779383149 -2.32779383149 -3.46398557262 
99.129429338 86.5435179241 1.57020270824 146.188600954 34.4392700195 8388608 0.405591230046 0.0 0.405591230046 -1.30464025536 0.873756458665 -0.873756458665 -1.30464025536 
200.502934301 99.9684234514 1.57654321194 149.625527756 33.797794342 8388608 0.402335396185 0.0 0.402335396185 -1.36014538284 0.797178171198 -0.797178171198 -1.36014538284 
156.078332647 118.254551372 1.23017084599 153.795645898 33.4277229309 8388608 0.660798638058 0.0 0.660798638058 -1.10373981038 0.543211506965 -0.543211506965 -1.10373981038 
125.727689232 89.3209263023 3.10409069061 157.282906156 32.6613769531 22872576 0.103784189328 0.0 0.103784189328 -2.86328438545 1.19874165008 -1.19874165008 -2.86328438545 
40.0962766249 108.462105882 1.29203677177 143.797656524 32.1844139099 8388608 0.599032316146 0.0 0.599032316146 -1.04259118459 0.763126884227 -0.763126884227 -1.04259118459 
27.3002362388 124.571245067 1.48789489269 132.13317623 29.5678634644 8388608 0.451705619974 0.0 0.451705619974 -0.998163418651 1.1034042783 -1.1034042783 -0.998163418651 
27.924298796 99.9429313007 1.16070377827 130.118948475 27.637752533 8388608 0.742261959406 0.0 0.742261959406 -0.747930312693 0.887599858179 -0.887599858179 -0.747930312693 
114.209395412 83.8162809581 1.53522467613 159.865433812 25.8570747375 8388608 0.424283473194 0.0 0.424283473194 -1.44140211199 0.528464528381 -0.528464528381 -1.44140211199 
112.951117272 128.843333777 1.9720621109 144.77103511 25.5151786804 23461888 0.25713359502 0.0 0.25713359502 -1.61088561771 1.1375748309 -1.1375748309 -1.61088561771 
169.739714386 135.991125237 2.29031443596 147.656805645 24.667804718 17563904 0.190638134283 0.0 0.190638134283 -1.93499219954 1.22529400687 -1.22529400687 -1.93499219954 
38.6132161311 130.199607221 1.58156013489 132.083908462 24.6348285675 8388608 0.399786919926 0.0 0.399786919926 -1.05999040004 1.17377715606 -1.17377715606 -1.05999040004 
68.6175220774 86.8816073017 2.04936504364 136.159513796 24.3866786957 9568512 0.238101072587 0.0 0.238101072587 -1.47814750763 1.41949886501 -1.41949886501 -1.47814750763 
43.0082618531 127.861737505 1.26537311077 137.676265782 24.168756485 8388608 0.624543650068 0.0 0.624543650068 -0.93555644725 0.851999556028 -0.851999556028 -0.93555644725 
211.621881121 151.51254068 1.29196918011 137.822048564 23.6003742218 8388608 0.599094996669 0.0 0.599094996669 -0.957430599115 0.86747392481 -0.86747392481 -0.957430599115 
122.752329933 124.741092865 2.06344056129 143.507142138 23.552947998 10027264 0.234863794676 0.0 0.234863794676 -1.65886383657 1.22717469079 -1.22717469079 -1.65886383657 
77.4502881239 110.889905392 1.47140645981 145.685069962 23.4699077606 8388608 0.46188587718 0.0 0.46188587718 -1.21531026044 0.829492580345 -0.829492580345 -1.21531026044 
78.4229455849 149.767940902 1.57782971859 150.333672006 22.9876441956 8388608 0.401679563507 0.0 0.401679563507 -1.37101180553 0.780943819976 -0.780943819976 -1.37101180553 
208.343098821 150.376430861 1.71222114563 138.383109709 22.7918186188 13238272 0.341098875431 0.0 0.341098875431 -1.28006053235 1.13716590042 -1.13716590042 -1.28006053235 
54.4151547519 148.955525221 1.29746294022 134.162243127 22.7409133911 8388608 0.594032322336 0.0 0.594032322336 -0.903932726087 0.930760822093 -0.930760822093 -0.903932726087 
41.2021368812 96.7958358075 1.52900612354 137.064289931 22.5780487061 8388608 0.427741660011 0.0 0.427741660011 -1.11941365684 1.04152426314 -1.04152426314 -1.11941365684 
162.323334919 128.833564029 1.46987998486 161.146608266 22.4948825836 8388608 0.462845715169 0.0 0.462845715169 -1.39101878078 0.474988338182 -0.474988338182 -1.39101878078 
147.639154264 85.6756448725 1.42356538773 144.184880101 22.4634246826 8388608 0.49345227977 0.0 0.49345227977 -1.15438259013 0.833030160758 -0.833030160758 -1.15438259013 
219.370691452 78.7699448175 1.30875992775 129.023396459 22.2806835175 8388608 0.583821415851 0.0 0.583821415851 -0.824044567767 1.01676108247 -1.01676108247 -0.824044567767 
88.7687467895 70.39022538 1.89444553852 136.853212054 22.1150360107 20578304 0.278635052819 0.0 0.278635052819 -1.38219517404 1.29555408967 -1.29555408967 -1.38219517404 
26.6123625893 81.6173884238 1.47634756565 127.924676339 21.4369392395 8388608 0.458799330448 0.0 0.458799330448 -0.90740010557 1.16457167363 -1.16457167363 -0.90740010557 
152.179268384 111.778376645 1.35156667233 152.122859053 20.9794597626 8388608 0.547425535247 0.0 0.547425535247 -1.19472039794 0.631961739737 -0.631961739737 -1.19472039794 
102.356159285 127.587190515 1.96341395378 149.632634394 20.4270477295 23134208 0.259403752171 0.0 0.259403752171 -1.6940370047 0.992589029054 -0.992589029054 -1.6940370047 
54.1162572861 91.2292743274 2.90395069122 134.231881842 20.3654098511 18022912 0.118582751832 0.0 0.118582751832 -2.02569121278 2.08074619489 -2.08074619489 -2.02569121278 
178.739121119 130.814921495 1.2967441082 139.858907102 20.0482692719 8388608 0.594691091946 0.0 0.594691091946 -0.991308008493 0.835974709217 -0.835974709217 -0.991308008493 
183.581662621 52.9790593522 1.32242190838 129.06579277 19.9342975616 8388608 0.5718207739 0.0 0.5718207739 -0.833406649003 1.02675852135 -1.02675852135 -0.833406649003 
191.45418461 46.3439229007 1.27848351002 127.345297557 19.4898948669 8388608 0.611800374275 0.0 0.611800374275 -0.775549966158 1.0163869024 -1.0163869024 -0.775549966158 
150.33992255 93.0214149013 1.97298359871 142.445557289 19.4509525299 23527424 0.256893461103 0.0 0.256893461103 -1.56413115372 1.20256310219 -1.20256310219 -1.56413115372 
96.2512866219 66.1502680713 1.9399292469 132.13484399 19.398273468 22282240 0.265722432067 0.0 0.265722432067 -1.30145531379 1.43858943038 -1.43858943038 -1.30145531379 
33.6077638182 77.9589394968 1.33715486526 126.438109817 19.1508731842 8388608 0.559289392137 0.0 0.559289392137 -0.794208646369 1.0757396338 -1.0757396338 -0.794208646369 
159.98159359 96.1692020424 1.46167111397 129.339222679 17.4484424591 8388608 0.468059076333 0.0 0.468059076333 -0.926568619935 1.13046584998 -1.13046584998 -0.926568619935 
220.694722287 64.3565272549 2.10479974747 138.882317238 16.8275089264 11469056 0.225724361935 0.0 0.225724361935 -1.58567293896 1.38413269147 -1.38413269147 -1.58567293896 
115.828798275 64.9851196841 1.58308660984 134.327665101 15.4759101868 8388608 0.399016310794 0.0 0.399016310794 -1.10619882506 1.13246959062 -1.13246959062 -1.10619882506 
53.0372865292 73.7403960372 1.74878633022 129.761845549 13.4400463104 14811136 0.326983998512 0.0 0.326983998512 -1.11852013715 1.34430886762 -1.34430886762 -1.11852013715 
108.764432277 88.3975098032 1.59134173393 158.029310745 13.2643146515 8388608 0.394887234781 0.0 0.394887234781 -1.47577112987 0.595372225069 -0.595372225069 -1.47577112987 
52.6444999161 157.735391831 1.31061065197 128.945458438 12.9559860229 8388608 0.58217374185 0.0 0.58217374185 -0.823824059864 1.01932045964 -1.01932045964 -0.823824059864 
209.844062374 70.1861311498 1.64672982693 131.848837532 12.5585098267 10420224 0.368769756262 0.0 0.368769756262 -1.09864487488 1.22666155144 -1.22666155144 -1.09864487488 
131.670501698 109.667612131 1.46973013878 129.743736069 12.5227680206 8388608 0.462940098687 0.0 0.462940098687 -0.939679229962 1.13009275089 -1.13009275089 -0.939679229962 
157.083206099 89.623146661 1.24439191818 152.17122885 12.1408081055 8388608 0.645781554741 0.0 0.645781554741 -1.10047384533 0.580920443583 -0.580920443583 -1.10047384533 
170.08146069 74.5462725791 2.15331363678 131.67416743 12.0965518951 13107456 0.215667854776 0.0 0.215667854776 -1.43172457479 1.60839185533 -1.60839185533 -1.43172457479 
232.24267185 84.8571297794 1.37210404873 133.872991209 11.687543869 8388608 0.531160667919 0.0 0.531160667919 -0.950953298307 0.989119479627 -0.989119479627 -0.950953298307 
205.244643651 89.4032214676 1.51649689674 129.273055803 11.3546733856 8388608 0.434827445487 0.0 0.434827445487 -0.959968153338 1.17397784579 -1.17397784579 -0.959968153338 
123.240655988 65.9108487169 1.4433516264 140.59988087 10.2621774673 8388608 0.480015993959 0.0 0.480015993959 -1.11532435522 0.916141637559 -0.916141637559 -1.11532435522 
174.136038667 59.2116114038 2.59769821167 126.858834472 10.1372413635 9961984 0.148191266342 0.0 0.148191266342 -1.55821762879 2.07845948246 -2.07845948246 -1.55821762879 
156.919463127 134.326839715 1.29297089577 129.035406067 9.77025127411 8388608 0.59816707111 0.0 0.59816707111 -0.81431372971 1.00432409456 -1.00432409456 -0.81431372971 
30.9365829463 160.01643446 1.47818756104 133.175140562 9.42244911194 8388608 0.457657847101 0.0 0.457657847101 -1.0114213943 1.07799129345 -1.07799129345 -1.0114213943 
166.626502264 76.7139518464 1.27717757225 136.656813198 9.0190486908 8388608 0.61305216841 0.0 0.61305216841 -0.928834559602 0.876612178759 -0.876612178759 -0.928834559602 
204.02035027 74.4151535171 1.74248349667 131.51127728 8.78335762024 14548992 0.329353780569 0.0 0.329353780569 -1.15486134216 1.30481570214 -1.30481570214 -1.15486134216 
176.404972673 68.6023635621 1.30556237698 131.5254795 8.51167678833 8388608 0.586684679547 0.0 0.586684679547 -0.86552655217 0.977423607073 -0.977423607073 -0.86552655217 
137.893469394 116.34337567 1.93694114685 142.704330777 8.36783313751 22151168 0.266542919222 0.0 0.266542919222 -1.54087403239 1.17364740134 -1.17364740134 -1.54087403239 
217.041881534 99.6018365409 1.36744248867 130.551976649 8.04905128479 8388608 0.534788254065 0.0 0.534788254065 -0.889025769064 1.03900536176 -1.03900536176 -0.889025769064 
177.317163221 62.1607203733 1.48985993862 129.680166584 7.87392616272 8388608 0.450514854449 0.0 0.450514854449 -0.951277723849 1.14662693533 -1.14662693533 -0.951277723849 
213.957886676 93.0345605283 1.28699088097 133.895285928 6.6034526825 8388608 0.603738763007 0.0 0.603738763007 -0.89232552869 0.927416130191 -0.927416130191 -0.89232552869 
117.046325195 177.950181978 1.37576627731 129.14419151 6.58056640625 8388608 0.528336579623 0.0 0.528336579623 -0.868485721091 1.06698894186 -1.06698894186 -0.868485721091 
81.1882525573 59.0303370006 2.32585859299 127.402893659 6.54930877686 18678016 0.184855929574 0.0 0.184855929574 -1.41276363 1.84762472389 -1.84762472389 -1.41276363 
102.480975029 47.0993261743 2.0017683506 126.392243634 6.17036056519 24576000 0.249558497984 0.0 0.249558497984 -1.1876690187 1.61137172356 -1.61137172356 -1.1876690187 
122.649693398 44.1716539302 2.06590366364 127.193904149 5.5417766571 10158336 0.23430408929 0.0 0.23430408929 -1.24886844446 1.64568695561 -1.64568695561 -1.24886844446 
179.662125648 178.485564065 1.35998058319 129.486104886 5.27549552917 8388608 0.54067287778 0.0 0.54067287778 -0.864799509119 1.04960420906 -1.04960420906 -0.864799509119 
164.416114219 52.6951238229 2.61318206787 124.395236218 5.16418457031 10420736 0.146440317347 0.0 0.146440317347 -1.47618236511 2.15629454036 -2.15629454036 -1.47618236511 
31.6970965005 174.45841977 1.2612965107 127.586033509 5.05553245544 8388608 0.628587313266 0.0 0.628587313266 -0.769330349806 0.999499725243 -0.999499725243 -0.769330349806 
182.449405082 97.4421550771 1.89469993114 153.39309955 5.03822898865 20578304 0.278560235754 0.0 0.278560235754 -1.69405178487 0.84857314315 -0.84857314315 -1.69405178487 
173.417075217 51.3571748988 1.57114458084 125.040470128 4.58623886108 8388608 0.405105086677 0.0 0.405105086677 -0.902080344944 1.2863694435 -1.2863694435 -0.902080344944 
195.592708784 175.503719069 1.48617374897 132.208656662 4.44087600708 8388608 0.45275246995 0.0 0.45275246995 -0.998459836779 1.10081350213 -1.10081350213 -0.998459836779 
167.825042204 66.9316245169 1.62164080143 124.958240095 4.42378425598 9306112 0.38026878243 0.0 0.38026878243 -0.929166525092 1.32904795155 -1.32904795155 -0.929166525092 
85.6914204363 96.6751312478 1.54207420349 130.88832341 4.19997024536 8388608 0.420522711155 0.0 0.420522711155 -1.0094213581 1.16578787559 -1.16578787559 -1.0094213581 
35.6686794776 31.3878693956 1.70187485218 125.204919072 4.06931304932 12845056 0.345258801058 0.0 0.345258801058 -0.981135054553 1.39059412382 -1.39059412382 -0.981135054553 
23.7957224483 74.0345973095 1.32270073891 124.353371554 3.79302215576 8388608 0.571579715166 0.0 0.571579715166 -0.746393840189 1.09198602557 -1.09198602557 -0.746393840189 
171.317475357 60.2461073976 1.51485288143 125.38609099 3.74992752075 8388608 0.435771762779 0.0 0.435771762779 -0.877225969936 1.23501168013 -1.23501168013 -0.877225969936 
158.871378875 43.2682227079 1.50872826576 124.704188493 3.57452583313 8388608 0.439316936338 0.0 0.439316936338 -0.858978782188 1.24032916263 -1.24032916263 -0.858978782188 
137.326496923 55.0602398225 2.55947041512 125.40149255 3.5086479187 8913408 0.152651041658 0.0 0.152651041658 -1.48270736997 2.08625685401 -2.08625685401 -1.48270736997 
196.288048548 34.3943877854 1.45340514183 125.006444715 3.49836540222 8388608 0.473398214303 0.0 0.473398214303 -0.8337728525 1.19046601662 -1.19046601662 -0.8337728525 
180.802102993 45.36447935 1.24467599392 124.388786754 3.41919898987 8388608 0.645486811471 0.0 0.645486811471 -0.702999861077 1.02713656598 -1.02713656598 -0.702999861077 
206.924635187 28.5693100505 1.30632257462 124.767920951 3.22991943359 8388608 0.586002051004 0.0 0.586002051004 -0.74493531959 1.07310299533 -1.07310299533 -0.74493531959 
195.622152039 180.286411672 1.40007436275 125.099560001 3.2296295166 8388608 0.510149885692 0.0 0.510149885692 -0.805041315241 1.14547662656 -1.14547662656 -0.805041315241 
35.9468013095 38.4848028389 1.70268595219 125.237577771 3.22116851807 12845056 0.344929940982 0.0 0.344929940982 -0.98239551516 1.39069712863 -1.39069712863 -0.98239551516 
72.334533932 43.0273572363 1.31336021423 125.183850966 2.83350372314 8388608 0.579738694174 0.0 0.579738694174 -0.756760753098 1.07341893728 -1.07341893728 -0.756760753098 
59.4207098251 42.7263644087 1.34632277489 125.097066576 2.78779220581 8388608 0.551698260869 0.0 0.551698260869 -0.774086271332 1.10153323087 -1.10153323087 -0.774086271332 
172.593883322 31.7463745038 1.40401887894 124.951171414 2.59603691101 8388608 0.507287434492 0.0 0.507287434492 -0.804331710868 1.15079081996 -1.15079081996 -0.804331710868 
203.702578365 181.902080509 1.57330930233 125.311193561 2.55946159363 8388608 0.40399108272 0.0 0.40399108272 -0.909399613727 1.28385922256 -1.28385922256 -0.909399613727 
98.3792943143 178.041622243 2.23038721085 135.054098623 2.54978942871 15663360 0.201020092125 0.0 0.201020092125 -1.57861033532 1.57563210157 -1.57563210157 -1.57861033532 
28.5442777839 180.166320155 1.3622276783 125.283073223 2.21312522888 8388608 0.538890589359 0.0 0.538890589359 -0.786845169148 1.11199771911 -1.11199771911 -0.786845169148 
