13
141
135.781344104 76.14157703 6.00598049164 270.274902344 152.731811523 20447745 0.0277224855376 0.0 0.0277224855376 0.0288162896649 -6.00591136193 6.00591136193 0.0288162896649 
197.758519029 47.0961455931 3.20942807198 41.2655944824 148.886169434 8585217 0.0970833393217 0.0 0.0970833393217 2.41239973848 2.11677964157 -2.11677964157 2.41239973848 
240.071184917 60.1403565888 2.91451048851 357.918395996 114.944984436 18285056 0.117725015115 0.0 0.117725015115 2.91258722487 -0.105863332414 0.105863332414 2.91258722487 
251.973396335 57.6103769688 2.22701907158 88.3124389648 114.181289673 15532288 0.201628596712 0.0 0.201628596712 0.0655840147817 2.22605316248 -2.22605316248 0.0655840147817 
45.6927542383 65.8537160854 2.57893753052 62.9353637695 112.020217896 9437696 0.150355166275 0.0 0.150355166275 1.17340463204 2.29652789137 -2.29652789137 1.17340463204 
116.231085213 53.1086411709 3.63510966301 49.6748962402 106.305130005 17563649 0.0756771844458 0.0 0.0756771844458 2.35236625266 2.77135260756 -2.77135260756 2.35236625266 
92.7122604907 52.3504513927 1.35202205181 0.682189941406 105.672393799 8388608 0.54705683656 0.0 0.54705683656 1.35192621905 0.0160974169475 -0.0160974169475 1.35192621905 
65.1415203282 80.8858694671 5.28738307953 268.553955078 104.694084167 11272705 0.0357699593185 0.0 0.0357699593185 -0.133430103475 -5.28569921933 5.28569921933 -0.133430103475 
27.9475648352 118.123523408 2.031468153 110.563476562 103.389060974 8913152 0.242314812664 0.0 0.242314812664 -0.713542791365 1.90203037345 -1.90203037345 -0.713542791365 
218.081611335 58.653914233 4.82844161987 305.138824463 102.949234009 21430529 0.0428929612804 0.0 0.0428929612804 2.77905549411 -3.94850592467 3.94850592467 2.77905549411 
228.124600033 59.6777393577 1.87600660324 35.3077697754 99.6369476318 19857408 0.284139279331 0.0 0.284139279331 1.53093248604 1.08427233599 -1.08427233599 1.53093248604 
213.446879374 48.4566780963 2.15533852577 339.129730225 88.2157058716 13172992 0.215262815546 0.0 0.215262815546 2.01392559353 -0.767846250488 0.767846250488 2.01392559353 
65.7019224222 133.708271034 4.50235509872 99.9944152832 87.6427154541 16318721 0.0493310671894 0.0 0.0493310671894 -0.781393569353 4.43403039286 -4.43403039286 -0.781393569353 
68.6646936269 60.7448233038 3.3604285717 271.268615723 86.1076507568 11862017 0.0885545056155 0.0 0.0885545056155 0.0743989214853 -3.3596048854 3.3596048854 0.0743989214853 
168.724827795 64.1714134072 1.79615879059 91.5316467285 81.4484634399 16711680 0.309963491163 0.0 0.309963491163 -0.0480096982731 1.79551704806 -1.79551704806 -0.0480096982731 
85.7762208336 72.7910707323 3.34543299675 78.3338317871 78.9968566895 11599873 0.0893501586002 0.0 0.0893501586002 0.676476836122 3.27632431635 -3.27632431635 0.676476836122 
36.5606544693 74.3790331335 1.55348694324 73.0467529297 78.4255905151 8388608 0.414366641262 0.0 0.414366641262 0.452983230567 1.48597707777 -1.48597707777 0.452983230567 
91.4856049128 71.8812968255 6.72171068192 107.532592773 75.3033370972 11927554 0.0221330043319 0.0 0.0221330043319 -2.02490374033 6.40945858351 -6.40945858351 -2.02490374033 
263.567459593 65.5574903133 2.09137177467 348.786193848 71.7956542969 11010304 0.228632263049 0.0 0.228632263049 2.05144398155 -0.406710573334 0.406710573334 2.05144398155 
263.172823536 96.7184007971 2.67177963257 15.8753967285 67.1040802002 11993600 0.140087288852 0.0 0.140087288852 2.56987491471 0.730855202983 -0.730855202983 2.56987491471 
181.735413993 75.7722702939 3.89987587929 20.8631591797 66.6916275024 22675457 0.0657504046473 0.0 0.0657504046473 3.64417529705 1.3888910246 -1.3888910246 3.64417529705 
255.64975913 67.919330519 1.36816060543 357.483673096 66.6828765869 8388608 0.53422700472 0.0 0.53422700472 1.36684135837 -0.060067822563 0.060067822563 1.36684135837 
188.937065196 74.4015503976 1.44408535957 110.236297607 64.9261703491 8388608 0.479528330011 0.0 0.479528330011 -0.499498550801 1.35494786744 -1.35494786744 -0.499498550801 
162.550659846 103.387906482 3.31946992874 98.3460083008 63.641418457 11010049 0.0907533201957 0.0 0.0907533201957 -0.481823516411 3.28431525692 -3.28431525692 -0.481823516411 
24.376164632 86.2736416783 1.46057665348 29.6859436035 61.3554153442 8388608 0.468760804784 0.0 0.468760804784 1.26888040694 0.723344090711 -0.723344090711 1.26888040694 
38.1215544356 104.805066515 4.02265787125 277.855651855 61.2703895569 24903681 0.061797912567 0.0 0.061797912567 0.549808147381 -3.98490744562 3.98490744562 0.549808147381 
206.148529411 60.2883155964 1.76002275944 98.6301269531 61.2660064697 15269888 0.322822229308 0.0 0.322822229308 -0.264100611552 1.7400951068 -1.7400951068 -0.264100611552 
219.404161891 75.1083503516 3.64875102043 315.690368652 57.462677002 17825793 0.0751123830963 0.0 0.0751123830963 2.61095618223 -2.54878241982 2.54878241982 2.61095618223 
27.2636375882 113.052222995 1.35184264183 203.697097778 53.3053016663 8388608 0.547202051641 0.0 0.547202051641 -1.23785926112 -0.543307443283 0.543307443283 -1.23785926112 
169.068562112 73.001309746 1.40814566612 237.016098022 53.0981216431 8388608 0.504318423941 0.0 0.504318423941 -0.766599256941 -1.18118575858 1.18118575858 -0.766599256941 
31.3560838192 129.277439939 2.01721382141 101.665405273 52.5377197266 8388864 0.24575147303 0.0 0.24575147303 -0.407872589322 1.97554841808 -1.97554841808 -0.407872589322 
199.600429686 79.3114159739 2.56941366196 336.429046631 51.2741317749 9175552 0.15147185429 0.0 0.15147185429 2.35503610401 -1.02746849833 1.02746849833 2.35503610401 
147.500532313 82.1467121205 1.87328386307 243.916397095 47.3583602905 19791872 0.284965848834 0.0 0.284965848834 -0.823649479016 -1.68249634988 1.68249634988 -0.823649479016 
180.526804111 84.0048647726 1.35153973103 7.23303222656 46.7024803162 8388608 0.547447359988 0.0 0.547447359988 1.34078455518 0.170165863621 -0.170165863621 1.34078455518 
138.577821562 103.162039234 5.59227657318 270.013519287 46.0037307739 15335937 0.0319758955253 0.0 0.0319758955253 0.00131953160475 -5.59227641751 5.59227641751 0.00131953160475 
200.422964018 83.5395247803 1.54866635799 349.180450439 45.5248146057 8388608 0.416950281741 0.0 0.416950281741 1.52113611611 -0.290710172958 0.290710172958 1.52113611611 
153.977066564 92.6228935551 1.75590980053 241.56854248 43.7660903931 15073280 0.324336327125 0.0 0.324336327125 -0.836001118125 -1.54412478708 1.54412478708 -0.836001118125 
141.539760414 93.1843885206 2.13700318336 276.602935791 43.0641326904 12583168 0.21897254289 0.0 0.21897254289 0.245729828871 -2.12282817414 2.12282817414 0.245729828871 
180.283812926 42.4076649569 2.18300557137 266.678771973 42.6908302307 14090496 0.209840982887 0.0 0.209840982887 -0.126470043096 -2.17933904035 2.17933904035 -0.126470043096 
175.802826831 95.6255463945 7.64620876312 221.716812134 42.1182365417 21233666 0.0171043942133 0.0 0.0171043942133 -5.70745865252 -5.08816510925 5.08816510925 -5.70745865252 
124.570146758 105.587048752 5.45587253571 260.855560303 41.2627410889 13500929 0.0335947620314 0.0 0.0335947620314 -0.867068413336 -5.38653297516 5.38653297516 -0.867068413336 
121.895694193 93.0741295781 1.29657018185 266.614959717 40.9726791382 8388608 0.594850650437 0.0 0.594850650437 -0.076556939131 -1.29430802807 1.29430802807 -0.076556939131 
80.7426483074 59.6641738699 1.26958012581 174.870529175 40.8751525879 8388608 0.620411400119 0.0 0.620411400119 -1.26449572366 0.113508857315 -0.113508857315 -1.26449572366 
80.8131576564 69.4435089271 1.27452754974 196.436279297 40.0677757263 8388608 0.615604158748 0.0 0.615604158748 -1.22244398851 -0.36062608062 0.36062608062 -1.22244398851 
256.199657122 108.487859903 1.74654197693 48.9507446289 37.9998397827 14680064 0.327824904878 0.0 0.327824904878 1.14696736633 1.31714643748 -1.31714643748 1.14696736633 
241.750134002 45.9171152592 2.55558776855 265.532562256 37.2519340515 8782336 0.153115232542 0.0 0.153115232542 -0.199061162296 -2.54782328595 2.54782328595 -0.199061162296 
195.094973205 109.582521388 1.56333899498 186.190261841 36.8503341675 8388608 0.409160479037 0.0 0.409160479037 -1.5542236429 -0.168575446223 0.168575446223 -1.5542236429 
238.274355134 101.511417334 1.69251430035 248.784423828 36.4034881592 12451840 0.349088310528 0.0 0.349088310528 -0.612483713768 -1.57780491736 1.57780491736 -0.612483713768 
190.146743163 93.650658404 3.66945433617 78.9682922363 34.9209403992 18284545 0.0742671956002 0.0 0.0742671956002 0.702158172497 3.60164809858 -3.60164809858 0.702158172497 
196.556716175 91.507479834 5.180539608 261.93145752 34.4198417664 9765377 0.0372606136496 0.0 0.0372606136496 -0.727128369368 -5.12925676532 5.12925676532 -0.727128369368 
32.5661389882 81.4485530207 1.3759560585 308.487457275 34.0522193909 8388608 0.528190846148 0.0 0.528190846148 0.856317033456 -1.0770219186 1.0770219186 0.856317033456 
188.589305854 87.6178349599 1.77887308598 23.0616455078 32.8042564392 15990784 0.316016727366 0.0 0.316016727366 1.6367125336 0.696822458273 -0.696822458273 1.6367125336 
175.622283122 108.995690446 1.5729957819 188.722320557 31.0095539093 8388608 0.404152141106 0.0 0.404152141106 -1.55480390565 -0.238538350911 0.238538350911 -1.55480390565 
214.203057669 37.877757306 2.17528176308 290.332000732 30.79712677 13828352 0.211333800048 0.0 0.211333800048 0.755822151527 -2.03975087303 2.03975087303 0.755822151527 
219.297833453 91.9625099782 2.69078755379 72.4648742676 29.8625564575 12517888 0.13811510554 0.0 0.13811510554 0.810708534734 2.56575317038 -2.56575317038 0.810708534734 
87.6049838976 46.6050876244 1.34228098392 264.185974121 29.6433486938 8388608 0.555025740377 0.0 0.555025740377 -0.1359728472 -1.3353762109 1.3353762109 -0.1359728472 
195.320081574 89.2577186322 1.28503870964 340.036254883 29.3047332764 8388608 0.605574500298 0.0 0.605574500298 1.20781925801 -0.438744943278 0.438744943278 1.20781925801 
176.287811935 93.2750872306 2.98015213013 349.099578857 27.3356838226 19923456 0.112596043766 0.0 0.112596043766 2.92638220711 -0.563554697098 0.563554697098 2.92638220711 
72.3514399782 93.9971750493 2.07757210732 268.419494629 27.0276756287 10551552 0.231679596438 0.0 0.231679596438 -0.057302605583 -2.07678171036 2.07678171036 -0.057302605583 
170.717204393 52.9097142524 1.98008525372 224.370727539 24.4381961823 23789568 0.255054048234 0.0 0.255054048234 -1.41542443092 -1.38467010235 1.38467010235 -1.41542443092 
127.063769543 57.5031330129 1.91021573544 269.78527832 24.1529541016 21168128 0.274053380469 0.0 0.274053380469 -0.00715870827958 -1.91020232143 1.91020232143 -0.00715870827958 
248.889193273 109.582710042 1.77285397053 78.4838256836 24.0457305908 15794176 0.31816622217 0.0 0.31816622217 0.353940640941 1.73716355692 -1.73716355692 0.353940640941 
214.25213653 76.809960004 1.79277145863 199.131454468 24.0362300873 16580608 0.311135911823 0.0 0.311135911823 -1.6937551355 -0.58755684305 0.58755684305 -1.6937551355 
80.0814189232 107.008438785 3.57229375839 270.866333008 23.2833786011 16318465 0.0783620286301 0.0 0.0783620286301 0.0540123216635 -3.57188540765 3.57188540765 0.0540123216635 
16.8673365373 82.8035431512 1.53181481361 198.881500244 22.4992389679 8388608 0.426174509305 0.0 0.426174509305 -1.44938769995 -0.495713544738 0.495713544738 -1.44938769995 
221.777569643 103.673180284 2.516456604 74.5887451172 21.4430809021 24379648 0.15791417259 0.0 0.15791417259 0.668737003898 2.42597293049 -2.42597293049 0.668737003898 
148.874443781 114.848508547 2.52860951424 308.740966797 20.9361877441 24772864 0.156399897682 0.0 0.156399897682 1.58240511979 -1.97227282909 1.97227282909 1.58240511979 
204.028210005 123.789437817 3.08972907066 70.5077514648 20.886920929 22544896 0.10475124704 0.0 0.10475124704 1.0309787186 2.91264632455 -2.91264632455 1.0309787186 
18.4058739693 95.9466167954 1.49452519417 172.502929688 20.2466316223 8388608 0.447706622735 0.0 0.447706622735 -1.48174929671 0.194998917195 -0.194998917195 -1.48174929671 
78.9553325126 51.030178812 1.8948802948 268.672668457 19.5988864899 20578304 0.278507208921 0.0 0.278507208921 -0.0438934498041 -1.89437184752 1.89437184752 -0.0438934498041 
147.360085844 111.540844824 1.58849549294 315.971679688 19.3762016296 8388608 0.396303607914 0.0 0.396303607914 1.14212246914 -1.10402635682 1.10402635682 1.14212246914 
246.383065781 69.5723427224 1.50524806976 266.210418701 16.8739128113 8388608 0.441350722696 0.0 0.441350722696 -0.0994855455055 -1.5019568495 1.5019568495 -0.0994855455055 
18.1897370371 112.479432838 1.47897386551 210.173858643 14.8804473877 8388608 0.457171343911 0.0 0.457171343911 -1.27857914242 -0.743370077029 0.743370077029 -1.27857914242 
204.055888511 105.690597249 1.75110280514 279.753662109 14.6278896332 14876672 0.326119458492 0.0 0.326119458492 0.296658697273 -1.72579102196 1.72579102196 0.296658697273 
163.868055458 120.317116341 3.09142613411 272.125183105 14.2525920868 22544896 0.104636270514 0.0 0.104636270514 0.114639163877 -3.08929982436 3.08929982436 0.114639163877 
203.627023758 113.641376045 1.51763784885 282.348632812 13.7972621918 8388608 0.4341738893 0.0 0.4341738893 0.324561466339 -1.48252638926 1.48252638926 0.324561466339 
80.2422132295 105.401984936 1.44150853157 271.63684082 13.3686389923 8388608 0.481244263606 0.0 0.481244263606 0.0411757914541 -1.44092033117 1.44092033117 0.0411757914541 
153.395975118 124.838849408 2.01552081108 329.194122314 12.6626682281 25034752 0.24616450228 0.0 0.24616450228 1.73114566796 -1.03221064526 1.03221064526 1.73114566796 
20.9296094104 129.755331989 1.3991394043 108.707565308 12.2258338928 8388608 0.510831916823 0.0 0.510831916823 -0.448757253989 1.32521998161 -1.32521998161 -0.448757253989 
94.4475803056 106.177784072 1.55594933033 269.588195801 12.044303894 8388608 0.413056156817 0.0 0.413056156817 -0.0111830392546 -1.55590914201 1.55590914201 -0.0111830392546 
23.4818434347 75.042320593 1.70110058784 254.815856934 11.7740592957 12779520 0.345573165081 0.0 0.345573165081 -0.445555829412 -1.64171349901 1.64171349901 -0.445555829412 
120.120752299 107.293196345 1.65864121914 90.7464904785 11.7719650269 10944512 0.363492196838 0.0 0.363492196838 -0.0216093551584 1.65850044606 -1.65850044606 -0.0216093551584 
179.141110894 123.631228919 2.49837803841 340.083648682 11.7504005432 23855360 0.160207813301 0.0 0.160207813301 2.34895242071 -0.851067181865 0.851067181865 2.34895242071 
229.397235325 95.1251834983 1.27977800369 260.336334229 10.5913257599 8388608 0.610563329767 0.0 0.610563329767 -0.214828987531 -1.26161810579 1.26161810579 -0.214828987531 
145.977167169 126.380398696 1.72926735878 94.0471801758 10.012928009 13959168 0.334407271346 0.0 0.334407271346 -0.122048047531 1.72495503484 -1.72495503484 -0.122048047531 
139.62331088 116.48624297 1.95143473148 148.420471191 9.88179779053 22740992 0.262598317677 0.0 0.262598317677 -1.66245475232 1.02193038301 -1.02193038301 -1.66245475232 
52.2802040246 91.5506762785 1.32815158367 272.323364258 9.47830200195 8388608 0.566897721015 0.0 0.566897721015 0.0538422609847 -1.32705977263 1.32705977263 0.0538422609847 
170.492637119 93.6304906374 1.50626564026 226.959274292 9.18155097961 8388608 0.440754607691 0.0 0.440754607691 -1.02805346085 -1.10088249176 1.10088249176 -1.02805346085 
257.466638106 46.6565557765 2.79946875572 295.959564209 9.09034538269 15401472 0.127599434722 0.0 0.127599434722 1.22543028442 -2.51701130953 2.51701130953 1.22543028442 
15.3306056233 102.118140022 1.50583899021 308.798706055 8.91172409058 8388608 0.44100440148 0.0 0.44100440148 0.943537947167 -1.17357880293 1.17357880293 0.943537947167 
163.400288564 125.484036989 1.80653357506 267.253448486 8.29339599609 17104896 0.306413520768 0.0 0.306413520768 -0.0865654944687 -1.80445836 1.80445836 -0.0865654944687 
122.634890914 129.426733506 1.26842176914 280.227386475 6.93227958679 8388608 0.621545070082 0.0 0.621545070082 0.225214817453 -1.24826762773 1.24826762773 0.225214817453 
127.899360223 150.255091325 1.25708043575 100.906311035 6.27300262451 8388608 0.63281077471 0.0 0.63281077471 -0.237844147664 1.2343748958 -1.2343748958 -0.237844147664 
273.006105478 77.8614709221 1.34357225895 119.218734741 5.839012146 8388608 0.553959409223 0.0 0.553959409223 -0.655858165879 1.17261949552 -1.17261949552 -0.655858165879 
230.812255851 28.432624955 2.51121997833 110.678390503 5.51999092102 24248576 0.158573453434 0.0 0.158573453434 -0.886767045048 2.34944035621 -2.34944035621 -0.886767045048 
97.2276448995 148.206493284 1.38718080521 113.334121704 5.45881652832 8388608 0.519677433674 0.0 0.519677433674 -0.549451774851 1.27372419834 -1.27372419834 -0.549451774851 
246.18910174 28.0623075461 1.88165581226 115.557952881 5.25625228882 20054016 0.282435723752 0.0 0.282435723752 -0.811791125448 1.69753461363 -1.69753461363 -0.811791125448 
238.563415126 35.5354632749 2.16710686684 115.164047241 5.21223831177 13566208 0.212931220512 0.0 0.212931220512 -0.921478618948 1.96143552714 -1.96143552714 -0.921478618948 
221.61314952 11.8563782847 1.54405355453 106.939834595 4.98286247253 8388608 0.419445250397 0.0 0.419445250397 -0.449886781617 1.47705899104 -1.47705899104 -0.449886781617 
268.364199462 133.31917079 1.35747456551 95.1485595703 4.98113059998 8388608 0.542670979982 0.0 0.542670979982 -0.121817641609 1.35199765465 -1.35199765465 -0.121817641609 
231.151633742 137.604974602 1.61414480209 73.4630737305 4.87432479858 8978432 0.383808877849 0.0 0.383808877849 0.459439249673 1.54737811087 -1.54737811087 0.459439249673 
80.8375172636 111.704083383 1.21452498436 275.41204834 4.85094833374 8388608 0.677933497628 0.0 0.677933497628 0.114551155984 -1.20911081804 1.20911081804 0.114551155984 
253.742344188 36.4868472495 1.33034622669 141.663330078 4.76657676697 8388608 0.565028866294 0.0 0.565028866294 -1.04349636734 0.825188714312 -0.825188714312 -1.04349636734 
243.292553196 138.052353499 1.52894735336 74.6327514648 4.75370407104 8388608 0.427774543991 0.0 0.427774543991 0.405178658292 1.47428296613 -1.47428296613 0.405178658292 
31.2045385595 137.832445253 1.45143187046 94.7329101562 4.7306022644 8388608 0.474686291493 0.0 0.474686291493 -0.119759028606 1.44648271668 -1.44648271668 -0.119759028606 
76.2300476157 43.0371709499 1.38815999031 91.7647094727 4.64678382874 8388608 0.51894454851 0.0 0.51894454851 -0.0427485551314 1.38750161071 -1.38750161071 -0.0427485551314 
179.828716103 157.927184332 1.73766601086 250.501693726 4.54561424255 14352384 0.331182505502 0.0 0.331182505502 -0.579996412281 -1.63801322553 1.63801322553 -0.579996412281 
20.0101435723 137.496469246 1.33215737343 85.0816040039 4.4970703125 8388608 0.563493530372 0.0 0.563493530372 0.114214931625 1.32725213014 -1.32725213014 0.114214931625 
263.987436304 43.1956020263 1.71782541275 124.178634644 4.48837280273 13500416 0.338876890632 0.0 0.338876890632 -0.965031240512 1.42113998379 -1.42113998379 -0.965031240512 
119.102009041 12.2251678669 1.60888540745 115.609436035 4.47455596924 8781824 0.386322297041 0.0 0.386322297041 -0.695415402577 1.45083068349 -1.45083068349 -0.695415402577 
187.221624286 158.984582374 1.48113048077 243.782211304 4.34998893738 8388608 0.455840975098 0.0 0.455840975098 -0.65434034743 -1.32875363058 1.32875363058 -0.65434034743 
247.675145103 20.5810280676 1.45474612713 110.382873535 4.34773349762 8388608 0.472525859402 0.0 0.472525859402 -0.506676242875 1.36365885738 -1.36365885738 -0.506676242875 
192.679556332 158.867548283 1.6700552702 255.064880371 4.18950653076 11468800 0.358540575652 0.0 0.358540575652 -0.430415141613 -1.61363794309 1.61363794309 -0.430415141613 
262.809077643 37.732791976 1.35786390305 135.414718628 4.01660728455 8388608 0.542359826716 0.0 0.542359826716 -0.967079358755 0.953179884945 -0.953179884945 -0.967079358755 
222.052527964 36.4493678364 1.20611071587 120.996841431 4.00138473511 8388608 0.687425515375 0.0 0.687425515375 -0.621135947411 1.03387290987 -1.03387290987 -0.621135947411 
71.6215206309 19.5932974714 2.05652165413 85.01171875 3.99385070801 9830656 0.236446792204 0.0 0.236446792204 0.178818647129 2.04873258512 -2.04873258512 0.178818647129 
267.797381708 117.426070224 1.28867697716 69.4940490723 3.93309879303 8388608 0.602159941161 0.0 0.602159941161 0.451429557058 1.20702100498 -1.20702100498 0.451429557058 
220.972963578 148.862624122 1.23819887638 255.849777222 3.88453483582 8388608 0.652257661167 0.0 0.652257661167 -0.302696365278 -1.20062957148 1.20062957148 -0.302696365278 
247.349835793 144.419484384 1.36478698254 255.459350586 3.84351730347 8388608 0.536871385139 0.0 0.536871385139 -0.342652712572 -1.32107252877 1.32107252877 -0.342652712572 
270.432317534 51.2556732256 1.43166601658 125.800643921 3.84123420715 8388608 0.487883990693 0.0 0.487883990693 -0.837477074247 1.16116309498 -1.16116309498 -0.837477074247 
70.9733306249 27.670318585 1.80818283558 97.8318481445 3.79249000549 17170432 0.305854810395 0.0 0.305854810395 -0.246394318844 1.79131655676 -1.79131655676 -0.246394318844 
171.61192139 157.414314121 1.69647312164 261.458190918 3.75231170654 12582912 0.347460974667 0.0 0.347460974667 -0.251978955532 -1.67765540515 1.67765540515 -0.251978955532 
273.798670825 62.9931797531 1.22005951405 169.539001465 3.70273590088 8388608 0.671796857786 0.0 0.671796857786 -1.19978057325 0.221521542654 -0.221521542654 -1.19978057325 
130.727694302 27.4244623097 1.215051651 110.004394531 3.63219451904 8388608 0.677345921657 0.0 0.677345921657 -0.415659711652 1.14174319298 -1.14174319298 -0.415659711652 
132.437881216 157.633058135 1.75470972061 257.594329834 3.59051132202 15007744 0.324780118607 0.0 0.324780118607 -0.376967764655 -1.71373904315 1.71373904315 -0.376967764655 
61.0071086546 117.361469646 1.3096524477 96.745513916 3.49663162231 8388608 0.583025945712 0.0 0.583025945712 -0.153831308804 1.30058658389 -1.30058658389 -0.153831308804 
123.642992704 156.384390229 1.37485074997 251.214782715 3.46574783325 8388608 0.5290404635 0.0 0.5290404635 -0.44273142149 -1.30161571638 1.30161571638 -0.44273142149 
271.509221076 56.8601431464 1.22254049778 139.919403076 3.3802318573 8388608 0.66907297929 0.0 0.66907297929 -0.935414010471 0.787150492426 -0.787150492426 -0.935414010471 
204.002167005 152.235893181 1.28088498116 258.316833496 3.37179374695 8388608 0.60950845318 0.0 0.60950845318 -0.25937868482 -1.25434805091 1.25434805091 -0.25937868482 
254.980380274 140.540323176 1.64602136612 246.536956787 3.365026474 10420224 0.369087267503 0.0 0.369087267503 -0.655375696304 -1.50992351939 1.50992351939 -0.655375696304 
235.863776582 150.428289841 1.65785944462 253.085571289 3.25182151794 10944512 0.363835091937 0.0 0.363835091937 -0.482342828052 -1.58614101969 1.58614101969 -0.482342828052 
212.943131782 157.337685825 1.92787897587 258.108886719 3.23460578918 21823488 0.269054627247 0.0 0.269054627247 -0.397244116348 -1.88650853632 1.88650853632 -0.397244116348 
55.7048889182 14.7846023144 1.76915562153 91.8931274414 3.11518669128 15597568 0.319497840063 0.0 0.319497840063 -0.0584445784255 1.76818999105 -1.76818999105 -0.0584445784255 
104.204450313 120.534547745 1.341968894 299.45022583 3.10128974915 8388608 0.55528392532 0.0 0.55528392532 0.659802190925 -1.16856389698 1.16856389698 0.659802190925 
243.878439986 150.510265997 1.5043874979 250.126800537 3.04963302612 8388608 0.44185580885 0.0 0.44185580885 -0.511401013751 -1.41479706919 1.41479706919 -0.511401013751 
246.643174564 150.566276101 1.7297719717 252.547698975 3.02600097656 14024704 0.33421219174 0.0 0.33421219174 -0.518778890815 -1.6501453077 1.6501453077 -0.518778890815 
269.269281947 142.121888962 1.71501791477 241.166503906 2.9122467041 13369344 0.339987287088 0.0 0.339987287088 -0.827094650699 -1.50239837819 1.50239837819 -0.827094650699 
243.840234266 123.188385286 1.24687457085 69.8510437012 2.64307880402 8388608 0.643212482891 0.0 0.643212482891 0.429500879509 1.17056618349 -1.17056618349 0.429500879509 
91.5353193104 20.6255620879 1.32789051533 47.5385437012 2.22611808777 8388608 0.567120651439 0.0 0.567120651439 0.896451022648 0.979626859927 -0.979626859927 0.896451022648 
91.1765251863 27.4414001079 1.65348672867 48.5121765137 2.12244606018 10747904 0.365761991193 0.0 0.365761991193 1.09537024853 1.23862116102 -1.23862116102 1.09537024853 
260.060480729 159.653927816 1.67644035816 259.537628174 1.1694726944 11730944 0.355814617129 0.0 0.355814617129 -0.30442438186 -1.64856849121 1.64856849121 -0.30442438186 
