13
95
45.6927542383 65.8537160854 2.57893753052 126.017568972 112.020217896 9437696 0.150355166275 0.0 0.150355166275 -1.51650114327 2.08593937323 -2.08593937323 -1.51650114327 
92.7122604907 52.3504513927 1.35202205181 128.998228836 105.672393799 8388608 0.54705683656 0.0 0.54705683656 -0.850822565453 1.05074477905 -1.05074477905 -0.850822565453 
228.124600033 59.6777393577 1.87600660324 143.518948705 99.6369476318 19857408 0.284139279331 0.0 0.284139279331 -1.5084097407 1.11539267954 -1.11539267954 -1.5084097407 
213.446879374 48.4566780963 2.15533852577 151.432944155 88.2157058716 13172992 0.215262815546 0.0 0.215262815546 -1.89294345476 1.03065476166 -1.03065476166 -1.89294345476 
68.6646936269 60.7448233038 3.3604285717 136.344124306 86.1076507568 11862017 0.0885545056155 0.0 0.0885545056155 -2.43126667753 2.31978932842 -2.31978932842 -2.43126667753 
168.724827795 64.1714134072 1.79615879059 126.954688882 81.4484634399 16711680 0.309963491163 0.0 0.309963491163 -1.07982058203 1.43533059315 -1.43533059315 -1.07982058203 
85.7762208336 72.7910707323 3.34543299675 128.773857339 78.9968566895 11599873 0.0893501586002 0.0 0.0893501586002 -2.09507123628 2.60817914466 -2.60817914466 -2.09507123628 
36.5606544693 74.3790331335 1.55348694324 133.531734721 78.4255905151 8388608 0.414366641262 0.0 0.414366641262 -1.0699738214 1.12626715497 -1.12626715497 -1.0699738214 
181.735413993 75.7722702939 3.89987587929 127.951310586 66.6916275024 22675457 0.0657504046473 0.0 0.0657504046473 -2.39839094187 3.07518337076 -3.07518337076 -2.39839094187 
255.64975913 67.919330519 1.36816060543 130.012878682 66.6828765869 8388608 0.53422700472 0.0 0.53422700472 -0.879672243783 1.04787412687 -1.04787412687 -0.879672243783 
188.937065196 74.4015503976 1.44408535957 137.770495212 64.9261703491 8388608 0.479528330011 0.0 0.479528330011 -1.0692854117 0.970572632034 -0.970572632034 -1.0692854117 
162.550659846 103.387906482 3.31946992874 137.262132398 63.641418457 11010049 0.0907533201957 0.0 0.0907533201957 -2.4380385616 2.25274245754 -2.25274245754 -2.4380385616 
206.148529411 60.2883155964 1.76002275944 125.770130165 61.2660064697 15269888 0.322822229308 0.0 0.322822229308 -1.02879449196 1.42802731313 -1.42802731313 -1.02879449196 
219.404161891 75.1083503516 3.64875102043 131.960034598 57.462677002 17825793 0.0751123830963 0.0 0.0751123830963 -2.43959900699 2.71325278848 -2.71325278848 -2.43959900699 
27.2636375882 113.052222995 1.35184264183 135.388898492 53.3053016663 8388608 0.547202051641 0.0 0.547202051641 -0.962363237949 0.949386921395 -0.949386921395 -0.962363237949 
169.068562112 73.001309746 1.40814566612 128.663219909 53.0981216431 8388608 0.504318423941 0.0 0.504318423941 -0.879727096189 1.09952464877 -1.09952464877 -0.879727096189 
199.600429686 79.3114159739 2.56941366196 137.132547224 51.2741317749 9175552 0.15147185429 0.0 0.15147185429 -1.88319898911 1.74798401985 -1.74798401985 -1.88319898911 
147.500532313 82.1467121205 1.87328386307 133.182633731 47.3583602905 19791872 0.284965848834 0.0 0.284965848834 -1.28193708729 1.36595378247 -1.36595378247 -1.28193708729 
180.526804111 84.0048647726 1.35153973103 128.986673265 46.7024803162 8388608 0.547447359988 0.0 0.547447359988 -0.850307183945 1.05054144967 -1.05054144967 -0.850307183945 
138.577821562 103.162039234 5.59227657318 134.829441192 46.0037307739 15335937 0.0319758955253 0.0 0.0319758955253 -3.94254786414 3.9660904692 -3.9660904692 -3.94254786414 
200.422964018 83.5395247803 1.54866635799 127.986227458 45.5248146057 8388608 0.416950281741 0.0 0.416950281741 -0.95316084033 1.22059489629 -1.22059489629 -0.95316084033 
153.977066564 92.6228935551 1.75590980053 126.933102378 43.7660903931 15073280 0.324336327125 0.0 0.324336327125 -1.05509483736 1.40356478717 -1.40356478717 -1.05509483736 
141.539760414 93.1843885206 2.13700318336 139.051180324 43.0641326904 12583168 0.21897254289 0.0 0.21897254289 -1.61406848981 1.40055900123 -1.40055900123 -1.61406848981 
180.283812926 42.4076649569 2.18300557137 143.367975878 42.6908302307 14090496 0.209840982887 0.0 0.209840982887 -1.75182726997 1.3025415697 -1.3025415697 -1.75182726997 
124.570146758 105.587048752 5.45587253571 135.633336757 41.2627410889 13500929 0.0335947620314 0.0 0.0335947620314 -3.90029223846 3.81500531854 -3.81500531854 -3.90029223846 
121.895694193 93.0741295781 1.29657018185 134.240560836 40.9726791382 8388608 0.594850650437 0.0 0.594850650437 -0.90458128703 0.928884778435 -0.928884778435 -0.90458128703 
80.7426483074 59.6641738699 1.26958012581 139.326422921 40.8751525879 8388608 0.620411400119 0.0 0.620411400119 -0.96289397963 0.827447206679 -0.827447206679 -0.96289397963 
80.8131576564 69.4435089271 1.27452754974 126.209700294 40.0677757263 8388608 0.615604158748 0.0 0.615604158748 -0.752917309644 1.02836569366 -1.02836569366 -0.752917309644 
241.750134002 45.9171152592 2.55558776855 135.204110334 37.2519340515 8782336 0.153115232542 0.0 0.153115232542 -1.81349947464 1.80062447452 -1.80062447452 -1.81349947464 
195.094973205 109.582521388 1.56333899498 134.132914656 36.8503341675 8388608 0.409160479037 0.0 0.409160479037 -1.0885923745 1.12204966709 -1.12204966709 -1.0885923745 
238.274355134 101.511417334 1.69251430035 131.561059012 36.4034881592 12451840 0.349088310528 0.0 0.349088310528 -1.12284414667 1.26642239366 -1.26642239366 -1.12284414667 
190.146743163 93.650658404 3.66945433617 129.51877513 34.9209403992 18284545 0.0742671956002 0.0 0.0742671956002 -2.33498768702 2.83067617835 -2.83067617835 -2.33498768702 
196.556716175 91.507479834 5.180539608 133.261695203 34.4198417664 9765377 0.0372606136496 0.0 0.0372606136496 -3.55038776258 3.77263003294 -3.77263003294 -3.55038776258 
32.5661389882 81.4485530207 1.3759560585 138.097833971 34.0522193909 8388608 0.528190846148 0.0 0.528190846148 -1.02410524199 0.918946967048 -0.918946967048 -1.02410524199 
188.589305854 87.6178349599 1.77887308598 123.958624779 32.8042564392 15990784 0.316016727366 0.0 0.316016727366 -0.993667977814 1.475470571 -1.475470571 -0.993667977814 
175.622283122 108.995690446 1.5729957819 127.787951024 31.0095539093 8388608 0.404152141106 0.0 0.404152141106 -0.963838811772 1.24311321882 -1.24311321882 -0.963838811772 
214.203057669 37.877757306 2.17528176308 147.022316743 30.79712677 13828352 0.211333800048 0.0 0.211333800048 -1.82480611159 1.18403268699 -1.18403268699 -1.82480611159 
219.297833453 91.9625099782 2.69078755379 124.852442411 29.8625564575 12517888 0.13811510554 0.0 0.13811510554 -1.5376906953 2.20813155975 -2.20813155975 -1.5376906953 
87.6049838976 46.6050876244 1.34228098392 126.630310965 29.6433486938 8388608 0.555025740377 0.0 0.555025740377 -0.800871281876 1.07718309942 -1.07718309942 -0.800871281876 
195.320081574 89.2577186322 1.28503870964 127.171313793 29.3047332764 8388608 0.605574500298 0.0 0.605574500298 -0.776420698642 1.02396063596 -1.02396063596 -0.776420698642 
176.287811935 93.2750872306 2.98015213013 129.231398039 27.3356838226 19923456 0.112596043766 0.0 0.112596043766 -1.88480876778 2.30841994179 -2.30841994179 -1.88480876778 
72.3514399782 93.9971750493 2.07757210732 138.769827497 27.0276756287 10551552 0.231679596438 0.0 0.231679596438 -1.56247535924 1.36929785396 -1.36929785396 -1.56247535924 
170.717204393 52.9097142524 1.98008525372 129.295880597 24.4381961823 23789568 0.255054048234 0.0 0.255054048234 -1.25403795683 1.53235975372 -1.53235975372 -1.25403795683 
127.063769543 57.5031330129 1.91021573544 133.372991073 24.1529541016 21168128 0.274053380469 0.0 0.274053380469 -1.31183097347 1.38853291389 -1.38853291389 -1.31183097347 
248.889193273 109.582710042 1.77285397053 133.410318025 24.0457305908 15794176 0.31816622217 0.0 0.31816622217 -1.21833776938 1.28789140866 -1.28789140866 -1.21833776938 
214.25213653 76.809960004 1.79277145863 128.657076812 24.0362300873 16580608 0.311135911823 0.0 0.311135911823 -1.11986871244 1.39997270322 -1.39997270322 -1.11986871244 
80.0814189232 107.008438785 3.57229375839 144.171600245 23.2833786011 16318465 0.0783620286301 0.0 0.0783620286301 -2.89632209179 2.09107652582 -2.09107652582 -2.89632209179 
221.777569643 103.673180284 2.516456604 124.952562229 21.4430809021 24379648 0.15791417259 0.0 0.15791417259 -1.44167302285 2.06255490473 -2.06255490473 -1.44167302285 
148.874443781 114.848508547 2.52860951424 151.053794761 20.9361877441 24772864 0.156399897682 0.0 0.156399897682 -2.21272172468 1.22381724315 -1.22381724315 -2.21272172468 
204.028210005 123.789437817 3.08972907066 132.261765463 20.886920929 22544896 0.10475124704 0.0 0.10475124704 -2.07790086883 2.28664682655 -2.28664682655 -2.07790086883 
78.9553325126 51.030178812 1.8948802948 137.43312994 19.5988864899 20578304 0.278507208921 0.0 0.278507208921 -1.39555726497 1.28179220306 -1.28179220306 -1.39555726497 
147.360085844 111.540844824 1.58849549294 146.081582302 19.3762016296 8388608 0.396303607914 0.0 0.396303607914 -1.31818590946 0.886399367773 -0.886399367773 -1.31818590946 
246.383065781 69.5723427224 1.50524806976 135.247903149 16.8739128113 8388608 0.441350722696 0.0 0.441350722696 -1.06896638272 1.05975592669 -1.05975592669 -1.06896638272 
204.055888511 105.690597249 1.75110280514 127.303659965 14.6278896332 14876672 0.326119458492 0.0 0.326119458492 -1.06123696526 1.39288805642 -1.39288805642 -1.06123696526 
163.868055458 120.317116341 3.09142613411 139.369571361 14.2525920868 22544896 0.104636270514 0.0 0.104636270514 -2.34616239393 2.01306670628 -2.01306670628 -2.34616239393 
203.627023758 113.641376045 1.51763784885 131.214775509 13.7972621918 8388608 0.4341738893 0.0 0.4341738893 -0.999946494991 1.14163551426 -1.14163551426 -0.999946494991 
80.2422132295 105.401984936 1.44150853157 139.52166534 13.3686389923 8388608 0.481244263606 0.0 0.481244263606 -1.09648560951 0.935770353629 -0.935770353629 -1.09648560951 
153.395975118 124.838849408 2.01552081108 133.189414794 12.6626682281 25034752 0.24616450228 0.0 0.24616450228 -1.37944747527 1.46950631263 -1.46950631263 -1.37944747527 
94.4475803056 106.177784072 1.55594933033 149.116810762 12.044303894 8388608 0.413056156817 0.0 0.413056156817 -1.33533990005 0.79865240868 -0.79865240868 -1.33533990005 
120.120752299 107.293196345 1.65864121914 136.895629122 11.7719650269 10944512 0.363492196838 0.0 0.363492196838 -1.21099078952 1.13339843018 -1.13339843018 -1.21099078952 
179.141110894 123.631228919 2.49837803841 130.278652814 11.7504005432 23855360 0.160207813301 0.0 0.160207813301 -1.61521534445 1.90603573258 -1.90603573258 -1.61521534445 
229.397235325 95.1251834983 1.27977800369 124.543265234 10.5913257599 8388608 0.610563329767 0.0 0.610563329767 -0.725670461238 1.05415090021 -1.05415090021 -0.725670461238 
145.977167169 126.380398696 1.72926735878 134.724078311 10.012928009 13959168 0.334407271346 0.0 0.334407271346 -1.2168739428 1.22865105114 -1.22865105114 -1.2168739428 
139.62331088 116.48624297 1.95143473148 132.859995065 9.88179779053 22740992 0.262598317677 0.0 0.262598317677 -1.32738391328 1.43043680671 -1.43043680671 -1.32738391328 
52.2802040246 91.5506762785 1.32815158367 141.017823729 9.47830200195 8388608 0.566897721015 0.0 0.566897721015 -1.0324276027 0.835511744014 -0.835511744014 -1.0324276027 
170.492637119 93.6304906374 1.50626564026 125.192868335 9.18155097961 8388608 0.440754607691 0.0 0.440754607691 -0.868106981462 1.23094534719 -1.23094534719 -0.868106981462 
163.400288564 125.484036989 1.80653357506 134.514548983 8.29339599609 17104896 0.306413520768 0.0 0.306413520768 -1.26654326675 1.28818931499 -1.28818931499 -1.26654326675 
122.634890914 129.426733506 1.26842176914 138.864285813 6.93227958679 8388608 0.621545070082 0.0 0.621545070082 -0.955316274768 0.83442471176 -0.83442471176 -0.955316274768 
127.899360223 150.255091325 1.25708043575 129.402430668 6.27300262451 8388608 0.63281077471 0.0 0.63281077471 -0.797948518763 0.971354406669 -0.971354406669 -0.797948518763 
97.2276448995 148.206493284 1.38718080521 129.632466395 5.45881652832 8388608 0.519677433674 0.0 0.519677433674 -0.884827835411 1.06833996837 -1.06833996837 -0.884827835411 
231.151633742 137.604974602 1.61414480209 130.923720238 4.87432479858 8978432 0.383808877849 0.0 0.383808877849 -1.05735148961 1.21961931337 -1.21961931337 -1.05735148961 
80.8375172636 111.704083383 1.21452498436 134.200655243 4.85094833374 8388608 0.677933497628 0.0 0.677933497628 -0.846734393113 0.870696161214 -0.870696161214 -0.846734393113 
253.742344188 36.4868472495 1.33034622669 126.310766375 4.76657676697 8388608 0.565028866294 0.0 0.565028866294 -0.787783953523 1.07201563675 -1.07201563675 -0.787783953523 
243.292553196 138.052353499 1.52894735336 128.497402196 4.75370407104 8388608 0.427774543991 0.0 0.427774543991 -0.951737852527 1.19660982339 -1.19660982339 -0.951737852527 
31.2045385595 137.832445253 1.45143187046 131.731254521 4.7306022644 8388608 0.474686291493 0.0 0.474686291493 -0.966127543409 1.08316759758 -1.08316759758 -0.966127543409 
76.2300476157 43.0371709499 1.38815999031 125.368911177 4.64678382874 8388608 0.51894454851 0.0 0.51894454851 -0.803520858635 1.13196395192 -1.13196395192 -0.803520858635 
179.828716103 157.927184332 1.73766601086 125.006330263 4.54561424255 14352384 0.331182505502 0.0 0.331182505502 -0.996841536214 1.4233025388 -1.4233025388 -0.996841536214 
187.221624286 158.984582374 1.48113048077 122.614857278 4.34998893738 8388608 0.455840975098 0.0 0.455840975098 -0.798313365348 1.24757495637 -1.24757495637 -0.798313365348 
192.679556332 158.867548283 1.6700552702 122.623909903 4.18950653076 11468800 0.358540575652 0.0 0.358540575652 -0.900364036689 1.40656646019 -1.40656646019 -0.900364036689 
222.052527964 36.4493678364 1.20611071587 125.988823261 4.00138473511 8388608 0.687425515375 0.0 0.687425515375 -0.708743734762 0.975902340074 -0.975902340074 -0.708743734762 
220.972963578 148.862624122 1.23819887638 125.648741836 3.88453483582 8388608 0.652257661167 0.0 0.652257661167 -0.721640220328 1.00616690955 -1.00616690955 -0.721640220328 
247.349835793 144.419484384 1.36478698254 122.597361134 3.84351730347 8388608 0.536871385139 0.0 0.536871385139 -0.73525439842 1.1498019296 -1.1498019296 -0.73525439842 
171.61192139 157.414314121 1.69647312164 125.772481388 3.75231170654 12582912 0.347460974667 0.0 0.347460974667 -0.991704003894 1.37642443349 -1.37642443349 -0.991704003894 
130.727694302 27.4244623097 1.215051651 125.455319474 3.63219451904 8388608 0.677345921657 0.0 0.677345921657 -0.704812476324 0.989742334053 -0.989742334053 -0.704812476324 
132.437881216 157.633058135 1.75470972061 124.692160456 3.59051132202 15007744 0.324780118607 0.0 0.324780118607 -0.998722915878 1.44276080516 -1.44276080516 -0.998722915878 
61.0071086546 117.361469646 1.3096524477 137.358957415 3.49663162231 8388608 0.583025945712 0.0 0.583025945712 -0.963396099491 0.887162605869 -0.887162605869 -0.963396099491 
123.642992704 156.384390229 1.37485074997 124.175522797 3.46574783325 8388608 0.5290404635 0.0 0.5290404635 -0.772294899826 1.13744238201 -1.13744238201 -0.772294899826 
204.002167005 152.235893181 1.28088498116 124.564038715 3.37179374695 8388608 0.60950845318 0.0 0.60950845318 -0.72668063063 1.05479931552 -1.05479931552 -0.72668063063 
254.980380274 140.540323176 1.64602136612 124.432962649 3.365026474 10420224 0.369087267503 0.0 0.369087267503 -0.930728960291 1.35761921767 -1.35761921767 -0.930728960291 
235.863776582 150.428289841 1.65785944462 121.299659536 3.25182151794 10944512 0.363835091937 0.0 0.363835091937 -0.861281248681 1.41657775952 -1.41657775952 -0.861281248681 
212.943131782 157.337685825 1.92787897587 121.56874047 3.23460578918 21823488 0.269054627247 0.0 0.269054627247 -1.00928540186 1.64257734161 -1.64257734161 -1.00928540186 
104.204450313 120.534547745 1.341968894 147.916964952 3.10128974915 8388608 0.55528392532 0.0 0.55528392532 -1.13702236894 0.712783729479 -0.712783729479 -1.13702236894 
243.878439986 150.510265997 1.5043874979 119.504066245 3.04963302612 8388608 0.44185580885 0.0 0.44185580885 -0.74088876951 1.3092996506 -1.3092996506 -0.74088876951 
246.643174564 150.566276101 1.7297719717 119.78811539 3.02600097656 14024704 0.33421219174 0.0 0.33421219174 -0.85934025662 1.5012146407 -1.5012146407 -0.85934025662 
243.840234266 123.188385286 1.24687457085 132.540034723 2.64307880402 8388608 0.643212482891 0.0 0.643212482891 -0.843018388758 0.918703538493 -0.918703538493 -0.843018388758 
