13
75
125.979218611 59.4972719121 1.24562215805 126.763860911 113.575942993 8388608 0.64450657118 0.0 0.64450657118 -0.745527807459 0.997879175518 -0.997879175518 -0.745527807459 
151.07091472 127.463307201 6.40333366394 133.958092274 113.115013123 8388610 0.0243886485209 0.0 0.0243886485209 -4.44475905618 4.60942501233 -4.60942501233 -4.44475905618 
78.6411850361 108.869685314 3.54449343681 137.42995433 88.1089553833 15728641 0.0795960739714 0.0 0.0795960739714 -2.61034523415 2.39781806694 -2.39781806694 -2.61034523415 
157.713671264 84.7610613392 2.93460202217 133.37563727 87.4789505005 18809344 0.116118542249 0.0 0.116118542249 -2.01542158073 2.1330646686 -2.1330646686 -2.01542158073 
244.169447091 97.9100086567 1.29886960983 136.146453922 84.0545349121 8388608 0.592746350698 0.0 0.592746350698 -0.936631847826 0.899879461365 -0.899879461365 -0.936631847826 
29.5994750491 96.22942401 1.31283318996 135.825659366 80.4604187012 8388608 0.580204248658 0.0 0.580204248658 -0.941593836649 0.914839893891 -0.914839893891 -0.941593836649 
84.7680491223 79.3854069024 2.48661327362 123.746189053 79.1137390137 23527680 0.161727362801 0.0 0.161727362801 -1.38135079312 2.0676352577 -2.0676352577 -1.38135079312 
157.351118985 55.2532726652 1.8395409584 133.978020269 75.0364379883 18415616 0.295516051819 0.0 0.295516051819 -1.27734480519 1.32374513646 -1.32374513646 -1.27734480519 
78.7471747749 91.335051168 1.343968153 132.401620432 74.610168457 8388608 0.55363309653 0.0 0.55363309653 -0.906269002686 0.992434829623 -0.992434829623 -0.906269002686 
213.217370159 61.4726272532 2.33921694756 142.276233823 72.6878814697 19136768 0.18275067786 0.0 0.18275067786 -1.85024997215 1.43126201944 -1.43126201944 -1.85024997215 
40.8909913326 106.277975477 1.26779234409 142.247241697 69.7503433228 8388608 0.622162384348 0.0 0.622162384348 -1.00239282129 0.776212638107 -0.776212638107 -1.00239282129 
125.589779834 102.529564173 2.26463198662 133.272711154 68.3514251709 16777472 0.19498658165 0.0 0.19498658165 -1.55234102767 1.64887700227 -1.64887700227 -1.55234102767 
103.689058638 101.745398002 1.35311126709 132.720034972 68.3347320557 8388608 0.546176461305 0.0 0.546176461305 -0.917973159532 0.994100286442 -0.994100286442 -0.917973159532 
189.895807601 68.4090605692 3.021941185 137.954219733 66.3112945557 20906496 0.109503496058 0.0 0.109503496058 -2.24412356808 2.02386707487 -2.02386707487 -2.24412356808 
52.3289467558 111.237910635 2.80087161064 145.96881366 66.0257415771 15401472 0.127471646882 0.0 0.127471646882 -2.32117495279 1.56749118589 -1.56749118589 -2.32117495279 
119.932858236 83.5027860289 1.73090839386 133.594286991 65.1237258911 14024704 0.333773483994 0.0 0.333773483994 -1.19354326586 1.25359416897 -1.25359416897 -1.19354326586 
222.200411827 53.7841971479 2.01258516312 150.367389449 64.7328033447 24969216 0.246883159438 0.0 0.246883159438 -1.74936650765 0.995095905287 -0.995095905287 -1.74936650765 
256.879945488 97.5807145947 1.56342852116 130.63968602 64.587272644 8388608 0.409113621092 0.0 0.409113621092 -1.01826095157 1.18636140162 -1.18636140162 -1.01826095157 
166.996157492 68.1948674615 3.11958861351 130.521479199 64.5583267212 23200256 0.102755563923 0.0 0.102755563923 -2.02689987379 2.37139410879 -2.37139410879 -2.02689987379 
192.179691941 70.9441441213 1.4617702961 138.423356329 63.8153686523 8388608 0.467995562222 0.0 0.467995562222 -1.09350456777 0.970061935561 -0.970061935561 -1.09350456777 
237.060799439 61.9205626731 1.99027884007 147.832224753 62.6332702637 24117248 0.252448124446 0.0 0.252448124446 -1.6847565824 1.05962498992 -1.05962498992 -1.6847565824 
250.805065764 80.6312983442 2.0166425705 138.869211266 61.9270935059 8388864 0.245890719954 0.0 0.245890719954 -1.5189554175 1.32650733009 -1.32650733009 -1.5189554175 
62.0378313115 113.806709174 1.80773663521 146.756394764 61.8376655579 17170432 0.306005816211 0.0 0.306005816211 -1.51189573618 0.991001021798 -0.991001021798 -1.51189573618 
175.96657024 68.0127909909 3.06706905365 133.120219969 61.7308502197 22020608 0.106304804208 0.0 0.106304804208 -2.09643803195 2.23871841866 -2.23871841866 -2.09643803195 
140.757029524 74.2334200761 2.99261641502 137.474663893 61.5365905762 20251136 0.111660069138 0.0 0.111660069138 -2.20549401577 2.02275780901 -2.02275780901 -2.20549401577 
163.817481489 64.9232701152 1.53675198555 134.589974165 61.5354042053 8388608 0.42344053935 0.0 0.42344053935 -1.07884361322 1.09439623688 -1.09439623688 -1.07884361322 
88.4550542942 92.9180614727 3.32069373131 127.41696261 61.2771873474 11010049 0.0906864403872 0.0 0.0906864403872 -2.01769004623 2.63741042208 -2.63741042208 -2.01769004623 
38.3851625795 113.155270953 2.17855548859 147.362069706 60.9859695435 13959424 0.210699132689 0.0 0.210699132689 -1.83455186401 1.17495679711 -1.17495679711 -1.83455186401 
246.109880683 81.5352174344 1.42815339565 124.819341338 59.5975341797 8388608 0.490286896505 0.0 0.490286896505 -0.815462350685 1.17245182252 -1.17245182252 -0.815462350685 
169.187383432 65.0048248909 1.50749909878 136.471025495 57.8224716187 8388608 0.440033638618 0.0 0.440033638618 -1.09297630844 1.03824675391 -1.03824675391 -1.09297630844 
223.624797415 64.1080837671 1.38457894325 137.977575248 57.262172699 8388608 0.521632395348 0.0 0.521632395348 -1.02857999348 0.926866790383 -0.926866790383 -1.02857999348 
155.995930919 81.1749942387 1.52632582188 135.569599613 56.4519767761 8388608 0.429245248959 0.0 0.429245248959 -1.08995132523 1.06849268746 -1.06849268746 -1.08995132523 
226.300320358 64.590724068 2.48175382614 144.179901886 52.9632301331 23396608 0.162361329834 0.0 0.162361329834 -2.01235138004 1.4524269265 -1.4524269265 -2.01235138004 
176.927798631 63.7738976468 1.75031101704 135.921017414 52.7540245056 14876672 0.326414578512 0.0 0.326414578512 -1.25739109995 1.21760267663 -1.21760267663 -1.25739109995 
117.474279415 102.714664354 1.70910549164 135.51909491 52.0297203064 13107200 0.342343637392 0.0 0.342343637392 -1.21941942414 1.19752154451 -1.19752154451 -1.21941942414 
118.375565016 113.351965955 1.61319279671 136.237047433 50.4448280334 8978432 0.384262011454 0.0 0.384262011454 -1.16506012506 1.11580728817 -1.11580728817 -1.16506012506 
143.697868459 109.086647303 1.87612318993 133.316397481 47.9514389038 19857408 0.284103966269 0.0 0.284103966269 -1.28707042469 1.36502305682 -1.36502305682 -1.28707042469 
101.913717787 79.7926086355 2.97438430786 128.702458323 46.8517341614 19792384 0.113033151807 0.0 0.113033151807 -1.85981154121 2.32122016233 -2.32122016233 -1.85981154121 
124.259718098 107.92789294 4.55738258362 134.448223225 45.9912185669 17236225 0.0481469768971 0.0 0.0481469768971 -3.19137292381 3.25344046736 -3.25344046736 -3.19137292381 
38.6185837607 84.6540826321 1.53580796719 140.381723096 45.8989715576 8388608 0.423961253537 0.0 0.423961253537 -1.18304803605 0.979338274789 -0.979338274789 -1.18304803605 
140.235221042 89.2105607195 2.91837787628 139.09175834 45.6529464722 18416128 0.117413207232 0.0 0.117413207232 -2.20559116473 1.91109838649 -1.91109838649 -2.20559116473 
255.014435514 90.3229227557 1.29515314102 136.579242663 45.6399383545 8388608 0.596153027365 0.0 0.596153027365 -0.940703015084 0.890224407725 -0.890224407725 -0.940703015084 
47.8669530655 106.892071568 1.3671412468 141.665407063 43.6782150269 8388608 0.53502395519 0.0 0.53502395519 -1.07238836836 0.847973098681 -0.847973098681 -1.07238836836 
237.119772219 108.401252005 2.34059238434 133.502485159 43.6546630859 19136768 0.182535956023 0.0 0.182535956023 -1.61123111705 1.69773584432 -1.69773584432 -1.61123111705 
234.532141685 77.6236894342 2.08295083046 133.3475007 42.8078308105 10748160 0.230484626821 0.0 0.230484626821 -1.42978217624 1.51473003886 -1.51473003886 -1.42978217624 
239.707583161 89.8580226647 1.78187191486 129.494949446 41.8900146484 16121856 0.314953931969 0.0 0.314953931969 -1.133288713 1.37503607733 -1.37503607733 -1.133288713 
179.00356897 48.3119479251 1.79462683201 142.856301778 39.2057991028 16646144 0.310492909198 0.0 0.310492909198 -1.4305394791 1.08362459592 -1.08362459592 -1.4305394791 
69.8966013793 103.601431708 1.78918468952 136.76678078 37.030632019 16449536 0.312384627257 0.0 0.312384627257 -1.30354917868 1.22553718507 -1.22553718507 -1.30354917868 
184.763033037 49.700648531 2.02950501442 137.167405268 36.632774353 8847616 0.24278382124 0.0 0.24278382124 -1.48832374545 1.37977644287 -1.37977644287 -1.48832374545 
245.629639879 104.986912873 1.67593884468 131.249286908 35.782497406 11730944 0.356027599275 0.0 0.356027599275 -1.10500758134 1.26005129114 -1.26005129114 -1.10500758134 
209.5327757 69.8417466415 1.45047593117 139.448987455 34.895942688 8388608 0.475312183723 0.0 0.475312183723 -1.10211140884 0.942990386701 -0.942990386701 -1.10211140884 
217.314945924 64.5755069308 1.35407626629 133.493774804 34.0496063232 8388608 0.54539825988 0.0 0.54539825988 -0.931977870718 0.982313485308 -0.982313485308 -0.931977870718 
250.080902749 89.3691991339 1.81962525845 135.21312631 32.4848403931 17629184 0.302020266613 0.0 0.302020266613 -1.29144654274 1.28187437311 -1.28187437311 -1.29144654274 
88.4921918196 112.986667225 1.2965515852 126.826425364 31.896654129 8388608 0.594867714637 0.0 0.594867714637 -0.777143736582 1.03783121256 -1.03783121256 -0.777143736582 
167.582290531 47.4398130484 1.32104933262 140.086455629 31.6000003815 8388608 0.57300963953 0.0 0.57300963953 -1.0132626665 0.84762616045 -0.84762616045 -1.0132626665 
28.5019147941 76.7166885862 1.60482633114 130.475952452 31.279417038 8585216 0.38827901318 0.0 0.38827901318 -1.04173905794 1.2207568506 -1.2207568506 -1.04173905794 
44.8529973363 79.730424196 1.49967801571 134.565445361 31.1865463257 8388608 0.444635311404 0.0 0.444635311404 -1.05235931798 1.06844467178 -1.06844467178 -1.05235931798 
140.398366421 57.1644788137 2.20386481285 129.086393231 29.2669010162 14811392 0.205887555882 0.0 0.205887555882 -1.38951801376 1.7106314047 -1.7106314047 -1.38951801376 
86.3694976644 96.5388279754 1.33640563488 136.158601464 28.5930404663 8388608 0.559916677833 0.0 0.559916677833 -0.96389584547 0.925680733312 -0.925680733312 -0.96389584547 
91.2471117908 110.352784281 2.38087558746 129.061011106 28.5797462463 20381952 0.176411379503 0.0 0.176411379503 -1.50030297508 1.84869130629 -1.84869130629 -1.50030297508 
226.450019805 92.7172206865 1.3432636261 131.181892323 26.943605423 8388608 0.554213997688 0.0 0.554213997688 -0.884474130959 1.01097115729 -1.01097115729 -0.884474130959 
41.0210205768 91.8029871722 1.53229498863 129.433929238 26.8248214722 8388608 0.425907450689 0.0 0.425907450689 -0.973295384437 1.1834796267 -1.1834796267 -0.973295384437 
129.912514168 66.8483324074 1.68147373199 130.20688829 25.3024616241 11927552 0.353687593185 0.0 0.353687593185 -1.08547454236 1.28417246866 -1.28417246866 -1.08547454236 
155.314763888 48.0872367996 1.28665697575 129.579588073 23.8196353912 8388608 0.604052160729 0.0 0.604052160729 -0.81979278425 0.991678357194 -0.991678357194 -0.81979278425 
51.2661747374 79.7641839296 1.97905361652 137.779803221 22.3755912781 23724032 0.255320025689 0.0 0.255320025689 -1.46562332065 1.32988777686 -1.32988777686 -1.46562332065 
94.7748583332 110.370336977 1.66028916836 128.259796655 21.0883045197 11010048 0.362770973799 0.0 0.362770973799 -1.02809790109 1.30367742496 -1.30367742496 -1.02809790109 
93.2648713741 120.297606316 2.01238584518 134.468968541 20.025352478 24969216 0.246932067234 0.0 0.246932067234 -1.40972229629 1.43609882572 -1.43609882572 -1.40972229629 
146.35291824 83.4460956526 1.31494867802 128.464474405 18.9050273895 8388608 0.57833888639 0.0 0.57833888639 -0.817936565928 1.02959691139 -1.02959691139 -0.817936565928 
246.264475728 56.5806912463 1.34181571007 140.58339658 16.9717483521 8388608 0.55541071685 0.0 0.55541071685 -1.03661919825 0.851991806059 -0.851991806059 -1.03661919825 
207.78831625 78.99283798 1.78424608707 135.6096614 15.3872661591 16252928 0.314116315022 0.0 0.314116315022 -1.27500556928 1.24815659977 -1.24815659977 -1.27500556928 
214.820940146 78.1693155033 1.2815207243 142.234694103 10.8681993484 8388608 0.608903867243 0.0 0.608903867243 -1.01307545063 0.784839791382 -0.784839791382 -1.01307545063 
29.4512060434 135.244434718 1.48516857624 133.949760301 6.91817092896 8388608 0.45336552957 0.0 0.45336552957 -1.0307476138 1.0692450872 -1.0692450872 -1.0307476138 
222.131305918 34.6304136819 1.89684832096 124.906160894 3.90981292725 20643840 0.277929592747 0.0 0.277929592747 -1.08544121464 1.55558700248 -1.55558700248 -1.08544121464 
248.561440134 44.4983460556 1.43755960464 124.832015714 3.64183425903 8388608 0.48389181796 0.0 0.48389181796 -0.821094254541 1.17999230593 -1.17999230593 -0.821094254541 
224.410999525 24.4648463205 1.36229968071 124.951272543 3.54814529419 8388608 0.538833626274 0.0 0.538833626274 -0.78043366539 1.11659469549 -1.11659469549 -0.78043366539 
