13
187
185.967816732 56.8922359405 1.76873385906 75.3161315918 89.328994751 15597568 0.319650229595 0.0 0.319650229595 0.448348565069 1.71096552519 -1.71096552519 0.448348565069 
83.2158566144 64.2928337749 2.5746243 110.162979126 84.1353149414 9372160 0.150859363891 0.0 0.150859363891 -0.887451711016 2.41684086087 -2.41684086087 -0.887451711016 
80.2033420293 64.2124981078 1.70501470566 108.292221069 82.9063262939 12976128 0.343988355857 0.0 0.343988355857 -0.535141970913 1.61885707136 -1.61885707136 -0.535141970913 
56.4919863327 101.299366506 1.53350162506 119.656005859 79.3194656372 8388608 0.425237463453 0.0 0.425237463453 -0.75876364623 1.33263084282 -1.33263084282 -0.75876364623 
119.75257981 111.784723467 1.49311041832 49.2351989746 77.022819519 8388608 0.448555460967 0.0 0.448555460967 0.974934555062 1.13087635692 -1.13087635692 0.974934555062 
174.692924544 91.0405209023 1.30813682079 70.9427185059 74.341178894 8388608 0.58437773354 0.0 0.58437773354 0.427124036759 1.23644126393 -1.23644126393 0.427124036759 
120.718344568 123.50151578 1.71492874622 209.268432617 73.2359161377 13369344 0.340022643613 0.0 0.340022643613 -1.49599882909 -0.838431934011 0.838431934011 -1.49599882909 
54.4367413074 74.2035101331 1.28011679649 193.970672607 72.5810165405 8388608 0.610240191927 0.0 0.610240191927 -1.24225021096 -0.309052464862 0.309052464862 -1.24225021096 
76.2824045972 88.9089095851 9.12079811096 269.761657715 72.3188018799 17236226 0.0120208261032 0.0 0.0120208261032 -0.037941112122 -9.12071919604 9.12071919604 -0.037941112122 
72.8799004244 105.978925832 2.36754846573 78.6686706543 63.8726196289 19988736 0.178403037208 0.0 0.178403037208 0.46518140401 2.32139871606 -2.32139871606 0.46518140401 
107.659683386 74.3392386599 1.50781667233 353.34564209 62.063873291 8388608 0.439848300003 0.0 0.439848300003 1.49765892586 -0.174725095928 0.174725095928 1.49765892586 
94.3999932792 69.257335319 1.34886741638 132.306671143 60.973991394 8388608 0.549618664218 0.0 0.549618664218 -0.907920805584 0.997558578613 -0.997558578613 -0.907920805584 
105.981997021 72.6787109916 2.41823458672 349.011016846 60.8303337097 21496064 0.171002769167 0.0 0.171002769167 2.37389348451 -0.460964467813 0.460964467813 2.37389348451 
54.8213195801 80.8867156201 1.87292385101 176.955932617 60.6985855103 19726336 0.285075411217 0.0 0.285075411217 -1.87028113057 0.0994597623378 -0.0994597623378 -1.87028113057 
56.3673966743 115.562379431 1.93974006176 120.352508545 59.1371498108 22282240 0.265774267041 0.0 0.265774267041 -0.980186864452 1.6738653524 -1.6738653524 -0.980186864452 
64.5171064716 80.4391629822 5.35661268234 176.509719849 59.1290779114 12190209 0.0348513422964 0.0 0.0348513422964 -5.34667691863 0.326106357563 -0.326106357563 -5.34667691863 
39.5299147139 68.5972352941 4.02279901505 88.1020507812 56.9975280762 24903681 0.0617935761638 0.0 0.0617935761638 0.133232710459 4.02059211564 -4.02059211564 0.133232710459 
118.227435697 96.5408388713 1.65650546551 12.7467041016 56.4864463806 10878976 0.364430111335 0.0 0.364430111335 1.61568091209 0.365493567061 -0.365493567061 1.61568091209 
67.265315329 114.686077041 5.02204704285 117.110626221 55.6867675781 24248577 0.0396495668187 0.0 0.0396495668187 -2.28859706053 4.47026621076 -4.47026621076 -2.28859706053 
155.24988054 87.9915804102 1.96111607552 92.8590087891 53.8530044556 23068672 0.260012005267 0.0 0.260012005267 -0.0978173552158 1.95867506919 -1.95867506919 -0.0978173552158 
145.791334068 96.8882476271 1.27433013916 356.272277832 52.7683486938 8388608 0.615794903965 0.0 0.615794903965 1.27163401079 -0.0828507463807 0.0828507463807 1.27163401079 
63.1457854774 97.0674867024 1.36943054199 183.379226685 50.8594703674 8388608 0.5332366371 0.0 0.5332366371 -1.36704946462 -0.0807203234116 0.0807203234116 -1.36704946462 
56.2280990677 62.5091342244 2.19161677361 40.2221679688 50.5525741577 14418176 0.208195226928 0.0 0.208195226928 1.67340074982 1.4152434465 -1.4152434465 1.67340074982 
242.6078217 107.388534342 5.39136838913 5.5627746582 49.4896011353 12648961 0.0344034490527 0.0 0.0344034490527 5.36597822494 0.52261916993 -0.52261916993 5.36597822494 
114.519815942 81.8631223668 1.95149886608 260.85723877 48.8600502014 22740992 0.262581057753 0.0 0.262581057753 -0.310083322599 -1.92670603813 1.92670603813 -0.310083322599 
226.066617 66.4943354211 1.50239253044 104.423049927 48.5239639282 8388608 0.443030033547 0.0 0.443030033547 -0.374215218207 1.45504167844 -1.45504167844 -0.374215218207 
234.581524332 68.354200394 2.20303034782 110.326202393 47.8895492554 14745856 0.206043557821 0.0 0.206043557821 -0.765254598687 2.06584803716 -2.06584803716 -0.765254598687 
153.498620327 82.0846558936 4.08213329315 267.705108643 47.6334877014 9240833 0.0600102777572 0.0 0.0600102777572 -0.163459645225 -4.07885929733 4.07885929733 -0.163459645225 
237.826447405 91.1028213246 1.31368887424 355.499053955 47.5846862793 8388608 0.579448651235 0.0 0.579448651235 1.30963750782 -0.103092465364 0.103092465364 1.30963750782 
108.378018562 97.4356979614 7.49841880798 279.041870117 47.5630187988 19791874 0.0177852761704 0.0 0.0177852761704 1.17842298788 -7.4052416491 7.4052416491 1.17842298788 
115.275308473 80.5620926234 1.43940424919 266.593170166 47.1707839966 8388608 0.482652365666 0.0 0.482652365666 -0.0855371249444 -1.43686046394 1.43686046394 -0.0855371249444 
166.79100297 86.3393260736 5.2984752655 263.025939941 46.8794784546 11403777 0.0356203495868 0.0 0.0356203495868 -0.643340698146 -5.25927303772 5.25927303772 -0.643340698146 
52.2825379828 123.655433726 1.97458422184 295.13961792 46.8632507324 23592960 0.25647714768 0.0 0.25647714768 0.838853707094 -1.78754225327 1.78754225327 0.838853707094 
228.153583452 66.8535422324 2.53938889503 109.075714111 46.1014709473 25035008 0.155074920752 0.0 0.155074920752 -0.829916311994 2.39994476505 -2.39994476505 -0.829916311994 
116.47936249 104.673930256 1.37451064587 135.610900879 45.0586013794 8388608 0.529302303732 0.0 0.529302303732 -0.982233254969 0.961507851467 -0.961507851467 -0.982233254969 
111.722076233 121.071119633 4.0533862114 345.854553223 44.9017601013 8716545 0.06086449576 0.0 0.06086449576 3.93048136319 -0.990583682652 0.990583682652 3.93048136319 
109.58947484 92.086590422 1.92116069794 19.1337280273 44.6592483521 21561344 0.27093967967 0.0 0.27093967967 1.81502833971 0.629706720112 -0.629706720112 1.81502833971 
228.170833508 86.4701284595 4.57098913193 329.07333374 41.9288864136 17432833 0.0478607635184 0.0 0.0478607635184 3.92111242486 -2.34921667706 2.34921667706 3.92111242486 
70.8704499208 64.8877528549 1.53855276108 280.963562012 40.9855537415 8388608 0.422449900434 0.0 0.422449900434 0.292609162057 -1.51047160745 1.51047160745 0.292609162057 
108.322827139 102.1265499 1.77600777149 4.76913452148 38.6269721985 15925248 0.317037238371 0.0 0.317037238371 1.76985886364 0.147659091083 -0.147659091083 1.76985886364 
205.638767146 84.9965150655 5.5105137825 270.99206543 38.428024292 14221825 0.0329318261519 0.0 0.0329318261519 0.0954087214512 -5.50968777001 5.50968777001 0.0954087214512 
236.02226819 78.3859337266 1.24366366863 336.173675537 38.2627868652 8388608 0.646538074099 0.0 0.646538074099 1.13767139151 -0.502397378202 0.502397378202 1.13767139151 
211.178633658 88.0737961794 2.75623726845 24.0520019531 37.1605567932 14287360 0.131633612037 0.0 0.131633612037 2.5169295174 1.12334753502 -1.12334753502 2.5169295174 
104.230759312 59.5043949144 1.5222659111 108.934158325 37.0376396179 8388608 0.431537911891 0.0 0.431537911891 -0.493946963759 1.43989926769 -1.43989926769 -0.493946963759 
245.042611997 70.6423951889 4.73060703278 117.729125977 36.8609008789 19923201 0.0446854621406 0.0 0.0446854621406 -2.20111394029 4.18733093037 -4.18733093037 -2.20111394029 
109.061047813 109.125351038 2.11651730537 352.8984375 36.8435821533 11862272 0.223231949742 0.0 0.223231949742 2.10028058427 -0.261661940856 0.261661940856 2.10028058427 
78.6400683018 49.8467977745 2.62259316444 262.29385376 36.7921447754 10682880 0.145391209741 0.0 0.145391209741 -0.35167004643 -2.59890805621 2.59890805621 -0.35167004643 
176.205952707 120.076749864 2.58737182617 61.9632568359 36.7844314575 9699840 0.149376510656 0.0 0.149376510656 1.21616227883 2.28373428367 -2.28373428367 1.21616227883 
63.1667616317 57.6130709242 3.96045947075 270.740875244 35.3314704895 23789569 0.0637542077624 0.0 0.0637542077624 0.0512101351049 -3.96012837437 3.96012837437 0.0512101351049 
268.05733923 56.5567590773 2.62088370323 263.829528809 34.0738563538 10617344 0.145580933297 0.0 0.145580933297 -0.281710876546 -2.6056995928 2.6056995928 -0.281710876546 
136.991981544 98.6636008987 5.14555883408 299.020629883 32.6093673706 9306625 0.0377689493149 0.0 0.0377689493149 2.49623667637 -4.49950865878 4.49950865878 2.49623667637 
209.142755618 60.5258699866 2.90988659859 269.388427734 32.4339447021 18219520 0.118099448952 0.0 0.118099448952 -0.0310593932472 -2.90972083381 2.90972083381 -0.0310593932472 
59.6167903655 110.055272223 1.61045408249 206.344573975 32.3859024048 8847360 0.385570063239 0.0 0.385570063239 -1.4431946829 -0.714668775764 0.714668775764 -1.4431946829 
90.4246079006 114.546936713 1.73324024677 289.327880859 32.3146972656 14155776 0.332875989127 0.0 0.332875989127 0.573656797386 -1.63555483914 1.63555483914 0.573656797386 
171.755817299 114.446037582 5.01744174957 281.218780518 31.5099086761 24183041 0.0397223854748 0.0 0.0397223854748 0.976172795399 -4.92156564356 4.92156564356 0.976172795399 
130.920582631 117.2603658 2.58603429794 188.32421875 30.6670188904 9634304 0.149531069293 0.0 0.149531069293 -2.5587896036 -0.374391712829 0.374391712829 -2.5587896036 
226.936296532 73.2094521025 1.22758674622 317.993438721 29.7717399597 8388608 0.663583560348 0.0 0.663583560348 0.912180667094 -0.821520328454 0.821520328454 0.912180667094 
154.702862139 95.5916206871 1.38542461395 281.970611572 29.5253143311 8388608 0.520995775218 0.0 0.520995775218 0.287350846171 -1.3552973298 1.3552973298 0.287350846171 
137.037714336 72.8308045981 1.78271520138 277.7784729 29.443769455 16187392 0.314656034038 0.0 0.314656034038 0.241278594517 -1.7663120135 1.7663120135 0.241278594517 
34.6919412626 120.875559766 3.83594489098 311.614471436 27.7067375183 21495809 0.0679602990851 0.0 0.0679602990851 2.54750879435 -2.86786892122 2.86786892122 2.54750879435 
130.653887987 122.578691231 1.94533729553 197.882003784 27.6016178131 22478848 0.264247065972 0.0 0.264247065972 -1.85135979297 -0.597330821552 0.597330821552 -1.85135979297 
104.775866351 48.2108024519 2.72278761864 272.769287109 27.0112953186 13369856 0.134887736149 0.0 0.134887736149 0.131549745834 -2.71960789096 2.71960789096 0.131549745834 
47.0681554124 112.105245409 1.56689631939 119.749145508 26.3300819397 8388608 0.407304754045 0.0 0.407304754045 -0.777499524877 1.36038912247 -1.36038912247 -0.777499524877 
154.142110788 76.1912354971 1.30606305599 279.24407959 26.2377872467 8388608 0.586234954851 0.0 0.586234954851 0.209806723918 -1.28910117711 1.28910117711 0.209806723918 
45.4364762557 109.56324011 2.48258709908 111.303527832 26.1717681885 23396608 0.162252355936 0.0 0.162252355936 -0.901945233764 2.31294909148 -2.31294909148 -0.901945233764 
248.064367712 67.5650370296 1.74884963036 92.5937194824 26.1126327515 14811136 0.326960328374 0.0 0.326960328374 -0.0791415404939 1.74705799737 -1.74705799737 -0.0791415404939 
37.3267950707 106.295470149 1.93034934998 109.127670288 26.0546035767 21954560 0.268366419923 0.0 0.268366419923 -0.632525702511 1.82377626057 -1.82377626057 -0.632525702511 
41.3314522303 69.1789900227 1.49509000778 89.6197814941 25.639629364 8388608 0.447368418306 0.0 0.447368418306 0.00992144136046 1.495057088 -1.495057088 0.00992144136046 
213.104753045 86.1381108324 1.27777159214 92.0942993164 25.0998592377 8388608 0.612482300469 0.0 0.612482300469 -0.0466952423907 1.27691808509 -1.27691808509 -0.0466952423907 
100.806835173 82.9555912411 2.2892343998 309.871612549 24.1842651367 17563904 0.190818058758 0.0 0.190818058758 1.46755825462 -1.7569481798 1.7569481798 1.46755825462 
35.0065022741 68.7334489598 1.58139812946 88.4230957031 23.8247833252 8388608 0.399868836005 0.0 0.399868836005 0.0435180168538 1.58079923649 -1.58079923649 0.0435180168538 
111.10426469 60.4091862574 1.40639662743 104.975708008 23.5539150238 8388608 0.505573576162 0.0 0.505573576162 -0.36342623975 1.35862903027 -1.35862903027 -0.36342623975 
130.308629214 97.779850903 2.60938334465 176.922317505 23.3983039856 10289664 0.146867001417 0.0 0.146867001417 -2.60561972414 0.140097439347 -0.140097439347 -2.60561972414 
92.1749819929 100.504086681 1.52139377594 129.843170166 21.6452274323 8388608 0.432032809749 0.0 0.432032809749 -0.974739328585 1.16812767401 -1.16812767401 -0.974739328585 
77.7247690155 98.7690952758 1.70040667057 338.832366943 21.4415664673 12779520 0.345855271853 0.0 0.345855271853 1.58567672572 -0.614013165019 0.614013165019 1.58567672572 
147.96340043 51.6436557157 1.3078135252 289.513092041 20.9695854187 8388608 0.584666689257 0.0 0.584666689257 0.43683880759 -1.23269950632 1.23269950632 0.43683880759 
269.528881608 81.009258045 2.28707122803 57.164642334 20.339641571 17498368 0.19117919088 0.0 0.19117919088 1.24011137559 1.92167077779 -1.92167077779 1.24011137559 
136.513758631 151.203210762 1.40620267391 111.568740845 20.074514389 8388608 0.505713050415 0.0 0.505713050415 -0.516944338761 1.30773640721 -1.30773640721 -0.516944338761 
116.594319235 70.4703948241 2.3747317791 131.935348511 19.9323692322 20185344 0.17732536882 0.0 0.17732536882 -1.58701337097 1.76656151408 -1.76656151408 -1.58701337097 
212.605772592 75.6261360154 2.66120028496 272.927856445 19.6868896484 11731456 0.141203310048 0.0 0.141203310048 0.135930113793 -2.65772646464 2.65772646464 0.135930113793 
71.6848816419 98.1910178884 1.30724287033 104.965759277 19.6825790405 8388608 0.585177253474 0.0 0.585177253474 -0.337584684878 1.2629016203 -1.2629016203 -0.337584684878 
269.261029804 69.1798653103 2.63170099258 73.6954956055 18.3066635132 10945024 0.144386607202 0.0 0.144386607202 0.73882943324 2.52586246319 -2.52586246319 0.73882943324 
245.972897568 123.254285186 1.27030432224 299.29196167 18.0063476562 8388608 0.619704212646 0.0 0.619704212646 0.621509219337 -1.10788057181 1.10788057181 0.621509219337 
132.04968909 133.032991298 3.94281578064 107.022735596 17.8537654877 23461889 0.0643260713047 0.0 0.0643260713047 -1.15426386957 3.77007575514 -3.77007575514 -1.15426386957 
247.354277555 125.379926235 1.96111953259 296.406494141 17.843711853 23068672 0.260011088567 0.0 0.260011088567 0.872181829236 -1.75649898316 1.75649898316 0.872181829236 
195.709619619 90.1606515823 2.81088137627 122.731292725 17.6919403076 15663616 0.12656539063 0.0 0.12656539063 -1.51984311129 2.36455725845 -2.36455725845 -1.51984311129 
36.3205448414 134.800252742 2.05280065536 307.039001465 16.3245487213 9699584 0.237304757266 0.0 0.237304757266 1.23652196061 -1.6385981727 1.6385981727 1.23652196061 
122.531658207 52.340008051 1.62850272655 258.993591309 16.0047721863 9633792 0.37707090209 0.0 0.37707090209 -0.310911773157 -1.59854777836 1.59854777836 -0.310911773157 
238.384685133 104.401559315 1.67330992222 340.568603516 15.9573917389 11599872 0.357147181711 0.0 0.357147181711 1.57799902794 -0.556673300614 0.556673300614 1.57799902794 
124.311459244 133.2218723 1.72460985184 221.831237793 15.9376907349 13762560 0.336215920758 0.0 0.336215920758 -1.28502834761 -1.15020923613 1.15020923613 -1.28502834761 
46.2538282849 85.1631528878 1.50629961491 172.169769287 15.9105796814 8388608 0.44073472544 0.0 0.44073472544 -1.49225502126 0.205215694788 -0.205215694788 -1.49225502126 
243.977886914 76.5722683315 1.46052443981 138.309555054 15.8730764389 8388608 0.46879432173 0.0 0.46879432173 -1.09064532625 0.971403320776 -0.971403320776 -1.09064532625 
186.797654496 68.9089304473 1.46886920929 269.999908447 15.7827606201 8388608 0.463482932019 0.0 0.463482932019 -2.34710119511e-06 -1.46886920929 1.46886920929 -2.34710119511e-06 
174.603474639 77.2265344622 2.34781122208 267.625549316 15.4420013428 19398912 0.18141519157 0.0 0.18141519157 -0.097270103098 -2.34579540062 2.34579540062 -0.097270103098 
243.84383035 127.607825252 3.57962799072 297.279754639 15.3135490417 16449537 0.0780412486198 0.0 0.0780412486198 1.64067070861 -3.18149904571 3.18149904571 1.64067070861 
142.512058209 51.4142906389 1.4749276638 275.819030762 15.1175870895 8388608 0.459683121032 0.0 0.459683121032 0.149538108577 -1.46732749158 1.46732749158 0.149538108577 
187.721278386 114.547590423 1.51097083092 212.19468689 15.1162528992 8388608 0.438013846001 0.0 0.438013846001 -1.2786478494 -0.805041942454 0.805041942454 -1.2786478494 
253.672801547 126.863741519 1.34198486805 290.235107422 15.0970191956 8388608 0.555270705979 0.0 0.555270705979 0.464156582485 -1.25915926435 1.25915926435 0.464156582485 
20.672675587 107.995349664 1.83443760872 301.66708374 14.9595632553 18219008 0.297162572275 0.0 0.297162572275 0.963048147968 -1.56131342304 1.56131342304 0.963048147968 
156.440207356 105.302483738 3.0226984024 288.299865723 14.6500473022 20972032 0.109448639399 0.0 0.109448639399 0.949097769343 -2.86982909877 2.86982909877 0.949097769343 
48.0060036868 98.5067058594 1.35510075092 165.701751709 14.5355510712 8388608 0.544573906529 0.0 0.544573906529 -1.31312417775 0.334668401512 -0.334668401512 -1.31312417775 
199.345411677 106.811079321 2.69875502586 233.26864624 14.2777442932 12714496 0.137300801276 0.0 0.137300801276 -1.61402771363 -2.16291313493 2.16291313493 -1.61402771363 
74.8398877205 133.902453052 1.89407420158 295.6222229 14.1052188873 20578304 0.278744317419 0.0 0.278744317419 0.81906493115 -1.70782016608 1.70782016608 0.81906493115 
195.04674218 69.5509041454 1.45973455906 270.021820068 14.0983533859 8388608 0.469301800016 0.0 0.469301800016 0.000555913670536 -1.4597344532 1.4597344532 0.000555913670536 
107.776187931 149.616772292 1.54131758213 297.708435059 13.4379711151 8388608 0.420935675446 0.0 0.420935675446 0.716670116727 -1.36456726942 1.36456726942 0.716670116727 
134.921918013 51.0674196554 1.65746736526 267.269256592 13.1874675751 10878976 0.36400724507 0.0 0.36400724507 -0.0789657595598 -1.65558523663 1.65558523663 -0.0789657595598 
41.045557998 34.6712053551 4.55578279495 291.670684814 13.1298980713 17170689 0.0481807969958 0.0 0.0481807969958 1.68231993298 -4.23378749087 4.23378749087 1.68231993298 
34.3272553911 114.561794453 1.95302772522 301.588256836 12.2303228378 22806528 0.262170113951 0.0 0.262170113951 1.02301804573 -1.66365602622 1.66365602622 1.02301804573 
258.415943005 119.895710772 2.20315122604 289.172790527 12.1271257401 14811392 0.206020948846 0.0 0.206020948846 0.723554806124 -2.08094780505 2.08094780505 0.723554806124 
35.1634086356 148.990314132 1.28882837296 192.753875732 11.8784790039 8388608 0.602018480697 0.0 0.602018480697 -1.25702961232 -0.284526147623 0.284526147623 -1.25702961232 
217.147571189 98.4160177468 1.3177113533 260.721801758 11.4980792999 8388608 0.575916371577 0.0 0.575916371577 -0.212452359434 -1.30047191649 1.30047191649 -0.212452359434 
162.651668855 138.887901207 3.13449692726 90.8710021973 10.9264144897 23593472 0.101780435105 0.0 0.101780435105 -0.0476483360657 3.13413474871 -3.13413474871 -0.0476483360657 
127.323266342 79.9480390628 1.338976264 254.783172607 10.867266655 8388608 0.557768833243 0.0 0.557768833243 -0.351444563019 -1.29203101924 1.29203101924 -0.351444563019 
222.998920775 35.881115746 2.0697927475 260.164550781 10.327922821 10289408 0.233424414582 0.0 0.233424414582 -0.353560225217 -2.03937176227 2.03937176227 -0.353560225217 
282.408826592 73.9199494715 1.72047507763 101.769958496 9.84564781189 13631488 0.337833901075 0.0 0.337833901075 -0.350947290835 1.68430118797 -1.68430118797 -0.350947290835 
20.886116038 25.7801263028 2.06004858017 298.599273682 9.52807998657 9896192 0.235637863242 0.0 0.235637863242 0.986105554116 -1.8087000826 1.8087000826 0.986105554116 
215.054022499 38.9429791917 1.2590597868 238.275619507 9.31103897095 8388608 0.630822671971 0.0 0.630822671971 -0.662055991335 -1.07094043301 1.07094043301 -0.662055991335 
284.163089481 90.3800611124 1.33844363689 276.313079834 8.89158725739 8388608 0.558212844335 0.0 0.558212844335 0.14717688955 -1.33032715237 1.33032715237 0.14717688955 
73.7805403521 91.1675379429 1.53649294376 330.124328613 8.60699081421 8388608 0.423583329515 0.0 0.423583329515 1.33230583952 -0.765357247447 0.765357247447 1.33230583952 
62.9570200365 32.7949938096 1.43668615818 305.581878662 8.45121002197 8388608 0.484480369709 0.0 0.484480369709 0.835958506252 -1.1684350615 1.1684350615 0.835958506252 
220.432575217 49.7999200314 1.25756919384 229.190734863 8.33130073547 8388608 0.632318982637 0.0 0.632318982637 -0.821875552393 -0.951840771176 0.951840771176 -0.821875552393 
263.470826563 89.6156249333 1.35125374794 107.425521851 8.32263469696 8388608 0.54767911106 0.0 0.54767911106 -0.404654311244 1.28924069891 -1.28924069891 -0.404654311244 
225.898133182 103.356877814 2.28136706352 270.832122803 8.21715545654 17301760 0.192136407189 0.0 0.192136407189 0.0331317740274 -2.28112646823 2.28112646823 0.0331317740274 
213.731112695 99.7203856625 1.75841772556 271.637023926 7.84945487976 15204352 0.323411824235 0.0 0.323411824235 0.0502337220208 -1.75770005142 1.75770005142 0.0502337220208 
32.6307643464 20.4592314709 1.75458991528 282.14932251 7.7280960083 15007744 0.324824472811 0.0 0.324824472811 0.369271344907 -1.71529135852 1.71529135852 0.369271344907 
39.2426065088 21.8041239039 1.5979514122 280.194488525 7.57377243042 8388608 0.391627211398 0.0 0.391627211398 0.282821526549 -1.57272397447 1.57272397447 0.282821526549 
20.1846162498 17.5900474278 1.53604376316 292.75189209 7.57208061218 8388608 0.423831100105 0.0 0.423831100105 0.594051739159 -1.4165214342 1.4165214342 0.594051739159 
69.3815216825 27.9639290456 1.55076181889 301.331604004 7.37615966797 8388608 0.415824238135 0.0 0.415824238135 0.806381176506 -1.32461753616 1.32461753616 0.806381176506 
80.334072972 26.4225816235 3.17365813255 287.798614502 7.30471801758 24445440 0.0992841026223 0.0 0.0992841026223 0.970099320347 -3.02175664986 3.02175664986 0.970099320347 
191.391102098 35.487251149 2.98208355904 273.690582275 7.28903961182 19988992 0.112450239114 0.0 0.112450239114 0.191951588587 -2.9758993499 2.9758993499 0.191951588587 
271.684472367 89.7284455274 1.32287156582 279.48815918 7.08863401413 8388608 0.571432104625 0.0 0.571432104625 0.21806714311 -1.30477427195 1.30477427195 0.21806714311 
263.719687293 27.2215979609 2.37115359306 110.902938843 6.94411849976 20119808 0.177860957833 0.0 0.177860957833 -0.845994207904 2.21509890571 -2.21509890571 -0.845994207904 
13.9592135822 140.256862145 1.29741811752 337.637695312 6.54548072815 8388608 0.594073367837 0.0 0.594073367837 1.19984778925 -0.493618328576 0.493618328576 1.19984778925 
183.209636377 38.374291245 1.7716807127 267.877075195 6.51392745972 15728640 0.318587759312 0.0 0.318587759312 -0.0656293437139 -1.77046472345 1.77046472345 -0.0656293437139 
136.842416897 43.9392302459 1.64666175842 276.119506836 6.31315040588 10420224 0.368800244763 0.0 0.368800244763 0.175538418165 -1.6372785989 1.6372785989 0.175538418165 
238.907125158 35.5822902737 1.68161857128 160.683868408 6.25428009033 11927552 0.353626668961 0.0 0.353626668961 -1.58695665996 0.556245969584 -0.556245969584 -1.58695665996 
47.0345489454 91.726362857 1.49476099014 177.610153198 6.21113967896 8388608 0.447565383977 0.0 0.447565383977 -1.49346089944 0.0623294432754 -0.0623294432754 -1.49346089944 
51.7558887305 55.3768453204 1.65321910381 272.407836914 6.00241756439 10747904 0.365880420653 0.0 0.365880420653 0.0694555589618 -1.6517594651 1.6517594651 0.0694555589618 
152.323218392 36.4330404107 1.29567396641 271.436859131 5.50980758667 8388608 0.595673849371 0.0 0.595673849371 0.0324894059079 -1.29526656165 1.29526656165 0.0324894059079 
157.014737827 36.4156837768 1.39830243587 275.757293701 5.50693893433 8388608 0.511443627322 0.0 0.511443627322 0.140270316487 -1.39124905768 1.39124905768 0.140270316487 
274.11840234 27.031990161 2.20850205421 113.931808472 5.48403549194 14942464 0.205023850156 0.0 0.205023850156 -0.895876835056 2.01863469203 -2.01863469203 -0.895876835056 
164.488865382 39.6645848829 1.35813510418 288.515441895 5.37902832031 8388608 0.542143244561 0.0 0.542143244561 0.431289695226 -1.28783545533 1.28783545533 0.431289695226 
253.98892143 115.885963143 1.27033102512 240.870132446 5.26862287521 8388608 0.619678160045 0.0 0.619678160045 -0.618385456693 -1.1096577582 1.1096577582 -0.618385456693 
187.51803924 12.5475807439 1.34808290005 118.064208984 4.98183822632 8388608 0.550258551102 0.0 0.550258551102 -0.634220092526 1.18957655476 -1.18957655476 -0.634220092526 
167.283787396 14.4672834677 1.68438303471 102.315887451 4.96085739136 12058624 0.352466854658 0.0 0.352466854658 -0.359281093393 1.64561942852 -1.64561942852 -0.359281093393 
217.755827186 12.5689761025 1.30956411362 131.017425537 4.90852355957 8388608 0.583104602112 0.0 0.583104602112 -0.859451908024 0.98807924048 -0.98807924048 -0.859451908024 
19.6034703444 91.5619589498 1.45657360554 326.507385254 4.8868522644 8388608 0.471340901647 0.0 0.471340901647 1.21471969341 -0.803780277683 0.803780277683 1.21471969341 
19.3129588456 154.157454312 1.33635103703 310.574523926 4.84217643738 8388608 0.559962430592 0.0 0.559962430592 0.869211557454 -1.01503958669 1.01503958669 0.869211557454 
181.510533187 12.5089601534 1.30976176262 119.516723633 4.66651916504 8388608 0.582928629122 0.0 0.582928629122 -0.645290256476 1.13977031007 -1.13977031007 -0.645290256476 
230.638080078 12.5563302188 1.3142645359 130.565567017 4.65055465698 8388608 0.578941153223 0.0 0.578941153223 -0.854689623327 0.998397174531 -0.998397174531 -0.854689623327 
198.921909625 18.4876927337 1.21938359737 212.475204468 4.62714004517 8388608 0.6725418318 0.0 0.6725418318 -1.02870113453 -0.654729206132 0.654729206132 -1.02870113453 
175.422005408 12.4399651687 1.42322778702 107.841110229 4.60771179199 8388608 0.493686408977 0.0 0.493686408977 -0.43604623442 1.35478449031 -1.35478449031 -0.43604623442 
102.888325292 14.8900818506 1.88826787472 79.0103759766 4.36559677124 20316160 0.280461201991 0.0 0.280461201991 0.359962817177 1.8536402933 -1.8536402933 0.359962817177 
209.478967594 18.6966704208 1.27363848686 215.018478394 4.32267379761 8388608 0.616463903233 0.0 0.616463903233 -1.0430679139 -0.730865461087 0.730865461087 -1.0430679139 
214.172744529 18.5922421502 1.28901875019 222.177062988 4.31848144531 8388608 0.601840667689 0.0 0.601840667689 -0.955257565083 -0.86547808909 0.86547808909 -0.955257565083 
95.2235521022 23.0207942699 1.52911829948 76.7315368652 4.27110290527 8388608 0.427678904156 0.0 0.427678904156 0.350954123407 1.48829902139 -1.48829902139 0.350954123407 
166.464703005 26.8377281917 1.8188611269 182.025772095 4.26514434814 17629184 0.302274086641 0.0 0.302274086641 -1.81772438935 -0.0642949711824 0.0642949711824 -1.81772438935 
135.083563403 27.7377408903 1.83910274506 285.228546143 4.21619033813 18415616 0.295656897138 0.0 0.295656897138 0.483077008853 -1.77452402362 1.77452402362 0.483077008853 
205.291479647 18.6219466174 1.25962030888 214.145843506 4.20197296143 8388608 0.63026137368 0.0 0.63026137368 -1.04247624201 -0.707026595941 0.707026595941 -1.04247624201 
239.439746119 19.2427375176 1.57931697369 220.940963745 4.18954849243 8388608 0.400923390174 0.0 0.400923390174 -1.1929926169 -1.03489647762 1.03489647762 -1.1929926169 
249.819053541 19.2696868057 1.53822350502 203.297729492 4.15962219238 8388608 0.422630770216 0.0 0.422630770216 -1.41279992183 -0.60838140362 0.60838140362 -1.41279992183 
127.619477548 19.6276502525 1.56007063389 348.866882324 4.08293533325 8388608 0.410876664153 0.0 0.410876664153 1.5307120078 -0.301232687275 0.301232687275 1.5307120078 
119.009411658 14.3620627089 1.73629510403 83.8877563477 4.01234436035 14286848 0.33170568799 0.0 0.33170568799 0.184874714226 1.72642463731 -1.72642463731 0.184874714226 
100.168823795 28.3239637332 1.29011905193 269.985870361 3.881275177 8388608 0.600814523711 0.0 0.600814523711 -0.000318154600874 -1.2901190127 1.2901190127 -0.000318154600874 
26.5891071469 91.9712838087 1.91476500034 313.938659668 3.87343597412 21364736 0.272752687832 0.0 0.272752687832 1.32863217694 -1.37878988426 1.37878988426 1.32863217694 
104.873955156 27.5331643177 1.5988599062 270.016784668 3.82130813599 8388608 0.391182282001 0.0 0.391182282001 0.000468382357274 -1.59885983759 1.59885983759 0.000468382357274 
12.4537536957 156.598133753 1.33809435368 338.867706299 3.81484413147 8388608 0.558504303342 0.0 0.558504303342 1.2481081522 -0.482413245838 0.482413245838 1.2481081522 
265.163766507 18.9900521955 1.82858848572 147.843170166 3.80367851257 18022400 0.299066686135 0.0 0.299066686135 -1.54807282252 0.973245285777 -0.973245285777 -1.54807282252 
111.908731685 20.5489221386 1.32225906849 355.28793335 3.75983810425 8388608 0.571961625217 0.0 0.571961625217 1.31778997596 -0.108621468732 0.108621468732 1.31778997596 
232.561230397 19.3255951665 1.50998282433 222.475814819 3.75888824463 8388608 0.438587232852 0.0 0.438587232852 -1.11370662412 -1.01965959278 1.01965959278 -1.11370662412 
84.8365691339 12.0330797771 1.15310525894 65.6585998535 3.6573677063 8388608 0.75207663125 0.0 0.75207663125 0.475278626448 1.05060076406 -1.05060076406 0.475278626448 
85.0399231979 88.2505428649 1.73017609119 131.832977295 3.58281135559 14024704 0.334056085216 0.0 0.334056085216 -1.15396071606 1.28914078841 -1.28914078841 -1.15396071606 
43.992730309 12.5190549043 1.28586244583 60.2118225098 3.50867843628 8388608 0.604798874795 0.0 0.604798874795 0.638809897773 1.11595884517 -1.11595884517 0.638809897773 
280.950017558 20.1402467321 1.37995898724 132.080749512 3.24662590027 8388608 0.525130981642 0.0 0.525130981642 -0.924817172739 1.02420701202 -1.02420701202 -0.924817172739 
25.8413985877 140.607018261 1.38582444191 311.667022705 3.0471124649 8388608 0.520695190785 0.0 0.520695190785 0.921296792491 -1.03523987749 1.03523987749 0.921296792491 
280.121550649 12.6696753255 1.32842707634 126.33505249 3.01561927795 8388608 0.566662615943 0.0 0.566662615943 -0.787101172553 1.07013561819 -1.07013561819 -0.787101172553 
45.5613459988 36.0407797652 1.3304554224 49.9605407715 2.9965057373 8388608 0.564936121818 0.0 0.564936121818 0.855901965991 1.01859877067 -1.01859877067 0.855901965991 
13.8380209282 132.668371585 1.29038369656 344.424072266 2.9875831604 8388608 0.600568107039 0.0 0.600568107039 1.24299495641 -0.346487550533 0.346487550533 1.24299495641 
54.8824126226 44.6806870615 2.57263493538 272.705566406 2.83536911011 9306624 0.151092766861 0.0 0.151092766861 0.121437359673 -2.56976720315 2.56976720315 0.121437359673 
233.366712613 109.581912085 1.2871812582 79.0297241211 2.48260688782 8388608 0.603560187354 0.0 0.603560187354 0.244950229757 1.26365935932 -1.26365935932 0.244950229757 
19.9307844208 128.194518966 1.79360020161 316.784729004 2.11218833923 16646144 0.310848454081 0.0 0.310848454081 1.30715098515 -1.22815226468 1.22815226468 1.30715098515 
29.7901591993 35.8923268079 1.32193911076 48.9322509766 1.8967666626 8388608 0.572238530091 0.0 0.572238530091 0.868449183202 0.996653916232 -0.996653916232 0.868449183202 
27.4393482786 134.624093666 1.25712382793 316.405639648 1.20293712616 8388608 0.632767089966 0.0 0.632767089966 0.910459031123 -0.866847547961 0.866847547961 0.910459031123 
163.546444134 151.708273465 1.48134171963 99.0405578613 1.00085258484 8388608 0.45571097881 0.0 0.45571097881 -0.232768526089 1.46293954201 -1.46293954201 -0.232768526089 
18.6573845478 117.247879515 1.89677298069 314.142944336 0.872249960899 20643840 0.277951672043 0.0 0.277951672043 1.3210091568 -1.36113281788 1.36113281788 1.3210091568 
223.671965632 148.326662447 1.62760055065 69.6339111328 0.430158615112 9568256 0.377489037318 0.0 0.377489037318 0.566433060771 1.52585619904 -1.52585619904 0.566433060771 
229.544389372 139.96307738 1.32161021233 44.2086181641 0.315092086792 8388608 0.572523382268 0.0 0.572523382268 0.947337779915 0.921523024167 -0.921523024167 0.947337779915 
