13
218
162.214862915 139.70862278 1.9830892086 42.2465209961 171.975738525 23855104 0.254281929099 0.0 0.254281929099 1.46799953985 1.33327422547 -1.33327422547 1.46799953985 
157.951759511 158.339688211 1.94638180733 53.4578552246 164.616165161 22544384 0.263963529497 0.0 0.263963529497 1.15890281165 1.56376034386 -1.56376034386 1.15890281165 
142.175351829 161.014936059 1.62988090515 56.6904602051 115.944892883 9699328 0.376433491914 0.0 0.376433491914 0.895068613641 1.36211744789 -1.36211744789 0.895068613641 
75.820534213 92.5418794781 1.24278056622 82.3398132324 108.723495483 8388608 0.647457242308 0.0 0.647457242308 0.165659600509 1.23169007162 -1.23169007162 0.165659600509 
152.119296924 123.514068216 1.83215713501 9.72702026367 105.271492004 18153472 0.297902785183 0.0 0.297902785183 1.80581786292 0.309550663613 -0.309550663613 1.80581786292 
151.204714503 164.156287133 1.71669089794 262.076538086 101.607208252 13434880 0.33932494787 0.0 0.33932494787 -0.236646073569 -1.70030181878 1.70030181878 -0.236646073569 
162.057487478 149.199777831 1.94116747379 13.0888671875 99.3281402588 22347776 0.26538354351 0.0 0.26538354351 1.89073591992 0.439600776197 -0.439600776197 1.89073591992 
51.6430921288 83.4419155659 2.27088141441 358.775604248 98.2711105347 16974080 0.193914858719 0.0 0.193914858719 2.27036291736 -0.0485244456434 0.0485244456434 2.27036291736 
115.121045118 111.216402151 1.53093695641 20.8662719727 98.2529602051 8388608 0.426663396356 0.0 0.426663396356 1.43052940232 0.545301378669 -0.545301378669 1.43052940232 
28.4451991964 42.4355264609 1.83441865444 32.2821655273 96.0525970459 18219008 0.297168713219 0.0 0.297168713219 1.55086911481 0.979743225791 -0.979743225791 1.55086911481 
37.9068737892 43.8840898694 1.99287509918 8.56829833984 95.9514160156 24248320 0.251790788908 0.0 0.251790788908 1.97063255514 0.296914960163 -0.296914960163 1.97063255514 
117.717090334 89.0365880946 6.25505828857 62.5758666992 94.723815918 23396865 0.0255586127505 0.0 0.0255586127505 2.8809153192 5.55212401853 -5.55212401853 2.8809153192 
142.081953401 139.292521362 2.95603775978 12.9895019531 91.5787811279 19333632 0.114440578713 0.0 0.114440578713 2.88039649347 0.66443605986 -0.66443605986 2.88039649347 
143.485927732 126.30062031 1.70372617245 163.183349609 89.0732803345 12910592 0.344508871465 0.0 0.344508871465 -1.63086711197 0.492904994662 -0.492904994662 -1.63086711197 
67.40551645 95.9957501872 4.53531551361 44.020324707 87.3944091797 16843009 0.0486166454221 0.0 0.0486166454221 3.26131516611 3.15165197877 -3.15165197877 3.26131516611 
14.8791673703 156.506542132 1.58179032803 103.539764404 82.1864395142 8388608 0.399670568842 0.0 0.399670568842 -0.3703289913 1.53782869008 -1.53782869008 -0.3703289913 
48.9846241185 62.2250339137 4.57882022858 74.0710754395 80.4069137573 17563905 0.047697192233 0.0 0.047697192233 1.25663293707 4.40300673939 -4.40300673939 1.25663293707 
98.4672392579 22.6225089321 2.3375222683 40.3912963867 80.3142623901 19071232 0.183015758586 0.0 0.183015758586 1.78034286935 1.51472427271 -1.51472427271 1.78034286935 
128.956864007 91.0103475611 2.97415018082 84.884552002 79.8286132812 19792384 0.113050948594 0.0 0.113050948594 0.265183690565 2.96230432405 -2.96230432405 0.265183690565 
49.6649956835 99.8320899266 1.26994967461 87.9762573242 78.8247299194 8388608 0.620050379626 0.0 0.620050379626 0.0448465318177 1.26915758069 -1.26915758069 0.0448465318177 
255.484171161 143.591965448 1.45754492283 353.071716309 78.2265396118 8388608 0.470712901765 0.0 0.470712901765 1.44690180766 -0.175819114611 0.175819114611 1.44690180766 
195.558762829 79.0648176064 1.68879055977 71.3278503418 75.9209976196 12255232 0.3506294696 0.0 0.3506294696 0.540670574745 1.59990277341 -1.59990277341 0.540670574745 
102.435912031 105.0966835 2.10019946098 27.399230957 74.6660461426 11337984 0.226714300277 0.0 0.226714300277 1.86460236598 0.966486312723 -0.966486312723 1.86460236598 
36.0766446222 35.1905099312 1.23332512379 80.3578186035 74.1660308838 8388608 0.657422923024 0.0 0.657422923024 0.20657529326 1.21590193239 -1.21590193239 0.20657529326 
78.5799732212 26.1590700562 3.10054278374 54.3768615723 74.1426239014 22807040 0.104021842757 0.0 0.104021842757 1.80591513389 2.52032459873 -2.52032459873 1.80591513389 
257.885073922 121.876939802 1.53451514244 19.3176879883 71.9824523926 8388608 0.424675926823 0.0 0.424675926823 1.44812020947 0.507626419047 -0.507626419047 1.44812020947 
229.084776054 91.227829777 2.99345827103 89.6301879883 71.8704376221 20251136 0.111597273219 0.0 0.111597273219 0.0193209543231 2.99339591787 -2.99339591787 0.0193209543231 
53.2884592485 55.3730007862 1.58307051659 353.049072266 71.8434906006 8388608 0.399024423513 0.0 0.399024423513 1.57143521004 -0.191581943642 0.191581943642 1.57143521004 
260.739469105 129.992799798 1.48801672459 158.692611694 71.405128479 8388608 0.451631655889 0.0 0.451631655889 -1.38630241657 0.540702674722 -0.540702674722 -1.38630241657 
113.097395304 55.4688155755 5.26147031784 353.90838623 70.192855835 10879489 0.0361231613189 0.0 0.0361231613189 5.23176135766 -0.558339504212 0.558339504212 5.23176135766 
248.031631315 94.0285447024 1.87648701668 89.1515197754 68.5600128174 19857408 0.283993808723 0.0 0.283993808723 0.0277874556571 1.87628126385 -1.87628126385 0.0277874556571 
95.2045441706 111.930767602 2.6108314991 33.2213745117 68.5152435303 10355200 0.146704120652 0.0 0.146704120652 2.18411715635 1.43041020831 -1.43041020831 2.18411715635 
106.461322773 142.883755806 1.95745003223 21.7998962402 68.0588378906 22937600 0.260986853025 0.0 0.260986853025 1.81746592819 0.726930690331 -0.726930690331 1.81746592819 
46.1119562629 99.6297657071 2.69317722321 79.8187255859 67.9337615967 12583424 0.137870113852 0.0 0.137870113852 0.476054282053 2.65076892168 -2.65076892168 0.476054282053 
234.732866268 25.4172736572 1.58083367348 11.9681091309 67.1403579712 8388608 0.400154443097 0.0 0.400154443097 1.5464713654 0.327813085783 -0.327813085783 1.5464713654 
51.6239372432 61.5100963406 2.56773042679 37.0247802734 65.9727249146 9175552 0.151670509349 0.0 0.151670509349 2.05001216966 1.54618551568 -1.54618551568 2.05001216966 
154.191037939 151.52497987 1.27617824078 320.088378906 65.4511184692 8388608 0.614012664644 0.0 0.614012664644 0.978873419218 -0.818802620525 0.818802620525 0.978873419218 
85.5493342471 146.446919766 3.9841234684 75.0501098633 65.1326217651 24182785 0.0629991112009 0.0 0.0629991112009 1.02780092417 3.84926812157 -3.84926812157 1.02780092417 
133.278564464 58.4673341503 2.96510386467 135.76020813 62.0773468018 19530240 0.113741821327 0.0 0.113741821327 -2.12427825515 2.06864274899 -2.06864274899 -2.12427825515 
23.6009916812 160.368827171 1.4287853241 136.363601685 62.0125198364 8388608 0.489853300618 0.0 0.489853300618 -1.03405997542 0.985975389952 -0.985975389952 -1.03405997542 
139.34766044 22.9015844491 1.29414367676 352.484802246 61.9930648804 8388608 0.597083418472 0.0 0.597083418472 1.28302724699 -0.169259976324 0.169259976324 1.28302724699 
135.907882947 75.8354857801 2.20209264755 77.6114196777 61.9409637451 14745856 0.206219071087 0.0 0.206219071087 0.472438413066 2.15081704807 -2.15081704807 0.472438413066 
24.693626838 54.0143116008 1.64495325089 91.2348327637 61.2178916931 10354688 0.369566740977 0.0 0.369566740977 -0.0354491193442 1.64457123821 -1.64457123821 -0.0354491193442 
182.031641244 88.8078695576 1.47073149681 11.110534668 61.1994628906 8388608 0.462309921153 0.0 0.462309921153 1.4431659432 0.283413471976 -0.283413471976 1.4431659432 
249.06392756 60.4875037496 1.40928149223 16.6789550781 60.540435791 8388608 0.503505829434 0.0 0.503505829434 1.34999017122 0.404476033839 -0.404476033839 1.34999017122 
16.289696034 52.9990458514 2.02422595024 113.64112854 59.9725952148 8651008 0.244051804823 0.0 0.244051804823 -0.811728210027 1.85434301322 -1.85434301322 -0.811728210027 
17.1405386451 145.690485366 1.37289726734 103.585479736 59.2477760315 8388608 0.530547068019 0.0 0.530547068019 -0.322487781292 1.33448437143 -1.33448437143 -0.322487781292 
47.6523156852 101.118174868 4.48825025558 81.310760498 58.1939353943 16122113 0.0496416115003 0.0 0.0496416115003 0.678063181043 4.43673536277 -4.43673536277 0.678063181043 
52.3380122154 73.0512454479 1.57250392437 9.12957763672 57.705696106 8388608 0.404405007072 0.0 0.404405007072 1.55258349136 0.249505700382 -0.249505700382 1.55258349136 
179.170934805 82.0692089545 3.63875770569 27.5744018555 57.5556983948 17629185 0.0755255199317 0.0 0.0755255199317 3.22543295879 1.68438115314 -1.68438115314 3.22543295879 
172.494854192 69.1119901848 2.32628250122 267.288146973 57.4907188416 18743552 0.184788564746 0.0 0.184788564746 -0.110063623575 -2.32367731715 2.32367731715 -0.110063623575 
18.3554989533 117.173092173 1.27917873859 169.178787231 57.3547325134 8388608 0.611135532835 0.0 0.611135532835 -1.25643213759 0.240159382283 -0.240159382283 -1.25643213759 
126.393975342 132.3462244 2.16612195969 18.2073364258 56.8952674866 13566208 0.213124898581 0.0 0.213124898581 2.05766867562 0.676819005057 -0.676819005057 2.05766867562 
54.4169745111 41.3795067892 1.29998075962 13.0298461914 56.5203819275 8388608 0.591733491858 0.0 0.591733491858 1.26650983309 0.293091825334 -0.293091825334 1.26650983309 
30.2264865049 77.6877544909 2.64348006248 41.9472045898 56.5198936462 11272704 0.143102730842 0.0 0.143102730842 1.96611759362 1.76702248113 -1.76702248113 1.96611759362 
144.226792072 89.6025136379 4.20638418198 116.773498535 56.0226516724 11403521 0.056517394043 0.0 0.056517394043 -1.89482732688 3.75543569878 -3.75543569878 -1.89482732688 
31.799094956 52.5865695521 1.75581455231 291.788787842 55.9833602905 15073280 0.324371516828 0.0 0.324371516828 0.651734015527 -1.63037649489 1.63037649489 0.651734015527 
254.910039469 36.6898893164 1.49237525463 333.506622314 55.5734786987 8388608 0.448997498462 0.0 0.448997498462 1.33565485174 -0.665740202824 0.665740202824 1.33565485174 
125.72581235 79.0245942277 2.57000041008 66.6698913574 55.1292152405 9241088 0.151402698129 0.0 0.151402698129 1.01779234563 2.35987305781 -2.35987305781 1.01779234563 
82.0916606239 39.1018810443 1.65437328815 44.1208496094 54.7235832214 10747904 0.365370081001 0.0 0.365370081001 1.18762993451 1.15173178961 -1.15173178961 1.18762993451 
133.821353367 115.096751651 4.9515838623 71.5589294434 54.5624732971 23200001 0.0407860570411 0.0 0.0407860570411 1.56633019408 4.69731758225 -4.69731758225 1.56633019408 
237.751947115 67.7296370313 3.37464904785 321.663818359 54.513835907 12189697 0.0878097561887 0.0 0.0878097561887 2.64702352171 -2.09320870237 2.09320870237 2.64702352171 
252.492836106 102.687150997 1.41949617863 316.737518311 54.4071960449 8388608 0.496285451995 0.0 0.496285451995 1.03370790307 -0.972839849239 0.972839849239 1.03370790307 
139.496268856 63.603309254 1.31143593788 84.3910217285 53.8634986877 8388608 0.581441249173 0.0 0.581441249173 0.128178241848 1.30515690914 -1.30515690914 0.128178241848 
141.169973876 62.1004845386 2.09805560112 264.731018066 53.5914878845 11272448 0.227177864746 0.0 0.227177864746 -0.192667637118 -2.08919039032 2.08919039032 -0.192667637118 
177.495857725 141.43139878 2.87112808228 64.0979614258 53.2444610596 17236480 0.121309514889 0.0 0.121309514889 1.25420577383 2.58270097799 -2.58270097799 1.25420577383 
145.030311322 113.662524204 5.32364177704 84.3775024414 53.117980957 11731457 0.0352843686546 0.0 0.0352843686546 0.521576747711 5.29802977214 -5.29802977214 0.521576747711 
42.2696767462 70.749682528 1.39422857761 353.119842529 52.7220954895 8388608 0.514436813499 0.0 0.514436813499 1.38418858131 -0.167018855268 0.167018855268 1.38418858131 
82.0232544265 148.862604292 2.82589650154 74.0145568848 52.3181877136 16056832 0.125223978152 0.0 0.125223978152 0.778232464035 2.71662387337 -2.71662387337 0.778232464035 
109.115432034 21.065916366 2.4254219532 45.456817627 51.6815643311 21758208 0.169990789783 0.0 0.169990789783 1.70130404066 1.72865155897 -1.72865155897 1.70130404066 
26.0232654912 146.702562221 1.33631432056 101.164581299 51.1380310059 8388608 0.559993201977 0.0 0.559993201977 -0.258747754609 1.31102462327 -1.31102462327 -0.258747754609 
255.246448903 136.797224241 1.77885067463 3.38821411133 51.0675544739 15990784 0.316024690266 0.0 0.316024690266 1.77574125482 0.105131910346 -0.105131910346 1.77574125482 
66.4502270351 64.3960804778 3.39575481415 162.127380371 51.02967453 12648449 0.0867216135669 0.0 0.0867216135669 -3.23187967367 1.04216339062 -1.04216339062 -3.23187967367 
141.13875033 99.0674108456 1.5078946352 256.019134521 50.6974754333 8388608 0.439802818109 0.0 0.439802818109 -0.364304089474 -1.46322546494 1.46322546494 -0.364304089474 
77.3124694751 41.6285966619 3.56488704681 44.2454223633 50.3105926514 16187393 0.0786879900905 0.0 0.0786879900905 2.5537342535 2.48734014945 -2.48734014945 2.5537342535 
220.581363866 74.8456454109 3.30202841759 288.182495117 50.2438964844 10616833 0.0917145811336 0.0 0.0917145811336 1.03038036965 -3.13714965604 3.13714965604 1.03038036965 
64.8890251457 39.1553492466 1.8021658659 153.379898071 49.594833374 16973824 0.307900561381 0.0 0.307900561381 -1.61113103593 0.807501450949 -0.807501450949 -1.61113103593 
31.3804329689 125.52478333 1.53004455566 281.55078125 49.4616317749 8388608 0.427161245609 0.0 0.427161245609 0.306370557475 -1.49905751185 1.49905751185 0.306370557475 
61.2713833595 81.2072416031 1.63686609268 176.863876343 48.8396224976 10027008 0.373227550939 0.0 0.373227550939 -1.63441468345 0.0895502535055 -0.0895502535055 -1.63441468345 
74.0295611934 46.4429200014 1.72464108467 1.33807373047 48.4479560852 13762560 0.33620374329 0.0 0.33620374329 1.72417079676 0.040273248496 -0.040273248496 1.72417079676 
66.3808548013 16.3969669984 1.58826577663 79.5581054688 48.3950996399 8388608 0.396418253692 0.0 0.396418253692 0.287854560619 1.561962845 -1.561962845 0.287854560619 
235.82701903 48.1880404717 2.68654441833 179.633956909 48.2225189209 12386816 0.138551728805 0.0 0.138551728805 -2.68648959295 0.0171632944237 -0.0171632944237 -2.68648959295 
158.96015642 71.1139110114 1.77866637707 86.9060058594 48.2209777832 15990784 0.316090183827 0.0 0.316090183827 0.0960019952644 1.77607367466 -1.77607367466 0.0960019952644 
69.3227697441 108.524717115 1.61424672604 267.964782715 47.6173095703 8978432 0.383760411802 0.0 0.383760411802 -0.0573279921464 -1.61322843821 1.61322843821 -0.0573279921464 
219.833736192 90.632544956 1.53903353214 90.4360656738 46.5934524536 8388608 0.422186007593 0.0 0.422186007593 -0.0117131352601 1.53898895887 -1.53898895887 -0.0117131352601 
73.3617201827 32.4652957374 1.29241526127 15.8933105469 46.4500236511 8388608 0.598681509023 0.0 0.598681509023 1.243010476 0.353923952436 -0.353923952436 1.243010476 
130.991202272 149.297788332 1.24798750877 350.198272705 46.3447952271 8388608 0.642065778509 0.0 0.642065778509 1.22977034399 -0.212456402797 0.212456402797 1.22977034399 
109.2843054 17.7538225385 1.40924024582 335.398986816 45.8159828186 8388608 0.503535303633 0.0 0.503535303633 1.28132174384 -0.586662304218 0.586662304218 1.28132174384 
184.192116852 54.470014282 4.44909954071 292.83404541 45.573097229 15466753 0.0505191174687 0.0 0.0505191174687 1.72653221974 -4.10043573506 4.10043573506 1.72653221974 
256.16313645 47.9829701674 1.29139876366 3.26510620117 45.334651947 8388608 0.599624359285 0.0 0.599624359285 1.28930242137 0.0735529267042 -0.0735529267042 1.28930242137 
26.9604770909 111.262847278 1.2910579443 9.95007324219 45.2503852844 8388608 0.599940984213 0.0 0.599940984213 1.27163874637 0.223081855531 -0.223081855531 1.27163874637 
216.78488485 54.4338731655 4.6031794548 284.260345459 45.0588607788 17957121 0.0471937174027 0.0 0.0471937174027 1.13389334944 -4.46133914483 4.46133914483 1.13389334944 
34.5897320657 120.796981129 3.00261664391 43.2743530273 44.6385993958 20447744 0.110917538928 0.0 0.110917538928 2.18614414595 2.05827123659 -2.05827123659 2.18614414595 
124.641926312 112.755720679 1.83436155319 200.670761108 44.4641342163 18219008 0.297187214445 0.0 0.297187214445 -1.71627323041 -0.647524907952 0.647524907952 -1.71627323041 
26.2916129918 99.8085682291 1.39069771767 66.0801391602 43.9681015015 8388608 0.517052349806 0.0 0.517052349806 0.56387017819 1.271255507 -1.271255507 0.56387017819 
29.8425621319 90.4638515329 1.30631661415 357.476867676 43.2608070374 8388608 0.58600739864 0.0 0.58600739864 1.3050501787 -0.0575076298097 0.0575076298097 1.3050501787 
27.5952362584 108.989730214 2.53698444366 11.1927490234 42.8247489929 24969472 0.155369007538 0.0 0.155369007538 2.48873031079 0.492454574095 -0.492454574095 2.48873031079 
129.734342707 110.803943992 3.10056781769 248.968200684 42.8005104065 22807040 0.104020163021 0.0 0.104020163021 -1.11275048739 -2.89401229177 2.89401229177 -1.11275048739 
172.362773441 130.32647624 2.67267632484 168.310165405 42.7676315308 12059136 0.139993305067 0.0 0.139993305067 -2.61724174034 0.541520461319 -0.541520461319 -2.61724174034 
171.697916157 149.81643372 1.42414700985 187.950408936 42.6632995605 8388608 0.493049309915 0.0 0.493049309915 -1.41045833086 -0.196982239252 0.196982239252 -1.41045833086 
248.683875928 69.2623538326 1.7790197134 53.2510986328 42.5454025269 16056320 0.315964637095 0.0 0.315964637095 1.06440392664 1.42546673817 -1.42546673817 1.06440392664 
40.9274924923 87.8484996455 1.52311372757 247.137283325 42.4620132446 8388608 0.431057628489 0.0 0.431057628489 -0.591766903487 -1.40345550662 1.40345550662 -0.591766903487 
30.5124058452 66.0942476071 1.74887800217 32.9196777344 41.6113700867 14811136 0.326949719994 0.0 0.326949719994 1.46806637408 0.950450097458 -0.950450097458 1.46806637408 
195.551783151 138.151104211 3.47810316086 79.6473388672 41.4203338623 14352385 0.0826637459857 0.0 0.0826637459857 0.625037530717 3.42148062727 -3.42148062727 0.625037530717 
139.380129622 42.3643658358 1.41814219952 7.82513427734 41.2855415344 8388608 0.49723356695 0.0 0.49723356695 1.40493675716 0.193080310848 -0.193080310848 1.40493675716 
88.596716913 14.010186268 1.53696668148 80.165435791 40.856300354 8388608 0.423322248418 0.0 0.423322248418 0.262519941158 1.51438101562 -1.51438101562 0.262519941158 
47.2307694308 34.9440713415 1.68159008026 90.5217895508 40.7170295715 11927552 0.353638651989 0.0 0.353638651989 -0.0153139378068 1.68152034818 -1.68152034818 -0.0153139378068 
51.1154106145 118.15470731 3.96618795395 254.004348755 40.4097099304 23855105 0.0635701765632 0.0 0.0635701765632 -1.09294018467 -3.81262752426 3.81262752426 -1.09294018467 
190.799010228 95.9149073925 2.2409760952 53.2743835449 39.1598548889 15991040 0.199124891532 0.0 0.199124891532 1.3400668505 1.79616109952 -1.79616109952 1.3400668505 
96.4410642891 75.2280351806 2.3493938446 47.3238220215 38.8571166992 19398912 0.181170860407 0.0 0.181170860407 1.59254614161 1.72726611265 -1.72726611265 1.59254614161 
40.1199084332 79.0316063024 1.74015617371 119.664276123 38.7324447632 14417920 0.330235339595 0.0 0.330235339595 -0.861232840035 1.51209176446 -1.51209176446 -0.861232840035 
16.1934337686 108.561048703 1.48660635948 161.085266113 38.7134437561 8388608 0.452489001443 0.0 0.452489001443 -1.4063326348 0.481899355006 -0.481899355006 -1.4063326348 
157.776042996 84.3639200198 8.9461145401 271.281768799 38.6671066284 15859970 0.0124948512834 0.0 0.0124948512834 0.200117602887 -8.94387602271 8.94387602271 0.200117602887 
77.8263969016 80.7315844272 7.91962957382 179.076217651 38.3044586182 23789570 0.0159437421648 0.0 0.0159437421648 -7.91860023223 0.127683000474 -0.127683000474 -7.91860023223 
146.572228867 29.1627329283 1.46518397331 354.795349121 37.6188659668 8388608 0.465817371989 0.0 0.465817371989 1.45914307606 -0.132911847643 0.132911847643 1.45914307606 
105.755358885 23.8830197652 1.39906811714 106.654220581 37.2959671021 8388608 0.510883975306 0.0 0.510883975306 -0.400966104026 1.34037971479 -1.34037971479 -0.400966104026 
203.894177831 68.0092428653 2.17812585831 283.276062012 37.1146888733 13959424 0.210782260718 0.0 0.210782260718 0.500191631334 -2.11991523099 2.11991523099 0.500191631334 
53.2453031788 24.9952157433 1.66988325119 105.786071777 36.9789619446 11468800 0.358614447846 0.0 0.358614447846 -0.454285610362 1.60690219268 -1.60690219268 -0.454285610362 
256.977546311 70.6984498037 1.45891082287 27.0225830078 36.564414978 8388608 0.46983190783 0.0 0.46983190783 1.29963790383 0.662843954498 -0.662843954498 1.29963790383 
248.462127484 49.3082756695 1.41779994965 332.247314453 36.427116394 8388608 0.497473655355 0.0 0.497473655355 1.25470448423 -0.660207054247 0.660207054247 1.25470448423 
15.3406176673 102.231499329 1.45431578159 77.4046630859 36.2382087708 8388608 0.472805550351 0.0 0.472805550351 0.317133646843 1.41931696341 -1.41931696341 0.317133646843 
167.625628082 56.1920347875 2.70764303207 261.506744385 36.2135391235 12976640 0.136400883927 0.0 0.136400883927 -0.399899898908 -2.6779490025 2.6779490025 -0.399899898908 
65.3684749841 80.1296034158 3.09037470818 185.515350342 36.1997070312 22544896 0.104707482593 0.0 0.104707482593 -3.07606776971 -0.297023421762 0.297023421762 -3.07606776971 
35.4824504129 88.1636451326 1.4468164444 263.868408203 36.1020393372 8388608 0.477719674207 0.0 0.477719674207 -0.154537812472 -1.43853949834 1.43853949834 -0.154537812472 
73.9820491243 39.0598094941 1.39171493053 41.7524108887 36.0446662903 8388608 0.516296792642 0.0 0.516296792642 1.03826019262 0.926761145218 -0.926761145218 1.03826019262 
86.0504330193 145.239155594 1.35372841358 78.6994628906 35.9398498535 8388608 0.545678585881 0.0 0.545678585881 0.265270307268 1.32748343938 -1.32748343938 0.265270307268 
216.732009295 70.746618175 1.79862594604 290.537261963 35.1558036804 16842752 0.309113727336 0.0 0.309113727336 0.630987598474 -1.68431289978 1.68431289978 0.630987598474 
58.0131367101 148.709739314 1.81508553028 63.3739624023 35.1212005615 17498112 0.303532927598 0.0 0.303532927598 0.813458501236 1.62259691513 -1.62259691513 0.813458501236 
141.578050839 169.444210509 1.38758933544 295.687072754 34.9964752197 8388608 0.519371474719 0.0 0.519371474719 0.601458603621 -1.25046059992 1.25046059992 0.601458603621 
239.867808139 32.54087649 4.18992567062 301.154907227 34.1109199524 11141377 0.0569622797979 0.0 0.0569622797979 2.16767339123 -3.58561977827 3.58561977827 2.16767339123 
37.2592340079 99.7140030866 1.35768771172 82.284576416 34.0362892151 8388608 0.542500603272 0.0 0.542500603272 0.182273574544 1.34539669487 -1.34539669487 0.182273574544 
231.599774052 77.534955395 1.54913055897 309.350952148 33.8815841675 8388608 0.416700438722 0.0 0.416700438722 0.982255331085 -1.1979064877 1.1979064877 0.982255331085 
111.579614277 34.1867645138 2.63168430328 15.3151855469 33.4804916382 10945024 0.144388438515 0.0 0.144388438515 2.53822647827 0.695103314 -0.695103314 2.53822647827 
58.1307009609 117.309900372 1.34655690193 101.685760498 33.3352508545 8388608 0.551506429014 0.0 0.551506429014 -0.27273692228 1.31864705716 -1.31864705716 -0.27273692228 
60.1553482583 120.114356006 3.38830041885 205.384384155 33.2037353516 12517377 0.0871036152927 0.0 0.0871036152927 -3.06116734801 -1.45252683138 1.45252683138 -3.06116734801 
105.764236993 85.2564964481 1.81944274902 100.601226807 33.157699585 17629184 0.302080861329 0.0 0.302080861329 -0.334727243743 1.78838742706 -1.78838742706 -0.334727243743 
89.7530932616 46.5199121509 1.28844368458 164.158203125 32.6864471436 8388608 0.602378021572 0.0 0.602378021572 -1.23950744796 0.351722070354 -0.351722070354 -1.23950744796 
131.073487424 44.2518191236 2.01613235474 128.464950562 32.6080818176 8388864 0.246015189158 0.0 0.246015189158 -1.25410645539 1.57860909359 -1.57860909359 -1.25410645539 
177.41290536 22.750882314 1.76741278172 340.046203613 32.5656700134 15532032 0.320128262234 0.0 0.320128262234 1.66131167329 -0.603151278839 0.603151278839 1.66131167329 
98.0214881104 39.5630583949 2.33062291145 100.035064697 32.2852058411 18874624 0.184100927702 0.0 0.184100927702 -0.406113004609 2.29496740345 -2.29496740345 -0.406113004609 
188.175864055 67.9834953816 2.25522851944 297.173095703 31.5134220123 16449792 0.196616015223 0.0 0.196616015223 1.02991828959 -2.00632100913 2.00632100913 1.02991828959 
168.100894397 46.0461203603 1.42137122154 26.1519775391 31.4748306274 8388608 0.494976937061 0.0 0.494976937061 1.27586275272 0.626474569033 -0.626474569033 1.27586275272 
206.879281687 24.6117680678 1.8237156868 359.763946533 31.3228187561 17825792 0.300666978011 0.0 0.300666978011 1.82370020925 -0.00751352361615 0.00751352361615 1.82370020925 
185.259589688 25.6150798052 1.35893774033 347.472717285 31.3040370941 8388608 0.541503016173 0.0 0.541503016173 1.32658528355 -0.294759677639 0.294759677639 1.32658528355 
157.425796067 18.1513872705 2.1178457737 353.575012207 31.2245483398 11927808 0.222951982649 0.0 0.222951982649 2.10454403106 -0.236991861666 0.236991861666 2.10454403106 
206.355145832 35.3753861522 3.08484983444 1.42407226562 31.1511116028 22413824 0.105082874385 0.0 0.105082874385 3.08389703725 0.0766652768641 -0.0766652768641 3.08389703725 
81.1890483613 61.3077752546 4.08423089981 275.263244629 30.9529399872 9306369 0.0599486526255 0.0 0.0599486526255 0.374653888226 -4.06701075816 4.06701075816 0.374653888226 
257.836276596 161.261031549 1.36834919453 81.3801574707 30.7578697205 8388608 0.53407975803 0.0 0.53407975803 0.205085109541 1.35289305416 -1.35289305416 0.205085109541 
146.407941031 36.9428983187 1.4086676836 20.0114440918 30.6849498749 8388608 0.503944717273 0.0 0.503944717273 1.32361836914 0.482057108328 -0.482057108328 1.32361836914 
36.9522989513 147.058320855 1.4601804018 98.9292602539 30.4558887482 8388608 0.469015256164 0.0 0.469015256164 -0.22664176253 1.44248407869 -1.44248407869 -0.22664176253 
234.098606362 34.6915241615 2.17249083519 331.934112549 30.3438587189 13762816 0.211877136062 0.0 0.211877136062 1.91702142231 -1.02212782733 1.02212782733 1.91702142231 
256.742928014 61.0935206813 1.48604679108 358.247711182 29.8857059479 8388608 0.452829833537 0.0 0.452829833537 1.48535187117 -0.0454409955656 0.0454409955656 1.48535187117 
70.9877553211 117.929095147 4.74466228485 212.714172363 29.8527107239 20119809 0.0444211081661 0.0 0.0444211081661 -3.99205031413 -2.56424540298 2.56424540298 -3.99205031413 
153.968308324 56.4222690109 1.54385662079 39.1242980957 29.7993373871 8388608 0.419552265766 0.0 0.419552265766 1.19769135888 0.974181027533 -0.974181027533 1.19769135888 
227.45778191 21.9812809959 1.45486223698 180.608810425 29.5727157593 8388608 0.472450439592 0.0 0.472450439592 -1.45478010606 -0.0154587063236 0.0154587063236 -1.45478010606 
79.7849217254 119.718984216 4.97470998764 224.622894287 29.0174293518 23527681 0.0404077310403 0.0 0.0404077310403 -3.54072706124 -3.49442289068 3.49442289068 -3.54072706124 
221.523721065 165.348701157 1.70333635807 82.2567443848 28.2189731598 12910592 0.344666573586 0.0 0.344666573586 0.229497819623 1.68780493527 -1.68780493527 0.229497819623 
168.085682278 40.1230679471 1.22341072559 342.016082764 28.1386508942 8388608 0.668121477355 0.0 0.668121477355 1.16363881573 -0.377728090061 0.377728090061 1.16363881573 
112.344102463 62.5301743595 1.25458943844 14.6652526855 27.7623462677 8388608 0.635326171062 0.0 0.635326171062 1.21371675587 0.317626031003 -0.317626031003 1.21371675587 
206.736385703 35.557701754 4.65297174454 359.859680176 27.5172634125 18743553 0.0461890648423 0.0 0.0461890648423 4.65295779072 -0.0113953162025 0.0113953162025 4.65295779072 
131.64952733 119.463541734 1.36391246319 43.5674743652 27.4695968628 8388608 0.537560072934 0.0 0.537560072934 0.988240816426 0.940019838083 -0.940019838083 0.988240816426 
146.362794615 45.7041612126 1.36677730083 9.97998046875 27.4471721649 8388608 0.535308925876 0.0 0.535308925876 1.34609572797 0.236868067122 -0.236868067122 1.34609572797 
188.662350445 37.7226465347 3.48645710945 62.2779541016 27.2390632629 14548993 0.0822680770748 0.0 0.0822680770748 1.62183948741 3.08626308877 -3.08626308877 1.62183948741 
201.241586431 53.7652386574 3.01802682877 88.2253112793 26.192035675 20840960 0.109787730549 0.0 0.109787730549 0.0934659031759 3.01657919904 -3.01657919904 0.0934659031759 
177.627389029 58.4750220682 1.66227602959 271.641357422 25.3469848633 11141120 0.3619042768 0.0 0.3619042768 0.0476128601232 -1.66159399797 1.66159399797 0.0476128601232 
256.591279478 53.8459429102 1.29193925858 343.416534424 24.7002258301 8388608 0.599122747273 0.0 0.599122747273 1.2382010174 -0.36873471271 0.36873471271 1.2382010174 
177.311590463 50.656096643 1.33627700806 165.080535889 24.6952953339 8388608 0.560024475497 0.0 0.560024475497 -1.29122933588 0.344039306524 -0.344039306524 -1.29122933588 
42.6780377548 147.01782439 1.53049612045 97.3263244629 24.3380680084 8388608 0.42690921946 0.0 0.42690921946 -0.195169354486 1.51800108623 -1.51800108623 -0.195169354486 
177.153190392 46.0685167032 1.32668292522 169.616226196 23.8787498474 8388608 0.568153544769 0.0 0.568153544769 -1.30495524791 0.23912211323 -0.23912211323 -1.30495524791 
256.026262771 29.9730703965 2.27923130989 329.416015625 23.7332878113 17236224 0.192496658726 0.0 0.192496658726 1.96215441286 -1.15967470615 1.15967470615 1.96215441286 
125.541039269 72.9905141038 1.24982976913 268.303222656 23.3864517212 8388608 0.640174352022 0.0 0.640174352022 -0.0370074880003 -1.24928175271 1.24928175271 -0.0370074880003 
146.472880308 54.5928335804 1.41967439651 313.508789062 23.2681007385 8388608 0.496160858083 0.0 0.496160858083 0.977397323977 -1.02964550366 1.02964550366 0.977397323977 
105.274351928 134.176194766 1.2606306076 73.4355773926 23.0913391113 8388608 0.629251566197 0.0 0.629251566197 0.359397275733 1.20831416735 -1.20831416735 0.359397275733 
19.6040148823 89.652939638 2.279971838 323.766021729 23.0328559875 17236224 0.192371634343 0.0 0.192371634343 1.83904790592 -1.34765514201 1.34765514201 1.83904790592 
199.085744921 57.4718659978 1.89453339577 270.746582031 22.4623756409 20578304 0.278609210529 0.0 0.278609210529 0.0246856675587 -1.89437256248 1.89437256248 0.0246856675587 
177.700028433 30.4640807497 1.95944726467 139.614929199 22.2904567719 23003136 0.260455084943 0.0 0.260455084943 -1.4925250076 1.26956791261 -1.26956791261 -1.4925250076 
223.580650754 78.188406064 1.28540658951 104.388565063 21.8537826538 8388608 0.605227922352 0.0 0.605227922352 -0.319419134987 1.2450869514 -1.2450869514 -0.319419134987 
17.2057300734 79.1507161132 1.1726423502 34.0806274414 21.8431987762 8388608 0.727225083994 0.0 0.727225083994 0.971240847959 0.65710067473 -0.65710067473 0.971240847959 
246.270827375 39.3160431118 2.17116498947 306.0597229 21.6003990173 13697280 0.212135985268 0.0 0.212135985268 1.27800898479 -1.75517818079 1.75517818079 1.27800898479 
101.616489325 60.8111982471 2.21380662918 59.8594055176 21.1930503845 15139072 0.204042498493 0.0 0.204042498493 1.11160450431 1.9144908507 -1.9144908507 1.11160450431 
93.4719165741 61.6587862258 2.05582475662 246.290435791 20.8286476135 9765120 0.236607124069 0.0 0.236607124069 -0.826648408853 -1.88230386444 1.88230386444 -0.826648408853 
41.1560246174 146.693108294 3.04049611092 259.401580811 20.4943161011 21365248 0.108171062491 0.0 0.108171062491 -0.5592209091 -2.98862653661 2.98862653661 -0.5592209091 
30.8633753698 73.6693889882 1.27493560314 21.9560546875 20.3478126526 8388608 0.61521016368 0.0 0.61521016368 1.18246567317 0.476692483607 -0.476692483607 1.18246567317 
257.778823447 89.7425900721 1.5381834507 329.399627686 19.3494510651 8388608 0.422652781127 0.0 0.422652781127 1.32397405321 -0.783007684777 0.783007684777 1.32397405321 
97.8321152441 60.9772036861 3.30055046082 239.820236206 18.8373565674 10616833 0.0917967374508 0.0 0.0917967374508 -1.65923511397 -2.85316879644 2.85316879644 -1.65923511397 
160.618641361 46.6286304934 1.56152069569 147.940368652 18.6788291931 8388608 0.410113920603 0.0 0.410113920603 -1.32338272528 0.828857675043 -0.828857675043 -1.32338272528 
196.121434368 172.347258821 1.3197466135 83.7467346191 18.0190200806 8388608 0.574141431077 0.0 0.574141431077 0.143751456659 1.3118942955 -1.3118942955 0.143751456659 
239.085266153 106.689794879 2.60999965668 283.607818604 16.8386764526 10355200 0.146797648755 0.0 0.146797648755 0.61406700387 -2.53673410562 2.53673410562 0.61406700387 
116.218317793 44.0428061181 1.8837749958 28.4515380859 16.8092479706 20185088 0.2818006198 0.0 0.2818006198 1.65625338396 0.897459170624 -0.897459170624 1.65625338396 
201.89459598 52.3083710248 1.32891893387 89.6766357422 16.4250946045 8388608 0.566243228895 0.0 0.566243228895 0.00750007430079 1.32889776946 -1.32889776946 0.00750007430079 
183.731762804 31.4310538727 1.6807538271 324.41305542 15.9204959869 11927552 0.353990642872 0.0 0.353990642872 1.36684511998 -0.978093985911 0.978093985911 1.36684511998 
89.1434812163 37.9544093748 1.36606359482 152.937927246 15.4822711945 8388608 0.535868421064 0.0 0.535868421064 -1.21649897454 0.621498181832 -0.621498181832 -1.21649897454 
160.027650598 41.7067068187 1.52969741821 196.179931641 15.0716962814 8388608 0.427355140806 0.0 0.427355140806 -1.4691081623 -0.426257432493 0.426257432493 -1.4691081623 
152.746754466 47.8148679502 1.31251060963 57.3190917969 14.4629936218 8388608 0.580489481373 0.0 0.580489481373 0.708703080086 1.10472804104 -1.10472804104 0.708703080086 
185.02719664 51.8777310101 1.33714056015 8.76498413086 14.1028881073 8388608 0.559301359079 0.0 0.559301359079 1.32152502218 0.203755965206 -0.203755965206 1.32152502218 
193.838236035 32.0698354633 1.65761315823 0.643859863281 13.9122018814 10944512 0.363943216427 0.0 0.363943216427 1.65750849694 0.0186269936111 -0.0186269936111 1.65750849694 
237.865247306 112.868738615 4.46707296371 282.290649414 13.885175705 15794433 0.0501134044716 0.0 0.0501134044716 0.950909980878 -4.36468911509 4.36468911509 0.950909980878 
90.896842702 137.294054333 1.27623832226 51.0717468262 13.4882450104 8388608 0.613954854246 0.0 0.613954854246 0.801920191132 0.992828415314 -0.992828415314 0.801920191132 
226.129178264 112.882916895 4.48948431015 284.46105957 12.9942550659 16122113 0.0496143246078 0.0 0.0496143246078 1.12112280186 -4.3472466038 4.3472466038 1.12112280186 
206.427939343 165.908175123 1.331127882 82.8305053711 12.6169624329 8388608 0.564365476778 0.0 0.564365476778 0.166131408584 1.3207201798 -1.3207201798 0.166131408584 
188.545207653 117.70596003 3.96902489662 285.648681641 11.8100986481 23920641 0.0634793328428 0.0 0.0634793328428 1.07059715214 -3.82190794864 3.82190794864 1.07059715214 
200.721448788 42.256061243 1.31301558018 63.2605285645 11.7544326782 8388608 0.580043068199 0.0 0.580043068199 0.590770800199 1.17260384419 -1.17260384419 0.590770800199 
262.865211568 109.002356951 1.34803247452 299.027679443 11.7012624741 8388608 0.550299718653 0.0 0.550299718653 0.654108615244 -1.17869990745 1.17869990745 0.654108615244 
245.095913491 151.628235862 2.22934556007 243.897293091 10.9300251007 15663360 0.201207987314 0.0 0.201207987314 -0.980871018022 -2.00196745034 2.00196745034 -0.980871018022 
207.131139438 48.2791833936 1.38413619995 5.14202880859 10.6869373322 8388608 0.521966157568 0.0 0.521966157568 1.37856586814 0.124053082257 -0.124053082257 1.37856586814 
128.826341262 161.694350272 1.28236603737 328.264892578 10.5130958557 8388608 0.608101374447 0.0 0.608101374447 1.09063817307 -0.674515403264 0.674515403264 1.09063817307 
158.192385872 31.5569337208 2.61744618416 355.991912842 8.24528503418 10551808 0.145963570275 0.0 0.145963570275 2.61104441954 -0.182952360334 0.182952360334 2.61104441954 
212.455589797 47.1528032228 1.31470096111 316.569824219 8.01306915283 8388608 0.578556848983 0.0 0.578556848983 0.95475254003 -0.903817572555 0.903817572555 0.95475254003 
123.569402572 165.055296117 1.99265658855 255.254943848 7.82818603516 24248320 0.251846013657 0.0 0.251846013657 -0.507167974555 -1.92703423049 1.92703423049 -0.507167974555 
233.036312447 154.022224098 1.78056943417 252.711639404 6.37441062927 16121856 0.315414876032 0.0 0.315414876032 -0.529151248635 -1.70012542654 1.70012542654 -0.529151248635 
195.957352811 159.190139458 1.52004957199 269.282928467 5.36413764954 8388608 0.432797254539 0.0 0.432797254539 -0.0190233178127 -1.51993052956 1.51993052956 -0.0190233178127 
80.9355552836 127.251256324 1.30721020699 119.639053345 5.30481338501 8388608 0.585206497563 0.0 0.585206497563 -0.646460425527 1.1361722772 -1.1361722772 -0.646460425527 
207.217128728 158.598183725 1.43019258976 87.0103149414 4.16164588928 8388608 0.488889773631 0.0 0.488889773631 0.0745933713204 1.42824601269 -1.42824601269 0.0745933713204 
74.5151319946 136.996653664 1.29639840126 289.229248047 3.74055862427 8388608 0.59500830346 0.0 0.59500830346 0.426967107563 -1.22407022015 1.22407022015 0.426967107563 
259.703353768 13.5353576901 1.42561471462 359.447296143 3.64403152466 8388608 0.492034620167 0.0 0.492034620167 1.42554838485 -0.013751982055 0.013751982055 1.42554838485 
186.577278756 160.178222791 1.6048053503 94.1007080078 3.60113525391 8585216 0.388289165777 0.0 0.388289165777 -0.114759261126 1.60069688709 -1.60069688709 -0.114759261126 
199.54219007 111.966114562 1.71126902103 324.957946777 1.98019218445 13238272 0.341478545691 0.0 0.341478545691 1.4010687186 -0.982572189769 0.982572189769 1.4010687186 
226.812002317 119.512970317 1.32605481148 344.356536865 1.40400695801 8388608 0.56869190799 0.0 0.56869190799 1.27693547888 -0.357571175897 0.357571175897 1.27693547888 
