13
174
188.225131787 52.4607962151 2.64591932297 127.061029397 116.65978241 11338240 0.142839001005 0.0 0.142839001005 -1.5946039195 2.11142781159 -2.11142781159 -1.5946039195 
71.9652457862 102.606295419 2.54866695404 146.779595614 107.659103394 8585728 0.153947919517 0.0 0.153947919517 -2.1321364281 1.39631568586 -1.39631568586 -2.1321364281 
89.6025395393 85.6357830839 2.07043862343 134.806004552 87.6082839966 10289408 0.233278803218 0.0 0.233278803218 -1.45905583856 1.46896975917 -1.46896975917 -1.45905583856 
90.1242083531 96.5321898029 1.5291479826 138.784490452 87.5101165771 8388608 0.427662300507 0.0 0.427662300507 -1.15028104709 1.00754506866 -1.00754506866 -1.15028104709 
204.463731807 56.0241247729 2.29407024384 132.414078353 85.8748092651 17694976 0.190014427056 0.0 0.190014427056 -1.54731325167 1.69368827854 -1.69368827854 -1.54731325167 
77.1418254434 102.099460903 1.24737823009 147.430448817 83.901260376 8388608 0.64269316244 0.0 0.64269316244 -1.05121378096 0.671492394317 -0.671492394317 -1.05121378096 
38.5860869669 134.176738085 1.32627248764 126.112874035 83.5814056396 8388608 0.568505248741 0.0 0.568505248741 -0.781675684576 1.07143914228 -1.07143914228 -0.781675684576 
181.479792843 64.9061140633 1.66725158691 135.411253098 81.1888656616 11337728 0.359747447412 0.0 0.359747447412 -1.18735645519 1.17043261335 -1.17043261335 -1.18735645519 
158.632448247 64.1319427912 1.455337286 132.768210242 76.454750061 8388608 0.472142056801 0.0 0.472142056801 -0.988223644192 1.06837289607 -1.06837289607 -0.988223644192 
92.8787161639 151.028704722 2.32359862328 141.533180514 75.3608856201 18612480 0.185215692196 0.0 0.185215692196 -1.81930459737 1.44542081903 -1.44542081903 -1.81930459737 
164.5113753 135.361280817 3.36828613281 151.342117767 75.3126831055 12058625 0.0881418264057 0.0 0.0881418264057 -2.95566749755 1.61535789112 -1.61535789112 -2.95566749755 
139.101735806 131.028454494 2.68054842949 149.370539258 73.6344451904 12255744 0.139172261341 0.0 0.139172261341 -2.3065587704 1.36569635042 -1.36569635042 -2.3065587704 
88.9689457548 119.037035341 2.66202044487 145.771665293 73.3468856812 11731456 0.141116314883 0.0 0.141116314883 -2.20096516911 1.49736607858 -1.49736607858 -2.20096516911 
224.309419806 69.9217413628 1.49306046963 140.380128205 72.8008880615 8388608 0.448585473326 0.0 0.448585473326 -1.15009271413 0.952111503382 -0.952111503382 -1.15009271413 
122.544898094 62.0475454944 1.29808211327 141.225425284 72.546546936 8388608 0.593465761746 0.0 0.593465761746 -1.01200551565 0.812934197267 -0.812934197267 -1.01200551565 
106.052290475 110.242921329 2.71951150894 145.169099115 71.5931472778 13304320 0.1352129219 0.0 0.1352129219 -2.23228733853 1.55326626356 -1.55326626356 -2.23228733853 
179.320226456 140.595293847 1.9428383112 145.233570654 71.0241775513 22413312 0.264927281061 0.0 0.264927281061 -1.59600953765 1.10786924282 -1.10786924282 -1.59600953765 
112.897431017 60.5517617536 1.69792985916 145.490984464 70.5870819092 12648448 0.346865022714 0.0 0.346865022714 -1.39915711896 0.961938232473 -0.961938232473 -1.39915711896 
129.464519019 64.0858952035 2.00810718536 146.592702087 69.6513290405 24772608 0.247985461098 0.0 0.247985461098 -1.67632317852 1.1056378562 -1.1056378562 -1.67632317852 
47.2264289117 70.6421773271 1.26989006996 131.921904247 68.5558166504 8388608 0.620108587421 0.0 0.620108587421 -0.848435217372 0.944869552747 -0.944869552747 -0.848435217372 
135.362981385 99.2979893825 2.86845946312 145.073926791 68.2789382935 17170944 0.121535336092 0.0 0.121535336092 -2.35182532639 1.64224764445 -1.64224764445 -2.35182532639 
108.241082352 137.696096162 1.97881925106 138.282718376 68.1922531128 23724032 0.255380507959 0.0 0.255380507959 -1.47706489613 1.31681620623 -1.31681620623 -1.47706489613 
144.253049369 99.7247445025 2.04968237877 139.319451485 66.4253692627 9568512 0.23802735191 0.0 0.23802735191 -1.55438826388 1.33606698146 -1.33606698146 -1.55438826388 
91.2601508582 70.4994795683 3.52111387253 136.014087121 66.3548965454 15269889 0.0806565904378 0.0 0.0806565904378 -2.53347865622 2.4453484009 -2.4453484009 -2.53347865622 
37.1830477741 124.73317636 1.77612864971 130.564248887 65.3964309692 15925248 0.31699408655 0.0 0.31699408655 -1.15501703739 1.34928448582 -1.34928448582 -1.15501703739 
141.257469054 125.963273386 4.98423480988 148.764510305 64.7437286377 23724289 0.0402534410751 0.0 0.0402534410751 -4.26173620065 2.58460851892 -2.58460851892 -4.26173620065 
98.2758536976 97.8727422528 1.60832107067 144.434221432 62.1478271484 8716288 0.386593454503 0.0 0.386593454503 -1.30828604796 0.935459396804 -0.935459396804 -1.30828604796 
42.7194469057 72.8542179533 1.7443240881 135.218560407 60.8740730286 14614528 0.328659086367 0.0 0.328659086367 -1.23811942129 1.22870941355 -1.22870941355 -1.23811942129 
191.033564066 162.995892854 2.57810258865 134.911628936 60.1849479675 9437696 0.150452569809 0.0 0.150452569809 -1.82017993204 1.82580337731 -1.82580337731 -1.82017993204 
166.579462249 164.824827752 1.89197134972 142.534839702 60.1803016663 20447232 0.279364288492 0.0 0.279364288492 -1.50170185983 1.15084625921 -1.15084625921 -1.50170185983 
156.195680418 162.865836032 1.73899030685 142.382903796 59.5744857788 14352384 0.330678285706 0.0 0.330678285706 -1.37746735126 1.0614475887 -1.0614475887 -1.37746735126 
124.509597128 120.919020345 1.52775192261 147.939469478 58.4097213745 8388608 0.428444253397 0.0 0.428444253397 -1.29475109467 0.810953475788 -0.810953475788 -1.29475109467 
71.6316034988 72.9843590955 1.31894600391 136.584217702 58.2878684998 8388608 0.574838658474 0.0 0.574838658474 -0.958063098271 0.906495262521 -0.906495262521 -0.958063098271 
101.919249774 157.28907277 1.57916033268 123.649785201 58.1978263855 8388608 0.40100293138 0.0 0.40100293138 -0.875036551816 1.31455634694 -1.31455634694 -0.875036551816 
86.9318771743 122.103744824 4.75063228607 144.207366948 58.0374755859 20250881 0.0443095325178 0.0 0.0443095325178 -3.85342323911 2.77842337626 -2.77842337626 -3.85342323911 
101.630262207 163.973011248 1.31273400784 140.519888657 57.9277687073 8388608 0.580291925318 0.0 0.580291925318 -1.01322761872 0.834649847532 -0.834649847532 -1.01322761872 
217.938681927 119.916678398 2.03781938553 143.825965465 57.6678123474 9109760 0.240806730595 0.0 0.240806730595 -1.64498462573 1.20280232339 -1.20280232339 -1.64498462573 
100.986447854 162.212856158 2.59403014183 133.732213853 57.5935134888 9896448 0.148610660262 0.0 0.148610660262 -1.79322393545 1.87439064606 -1.87439064606 -1.79322393545 
181.265928402 162.250124629 3.06227254868 135.421868967 57.4612617493 21889536 0.106638080127 0.0 0.106638080127 -2.18123834973 2.14935162875 -2.14935162875 -2.18123834973 
114.533690987 148.304115485 1.45330822468 133.087075578 56.0447006226 8388608 0.473461355674 0.0 0.473461355674 -0.992768001989 1.06137481134 -1.06137481134 -0.992768001989 
202.343646502 64.7141331819 1.55950164795 146.228738602 56.0428543091 8388608 0.411176536478 0.0 0.411176536478 -1.2963566317 0.866893807457 -0.866893807457 -1.2963566317 
32.7307457923 73.5079620989 1.80184054375 133.523896479 56.0379333496 16973824 0.308011754256 0.0 0.308011754256 -1.24085019221 1.30649154057 -1.30649154057 -1.24085019221 
158.443435052 118.925291031 1.46987056732 156.686553535 55.543674469 8388608 0.462851646139 0.0 0.462851646139 -1.34986082035 0.581717500471 -0.581717500471 -1.34986082035 
148.553019673 156.71080376 4.80211210251 145.076787397 55.0723381042 20971777 0.0433646066755 0.0 0.0433646066755 -3.93734781023 2.74910401155 -2.74910401155 -3.93734781023 
28.8279951232 65.6214115927 1.57399404049 142.753436555 54.6040496826 8388608 0.403639660882 0.0 0.403639660882 -1.25295954988 0.952653980134 -0.952653980134 -1.25295954988 
165.079548118 99.7183115984 1.30737698078 146.82265577 54.5717468262 8388608 0.585057204917 0.0 0.585057204917 -1.09424938457 0.71543892419 -0.71543892419 -1.09424938457 
171.432960524 75.8795049385 3.0298538208 141.964176982 52.2286300659 21103104 0.108932293664 0.0 0.108932293664 -2.38639064508 1.86685668023 -1.86685668023 -2.38639064508 
134.410836877 164.042530811 2.4198217392 142.146235083 51.490814209 21561600 0.170778522515 0.0 0.170778522515 -1.91064170674 1.48491936412 -1.48491936412 -1.91064170674 
48.0072911991 110.487978093 2.26851701736 136.794411791 51.1183166504 16908544 0.194319290911 0.0 0.194319290911 -1.65352626945 1.55306803917 -1.55306803917 -1.65352626945 
61.2038190944 73.5446065583 1.44693267345 138.543330104 50.7885169983 8388608 0.477642928857 0.0 0.477642928857 -1.08441326352 0.957946781092 -0.957946781092 -1.08441326352 
136.825343073 136.731026195 1.26424753666 149.927770948 50.5805282593 8388608 0.625656221895 0.0 0.625656221895 -1.09407273644 0.633503497479 -0.633503497479 -1.09407273644 
144.357151823 166.287105796 1.30029952526 146.313484623 49.368598938 8388608 0.591443403027 0.0 0.591443403027 -1.08195931739 0.721209325303 -0.721209325303 -1.08195931739 
141.724309186 166.326829818 1.75968873501 147.641905093 49.3616714478 15204352 0.322944797286 0.0 0.322944797286 -1.48644355316 0.941801469199 -0.941801469199 -1.48644355316 
108.316800024 131.112434876 1.55321276188 131.121029419 49.3572235107 8388608 0.414512946575 0.0 0.414512946575 -1.02147314353 1.17006944269 -1.17006944269 -1.02147314353 
132.699086992 166.514399147 1.50987052917 142.848868982 48.8290176392 8388608 0.438652474275 0.0 0.438652474275 -1.20343521752 0.911840277742 -0.911840277742 -1.20343521752 
222.433134008 134.809292943 2.02227330208 129.009901866 48.2563095093 8585472 0.244523330979 0.0 0.244523330979 -1.2729294107 1.57138156527 -1.57138156527 -1.2729294107 
111.408165156 164.000954671 2.20346212387 135.00749954 47.2683029175 14811392 0.205962815833 0.0 0.205962815833 -1.55828693662 1.55787905644 -1.55787905644 -1.55828693662 
149.659432213 125.013484039 2.30903935432 160.730012792 47.0003738403 18153728 0.187558750206 0.0 0.187558750206 -2.1796730065 0.762029083798 -0.762029083798 -2.1796730065 
125.123507354 132.095628429 2.61768603325 152.262509272 46.1181526184 10551808 0.145936823274 0.0 0.145936823274 -2.31688582825 1.21832681475 -1.21832681475 -2.31688582825 
191.0505456 75.1570045194 2.78663945198 142.369561058 46.0527267456 15073792 0.128777039663 0.0 0.128777039663 -2.20692198922 1.70142727404 -1.70142727404 -2.20692198922 
100.329859622 171.694399565 2.05583691597 149.843180369 46.0106124878 9765120 0.236604325229 0.0 0.236604325229 -1.77758689778 1.03278760928 -1.03278760928 -1.77758689778 
196.320250672 75.1203258783 2.77155518532 140.965366753 45.6843719482 14680576 0.130182599467 0.0 0.130182599467 -2.15284822164 1.74549783152 -1.74549783152 -2.15284822164 
97.1216206375 131.247119965 1.53451418877 133.569608669 44.7634658813 8388608 0.42467645468 0.0 0.42467645468 -1.05764138582 1.1118131563 -1.1118131563 -1.05764138582 
80.3056760144 116.122587733 1.72766876221 157.777680639 44.6705207825 13893632 0.335026405814 0.0 0.335026405814 -1.59934327636 0.653406792339 -0.653406792339 -1.59934327636 
130.558168534 117.94172774 2.98286294937 156.54113074 44.4515457153 19988992 0.11239148269 0.0 0.11239148269 -2.73631765407 1.18744981822 -1.18744981822 -2.73631765407 
92.1953965559 172.983574476 1.3729429245 136.348277555 44.2937545776 8388608 0.530511781966 0.0 0.530511781966 -0.993391518921 0.947705420512 -0.947705420512 -0.993391518921 
81.6184749553 147.806390671 2.00679183006 157.430580094 44.1580505371 24772608 0.248310652667 0.0 0.248310652667 -1.85310206504 0.770211779803 -0.770211779803 -1.85310206504 
127.600702854 74.5791043081 2.48980093002 140.89869997 43.7728729248 23658752 0.16131351345 0.0 0.16131351345 -1.93216543672 1.57030105276 -1.57030105276 -1.93216543672 
85.7050743585 149.881044418 1.92758440971 151.829795425 43.7079734802 21823488 0.26913686535 0.0 0.26913686535 -1.69926024882 0.909997946889 -0.909997946889 -1.69926024882 
208.168875872 120.949502583 1.49694144726 157.496643251 43.6912841797 8388608 0.446262478806 0.0 0.446262478806 -1.38296000066 0.572935714616 -0.572935714616 -1.38296000066 
56.585374697 66.2615420096 1.34004771709 138.043088058 42.6784934998 8388608 0.556877246748 0.0 0.556877246748 -0.996523564271 0.895917780793 -0.895917780793 -0.996523564271 
133.006275662 135.584716826 1.38685762882 149.246485522 42.2907791138 8388608 0.519919660473 0.0 0.519919660473 -1.19183084075 0.709163824281 -0.709163824281 -1.19183084075 
106.464821243 152.644359431 2.58479213715 132.042471064 42.0265159607 9634304 0.149674822641 0.0 0.149674822641 -1.73098692228 1.91959231796 -1.91959231796 -1.73098692228 
98.8557554407 140.917410215 1.95781028271 148.180568209 42.0211715698 22937600 0.260890815132 0.0 0.260890815132 -1.66357866505 1.03224373491 -1.03224373491 -1.66357866505 
117.874418401 75.8177715312 1.92820477486 140.972378582 41.9212760925 21823488 0.268963713334 0.0 0.268963713334 -1.49791138974 1.21418084414 -1.21418084414 -1.49791138974 
106.181663002 73.5939933769 2.79637646675 143.068781562 41.8083229065 15335936 0.127881794764 0.0 0.127881794764 -2.23530419983 1.68021917559 -1.68021917559 -2.23530419983 
59.8194271038 108.997391715 1.2877393961 159.506049533 41.560546875 8388608 0.603037105108 0.0 0.603037105108 -1.20623728856 0.450848484475 -0.450848484475 -1.20623728856 
176.084804592 149.623857899 1.28687667847 126.076682683 41.2465858459 8388608 0.603845924068 0.0 0.603845924068 -0.757799834206 1.04009182136 -1.04009182136 -0.757799834206 
71.6235410697 65.721198856 1.67351734638 138.789000682 40.9391937256 11599872 0.357058653959 0.0 0.357058653959 -1.25896775981 1.10256994717 -1.10256994717 -1.25896775981 
108.709954873 129.021574912 4.32674598694 132.472311439 39.6502952576 13435137 0.053416718011 0.0 0.053416718011 -2.92156528424 3.1914239965 -3.1914239965 -2.92156528424 
29.4529801859 156.94568876 1.37656652927 137.490927489 38.2097511292 8388608 0.527722472744 0.0 0.527722472744 -1.0147640317 0.930155561976 -0.930155561976 -1.0147640317 
180.221447803 43.7979474474 1.9960296154 129.750190428 37.9057846069 24379392 0.250995559734 0.0 0.250995559734 -1.27634428569 1.53462682433 -1.53462682433 -1.27634428569 
66.5504681354 140.688401288 2.13403820992 157.070678432 36.853729248 12452096 0.21958143433 0.0 0.21958143433 -1.96541962998 0.831411305845 -0.831411305845 -1.96541962998 
99.711267832 52.8477655159 1.54179787636 128.493232793 36.1016540527 8388608 0.420673460161 0.0 0.420673460161 -0.959649223702 1.20673694689 -1.20673694689 -0.959649223702 
222.203568984 169.310442757 1.37316167355 132.476135034 35.7664833069 8388608 0.530342770981 0.0 0.530342770981 -0.927272812143 1.01278729927 -1.01278729927 -0.927272812143 
46.578848246 145.440477041 2.7080321312 138.995013849 35.4888954163 12976640 0.136361689672 0.0 0.136361689672 -2.04362317454 1.77680678298 -1.77680678298 -2.04362317454 
56.4622442203 156.400924776 1.15169346333 136.690198978 35.1487045288 8388608 0.753921617458 0.0 0.753921617458 -0.838036003263 0.78999588018 -0.78999588018 -0.838036003263 
88.9210694778 54.9750640954 2.54068255424 134.828084671 35.0916900635 8389120 0.154917039536 0.0 0.154917039536 -1.79113530477 1.80191624707 -1.80191624707 -1.79113530477 
73.4076289667 112.493315625 1.23744976521 152.656007888 34.8965072632 8388608 0.653047610646 0.0 0.653047610646 -1.09918308841 0.568399911655 -0.568399911655 -1.09918308841 
78.0188146209 171.290893701 2.61944437027 138.219083585 34.8642311096 10617344 0.145740964949 0.0 0.145740964949 -1.95331432645 1.7452942305 -1.7452942305 -1.95331432645 
80.3744172595 156.465043944 1.69148647785 165.666991125 34.7317047119 12386304 0.349512682623 0.0 0.349512682623 -1.63883603686 0.418739715154 -0.418739715154 -1.63883603686 
48.1131555806 132.196352766 1.99459648132 138.183603209 34.3222427368 24313856 0.251356374085 0.0 0.251356374085 -1.48654328186 1.32988879026 -1.32988879026 -1.48654328186 
204.167363073 109.726289091 1.38417708874 159.84473114 34.2703857422 8388608 0.521935320116 0.0 0.521935320116 -1.29941328541 0.476939541963 -0.476939541963 -1.29941328541 
124.235418775 85.3395352082 1.2389485836 134.95121706 34.2444763184 8388608 0.651468517317 0.0 0.651468517317 -0.87532272238 0.876814532554 -0.876814532554 -0.87532272238 
112.153064855 176.006577867 2.01814770699 141.550596578 33.6757049561 8454400 0.245524085655 0.0 0.245524085655 -1.58052767412 1.25493124854 -1.25493124854 -1.58052767412 
86.0198515527 160.591059177 2.00803017616 160.806336216 33.0143928528 24772608 0.248004482255 0.0 0.248004482255 -1.89640926684 0.660164434832 -0.660164434832 -1.89640926684 
124.442636155 86.1735293612 2.06826400757 145.7918794 32.9281806946 10223872 0.23376960949 0.0 0.23376960949 -1.71045619821 1.16277925635 -1.16277925635 -1.71045619821 
183.899201464 100.304570097 1.99203205109 148.114518174 32.2523345947 24182784 0.252003954818 0.0 0.252003954818 -1.69144549292 1.05223753832 -1.05223753832 -1.69144549292 
91.0874821762 57.9611891406 1.62478399277 135.935259652 32.1144447327 9437184 0.378798923768 0.0 0.378798923768 -1.16749572673 1.12998971288 -1.12998971288 -1.16749572673 
69.9235006158 92.6895083153 1.67677807808 140.373506979 31.688621521 11730944 0.3556713023 0.0 0.3556713023 -1.29148536477 1.06941585724 -1.06941585724 -1.29148536477 
98.8984232208 115.338905129 1.24686980247 132.49481905 31.0782680511 8388608 0.643217402542 0.0 0.643217402542 -0.84228989892 0.919365014834 -0.919365014834 -0.84228989892 
124.162220417 54.0522050837 1.81290638447 138.770785818 31.0675773621 17367040 0.304263070144 0.0 0.304263070144 -1.36344874115 1.19483768316 -1.19483768316 -1.36344874115 
71.5858796161 173.037950137 1.49504494667 134.415500513 31.052520752 8388608 0.447395386354 0.0 0.447395386354 -1.04631708036 1.06788574291 -1.06788574291 -1.04631708036 
184.405138773 92.2024281159 1.44352436066 140.376627463 30.505979538 8388608 0.479901121985 0.0 0.479901121985 -1.11187919421 0.9205907002 -0.9205907002 -1.11187919421 
145.996677023 146.624480784 3.01127648354 153.842833767 30.2851200104 20644352 0.110280502137 0.0 0.110280502137 -2.70288619155 1.32747591158 -1.32747591158 -2.70288619155 
156.430610894 57.2741254113 1.29066228867 132.407225212 29.9053821564 8388608 0.600308867298 0.0 0.600308867298 -0.87041684492 0.952986704768 -0.952986704768 -0.87041684492 
123.132569474 127.507062434 1.33116734028 161.323573319 29.7708110809 8388608 0.56433201959 0.0 0.56433201959 -1.26107087427 0.426270733088 -0.426270733088 -1.26107087427 
117.738710333 86.7466832635 2.26167178154 141.93740912 29.613073349 16646400 0.19549733481 0.0 0.19549733481 -1.7806995141 1.39437028364 -1.39437028364 -1.7806995141 
191.805040583 104.643458732 1.33100700378 149.822176893 29.2654914856 8388608 0.564467989524 0.0 0.564467989524 -1.15061487388 0.669077765374 -0.669077765374 -1.15061487388 
122.349806359 37.805342193 1.89720273018 140.640284576 29.0341701508 20709376 0.277825764508 0.0 0.277825764508 -1.46687856286 1.20318139996 -1.20318139996 -1.46687856286 
192.674589217 99.0976352713 1.49475109577 147.018812666 28.5515289307 8388608 0.447571309234 0.0 0.447571309234 -1.25387098678 0.813688138548 -0.813688138548 -1.25387098678 
211.48532452 102.029888521 2.1121032238 147.435027019 27.6176204681 11731200 0.224165989026 0.0 0.224165989026 -1.78004175538 1.13685151937 -1.13685151937 -1.78004175538 
76.6787738143 84.322119488 2.61710238457 136.463778619 26.617389679 10551808 0.146001922242 0.0 0.146001922242 -1.89723974384 1.80269416311 -1.80269416311 -1.89723974384 
208.73863308 134.836635093 1.32578933239 132.046576165 25.0781383514 8388608 0.56891968313 0.0 0.56891968313 -0.887926846556 0.984532005088 -0.984532005088 -0.887926846556 
187.576391679 138.502451082 1.7431885004 141.39327824 24.5626831055 14548992 0.329087431069 0.0 0.329087431069 -1.36220990424 1.08769955628 -1.08769955628 -1.36220990424 
134.960437367 87.61789373 2.27355766296 148.520460536 24.503156662 17039616 0.193458605573 0.0 0.193458605573 -1.93895067025 1.18723828491 -1.18723828491 -1.93895067025 
115.344552381 120.108221459 1.34825539589 149.883603024 24.43791008 8388608 0.550117759913 0.0 0.550117759913 -1.16625151769 0.676498344442 -0.676498344442 -1.16625151769 
54.0257832998 99.4990674964 1.72253596783 136.688294965 24.0618877411 13697024 0.337025996812 0.0 0.337025996812 -1.25337338632 1.18160285837 -1.18160285837 -1.25337338632 
169.611107186 149.09135748 1.29851329327 138.52062607 23.396736145 8388608 0.593071698653 0.0 0.593071698653 -0.972838641862 0.860070781791 -0.860070781791 -0.972838641862 
200.67463009 45.3813820843 1.82032978535 128.007761594 23.071559906 17694720 0.301786528498 0.0 0.301786528498 -1.12090122783 1.43428761582 -1.43428761582 -1.12090122783 
60.9976428062 102.815950724 1.3080688715 144.748471665 22.9823036194 8388608 0.584438447601 0.0 0.584438447601 -1.06820325932 0.75497415145 -0.75497415145 -1.06820325932 
123.816012504 147.780873816 1.87555289268 135.630090176 22.0962772369 19857408 0.284276766878 0.0 0.284276766878 -1.34072027694 1.3115516735 -1.3115516735 -1.34072027694 
189.127839941 119.41672138 1.99614918232 143.326641847 21.7243309021 24379392 0.250965491975 0.0 0.250965491975 -1.6010183305 1.19220462316 -1.19220462316 -1.6010183305 
138.716255663 57.9658032811 1.2546813488 126.411162915 21.6989631653 8388608 0.63523309417 0.0 0.63523309417 -0.744748350469 1.00974015544 -1.00974015544 -0.744748350469 
142.715020889 55.5551072548 1.28746676445 133.666061557 21.6729354858 8388608 0.603292528254 0.0 0.603292528254 -0.888936640846 0.931322886073 -0.931322886073 -0.888936640846 
45.3873942873 56.2336036131 2.36531877518 131.090486695 21.4458141327 19923200 0.178739542425 0.0 0.178739542425 -1.55460603983 1.78267578912 -1.78267578912 -1.55460603983 
67.3822320847 155.777110098 1.35594832897 136.83525241 20.6265125275 8388608 0.543893313294 0.0 0.543893313294 -0.989014705747 0.927602168312 -0.927602168312 -0.989014705747 
194.469007371 92.5485469957 1.5604647398 138.274567062 20.5707855225 8388608 0.410669151007 0.0 0.410669151007 -1.1646416554 1.03858558562 -1.03858558562 -1.1646416554 
146.971046524 91.7803770979 1.29335176945 143.01023222 19.8169612885 8388608 0.597814819614 0.0 0.597814819614 -1.03305563747 0.77817404828 -0.77817404828 -1.03305563747 
59.8710185815 81.1919342914 1.37498104572 135.262679673 19.5951633453 8388608 0.52894020254 0.0 0.52894020254 -0.976705628427 0.967790778783 -0.967790778783 -0.976705628427 
61.2205113058 131.092158216 2.02155303955 143.644791357 19.333568573 8585472 0.244697605276 0.0 0.244697605276 -1.62807282224 1.19835536349 -1.19835536349 -1.62807282224 
33.2922917079 173.20074723 1.27337598801 129.560179602 19.3144702911 8388608 0.616718090134 0.0 0.616718090134 -0.810998308272 0.98171694027 -0.98171694027 -0.810998308272 
176.926826765 54.8509241966 2.26532673836 130.785790488 19.2788772583 16777472 0.194866999347 0.0 0.194866999347 -1.47978583474 1.71520818411 -1.71520818411 -1.47978583474 
62.1091209664 83.2559620519 2.21572446823 129.531597557 19.0955524445 15204608 0.203689429939 0.0 0.203689429939 -1.41031673389 1.70892996616 -1.70892996616 -1.41031673389 
225.930722678 93.5026562606 1.52344238758 138.162872576 18.5707569122 8388608 0.430871660021 0.0 0.430871660021 -1.13503150809 1.01615952681 -1.01615952681 -1.13503150809 
121.594674849 157.823566276 2.66331124306 133.301187525 18.4127349854 11796992 0.140979561402 0.0 0.140979561402 -1.82658790298 1.93824751002 -1.93824751002 -1.82658790298 
53.6895245689 82.2103014191 1.52087807655 137.955643006 18.1924324036 8388608 0.43232584682 0.0 0.43232584682 -1.12944448192 1.01854076305 -1.01854076305 -1.12944448192 
152.457442009 34.3068766687 1.36828279495 148.713489689 17.833650589 8388608 0.534131594579 0.0 0.534131594579 -1.16930864581 0.710573780692 -0.710573780692 -1.16930864581 
38.7532185355 80.6378992134 1.65787315369 136.663626402 17.1452217102 10944512 0.363829074806 0.0 0.363829074806 -1.20583286192 1.13776557464 -1.13776557464 -1.20583286192 
193.849303384 88.2276334875 2.92804574966 140.956782554 17.0065460205 18612736 0.116639133251 0.0 0.116639133251 -2.2741283739 1.84439476554 -1.84439476554 -2.2741283739 
168.679836897 83.8110736583 1.91737830639 144.056025384 16.6070289612 21430272 0.272009693613 0.0 0.272009693613 -1.5522929108 1.1254893553 -1.1254893553 -1.5522929108 
50.3599699037 174.5465849 1.25015366077 136.089266688 16.5755004883 8388608 0.639842680376 0.0 0.639842680376 -0.900637204152 0.867027567062 -0.867027567062 -0.900637204152 
37.0789581449 60.067660549 1.29419124126 135.367482244 16.0648212433 8388608 0.597039530899 0.0 0.597039530899 -0.920981987024 0.909243173494 -0.909243173494 -0.920981987024 
99.2506545025 39.6396935173 1.49465453625 127.762295759 15.7135505676 8388608 0.447629140215 0.0 0.447629140215 -0.915306931391 1.18161135915 -1.18161135915 -0.915306931391 
99.0537717048 45.456503326 1.38222980499 126.02858966 14.7560768127 8388608 0.523406959755 0.0 0.523406959755 -0.813012180715 1.11784186172 -1.11784186172 -0.813012180715 
47.5985787109 181.91932938 1.28500831127 134.246323461 14.6465520859 8388608 0.605603151778 0.0 0.605603151778 -0.896607475158 0.920511485821 -0.920511485821 -0.896607475158 
30.269207638 134.395543412 1.3641242981 128.827594932 14.1773500443 8388608 0.537393130454 0.0 0.537393130454 -0.855277404681 1.06270205688 -1.06270205688 -0.855277404681 
59.3388933725 149.218494397 1.3912229538 140.29530977 13.9950942993 8388608 0.516662012211 0.0 0.516662012211 -1.07033357167 0.888756070317 -0.888756070317 -1.07033357167 
179.377720505 35.5739756847 1.32480609417 129.539407084 13.3647766113 8388608 0.569764472657 0.0 0.569764472657 -0.843383191799 1.02167312725 -1.02167312725 -0.843383191799 
67.8224185339 163.578107001 1.68542790413 138.7849567 12.9767608643 12124160 0.352029971323 0.0 0.352029971323 -1.26784955747 1.1105065149 -1.1105065149 -1.26784955747 
30.3196678816 164.133016754 1.44548547268 136.791023906 12.8575487137 8388608 0.478599827093 0.0 0.478599827093 -1.05355853015 0.989667962134 -0.989667962134 -1.05355853015 
23.0689498823 175.307887733 1.29024136066 131.193664185 12.7286138535 8388608 0.600700620404 0.0 0.600700620404 -0.849761028562 0.970890809054 -0.970890809054 -0.849761028562 
185.780670246 151.877223062 2.49224305153 133.210551887 12.5750274658 23724288 0.160997529671 0.0 0.160997529671 -1.70639232447 1.81645276924 -1.81645276924 -1.70639232447 
28.424119268 81.6184350619 1.37753069401 136.466474507 12.4633731842 8388608 0.5269840016 0.0 0.5269840016 -0.998670451906 0.948814071051 -0.948814071051 -0.998670451906 
45.6328676767 165.593084763 1.69235265255 138.437867588 10.4285831451 12386304 0.34915500118 0.0 0.34915500118 -1.26628040685 1.1227606298 -1.1227606298 -1.26628040685 
38.1832974442 179.977991161 1.2571554184 138.311524279 10.1569595337 8388608 0.632735289358 0.0 0.632735289358 -0.938808427596 0.836109132995 -0.836109132995 -0.938808427596 
207.088083878 146.835453705 2.64147353172 133.584483568 10.0440883636 11207168 0.143320222396 0.0 0.143320222396 -1.82109367227 1.9133740501 -1.9133740501 -1.82109367227 
94.9654071828 33.0887434561 1.45264220238 126.591126267 9.33659362793 8388608 0.473895610042 0.0 0.473895610042 -0.865920787852 1.16634066948 -1.16634066948 -0.865920787852 
158.761403751 50.663466484 1.29976797104 127.129612161 8.96081352234 8388608 0.591927256346 0.0 0.591927256346 -0.78456610155 1.03626869625 -1.03626869625 -0.78456610155 
213.411816167 145.590272917 1.760663867 123.439666395 8.88138198853 15269888 0.322587174685 0.0 0.322587174685 -0.970228932117 1.46921512102 -1.46921512102 -0.970228932117 
43.3614943012 174.965486939 1.52476847172 134.221661303 8.88136768341 8388608 0.430122531712 0.0 0.430122531712 -1.06342855956 1.09272072876 -1.09272072876 -1.06342855956 
233.698229234 183.513140714 1.38733196259 150.298127737 7.7334227562 8388608 0.519564196465 0.0 0.519564196465 -1.2050578019 0.687405025077 -0.687405025077 -1.2050578019 
31.077250847 148.309439369 1.51946616173 134.67068013 7.67139816284 8388608 0.433129669753 0.0 0.433129669753 -1.06823162452 1.0805825341 -1.0805825341 -1.06823162452 
62.1874807339 179.626730444 1.76987242699 137.774472723 7.35800981522 15663104 0.319239096646 0.0 0.319239096646 -1.31059981996 1.18944378586 -1.18944378586 -1.31059981996 
26.3793482993 127.542896588 1.26032233238 133.411366568 7.32578706741 8388608 0.62955943409 0.0 0.62955943409 -0.866133381019 0.915546474946 -0.915546474946 -0.866133381019 
55.2652713964 29.0796971361 1.37727630138 125.928803466 6.65434646606 8388608 0.527178694886 0.0 0.527178694886 -0.808157503571 1.1152450223 -1.1152450223 -0.808157503571 
83.4563927451 45.2266650352 1.34196043015 124.970408686 6.57188796997 8388608 0.555290929789 0.0 0.555290929789 -0.769149043382 1.09966701557 -1.09966701557 -0.769149043382 
31.3304848152 28.9697912427 1.32831251621 124.644873744 6.4386100769 8388608 0.566760363634 0.0 0.566760363634 -0.755130053517 1.09279126232 -1.09279126232 -0.755130053517 
144.850435579 29.4130018279 1.59418714046 154.263674313 6.3064956665 8388608 0.393478853118 0.0 0.393478853118 -1.43604680373 0.692244332819 -0.692244332819 -1.43604680373 
140.016980359 49.5283738016 1.3171453476 126.547937458 5.78740882874 8388608 0.576411445248 0.0 0.576411445248 -0.784353651288 1.05814045212 -1.05814045212 -0.784353651288 
85.2235219894 27.4492106976 1.32541704178 125.533662879 4.63507843018 8388608 0.569239330752 0.0 0.569239330752 -0.77030742865 1.07859019094 -1.07859019094 -0.77030742865 
36.1525500959 35.4754377186 1.65684640408 124.780355358 4.19756698608 10878976 0.364280145115 0.0 0.364280145115 -0.945118194549 1.36084224105 -1.36084224105 -0.945118194549 
228.312496332 43.8929373642 1.43848514557 124.899565896 4.1321144104 8388608 0.483269333117 0.0 0.483269333117 -0.823014401397 1.17978252619 -1.17978252619 -0.823014401397 
219.838897971 27.3181712411 1.4990555048 124.943560245 3.92425537109 8388608 0.445004674383 0.0 0.445004674383 -0.858612889167 1.22880076214 -1.22880076214 -0.858612889167 
