13
121
129.021118263 109.484641198 4.68208646774 1.02514648438 149.108459473 19202305 0.0456164138655 0.0 0.0456164138655 4.6813370492 0.0837682711026 -0.0837682711026 4.6813370492 
131.379843385 115.409382021 2.25949478149 106.595275879 129.184997559 16580864 0.195874235647 0.0 0.195874235647 -0.645332838879 2.16537807199 -2.16537807199 -0.645332838879 
270.486046132 109.317422299 1.97113871574 67.7999572754 128.987823486 23461888 0.257374563886 0.0 0.257374563886 0.744777964175 1.82501880012 -1.82501880012 0.744777964175 
102.584149664 40.2907644771 2.92235398293 89.1817321777 126.694061279 18481664 0.117093923638 0.0 0.117093923638 0.0417340851864 2.92205596587 -2.92205596587 0.0417340851864 
107.013765278 40.01438396 4.47321557999 90.8263244629 126.018028259 15859969 0.0499758675905 0.0 0.0499758675905 -0.0645108480432 4.47275038153 -4.47275038153 -0.0645108480432 
125.144323552 73.1774680868 4.10665035248 100.275146484 121.736549377 9699585 0.0592958834978 0.0 0.0592958834978 -0.732525452293 4.0407899697 -4.0407899697 -0.732525452293 
97.6097982691 99.7709794552 8.06032848358 340.146728516 120.549499512 25034754 0.0153919809772 0.0 0.0153919809772 7.58126621653 -2.73738886849 2.73738886849 7.58126621653 
226.449109535 38.9607911061 3.0131752491 87.1849060059 118.209960938 20709888 0.110141558447 0.0 0.110141558447 0.14798575505 3.00953905077 -3.00953905077 0.14798575505 
97.7830012593 23.1770543383 2.66843748093 171.153594971 103.827674866 11928064 0.140438420303 0.0 0.140438420303 -2.63669415149 0.410368786732 -0.410368786732 -2.63669415149 
278.49179213 109.873437026 1.3267159462 3.20275878906 97.1263275146 8388608 0.568125263283 0.0 0.568125263283 1.32464371569 0.0741230624331 -0.0741230624331 1.32464371569 
218.267602811 77.8974030288 2.65207219124 76.4494934082 94.4614715576 11469312 0.142176990324 0.0 0.142176990324 0.62138694111 2.57824847076 -2.57824847076 0.62138694111 
87.0667896654 77.7255147843 1.74545860291 201.398208618 87.3846206665 14680064 0.328231980939 0.0 0.328231980939 -1.62513929508 -0.636826511723 0.636826511723 -1.62513929508 
129.945277696 102.468342288 1.73422729969 23.304107666 84.9161682129 14155776 0.332497177523 0.0 0.332497177523 1.59274560527 0.686079998168 -0.686079998168 1.59274560527 
118.502869493 72.0024014549 1.4762609005 102.144989014 84.8616485596 8388608 0.458853200441 0.0 0.458853200441 -0.310585009456 1.44321973318 -1.44321973318 -0.310585009456 
264.159763541 69.8889697282 4.53819656372 348.58895874 83.4472198486 16908545 0.048554936975 0.0 0.048554936975 4.44849033448 -0.897865131844 0.897865131844 4.44849033448 
119.349218163 100.686748976 1.34971964359 162.579528809 82.102935791 8388608 0.548924813302 0.0 0.548924813302 -1.2878126242 0.404081379501 -0.404081379501 -1.2878126242 
121.538289219 66.3523210704 1.46507668495 280.681213379 79.6123199463 8388608 0.465885598605 0.0 0.465885598605 0.271543785614 -1.439692212 1.439692212 0.271543785614 
37.1446763073 113.928790817 1.29593157768 170.49546814 70.9580307007 8388608 0.595437051301 0.0 0.595437051301 -1.2781417338 0.213991500676 -0.213991500676 -1.2781417338 
85.0776986391 34.2808428789 3.46708488464 167.496612549 66.6948699951 14155777 0.0831899859142 0.0 0.0831899859142 -3.38485675717 0.750614635332 -0.750614635332 -3.38485675717 
86.9133024217 46.463441103 3.18680262566 1.84954833984 66.120223999 24773120 0.0984667644119 0.0 0.0984667644119 3.18514237536 0.10285438036 -0.10285438036 3.18514237536 
38.3895858556 119.146161245 1.35682928562 162.633880615 66.0244064331 8388608 0.54318726886 0.0 0.54318726886 -1.29498092673 0.404981616523 -0.404981616523 -1.29498092673 
265.503981266 62.6533950468 1.30613994598 342.701690674 61.5616569519 8388608 0.586165935793 0.0 0.586165935793 1.24706267978 -0.388376404027 0.388376404027 1.24706267978 
86.1480406818 47.1737296455 5.34676504135 94.1143188477 60.9910697937 12059137 0.0349798385215 0.0 0.0349798385215 -0.383612819881 5.33298580645 -5.33298580645 -0.383612819881 
103.821854177 115.707124087 2.55229640007 348.371002197 58.547492981 8716800 0.153510393226 0.0 0.153510393226 2.49990632349 -0.514475740534 0.514475740534 2.49990632349 
272.166061009 102.372775827 1.25717151165 16.9436645508 58.2974853516 8388608 0.63271908997 0.0 0.63271908997 1.20259991517 0.366379112053 -0.366379112053 1.20259991517 
71.7792467232 113.70518415 1.70920789242 287.403198242 58.1111221313 13107200 0.342302618151 0.0 0.342302618151 0.511213923395 -1.63096656742 1.63096656742 0.511213923395 
251.671303982 91.4659726975 3.99128007889 78.6336975098 57.3953285217 24313857 0.0627733911907 0.0 0.0627733911907 0.786604578756 3.91300011562 -3.91300011562 0.786604578756 
148.991841426 115.837667073 2.30239701271 263.105041504 54.6701278687 17957120 0.188642513235 0.0 0.188642513235 -0.276401575215 -2.28574586806 2.28574586806 -0.276401575215 
83.6209728347 98.9454783328 2.74155783653 192.35597229 53.8157501221 13894144 0.133047027288 0.0 0.133047027288 -2.67805512883 -0.586651598493 0.586651598493 -2.67805512883 
65.6647353561 91.7775742196 4.59186172485 195.585388184 47.9879417419 17760513 0.0474266442722 0.0 0.0474266442722 -4.42302409635 -1.23371469282 1.23371469282 -4.42302409635 
261.73815923 111.562877427 1.91186273098 263.1512146 46.565536499 21233664 0.273581411145 0.0 0.273581411145 -0.227988486453 -1.89822031181 1.89822031181 -0.227988486453 
57.5458436569 40.5104108977 1.38736391068 244.853012085 45.6968688965 8388608 0.519540267787 0.0 0.519540267787 -0.58954909975 -1.25587040718 1.25587040718 -0.58954909975 
84.9935838281 65.084641643 1.28850364685 259.151031494 44.8345451355 8388608 0.602321957913 0.0 0.602321957913 -0.242523147652 -1.26547389179 1.26547389179 -0.242523147652 
125.288706035 128.775815298 3.17808127403 268.739990234 44.764995575 24576512 0.0990079347086 0.0 0.0990079347086 -0.0698845659358 -3.17731281617 3.17731281617 -0.0698845659358 
262.791031472 101.038020372 2.01693582535 173.021362305 41.6791687012 8388864 0.245819221988 0.0 0.245819221988 -2.0019933981 0.245056233447 -0.245056233447 -2.0019933981 
69.4590129056 34.1106894709 3.1489367485 95.0185852051 41.0964202881 23921152 0.10084912293 0.0 0.10084912293 -0.27546545 3.13686490496 -3.13686490496 -0.27546545 
89.5772083937 120.748459515 3.14874410629 16.1526489258 39.7819633484 23921152 0.100861463337 0.0 0.100861463337 3.02444404759 0.875972402479 -0.875972402479 3.02444404759 
59.2019011081 118.296720644 1.5412184 357.526672363 37.8519668579 8388608 0.420989854192 0.0 0.420989854192 1.5397826303 -0.0665102091667 0.0665102091667 1.5397826303 
253.540122902 55.3705586775 2.65928339958 247.610748291 36.7797355652 11665920 0.141406949956 0.0 0.141406949956 -1.01291288614 -2.45881997803 2.45881997803 -1.01291288614 
247.514411562 116.704467548 3.199665308 315.112121582 35.1037139893 25035264 0.0976766811839 0.0 0.0976766811839 2.26692817717 -2.25807323238 2.25807323238 2.26692817717 
108.60777844 66.6892845048 2.22923803329 161.05531311 33.1216163635 15663360 0.201227398223 0.0 0.201227398223 -2.10848564192 0.723733726534 -0.723733726534 -2.10848564192 
241.862430995 65.1914059838 2.97380256653 277.204528809 32.1431503296 19792384 0.113077379684 0.0 0.113077379684 0.372949494134 -2.95032377537 2.95032377537 0.372949494134 
44.2942304683 55.0141909017 4.36344480515 258.857177734 31.2055644989 14090497 0.0525219723152 0.0 0.0525219723152 -0.843258924514 -4.28118732991 4.28118732991 -0.843258924514 
91.9839149662 120.540593987 1.44474363327 22.1663818359 29.253660202 8388608 0.479091451154 0.0 0.479091451154 1.33796569797 0.545098116791 -0.545098116791 1.33796569797 
64.70295888 41.4177418533 1.33640015125 267.708892822 28.9238891602 8388608 0.559921272835 0.0 0.559921272835 -0.0534248786961 -1.33533184887 1.33533184887 -0.0534248786961 
78.5828847048 71.4465402466 2.09658336639 218.242782593 28.3287010193 11206912 0.227497028369 0.0 0.227497028369 -1.64664590515 -1.29777466275 1.29777466275 -1.64664590515 
84.4513735218 61.307677886 3.23141479492 276.749328613 27.5140419006 9043969 0.0957667131127 0.0 0.0957667131127 0.379774482118 -3.20902055456 3.20902055456 0.379774482118 
274.153155252 84.7308016165 2.44036817551 346.708587646 27.2365493774 22151424 0.167914922919 0.0 0.167914922919 2.37499886858 -0.561050092463 0.561050092463 2.37499886858 
145.319427511 56.470013517 4.00641965866 280.686340332 27.2140331268 24641537 0.0622998675888 0.0 0.0622998675888 0.742919808976 -3.93693645348 3.93693645348 0.742919808976 
70.1522273695 41.0515415515 1.48879170418 274.646392822 26.1011142731 8388608 0.451161591179 0.0 0.451161591179 0.120601056742 -1.48389896002 1.48389896002 0.120601056742 
263.289387226 122.202742095 2.17577195168 263.089508057 25.5211029053 13893888 0.211238586256 0.0 0.211238586256 -0.261785899347 -2.15996567764 2.15996567764 -0.261785899347 
117.343931509 115.339754024 1.23585879803 111.260665894 25.4598579407 8388608 0.65473007805 0.0 0.65473007805 -0.448136649481 1.15174672218 -1.15174672218 -0.448136649481 
47.1321457447 106.305956422 1.96800625324 289.991760254 25.248374939 23330816 0.258194538714 0.0 0.258194538714 0.672831821702 -1.84941773337 1.84941773337 0.672831821702 
161.702949788 108.479293813 1.95110952854 251.163208008 24.8723526001 22675456 0.262685862595 0.0 0.262685862595 -0.629961584664 -1.84661224793 1.84661224793 -0.629961584664 
63.1815770281 55.9555817919 2.05941534042 109.546340942 23.811794281 9896192 0.235782795834 0.0 0.235782795834 -0.689016861183 1.94073370388 -1.94073370388 -0.689016861183 
275.132851094 87.123021482 1.3691649437 346.292449951 23.7175827026 8388608 0.533443537635 0.0 0.533443537635 1.33016825447 -0.324445770281 0.324445770281 1.33016825447 
92.1953466865 13.8904447544 1.45664393902 256.632751465 22.9643878937 8388608 0.471295385725 0.0 0.471295385725 -0.336764143897 -1.41718081996 1.41718081996 -0.336764143897 
44.7463610454 58.6401992979 1.26196455956 19.9795532227 22.6663131714 8388608 0.627921976216 0.0 0.627921976216 1.18601273729 0.431194082238 -0.431194082238 1.18601273729 
87.9154933133 130.991192192 1.36509346962 1.11019897461 21.7529792786 8388608 0.536630338387 0.0 0.536630338387 1.36483721295 0.0264492524571 -0.0264492524571 1.36483721295 
78.3733684663 62.5620817929 1.35899293423 103.835083008 21.3764457703 8388608 0.541459032049 0.0 0.541459032049 -0.32497333296 1.31956588625 -1.31956588625 -0.32497333296 
53.9496489187 100.953785813 1.26954090595 286.23260498 20.025478363 8388608 0.62044973338 0.0 0.62044973338 0.354884328644 -1.21893036108 1.21893036108 0.354884328644 
80.5013921367 55.219453162 1.77205145359 7.6025390625 19.4371414185 15728640 0.318454466169 0.0 0.318454466169 1.75647455131 0.234442967003 -0.234442967003 1.75647455131 
55.9256127211 92.7961308418 1.31798887253 111.979446411 18.4845046997 8388608 0.575673864159 0.0 0.575673864159 -0.493288918111 1.22219503819 -1.22219503819 -0.493288918111 
221.392082922 30.7961379688 1.48066544533 319.830749512 17.9526405334 8388608 0.456127353763 0.0 0.456127353763 1.13143913297 -0.955099811204 0.955099811204 1.13143913297 
32.438371039 58.7560579261 3.18549919128 206.562286377 17.0680809021 24707584 0.098547361653 0.0 0.098547361653 -2.84926583409 -1.42446105752 1.42446105752 -2.84926583409 
52.1285145985 63.1519725136 1.70130670071 266.857055664 16.2612724304 12779520 0.345489437956 0.0 0.345489437956 -0.0932779184459 -1.69874769162 1.69874769162 -0.0932779184459 
103.081075776 48.3378044275 1.36347401142 81.1378173828 15.4319343567 8388608 0.537905854457 0.0 0.537905854457 0.210054436136 1.34719653862 -1.34719653862 0.210054436136 
154.790915332 81.173168933 1.7963937521 207.640197754 14.1553668976 16711680 0.309882412361 0.0 0.309882412361 -1.59138627999 -0.833378797683 0.833378797683 -1.59138627999 
145.715434107 33.6867802874 1.27800154686 62.2878723145 13.4655647278 8388608 0.612261908678 0.0 0.612261908678 0.594308349849 1.13140865255 -1.13140865255 0.594308349849 
96.3221706195 114.642678034 1.31417417526 116.967147827 13.3140354156 8388608 0.579020770208 0.0 0.579020770208 -0.5959511019 1.17127966219 -1.17127966219 -0.5959511019 
214.818346172 32.089645593 1.26832187176 315.422027588 12.5927639008 8388608 0.621642983984 0.0 0.621642983984 0.90342051843 -0.890208816659 0.890208816659 0.90342051843 
135.949448499 87.7589317316 1.60563492775 260.273803711 12.5767250061 8585216 0.387888037581 0.0 0.387888037581 -0.271256023936 -1.58255606242 1.58255606242 -0.271256023936 
250.887653611 52.7989450503 1.51042342186 11.5058898926 12.3342819214 8388608 0.438331394302 0.0 0.438331394302 1.48007026213 0.301282147593 -0.301282147593 1.48007026213 
149.035715341 31.3301399244 1.70655858517 61.4513549805 12.1375007629 13041664 0.343366242613 0.0 0.343366242613 0.815572399003 1.49906099495 -1.49906099495 0.815572399003 
112.434341267 103.563175477 1.51886725426 167.87097168 11.6840324402 8388608 0.433471313484 0.0 0.433471313484 -1.48496144411 0.319135152524 -0.319135152524 -1.48496144411 
199.902828744 86.628492259 2.04791235924 91.3283691406 11.5071687698 9502976 0.238438985867 0.0 0.238438985867 -0.0474753969943 2.04736198993 -2.04736198993 -0.0474753969943 
227.641439956 137.224982996 1.82595276833 273.76373291 11.1203613281 17891328 0.299930699918 0.0 0.299930699918 0.119859736966 -1.8220145871 1.8220145871 0.119859736966 
32.7292544509 51.3438490606 2.32892632484 192.450485229 10.5080909729 18809088 0.184369254728 0.0 0.184369254728 -2.27415623954 -0.502106786168 0.502106786168 -2.27415623954 
140.808493888 107.056449426 1.28329634666 47.2662658691 10.3326721191 8388608 0.607220023376 0.0 0.607220023376 0.87083495425 0.942600655537 -0.942600655537 0.87083495425 
68.117598917 66.95318801 2.26874995232 288.257568359 10.1530723572 16908544 0.194279391026 0.0 0.194279391026 0.710774975896 -2.15453597783 2.15453597783 0.710774975896 
94.8730864056 127.113980931 1.41249322891 312.498718262 10.113697052 8388608 0.501218682722 0.0 0.501218682722 0.954243296861 -1.04142059329 1.04142059329 0.954243296861 
133.030139824 30.3970185888 1.79008424282 22.0116577148 9.66969490051 16449536 0.312070747039 0.0 0.312070747039 1.65960073454 0.670915045521 -0.670915045521 1.65960073454 
204.545849602 23.1078580863 1.31309938431 130.75630188 9.48288154602 8388608 0.579969031985 0.0 0.579969031985 -0.857247835881 0.994663833135 -0.994663833135 -0.857247835881 
222.028434977 86.3568642292 1.96526968479 87.0102539062 8.78690719604 23199744 0.258914092849 0.0 0.258914092849 0.102503035235 1.96259472682 -1.96259472682 0.102503035235 
242.048271472 52.7708361504 1.97694659233 163.781097412 8.62308120728 23658496 0.255864554463 0.0 0.255864554463 -1.89826726287 0.552176808314 -0.552176808314 -1.89826726287 
55.2580603949 142.841575038 1.31660926342 104.076248169 7.70407867432 8388608 0.57688093604 0.0 0.57688093604 -0.32021640017 1.27707533434 -1.27707533434 -0.32021640017 
68.533271858 146.271656566 1.45815980434 102.294158936 7.67426681519 8388608 0.470316002005 0.0 0.470316002005 -0.310487103729 1.42472024392 -1.42472024392 -0.310487103729 
187.84230696 127.34487679 1.55555272102 269.376831055 7.56527519226 8388608 0.41326681223 0.0 0.41326681223 -0.0169184021042 -1.55546071489 1.55546071489 -0.0169184021042 
46.863418331 140.932350045 1.46533536911 105.055984497 6.74614715576 8388608 0.465721122146 0.0 0.465721122146 -0.380639531755 1.41503402462 -1.41503402462 -0.380639531755 
18.3974486509 129.160543974 2.18276953697 153.500289917 5.72612762451 14090496 0.209886367768 0.0 0.209886367768 -1.95344039025 0.973937109512 -0.973937109512 -1.95344039025 
207.791609295 88.990609272 1.4323707819 90.2859802246 5.72003412247 8388608 0.487404004462 0.0 0.487404004462 -0.00714935760646 1.43235293958 -1.43235293958 -0.00714935760646 
61.3260912929 148.871381202 1.81342554092 100.46685791 5.62535095215 17432576 0.3040888832 0.0 0.3040888832 -0.329439110705 1.78325042123 -1.78325042123 -0.329439110705 
26.8970406971 130.49464755 1.26078212261 137.185653687 5.59608078003 8388608 0.629100334156 0.0 0.629100334156 -0.9248589757 0.856859052449 -0.856859052449 -0.9248589757 
191.704805192 30.868899714 1.54911577702 339.3621521 5.46653175354 8388608 0.416708391227 0.0 0.416708391227 1.44970423908 -0.54600119943 0.54600119943 1.44970423908 
60.9772157315 80.9473339287 2.57937073708 290.584838867 5.33111953735 9503232 0.150304666071 0.0 0.150304666071 0.906891129965 -2.41468463317 2.41468463317 0.906891129965 
251.349074893 130.726198546 1.37144839764 311.666351318 5.26709365845 8388608 0.531668655414 0.0 0.531668655414 0.911727585892 -1.02451135499 1.02451135499 0.911727585892 
18.742845334 139.234697658 2.27762389183 119.044952393 4.88767623901 17170688 0.192768461102 0.0 0.192768461102 -1.10577653498 1.99118779811 -1.99118779811 -1.10577653498 
41.1332569204 147.990361692 1.60070097446 105.130386353 4.85928726196 8388608 0.39028295211 0.0 0.39028295211 -0.417809370019 1.54521161657 -1.54521161657 -0.417809370019 
29.9082840788 142.170871302 1.54580032825 109.335006714 4.67049026489 8388608 0.418497829232 0.0 0.418497829232 -0.511800540579 1.4586153919 -1.4586153919 -0.511800540579 
25.4732061383 118.021072563 1.4502632618 247.558517456 4.34259796143 8388608 0.475451595315 0.0 0.475451595315 -0.553622996045 -1.34043467083 1.34043467083 -0.553622996045 
211.226110933 89.1433694078 1.32362067699 88.7207946777 4.3120675087 8388608 0.570785476706 0.0 0.570785476706 0.0295491564475 1.32329080097 -1.32329080097 0.0295491564475 
27.1915290949 148.111023438 1.29894065857 97.1828613281 4.28126907349 8388608 0.592681509049 0.0 0.592681509049 -0.162414942227 1.28874676373 -1.28874676373 -0.162414942227 
251.395236839 44.7963645412 1.54248964787 298.12890625 4.23379516602 8388608 0.420296219823 0.0 0.420296219823 0.727217329681 -1.36030484421 1.36030484421 0.727217329681 
73.4848214673 91.8479156105 1.35729134083 199.64994812 4.21635627747 8388608 0.542817503317 0.0 0.542817503317 -1.27824902067 -0.456420009461 0.456420009461 -1.27824902067 
211.004361924 56.0127506611 2.02264046669 260.864135742 4.17535400391 8585472 0.24443456368 0.0 0.24443456368 -0.321146979754 -1.99698249238 1.99698249238 -0.321146979754 
233.262359825 25.8148493163 1.24813842773 355.953216553 4.16525268555 8388608 0.641910516818 0.0 0.641910516818 1.24502651884 -0.0880823602283 0.0880823602283 1.24502651884 
278.373902559 142.879257725 1.50069534779 50.2197570801 4.10315322876 8388608 0.444032672844 0.0 0.444032672844 0.960212020458 1.15329068436 -1.15329068436 0.960212020458 
289.640824336 80.8006355179 2.15827870369 356.969909668 4.03741836548 13304064 0.214676718973 0.0 0.214676718973 2.15526123902 -0.11408748559 0.11408748559 2.15526123902 
188.032564665 53.9432818256 1.44275593758 262.692321777 3.95953369141 8388608 0.48041245629 0.0 0.48041245629 -0.183514993814 -1.43103701645 1.43103701645 -0.183514993814 
195.996447303 52.8673494954 1.45711696148 260.937561035 3.93097686768 8388608 0.470989443068 0.0 0.470989443068 -0.22951154265 -1.43892817445 1.43892817445 -0.22951154265 
288.051550321 118.488138783 1.45466160774 282.734375 3.87406158447 8388608 0.472580770806 0.0 0.472580770806 0.320653157943 -1.41888052539 1.41888052539 0.320653157943 
283.262307248 51.8223162381 2.47664380074 350.412200928 3.81923294067 23265536 0.163032016869 0.0 0.163032016869 2.44204886994 -0.412506766648 0.412506766648 2.44204886994 
228.223450033 52.3444983947 1.32253372669 269.862243652 3.70408248901 8388608 0.571724084749 0.0 0.571724084749 -0.0031797671986 -1.32252990413 1.32252990413 -0.0031797671986 
286.856753191 125.722774686 1.38167011738 292.540893555 3.56895446777 8388608 0.523831089541 0.0 0.523831089541 0.529653198575 -1.27611903931 1.27611903931 0.529653198575 
289.177577851 96.6947509457 1.55587601662 355.143371582 3.55652999878 8388608 0.41309508459 0.0 0.41309508459 1.55028990729 -0.131724646314 0.131724646314 1.55028990729 
282.939123234 58.0679156508 2.06937193871 357.499450684 3.55292510986 10223872 0.233519358397 0.0 0.233519358397 2.06740148966 -0.090284557165 0.090284557165 2.06740148966 
239.015345154 16.8955700404 1.26634132862 327.756103516 3.55104827881 8388608 0.623588989381 0.0 0.623588989381 1.07105207129 -0.675624023522 0.675624023522 1.07105207129 
203.216318828 136.402206553 1.94677817822 284.496582031 3.54766845703 22544384 0.263856052632 0.0 0.263856052632 0.487321891772 -1.88479777403 1.88479777403 0.487321891772 
288.408437837 91.7513213775 1.56393039227 353.194793701 3.54661941528 8388608 0.408851091041 0.0 0.408851091041 1.55291210383 -0.185316673916 0.185316673916 1.55291210383 
70.7889385637 82.4104761053 1.27590942383 309.724639893 3.38920974731 8388608 0.614271420313 0.0 0.614271420313 0.815431973198 -0.981333559449 0.981333559449 0.815431973198 
58.752571524 70.8500392559 1.66430556774 287.291687012 3.22228622437 11206656 0.361022166315 0.0 0.361022166315 0.494692104989 -1.58908550559 1.58908550559 0.494692104989 
