13
136
90.2386619083 70.5688131973 1.23869454861 4.28237915039 158.692123413 8388608 0.651735754745 0.0 0.651735754745 1.23523629361 0.0924958577156 -0.0924958577156 1.23523629361 
107.605851018 82.1553182004 1.2831107378 169.576568604 148.275619507 8388608 0.607395711361 0.0 0.607395711361 -1.26193628543 0.232142148222 -0.232142148222 -1.26193628543 
315.876419893 100.287267221 1.23793935776 235.872634888 138.074203491 8388608 0.652531165281 0.0 0.652531165281 -0.694526591537 -1.02475688196 1.02475688196 -0.694526591537 
104.241568417 76.0457969407 1.30209720135 38.1931762695 130.493011475 8388608 0.589811436201 0.0 0.589811436201 1.02335795388 0.805105968179 -0.805105968179 1.02335795388 
291.095702842 95.736849723 1.26097130775 65.7222900391 127.973449707 8388608 0.628911578857 0.0 0.628911578857 0.518460660376 1.14945516773 -1.14945516773 0.518460660376 
339.911811682 92.170037437 1.89607942104 70.6643371582 126.539070129 20643840 0.278155050993 0.0 0.278155050993 0.627795275996 1.78913114733 -1.78913114733 0.627795275996 
319.120836511 74.8751406798 1.29655814171 33.2737426758 126.38861084 8388608 0.594861698329 0.0 0.594861698329 1.08399894521 0.711343307849 -0.711343307849 1.08399894521 
288.261419458 81.4782084361 1.24987864494 105.937866211 123.671356201 8388608 0.640124285677 0.0 0.640124285677 -0.343210131643 1.20183336308 -1.20183336308 -0.343210131643 
80.7750376287 102.822097921 1.24492990971 40.5651550293 121.348114014 8388608 0.645223531465 0.0 0.645223531465 0.945732096764 0.809593281365 -0.809593281365 0.945732096764 
329.788676805 92.3339207961 1.69447350502 20.3335266113 119.568748474 12517376 0.348281522988 0.0 0.348281522988 1.5888836844 0.588803105186 -0.588803105186 1.5888836844 
257.102269539 26.2248271027 3.23539996147 42.0107116699 118.156478882 9175041 0.0955309393215 0.0 0.0955309393215 2.40396596022 2.1653546067 -2.1653546067 2.40396596022 
49.4850936664 100.234918142 2.22779107094 100.490844727 117.003295898 15597824 0.201488879681 0.0 0.201488879681 -0.405632654212 2.1905513474 -2.1905513474 -0.405632654212 
77.2924897105 97.0152854904 1.29008102417 60.3178405762 115.75630188 8388608 0.600849944694 0.0 0.600849944694 0.638832865021 1.12080400583 -1.12080400583 0.638832865021 
322.010091712 81.1399244957 1.27685618401 180.397949219 109.897941589 8388608 0.613360821114 0.0 0.613360821114 -1.27682538616 -0.00886836412502 0.00886836412502 -1.27682538616 
257.990009156 26.5623874458 2.12911701202 32.0177612305 108.627120972 12321024 0.220597679589 0.0 0.220597679589 1.80524379024 1.12881978575 -1.12881978575 1.80524379024 
319.379046782 94.3830630425 1.65988492966 19.5123291016 104.810455322 11010048 0.362947689572 0.0 0.362947689572 1.56455713987 0.554417654642 -0.554417654642 1.56455713987 
242.359004031 22.2748141447 1.67657184601 99.7693481445 101.108016968 11730944 0.355758808649 0.0 0.355758808649 -0.284484576093 1.65225956823 -1.65225956823 -0.284484576093 
36.4171513411 73.6128817921 1.48166179657 181.315826416 96.4776077271 8388608 0.455514109562 0.0 0.455514109562 -1.4812710889 -0.0340241179587 0.0340241179587 -1.4812710889 
177.809334879 31.9275386809 2.23241496086 78.1773071289 94.7007675171 15728896 0.200655076321 0.0 0.200655076321 0.457385506802 2.18505722022 -2.18505722022 0.457385506802 
177.162030646 34.2076598567 1.32315909863 49.8216552734 92.9953536987 8388608 0.571183778291 0.0 0.571183778291 0.8536611802 1.01094638319 -1.01094638319 0.8536611802 
83.875288692 72.2191779294 1.35225939751 334.19644165 92.7662658691 8388608 0.546864816906 0.0 0.546864816906 1.21742796547 -0.588620953611 0.588620953611 1.21742796547 
264.173438005 27.1095340459 1.23636376858 112.785049438 91.3150482178 8388608 0.654195361814 0.0 0.654195361814 -0.478812809999 1.13988317877 -1.13988317877 -0.478812809999 
92.9096779086 100.647631814 2.70466542244 18.4252319336 91.0287322998 12911104 0.136701381098 0.0 0.136701381098 2.56601592633 0.854855141623 -0.854855141623 2.56601592633 
94.7803118461 103.3689672 1.72123777866 9.88897705078 90.832321167 13631488 0.337534570928 0.0 0.337534570928 1.69566429009 0.295604644771 -0.295604644771 1.69566429009 
87.4157754227 105.165254971 1.28831386566 82.0302124023 85.9299850464 8388608 0.602499426773 0.0 0.602499426773 0.178625886547 1.27587045154 -1.27587045154 0.178625886547 
285.024157438 74.7543236274 1.34622526169 27.9391479492 85.1301574707 8388608 0.551778187776 0.0 0.551778187776 1.1893169265 0.630751697231 -0.630751697231 1.1893169265 
101.228995896 77.6685406857 2.96831083298 38.9599609375 83.2899169922 19661312 0.113496180362 0.0 0.113496180362 2.30811560935 1.86640604774 -1.86640604774 2.30811560935 
298.940570343 70.4167079705 1.34430718422 332.474731445 82.7540969849 8388608 0.553353881723 0.0 0.553353881723 1.19214116468 -0.621257795947 0.621257795947 1.19214116468 
355.441329227 39.0281790977 4.01407623291 12.6488037109 82.1154937744 24772609 0.0620624288315 0.0 0.0620624288315 3.9166569979 0.87898007054 -0.87898007054 3.9166569979 
61.5945863014 102.326222298 2.01658797264 86.948425293 81.3843841553 8388864 0.245904034808 0.0 0.245904034808 0.107352757721 2.01372849133 -2.01372849133 0.107352757721 
107.657983628 90.2562054122 1.62646317482 27.7730102539 81.1674194336 9568256 0.378017173502 0.0 0.378017173502 1.43909554925 0.757882879598 -0.757882879598 1.43909554925 
354.102325604 86.4881874802 4.34030532837 57.1705932617 78.6022033691 13697281 0.0530834860864 0.0 0.0530834860864 2.35305119938 3.64710849805 -3.64710849805 2.35305119938 
172.378631108 42.670592784 5.15493106842 246.755432129 76.2977752686 9437697 0.0376317379139 0.0 0.0376317379139 -2.03442831803 -4.73649825704 4.73649825704 -2.03442831803 
257.585167943 17.2503002587 1.64025604725 279.791442871 75.2735443115 10158080 0.371686429346 0.0 0.371686429346 0.278945759493 -1.61636294309 1.61636294309 0.278945759493 
79.344624225 93.5005415525 2.61941003799 51.1396484375 74.0054473877 10617344 0.145744785391 0.0 0.145744785391 1.64348168334 2.0396756859 -2.0396756859 1.64348168334 
282.565331444 75.1690834457 3.42135810852 12.2750854492 73.2680740356 13172737 0.0854285299173 0.0 0.0854285299173 3.34313941767 0.727399574363 -0.727399574363 3.34313941767 
291.803511241 75.9936390319 1.51411294937 129.133209229 72.3366317749 8388608 0.436197781572 0.0 0.436197781572 -0.955595301346 1.17446823861 -1.17446823861 -0.955595301346 
43.3599143171 79.1621681232 4.55882120132 174.301834106 71.997795105 17236225 0.0481165944094 0.0 0.0481165944094 -4.53629492057 0.452635768846 -0.452635768846 -4.53629492057 
83.9811434999 64.2453483825 3.69288754463 81.3799743652 71.9668502808 18743297 0.0733276613946 0.0 0.0733276613946 0.553493374413 3.65117289399 -3.65117289399 0.553493374413 
76.8978446635 78.1810744157 1.41065049171 132.145477295 70.9698638916 8388608 0.502529025116 0.0 0.502529025116 -0.946568112414 1.04591759634 -1.04591759634 -0.946568112414 
192.259943477 28.252277446 1.35671055317 66.780670166 70.4335098267 8388608 0.543282347031 0.0 0.543282347031 0.534885815312 1.24682023149 -1.24682023149 0.534885815312 
301.56657523 103.815407308 1.30519998074 276.490661621 69.7977294922 8388608 0.58701051749 0.0 0.58701051749 0.1475414693 -1.29683403123 1.29683403123 0.1475414693 
306.434536754 99.0854304927 2.73759078979 4.10244750977 69.3408126831 13763072 0.133432903949 0.0 0.133432903949 2.73057633718 0.195847387591 -0.195847387591 2.73057633718 
111.859176179 51.103109186 4.04141521454 266.555786133 67.9170837402 8519937 0.061225600842 0.0 0.061225600842 -0.242794788843 -4.03411547019 4.03411547019 -0.242794788843 
298.063074024 64.0990315318 1.65115880966 76.6493225098 66.3314208984 10616832 0.36679407183 0.0 0.36679407183 0.381269762927 1.60653626869 -1.60653626869 0.381269762927 
301.525091314 81.1469366822 2.56177830696 69.1216125488 66.291229248 8978944 0.152376120601 0.0 0.152376120601 0.912980854292 2.39356931249 -2.39356931249 0.912980854292 
225.464899367 44.460330683 2.93756389618 264.703735352 65.5012207031 18874880 0.115884501311 0.0 0.115884501311 -0.271153808868 -2.92502260779 2.92502260779 -0.271153808868 
85.6747156027 80.6425682027 3.70209264755 40.9734191895 65.2803192139 18874369 0.0729634622411 0.0 0.0729634622411 2.7951312586 2.42749484413 -2.42749484413 2.7951312586 
301.772596186 82.6671637454 1.47649884224 68.4839477539 64.1578826904 8388608 0.458705321513 0.0 0.458705321513 0.541523494672 1.37360880015 -1.37360880015 0.541523494672 
97.3172841119 72.2005558117 1.47996449471 203.227325439 63.8293266296 8388608 0.456559524221 0.0 0.456559524221 -1.36000945997 -0.583668719724 0.583668719724 -1.36000945997 
305.962518392 63.6927729116 1.54909157753 90.9393920898 63.5909500122 8388608 0.416721410738 0.0 0.416721410738 -0.0253969697519 1.54888337505 -1.54888337505 -0.0253969697519 
276.248272936 20.1711119328 1.68856418133 280.723907471 63.2020797729 12255232 0.350723490632 0.0 0.350723490632 0.314202295648 -1.65907381146 1.65907381146 0.314202295648 
91.8041607863 94.5285442981 1.33773088455 339.053192139 62.6996002197 8388608 0.558807842193 0.0 0.558807842193 1.24932389575 -0.478240235636 0.478240235636 1.24932389575 
144.790115575 46.1570910596 3.79868459702 261.038330078 62.0684509277 20774913 0.0693000468839 0.0 0.0693000468839 -0.591735080154 -3.75231318822 3.75231318822 -0.591735080154 
311.865872227 71.2001399745 1.50803232193 309.314819336 59.9277267456 8388608 0.43972251181 0.0 0.43972251181 0.955460629988 -1.16672896104 1.16672896104 0.955460629988 
298.880070828 62.3401361019 3.85392475128 85.8525695801 59.5557327271 21823489 0.0673276627802 0.0 0.0673276627802 0.278727855206 3.8438323027 -3.8438323027 0.278727855206 
288.838257575 88.8298979273 1.43491959572 158.837753296 58.7752113342 8388608 0.485674013833 0.0 0.485674013833 -1.33815131614 0.518020560672 -0.518020560672 -1.33815131614 
62.8753616859 61.0651062478 2.43710541725 217.58833313 57.9708633423 22085888 0.168364827575 0.0 0.168364827575 -1.93119613021 -1.48659487469 1.48659487469 -1.93119613021 
363.517432406 73.278667734 2.06427192688 16.8306274414 56.431640625 10092800 0.234674654521 0.0 0.234674654521 1.97584854764 0.597696498988 -0.597696498988 1.97584854764 
45.1087648727 60.2030741444 1.29610013962 249.412994385 55.6447067261 8388608 0.595282184417 0.0 0.595282184417 -0.455746844346 -1.21333028718 1.21333028718 -0.455746844346 
75.1616101932 90.5416646278 1.32819771767 160.890045166 54.985370636 8388608 0.566858340128 0.0 0.566858340128 -1.25500345833 0.434828123277 -0.434828123277 -1.25500345833 
363.335062498 74.4379770798 1.23204684258 20.7442626953 54.7010726929 8388608 0.658787818084 0.0 0.658787818084 1.15217408588 0.436387784118 -0.436387784118 1.15217408588 
48.3267713931 58.7978424416 1.26428472996 239.195526123 53.9740104675 8388608 0.625619410762 0.0 0.625619410762 -0.647452769911 -1.08591932902 1.08591932902 -0.647452769911 
332.558706172 72.086103277 3.70979881287 325.711669922 53.3985328674 19070977 0.0726606509324 0.0 0.0726606509324 3.06508421259 -2.08994401878 2.08994401878 3.06508421259 
41.2170478226 67.5574669136 1.34378087521 290.304351807 51.8941917419 8388608 0.553787422897 0.0 0.553787422897 0.466301217486 -1.26028179989 1.26028179989 0.466301217486 
305.938920859 92.3638982604 1.14526391029 333.549957275 50.3087234497 8388608 0.762410465589 0.0 0.762410465589 1.02538119977 -0.510120396938 0.510120396938 1.02538119977 
325.987675491 74.7454714807 1.2111634016 159.631820679 49.4657440186 8388608 0.681701927446 0.0 0.681701927446 -1.13543593477 0.421547178153 -0.421547178153 -1.13543593477 
67.7151731426 90.4975909735 1.76123380661 353.432830811 48.588142395 15269888 0.322378428452 0.0 0.322378428452 1.74967740435 -0.20142865301 0.20142865301 1.74967740435 
115.481163874 99.1919174556 2.26981711388 80.7679138184 47.8675994873 16908544 0.194096751853 0.0 0.194096751853 0.364155766878 2.24041520882 -2.24041520882 0.364155766878 
72.869626152 49.813401567 1.33789372444 257.628173828 47.1183280945 8388608 0.55867182142 0.0 0.55867182142 -0.286650481487 -1.30682482352 1.30682482352 -0.286650481487 
345.273068466 44.5444012644 1.67839217186 65.0572509766 43.8136024475 11796480 0.354987539828 0.0 0.354987539828 0.707798877912 1.52184790008 -1.52184790008 0.707798877912 
118.09055118 78.7674502719 3.19977998734 327.068969727 43.2091560364 25035264 0.0976696798924 0.0 0.0976696798924 2.68565715777 -1.739493489 1.739493489 2.68565715777 
86.5051742084 49.6592556778 2.25491189957 257.737548828 42.233959198 16449792 0.19667123415 0.0 0.19667123415 -0.478920812968 -2.20346602645 2.20346602645 -0.478920812968 
92.872441932 49.9650566533 2.60767436028 259.332183838 41.0676956177 10289664 0.147059568143 0.0 0.147059568143 -0.482718697365 -2.56260574971 2.56260574971 -0.482718697365 
74.252224119 55.7894013608 1.24774670601 243.266647339 39.4283294678 8388608 0.642313627104 0.0 0.642313627104 -0.561285088347 -1.11437466409 1.11437466409 -0.561285088347 
270.116231832 99.1179729081 1.36219847202 53.0209350586 39.074344635 8388608 0.538913697821 0.0 0.538913697821 0.819393947132 1.08819953896 -1.08819953896 0.819393947132 
356.66565112 56.1543312707 2.2329454422 322.143615723 38.9037704468 15728896 0.200559748305 0.0 0.200559748305 1.76302536386 -1.3703236531 1.3703236531 1.76302536386 
75.1560192201 51.8658481229 2.28822255135 255.437454224 38.8309555054 17498368 0.190986854967 0.0 0.190986854967 -0.575343157859 -2.21471052176 2.21471052176 -0.575343157859 
73.1863131641 104.994855158 1.44154155254 128.811569214 38.7313804626 8388608 0.481222216414 0.0 0.481222216414 -0.903502260262 1.12326564686 -1.12326564686 -0.903502260262 
178.577772923 41.1053580345 1.23775231838 268.938934326 38.4313964844 8388608 0.652728390915 0.0 0.652728390915 -0.0229207358831 -1.23754007674 1.23754007674 -0.0229207358831 
311.5843579 88.8457527322 1.28293597698 130.098266602 36.1857452393 8388608 0.607561200837 0.0 0.607561200837 -0.826339688731 0.981370184927 -0.981370184927 -0.826339688731 
274.526866177 95.8695352077 1.89371049404 90.7143859863 34.8580093384 20578304 0.278851399411 0.0 0.278851399411 -0.0236109046535 1.89356329718 -1.89356329718 -0.0236109046535 
268.58289827 75.3248181986 1.59530436993 295.181182861 34.288860321 8388608 0.392927920967 0.0 0.392927920967 0.678773460442 -1.44369755216 1.44369755216 0.678773460442 
275.512386844 96.7069439026 1.22799193859 96.6546936035 34.1757583618 8388608 0.663145716042 0.0 0.663145716042 -0.14230628198 1.21971846069 -1.21971846069 -0.14230628198 
281.430894046 67.200197633 1.52974319458 216.579406738 33.6249694824 8388608 0.427329564653 0.0 0.427329564653 -1.22843230657 -0.9116294804 0.9116294804 -1.22843230657 
345.786350998 51.400986396 1.75915598869 316.999420166 32.0599441528 15204352 0.3231404294 0.0 0.3231404294 1.28655310259 -1.19975451938 1.19975451938 1.28655310259 
277.734694115 72.1813295012 1.53206515312 209.645996094 32.0144004822 8388608 0.426035246819 0.0 0.426035246819 -1.33151494598 -0.757820283474 0.757820283474 -1.33151494598 
238.855388856 32.0730703483 1.27153265476 209.346557617 31.3624477386 8388608 0.618507491251 0.0 0.618507491251 -1.10835854805 -0.623166607806 0.623166607806 -1.10835854805 
256.722851795 56.6949648062 1.48212051392 2.92190551758 30.8087177277 8388608 0.455232189318 0.0 0.455232189318 1.48019367029 0.0755507525406 -0.0755507525406 1.48019367029 
67.1579333094 69.4139124764 1.42093658447 215.897964478 29.5074863434 8388608 0.495279791151 0.0 0.495279791151 -1.15104740179 -0.83315704157 0.83315704157 -1.15104740179 
81.5404981592 60.0772211876 1.28645610809 256.138427734 28.5592193604 8388608 0.604240809236 0.0 0.604240809236 -0.308205215485 -1.24899113816 1.24899113816 -0.308205215485 
236.9803218 30.2759269451 2.08107042313 209.878189087 28.4453868866 10682624 0.230901336208 0.0 0.230901336208 -1.80446795824 -1.03670125575 1.03670125575 -1.80446795824 
279.114532704 58.1085687451 1.63018929958 221.504837036 27.8314857483 9699328 0.376291080217 0.0 0.376291080217 -1.220848405 -1.08029918286 1.08029918286 -1.220848405 
271.744568348 60.969703126 3.06672644615 209.190628052 26.7218494415 22020608 0.106328557782 0.0 0.106328557782 -2.67725790834 -1.495694216 1.495694216 -2.67725790834 
271.141123654 41.4570057502 2.21588730812 100.447967529 26.0434379578 15204608 0.203659493809 0.0 0.203659493809 -0.40183458714 2.17914789009 -2.17914789009 -0.40183458714 
286.47497766 62.6425715704 1.35030603409 231.123886108 25.2511844635 8388608 0.548448159279 0.0 0.548448159279 -0.847504135254 -1.05121982783 1.05121982783 -0.847504135254 
262.915548791 75.1892730124 3.98019194603 306.631866455 25.2185668945 24117249 0.0631236301915 0.0 0.0631236301915 2.37486626044 -3.19404730276 3.19404730276 2.37486626044 
40.6154940636 51.1435216412 3.91093635559 243.943557739 24.6540813446 22872065 0.0653790345253 0.0 0.0653790345253 -1.71790358527 -3.51343570443 3.51343570443 -1.71790358527 
133.312631671 62.3585544777 1.36308336258 81.8254699707 24.0019302368 8388608 0.53821421771 0.0 0.53821421771 0.193815364281 1.34923380402 -1.34923380402 0.193815364281 
296.683506529 57.9471309874 1.33271312714 257.148620605 21.251947403 8388608 0.563023664328 0.0 0.563023664328 -0.296425869919 -1.29932905104 1.29932905104 -0.296425869919 
90.4256312381 59.1973784542 1.40407419205 275.411499023 21.2067871094 8388608 0.507247466386 0.0 0.507247466386 0.132415592543 -1.39781631398 1.39781631398 0.132415592543 
305.410186499 57.0401220326 1.51132357121 269.245788574 21.1437797546 8388608 0.437809406525 0.0 0.437809406525 -0.0198936919422 -1.51119263428 1.51119263428 -0.0198936919422 
293.159935288 51.2592970958 1.35797512531 249.09588623 20.3080253601 8388608 0.542270988536 0.0 0.542270988536 -0.484532413966 -1.2685916525 1.2685916525 -0.484532413966 
44.5976007353 53.5980062002 1.1660695076 243.831665039 19.5898551941 8388608 0.735446562443 0.0 0.735446562443 -0.514248205462 -1.04654998912 1.04654998912 -0.514248205462 
354.431592789 24.7703685048 1.45054638386 269.162963867 16.9855728149 8388608 0.475266013247 0.0 0.475266013247 -0.0211903312587 -1.45039159594 1.45039159594 -0.0211903312587 
340.319792336 66.5881493162 1.46728241444 224.476806641 15.1917819977 8388608 0.464485942758 0.0 0.464485942758 -1.04695606508 -1.02800811354 1.02800811354 -1.04695606508 
61.4649289904 94.5831745778 1.4881799221 180.918426514 13.3456192017 8388608 0.451532607215 0.0 0.451532607215 -1.48798873451 -0.0238538576157 0.0238538576157 -1.48798873451 
338.178669687 100.610467761 1.47406077385 289.101104736 12.7246046066 8388608 0.460223956068 0.0 0.460223956068 0.482365926434 -1.39290282433 1.39290282433 0.482365926434 
118.812048058 64.7528873386 1.32351636887 315.743896484 10.1152734756 8388608 0.570875449013 0.0 0.570875449013 0.947938960672 -0.923638081446 0.923638081446 0.947938960672 
22.8827307075 61.2521052404 1.81017637253 191.754333496 6.85475158691 17301504 0.305181509023 0.0 0.305181509023 -1.77221709616 -0.368761526898 0.368761526898 -1.77221709616 
19.9054271445 59.4714598443 2.30263900757 193.840606689 6.72887420654 17957120 0.188602864711 0.0 0.188602864711 -2.23578184368 -0.550841126506 0.550841126506 -2.23578184368 
251.405749009 71.3609814038 1.7620704174 280.574981689 6.37152671814 15335424 0.322072377974 0.0 0.322072377974 0.323378920634 -1.7321426701 1.7321426701 0.323378920634 
187.815411665 85.1485147892 1.28652667999 267.783203125 6.02626419067 8388608 0.604174520285 0.0 0.604174520285 -0.0497638196078 -1.28556386873 1.28556386873 -0.0497638196078 
242.391733218 73.2752234063 1.42160654068 275.52520752 5.96674537659 8388608 0.494813083136 0.0 0.494813083136 0.136877497848 -1.41500166328 1.41500166328 0.136877497848 
359.049937219 112.05785976 1.24586868286 70.2912597656 5.44606781006 8388608 0.644251534445 0.0 0.644251534445 0.420155349195 1.1728845883 -1.1728845883 0.420155349195 
131.119135608 85.0926948809 1.76292812824 251.129943848 5.33038330078 15400960 0.321759060868 0.0 0.321759060868 -0.570171384237 -1.66817870084 1.66817870084 -0.570171384237 
246.349127737 80.8953721809 1.67252922058 300.633087158 5.16488838196 11534336 0.357480677187 0.0 0.357480677187 0.852217849664 -1.4391242929 1.4391242929 0.852217849664 
51.3243798878 29.3805780148 2.97524809837 251.349639893 4.62921142578 19792384 0.112967528512 0.0 0.112967528512 -0.951461214456 -2.81901096207 2.81901096207 -0.951461214456 
231.382310408 83.0951624399 1.25122582912 268.986022949 4.51398086548 8388608 0.63874659503 0.0 0.63874659503 -0.0221420855542 -1.25102989713 1.25102989713 -0.0221420855542 
369.776016271 33.9508908201 1.92116165161 7.35327148438 4.44285583496 21561344 0.270939410679 0.0 0.270939410679 1.905361776 0.245883293844 -0.245883293844 1.905361776 
151.444951585 78.1974202557 2.58938956261 263.981445312 4.39589691162 9765376 0.149143803302 0.0 0.149143803302 -0.271498852837 -2.57511682839 2.57511682839 -0.271498852837 
367.562097301 38.6685034829 1.45432126522 352.208770752 3.99356460571 8388608 0.47280198486 0.0 0.47280198486 1.44089584971 -0.197153475149 0.197153475149 1.44089584971 
305.47268384 12.8111898798 1.27040493488 278.175323486 3.87018585205 8388608 0.619606058733 0.0 0.619606058733 0.180654932201 -1.25749453042 1.25749453042 0.180654932201 
377.38757906 98.0602151861 2.83265018463 348.7918396 3.62727355957 16253440 0.124627565033 0.0 0.124627565033 2.77862441132 -0.550593724386 0.550593724386 2.77862441132 
376.002542149 94.3146752861 1.57596683502 358.616546631 3.61389160156 8388608 0.402629741516 0.0 0.402629741516 1.5755074469 -0.0380493082497 0.0380493082497 1.5755074469 
378.144978296 58.106676395 1.75754284859 355.133605957 3.55681610107 15138816 0.323733882934 0.0 0.323733882934 1.75120730169 -0.149096784442 0.149096784442 1.75120730169 
375.27231183 107.570953325 1.48135924339 8.86755371094 3.54992675781 8388608 0.455700197191 0.0 0.455700197191 1.46365302891 0.228352838684 -0.228352838684 1.46365302891 
374.814003304 103.058022061 1.43562197685 354.411071777 3.54860687256 8388608 0.48519889598 0.0 0.48519889598 1.42879737197 -0.139816058741 0.139816058741 1.42879737197 
252.351396219 65.1730579081 1.22254061699 284.810546875 3.4758605957 8388608 0.669072848808 0.0 0.669072848808 0.312510385534 -1.18192335586 1.18192335586 0.312510385534 
233.951610061 77.5770932027 2.29727935791 271.239379883 3.41729164124 17826048 0.189483928172 0.0 0.189483928172 0.049689171019 -2.29674191727 2.29674191727 0.049689171019 
378.15620999 65.9594869814 2.36764240265 6.06622314453 3.23377609253 19988736 0.178388881101 0.0 0.178388881101 2.3543845898 0.250207414193 -0.250207414193 2.3543845898 
167.468863285 64.6089993216 1.31420361996 265.402893066 2.67706871033 8388608 0.578994824611 0.0 0.578994824611 -0.1053315715 -1.3099757306 1.3099757306 -0.1053315715 
314.481955659 42.8071181141 1.43280744553 70.0854187012 2.45149040222 8388608 0.487106966405 0.0 0.487106966405 0.488041202426 1.34712767052 -1.34712767052 0.488041202426 
306.82447772 42.6215498285 1.32806932926 77.244934082 2.43270301819 8388608 0.566967945183 0.0 0.566967945183 0.293216021791 1.2952963012 -1.2952963012 0.293216021791 
322.941816129 42.7858213325 1.47209620476 78.6465759277 2.10255527496 8388608 0.461453148919 0.0 0.461453148919 0.289797461686 1.44328952995 -1.44328952995 0.289797461686 
203.610050863 71.0359659381 1.68479597569 266.191101074 1.25464248657 12058624 0.352294097632 0.0 0.352294097632 -0.11191909906 -1.68107453581 1.68107453581 -0.11191909906 
