13
140
76.5836118617 130.3367078 2.55180430412 144.303512796 147.057067871 8716800 0.153569605546 0.0 0.153569605546 -2.07236953081 1.48895592088 -1.48895592088 -2.07236953081 
157.47178175 131.543794886 2.90130019188 139.335302012 142.459945679 17957376 0.118799514699 0.0 0.118799514699 -2.2007405663 1.89057762687 -1.89057762687 -2.2007405663 
178.669480895 45.9961082747 1.44372916222 135.944056577 140.273300171 8388608 0.479764977991 0.0 0.479764977991 -1.03755212535 1.00391208829 -1.00391208829 -1.03755212535 
134.867640352 134.575101253 1.28573393822 137.930859306 139.097991943 8388608 0.604919778727 0.0 0.604919778727 -0.954447646621 0.861476319897 -0.861476319897 -0.954447646621 
178.303984389 132.265230328 3.0995490551 142.900953008 136.634048462 22741504 0.104088553141 0.0 0.104088553141 -2.47218161112 1.86963162859 -1.86963162859 -2.47218161112 
128.519479082 134.639274598 1.23180687428 142.105154698 133.548431396 8388608 0.659044519998 0.0 0.659044519998 -0.97206727203 0.756593281863 -0.756593281863 -0.97206727203 
93.2258923715 131.727118173 2.54571461678 142.41068131 132.961883545 8520192 0.154305202088 0.0 0.154305202088 -2.01723285489 1.55287942842 -1.55287942842 -2.01723285489 
152.716541067 108.385265653 1.52191305161 137.033953781 129.594467163 8388608 0.431738041462 0.0 0.431738041462 -1.11367163838 1.03728241985 -1.03728241985 -1.11367163838 
214.0840331 139.652269342 1.19370901585 131.398307528 127.38507843 8388608 0.701783336614 0.0 0.701783336614 -0.789387485752 0.895437664973 -0.895437664973 -0.789387485752 
159.892431069 142.476355522 1.60761094093 142.614696084 127.254241943 8716288 0.386935069673 0.0 0.386935069673 -1.27736004154 0.976096440776 -0.976096440776 -1.27736004154 
216.78670807 81.7578121416 1.5942581892 131.886868576 127.072944641 8388608 0.393443782823 0.0 0.393443782823 -1.06442553414 1.18686876111 -1.18686876111 -1.06442553414 
237.24347169 79.6176458176 1.29704868793 133.845393825 124.852958679 8388608 0.594411827814 0.0 0.594411827814 -0.898484805315 0.935446606436 -0.935446606436 -0.898484805315 
96.6964019613 113.459894505 4.10686683655 138.923453265 122.580528259 9699585 0.0592896323695 0.0 0.0592896323695 -3.09588935358 2.69848556111 -2.69848556111 -3.09588935358 
60.6053062899 130.380115204 2.36157011986 139.409494784 120.432868958 19792128 0.179307439792 0.0 0.179307439792 -1.79332708694 1.53655178573 -1.53655178573 -1.79332708694 
197.832152879 134.748428319 2.80137777328 130.769186854 119.722831726 15467008 0.127425587006 0.0 0.127425587006 -1.82933723705 2.12161323096 -2.12161323096 -1.82933723705 
204.418096976 104.465092837 1.33041274548 133.765687827 119.277984619 8388608 0.564972366395 0.0 0.564972366395 -0.92026088601 0.960790286693 -0.960790286693 -0.92026088601 
215.410063319 133.663825911 1.35841238499 132.426312655 114.806938171 8388608 0.541921941257 0.0 0.541921941257 -0.916441296374 1.00270611746 -1.00270611746 -0.916441296374 
200.70727945 117.38807869 3.42371916771 132.525822731 112.803863525 13238273 0.0853107443998 0.0 0.0853107443998 -2.31416855809 2.52318782973 -2.52318782973 -2.31416855809 
202.142138106 112.161663583 2.07912826538 135.414812576 112.255096436 10617088 0.231332917345 0.0 0.231332917345 -1.48077084506 1.45948348683 -1.45948348683 -1.48077084506 
105.319226895 131.52445411 2.48339295387 143.251852809 112.222747803 23462144 0.162147072054 0.0 0.162147072054 -1.98987612132 1.48581075011 -1.48581075011 -1.98987612132 
222.878033738 69.6804991549 2.75266337395 136.539957719 112.141159058 14156288 0.131975644444 0.0 0.131975644444 -1.99803240541 1.89341547401 -1.89341547401 -1.99803240541 
81.8095656226 88.5872256151 2.59902977943 131.468336962 111.206588745 10027520 0.148039458797 0.0 0.148039458797 -1.72109325953 1.94750963705 -1.94750963705 -1.72109325953 
207.056718593 77.1342794134 1.9455704689 137.534821814 109.732383728 22478848 0.264183730628 0.0 0.264183730628 -1.43522358757 1.31353633492 -1.31353633492 -1.43522358757 
107.04125797 98.5880048123 1.84837520123 139.297724516 109.469429016 18808832 0.292697985683 0.0 0.292697985683 -1.40126883612 1.20537817029 -1.20537817029 -1.40126883612 
278.252232975 60.8653094861 1.37441694736 142.742432958 108.788749695 8388608 0.529374474732 0.0 0.529374474732 -1.09392876054 0.832070797503 -0.832070797503 -1.09392876054 
133.417462111 132.202187888 2.61889863014 141.762028443 108.031425476 10551808 0.145801711844 0.0 0.145801711844 -2.05700576762 1.62091249206 -1.62091249206 -2.05700576762 
136.366707209 109.843953546 2.88436937332 135.566932276 105.599845886 17564160 0.120198278863 0.0 0.120198278863 -2.05963805169 2.01927654812 -2.01927654812 -2.05963805169 
264.50630603 139.050765342 1.87440669537 139.071475353 104.815567017 19791872 0.284624542943 0.0 0.284624542943 -1.41616564229 1.22795575377 -1.22795575377 -1.41616564229 
138.336858638 106.99286019 2.03281521797 133.873019618 102.742431641 8978688 0.241993774487 0.0 0.241993774487 -1.40886788806 1.46541085857 -1.46541085857 -1.40886788806 
154.165925183 101.333793768 1.7816836834 137.670979323 102.385681152 16121856 0.315020484044 0.0 0.315020484044 -1.31718113518 1.19976272854 -1.19976272854 -1.31718113518 
167.049576066 143.076718368 1.55266475677 144.364169727 97.7639846802 8388608 0.41480559867 0.0 0.41480559867 -1.26190742544 0.904631138392 -0.904631138392 -1.26190742544 
274.186072981 130.325322422 2.35736465454 132.089926802 96.7103652954 19661056 0.179947768252 0.0 0.179947768252 -1.58013247913 1.74938545292 -1.74938545292 -1.58013247913 
187.934895169 125.064305831 1.34296309948 131.80769212 96.435798645 8388608 0.554462068086 0.0 0.554462068086 -0.895262910858 1.00102657657 -1.00102657657 -0.895262910858 
197.067740405 124.116977034 1.71053886414 136.794722521 94.7892913818 13172736 0.341770133489 0.0 0.341770133489 -1.24682130768 1.17105927794 -1.17105927794 -1.24682130768 
72.6560273492 140.907248831 1.24135828018 134.485122449 94.1127929688 8388608 0.648941740298 0.0 0.648941740298 -0.869849584775 0.885625247858 -0.885625247858 -0.869849584775 
292.054029447 55.2245914356 1.31863737106 132.603357453 93.7776184082 8388608 0.575107776975 0.0 0.575107776975 -0.892610826122 0.970592823718 -0.970592823718 -0.892610826122 
277.278545837 109.272874017 1.30248248577 130.042577482 92.2689971924 8388608 0.589462546213 0.0 0.589462546213 -0.837960824733 0.997137042716 -0.997137042716 -0.837960824733 
69.5651541764 100.111436489 1.38445436954 137.956109617 91.2228622437 8388608 0.521726272917 0.0 0.521726272917 -1.02814016199 0.927168651681 -0.927168651681 -1.02814016199 
213.849758209 56.1486792748 1.88880622387 135.004153653 90.4949569702 20381696 0.280301350196 0.0 0.280301350196 -1.33568450906 1.33549086241 -1.33549086241 -1.33568450906 
286.705792277 60.7032095848 1.3027330637 131.240120337 90.2329559326 8388608 0.589235804295 0.0 0.589235804295 -0.858782692407 0.979594672542 -0.979594672542 -0.858782692407 
215.922613595 120.163366531 2.25584292412 129.699923149 90.1815872192 16515328 0.196508928557 0.0 0.196508928557 -1.44095753327 1.73564647483 -1.73564647483 -1.44095753327 
90.6552057517 112.550701273 1.80351889133 136.491396308 86.8162994385 17039360 0.307438751942 0.0 0.307438751942 -1.30803994555 1.24165691407 -1.24165691407 -1.30803994555 
213.224812072 111.174206954 5.25051689148 135.118394044 83.7388839722 10748417 0.0362740360285 0.0 0.0362740360285 -3.72033991413 3.70499643064 -3.70499643064 -3.72033991413 
163.530898135 107.616279768 5.60249710083 131.809327993 83.7136154175 15467009 0.0318593359193 0.0 0.0318593359193 -3.73492613878 4.1759191207 -4.1759191207 -3.73492613878 
119.028750287 79.9000158697 4.50321245193 130.325631326 82.977432251 16384257 0.0493122849875 0.0 0.0493122849875 -2.91416790551 3.43315420652 -3.43315420652 -2.91416790551 
175.922500529 77.0297909595 4.25555992126 134.954582984 82.5618896484 12255489 0.055218751104 0.0 0.055218751104 -3.00674906224 3.01151960316 -3.01151960316 -3.00674906224 
79.4636494316 107.589111241 2.28057861328 141.660396855 81.7161331177 17301760 0.192269282401 0.0 0.192269282401 -1.78876679197 1.41469154777 -1.41469154777 -1.78876679197 
248.9168825 77.2169933397 3.10080218315 134.192308053 80.1757507324 22807040 0.104004439469 0.0 0.104004439469 -2.16147261642 2.22328817464 -2.22328817464 -2.16147261642 
67.7219573408 106.693104447 1.80489981174 137.301304345 77.2022399902 17039360 0.306968492004 0.0 0.306968492004 -1.32647507881 1.22398006345 -1.22398006345 -1.32647507881 
182.230964123 37.3952259612 2.09516501427 135.141005835 74.7028427124 11141376 0.227805147405 0.0 0.227805147405 -1.48514690775 1.47785489795 -1.47785489795 -1.48514690775 
215.670194803 135.031842425 3.02412438393 134.838806871 74.1881866455 20972032 0.109345445931 0.0 0.109345445931 -2.13235439444 2.14438639848 -2.14438639848 -2.13235439444 
31.8806377235 79.6341982959 1.53294420242 123.553673931 72.8244094849 8388608 0.425546776845 0.0 0.425546776845 -0.847285725305 1.27750727099 -1.27750727099 -0.847285725305 
161.303731181 77.5125758897 1.33910655975 136.99673665 71.8034362793 8388608 0.557660296137 0.0 0.557660296137 -0.979308521444 0.913324256878 -0.913324256878 -0.979308521444 
148.643693662 76.9822628774 2.3327293396 135.937821539 71.6425018311 18940160 0.183768595714 0.0 0.183768595714 -1.67626552675 1.62227003167 -1.62227003167 -1.67626552675 
48.095702893 109.297669172 2.41349005699 135.397382319 71.0808792114 21364992 0.171675757389 0.0 0.171675757389 -1.71839035727 1.69471792202 -1.69471792202 -1.71839035727 
169.805289478 106.429555738 2.7876791954 131.940109305 70.6571884155 15073792 0.128680995534 0.0 0.128680995534 -1.8631549777 2.07359803857 -2.07359803857 -1.8631549777 
42.2976611503 126.001663929 1.71217930317 142.348160537 67.5970230103 13238272 0.341115547272 0.0 0.341115547272 -1.35559618183 1.04590485131 -1.04590485131 -1.35559618183 
49.7081147592 107.461927874 1.54977464676 131.023814542 66.3167114258 8388608 0.416354148513 0.0 0.416354148513 -1.01722970953 1.16920707054 -1.16920707054 -1.01722970953 
228.366161044 68.9074380014 1.29106903076 136.528293162 65.2975006104 8388608 0.59993068082 0.0 0.59993068082 -0.936947126392 0.888250710407 -0.888250710407 -0.936947126392 
159.971298561 77.7876056147 2.26324772835 138.660045059 65.1214370728 16711936 0.19522517182 0.0 0.19522517182 -1.69925477259 1.4949326064 -1.4949326064 -1.69925477259 
200.748676631 132.84860966 1.29130578041 131.956168098 64.7812728882 8388608 0.599710716874 0.0 0.599710716874 -0.863317841692 0.960287937411 -0.960287937411 -0.863317841692 
265.232416537 75.9087414797 1.17281222343 135.44419092 63.9520225525 8388608 0.727014432825 0.0 0.727014432825 -0.835707743486 0.822849365872 -0.822849365872 -0.835707743486 
47.3915267279 116.91803939 2.53014945984 140.186209394 63.8095970154 24772864 0.156209573716 0.0 0.156209573716 -1.94348226845 1.62004103693 -1.62004103693 -1.94348226845 
127.30245087 114.307481997 2.14116716385 133.455795277 62.954662323 12714240 0.218121688447 0.0 0.218121688447 -1.47268349462 1.55428444894 -1.55428444894 -1.47268349462 
263.958679939 129.628256523 1.76833236217 136.663977663 62.9202613831 15597568 0.319795398167 0.0 0.319795398167 -1.28618139626 1.21356366089 -1.21356366089 -1.28618139626 
76.4050314004 91.7785286536 1.24640071392 134.325879864 62.2209968567 8388608 0.643701649215 0.0 0.643701649215 -0.870908146041 0.891646645719 -0.891646645719 -0.870908146041 
46.3432148443 95.6116444589 1.58833932877 136.853301415 59.9320907593 8388608 0.396381540211 0.0 0.396381540211 -1.15886053187 1.08621549012 -1.08621549012 -1.15886053187 
173.056483154 105.861555683 1.58024859428 134.317723775 58.4761886597 8388608 0.400450808341 0.0 0.400450808341 -1.10401957323 1.13063097501 -1.13063097501 -1.10401957323 
176.807624664 126.711668949 1.34126281738 144.730673625 57.9173355103 8388608 0.555868711824 0.0 0.555868711824 -1.09506977882 0.77447280443 -0.77447280443 -1.09506977882 
229.355818142 138.602764011 1.45133447647 135.948378885 56.3386039734 8388608 0.47475000271 0.0 0.47475000271 -1.0430938992 1.00912183608 -1.00912183608 -1.0430938992 
38.2967873216 84.2507264018 1.33937728405 131.264564559 55.56224823 8388608 0.557434882529 0.0 0.557434882529 -0.88336875673 1.00677264 -1.00677264 -0.88336875673 
225.669580008 37.674964816 1.98990154266 143.213347562 54.9505996704 24117248 0.252543864913 0.0 0.252543864913 -1.59365423361 1.19162675918 -1.19162675918 -1.59365423361 
288.377963918 38.318932789 1.25846505165 154.313202723 54.3848152161 8388608 0.631419050971 0.0 0.631419050971 -1.13409966658 0.545483485074 -0.545483485074 -1.13409966658 
246.178592468 38.6190044068 2.08094167709 143.112846274 50.6402740479 10682624 0.230929908417 0.0 0.230929908417 -1.66437722909 1.2490663324 -1.2490663324 -1.66437722909 
186.35195872 145.316013391 1.83234477043 140.98002662 50.0043067932 18153472 0.297841776738 0.0 0.297841776738 -1.42359726859 1.15362826534 -1.15362826534 -1.42359726859 
223.656055013 56.5600165168 1.47034537792 125.929020384 49.853263855 8388608 0.462552762099 0.0 0.462552762099 -0.862773037599 1.19060413907 -1.19060413907 -0.862773037599 
45.1272788388 93.7812509817 2.39209198952 138.549328895 49.6432495117 20709632 0.174760889511 0.0 0.174760889511 -1.79293496579 1.58350506623 -1.58350506623 -1.79293496579 
161.193459712 108.321039288 1.2480045557 136.734171671 48.8514022827 8388608 0.642048238229 0.0 0.642048238229 -0.908774023907 0.855362580738 -0.855362580738 -0.908774023907 
66.3761239474 119.289737074 1.2161103487 138.367704963 48.570098877 8388608 0.676167093717 0.0 0.676167093717 -0.90894975308 0.80792000012 -0.80792000012 -0.90894975308 
77.3812825883 77.7855981208 2.13672327995 136.810136463 47.9758605957 12583168 0.21902991595 0.0 0.21902991595 -1.55786298309 1.46241215155 -1.46241215155 -1.55786298309 
46.1885848266 77.4282407895 1.41160655022 134.648325591 46.928527832 8388608 0.501848545917 0.0 0.501848545917 -0.992011238962 1.00426428513 -1.00426428513 -0.992011238962 
120.650121922 106.573520596 1.46692836285 133.313483527 46.6031150818 8388608 0.464710182518 0.0 0.464710182518 -1.00629760396 1.0673537155 -1.0673537155 -1.00629760396 
58.2680256573 107.740557734 1.62310099602 141.805423592 44.498298645 9371648 0.3795848858 0.0 0.3795848858 -1.27562011382 1.00361853734 -1.00361853734 -1.27562011382 
64.4676001188 81.7560642553 1.66175293922 143.604732942 43.5829353333 11075584 0.36213215476 0.0 0.36213215476 -1.33761608745 0.986005088028 -0.986005088028 -1.33761608745 
58.9659561598 81.3161479765 3.4355597496 137.982239166 42.9808082581 13500417 0.0847237144917 0.0 0.0847237144917 -2.55240572248 2.29962949645 -2.29962949645 -2.55240572248 
105.827726832 106.604127958 1.54804861546 144.180501498 41.6944999695 8388608 0.417283112782 0.0 0.417283112782 -1.25525798126 0.905970151991 -0.905970151991 -1.25525798126 
170.664765723 97.6978997575 1.88644766808 130.154051199 40.6932601929 20250624 0.281002689186 0.0 0.281002689186 -1.21646624841 1.44183725533 -1.44183725533 -1.21646624841 
158.950302701 68.1915648626 2.1997988224 141.042824578 40.1074066162 14680320 0.206649362358 0.0 0.206649362358 -1.71059901892 1.38310008876 -1.38310008876 -1.71059901892 
174.22115586 95.7810704762 1.25594425201 127.412500526 39.9115715027 8388608 0.633956230849 0.0 0.633956230849 -0.763047858921 0.997574021897 -0.997574021897 -0.763047858921 
206.007881781 90.7192828193 3.26313853264 132.86148304 39.5674057007 9764865 0.0939137055303 0.0 0.0939137055303 -2.21967906204 2.39188167448 -2.39188167448 -2.21967906204 
159.551570276 103.11837725 1.27795696259 138.601527966 39.2873535156 8388608 0.612304629568 0.0 0.612304629568 -0.958632201709 0.845102538197 -0.845102538197 -0.958632201709 
137.059290597 61.7349855344 3.5192027092 120.852220087 38.6465072632 15204353 0.080744218112 0.0 0.080744218112 -1.80473695522 3.02121039169 -3.02121039169 -1.80473695522 
230.076920499 85.4457467316 1.24668598175 135.73258383 37.7704124451 8388608 0.643407098115 0.0 0.643407098115 -0.892739119457 0.87019699016 -0.87019699016 -0.892739119457 
117.458922568 122.099747989 1.55786466599 137.041650991 35.9888000488 8388608 0.412041107355 0.0 0.412041107355 -1.14012214185 1.06163261969 -1.06163261969 -1.14012214185 
279.334847521 93.8717379798 1.91295385361 131.465149064 34.3705482483 21299200 0.273269405987 0.0 0.273269405987 -1.26668987025 1.43348847872 -1.43348847872 -1.26668987025 
91.1707413319 121.410319877 1.7368285656 141.370665926 34.2839431763 14286848 0.331501954512 0.0 0.331501954512 -1.35681214022 1.08426670263 -1.08426670263 -1.35681214022 
153.037249522 92.0341723299 1.55358326435 131.276054461 32.958782196 8388608 0.414315261955 0.0 0.414315261955 -1.02487967043 1.1675798133 -1.1675798133 -1.02487967043 
135.857136627 88.7747228614 2.26175713539 140.139869837 31.1337814331 16711936 0.195482579791 0.0 0.195482579791 -1.73615039184 1.44959551476 -1.44959551476 -1.73615039184 
184.117846663 84.9068934342 1.65891003609 131.999894127 30.5175018311 10944512 0.363374402691 0.0 0.363374402691 -1.11002520032 1.23281246039 -1.23281246039 -1.11002520032 
153.231257609 89.3201154711 2.60129976273 134.076813524 29.6842079163 10093056 0.147781202921 0.0 0.147781202921 -1.80952167654 1.86879419886 -1.86879419886 -1.80952167654 
112.494861228 107.804997779 1.45206916332 135.237892523 29.6551990509 8388608 0.474269716569 0.0 0.474269716569 -1.03102223813 1.02249596554 -1.02249596554 -1.03102223813 
38.3777996509 118.451119038 1.41434693336 145.976843488 29.0513191223 8388608 0.499905705806 0.0 0.499905705806 -1.17222700749 0.791366596989 -0.791366596989 -1.17222700749 
258.90944362 69.5266971621 1.26155126095 134.520388252 28.9642601013 8388608 0.628333472438 0.0 0.628333472438 -0.88455309765 0.899487299209 -0.899487299209 -0.88455309765 
67.2924484198 75.2054254827 1.5296806097 142.613218017 28.200958252 8388608 0.427364532626 0.0 0.427364532626 -1.21541494812 0.928810675857 -0.928810675857 -1.21541494812 
167.767991218 71.5501479538 1.27822721004 139.379256309 27.8193531036 8388608 0.612045745581 0.0 0.612045745581 -0.970220018111 0.832188630633 -0.832188630633 -0.970220018111 
144.72117992 132.651719997 2.1730761528 136.577947239 27.4293518066 13762816 0.211763013309 0.0 0.211763013309 -1.57832729213 1.49370108281 -1.49370108281 -1.57832729213 
291.153862848 47.9562328718 1.39317762852 146.851347591 26.7802639008 8388608 0.51521324116 0.0 0.51521324116 -1.16644451053 0.761807789703 -0.761807789703 -1.16644451053 
98.1293148821 80.7490664616 1.79914343357 135.020734295 25.8281669617 16842752 0.308935932181 0.0 0.308935932181 -1.27264681994 1.27172605787 -1.27172605787 -1.27264681994 
264.986230062 108.119119039 2.57270622253 124.71836477 24.9481239319 9306624 0.151084393714 0.0 0.151084393714 -1.46526685219 2.11466554313 -2.11466554313 -1.46526685219 
59.829253177 96.1377145155 2.55426836014 136.830934695 24.212928772 8782336 0.153273456875 0.0 0.153273456875 -1.86292527494 1.74751145221 -1.74751145221 -1.86292527494 
258.101924522 122.383553242 1.80780303478 132.349301996 24.1046218872 17170432 0.305983337786 0.0 0.305983337786 -1.2178241708 1.33605991691 -1.33605991691 -1.2178241708 
180.223018032 56.6392302017 2.45151972771 138.883485974 23.7999305725 22479104 0.166390763733 0.0 0.166390763733 -1.84691095268 1.61210077483 -1.61210077483 -1.84691095268 
197.430051946 101.411507102 1.25553071499 129.744780015 23.4526443481 8388608 0.634373914854 0.0 0.634373914854 -0.802747359054 0.965377674184 -0.965377674184 -0.802747359054 
248.429141455 92.6977647377 3.48815464973 131.050228251 22.879196167 14614529 0.0821880236327 0.0 0.0821880236327 -2.29074228798 2.63053656704 -2.63053656704 -2.29074228798 
204.96749318 84.3785671026 1.46513855457 130.509009097 21.6194610596 8388608 0.46584625276 0.0 0.46584625276 -0.951706542352 1.11395046629 -1.11395046629 -0.951706542352 
170.77477516 38.1180667877 2.17496275902 128.694499987 20.3578186035 13828352 0.211395797693 0.0 0.211395797693 -1.35971654684 1.69753760352 -1.69753760352 -1.35971654684 
239.149227498 60.946651838 1.47670948505 124.352714141 18.4341049194 8388608 0.458574468303 0.0 0.458574468303 -0.833286266889 1.21914105035 -1.21914105035 -0.833286266889 
166.924141862 46.7520939692 1.3470441103 132.849834304 18.3070526123 8388608 0.55110755573 0.0 0.55110755573 -0.916096715083 0.987570070275 -0.987570070275 -0.916096715083 
149.444755285 69.9990416645 1.58151066303 140.824730472 17.1491775513 8388608 0.3998119321 0.0 0.3998119321 -1.22601429667 0.999031992299 -0.999031992299 -1.22601429667 
165.176395518 89.269716831 1.84505355358 127.103498226 16.8161773682 18677760 0.293752821987 0.0 0.293752821987 -1.11304088772 1.47151710756 -1.47151710756 -1.11304088772 
163.437998326 58.0307668869 1.34375572205 131.194307819 16.0392913818 8388608 0.553808155287 0.0 0.553808155287 -0.885017280459 1.01114976824 -1.01114976824 -0.885017280459 
196.116410344 87.4012162842 1.40296256542 127.219851394 15.4125976562 8388608 0.508051612116 0.0 0.508051612116 -0.848617057565 1.11720770208 -1.11720770208 -0.848617057565 
139.324570456 70.4889932437 1.54963123798 134.290623307 15.1528339386 8388608 0.416431214075 0.0 0.416431214075 -1.08210462664 1.10923692273 -1.10923692273 -1.08210462664 
248.101490408 70.1632857526 1.27754199505 131.368401812 14.8898735046 8388608 0.612702468247 0.0 0.612702468247 -0.844325057026 0.958764177047 -0.958764177047 -0.844325057026 
197.395710131 68.8665170666 1.5861158371 139.077391546 14.5273780823 8388608 0.397493651687 0.0 0.397493651687 -1.19846128296 1.03896775789 -1.03896775789 -1.19846128296 
249.169096223 67.6264729195 1.90617775917 136.781960501 14.4712152481 21037056 0.275215699306 0.0 0.275215699306 -1.38913287979 1.30530589972 -1.30530589972 -1.38913287979 
267.489484168 83.3022653275 1.65339839458 132.898399006 14.3029327393 10747904 0.36580107447 0.0 0.36580107447 -1.12546894777 1.21121670184 -1.21121670184 -1.12546894777 
69.4714283141 64.7656840071 2.6433095932 132.567544882 9.91522216797 11272704 0.143121189071 0.0 0.143121189071 -1.78809029949 1.94674566555 -1.94674566555 -1.78809029949 
65.716541529 142.526130923 1.51703071594 132.477199268 9.78235626221 8388608 0.434521481479 0.0 0.434521481479 -1.02444592153 1.11888013074 -1.11888013074 -1.02444592153 
287.512454969 97.700088311 1.60817408562 137.798572649 9.52734375 8716288 0.386664126026 0.0 0.386664126026 -1.19131584289 1.08027332288 -1.08027332288 -1.19131584289 
57.677887564 137.030705532 1.47903716564 137.939094695 8.42710113525 8388608 0.457132212524 0.0 0.457132212524 -1.09808617923 0.990836858587 -0.990836858587 -1.09808617923 
266.893189281 95.8109125453 1.29412293434 128.550221874 7.54940414429 8388608 0.597102558929 0.0 0.597102558929 -0.806497907626 1.01208462798 -1.01208462798 -0.806497907626 
224.899514969 94.4052198491 2.01188588142 130.274643571 6.95738601685 24903680 0.247054810204 0.0 0.247054810204 -1.30058804391 1.5349773744 -1.5349773744 -1.30058804391 
61.800522816 142.381976501 1.49149525166 122.745711857 6.68868637085 8388608 0.449527484323 0.0 0.449527484323 -0.806766970547 1.25446607804 -1.25446607804 -0.806766970547 
192.03034638 96.34635 1.29665732384 126.375100065 6.49168014526 8388608 0.594770699123 0.0 0.594770699123 -0.769007307939 1.04400573552 -1.04400573552 -0.769007307939 
168.308980978 29.3226545093 1.50954544544 125.113238038 5.89585876465 8388608 0.438841424053 0.0 0.438841424053 -0.868281887538 1.23483359835 -1.23483359835 -0.868281887538 
237.070932667 106.524702102 2.98419046402 124.973647505 5.75788497925 19988992 0.112291510416 0.0 0.112291510416 -1.71053683014 2.44529271833 -2.44529271833 -1.71053683014 
141.425719034 120.417254336 1.36927962303 126.025092859 5.73448181152 8388608 0.533354187895 0.0 0.533354187895 -0.805327442907 1.10741789571 -1.10741789571 -0.805327442907 
244.473355126 111.008960974 1.62351834774 122.501918998 3.67479705811 9437184 0.379389753982 0.0 0.379389753982 -0.872361632338 1.36923226951 -1.36923226951 -0.872361632338 
46.1164576844 143.924194788 1.7736697197 124.982076022 3.60367584229 15794176 0.31787362638 0.0 0.31787362638 -1.01688059146 1.45322336111 -1.45322336111 -1.01688059146 
