13
163
220.754968103 56.2653443985 2.67145609856 56.1975708008 115.686912537 11993600 0.140121222217 0.0 0.140121222217 1.48621343319 2.21987551847 -2.21987551847 1.48621343319 
191.522476893 130.509999777 1.54560041428 76.0928344727 115.569229126 8388608 0.418606096512 0.0 0.418606096512 0.371484194632 1.50029334923 -1.50029334923 0.371484194632 
99.0565343334 70.3741786427 1.54734504223 83.5322265625 112.746734619 8388608 0.417662673857 0.0 0.417662673857 0.174299679355 1.53749676471 -1.53749676471 0.174299679355 
217.319548206 123.845019198 1.9362667799 71.0236206055 109.046386719 22151168 0.266728615779 0.0 0.266728615779 0.629631997597 1.83103593371 -1.83103593371 0.629631997597 
209.62300254 30.2262987317 1.32709789276 110.441467285 108.493476868 8388608 0.56779829077 0.0 0.56779829077 -0.463489343885 1.24352983281 -1.24352983281 -0.463489343885 
104.611670254 33.1503756377 1.50664842129 68.1351623535 107.866981506 8388608 0.440530678779 0.0 0.440530678779 0.561103444264 1.39826763897 -1.39826763897 0.561103444264 
213.662663109 124.498101337 5.34603977203 72.5897521973 105.034591675 12059137 0.0349893302296 0.0 0.0349893302296 1.59959637018 5.10112072948 -5.10112072948 1.59959637018 
220.633870022 40.1316658882 1.43044292927 140.084106445 99.9387512207 8388608 0.488718668984 0.0 0.488718668984 -1.09713139916 0.917861463879 -0.917861463879 -1.09713139916 
151.600335768 91.500235667 1.38345730305 73.9847412109 99.6095581055 8388608 0.522478566812 0.0 0.522478566812 0.381686663713 1.32976291124 -1.32976291124 0.381686663713 
246.037686155 45.1192640031 1.26619148254 64.3752441406 98.0987548828 8388608 0.623736594058 0.0 0.623736594058 0.547596622775 1.14165616943 -1.14165616943 0.547596622775 
184.972847303 124.279131547 1.6581132412 1.99523925781 96.5959472656 10944512 0.363723720733 0.0 0.363723720733 1.65710796592 0.0577296276547 -0.0577296276547 1.65710796592 
149.466434564 91.934013285 2.42815709114 79.4088745117 93.5109710693 21823744 0.16960804157 0.0 0.16960804157 0.44629309309 2.38679059289 -2.38679059289 0.44629309309 
228.04188038 53.4124204771 1.82630634308 75.6272583008 91.612701416 17956864 0.299814577387 0.0 0.299814577387 0.453342303913 1.76914544746 -1.76914544746 0.453342303913 
139.494351259 93.1547713412 2.84493875504 77.8607177734 90.9007339478 16581120 0.123553245245 0.0 0.123553245245 0.598259001166 2.78132390912 -2.78132390912 0.598259001166 
200.078763844 28.4576787817 1.60119020939 338.269012451 89.2289733887 8388608 0.390044490897 0.0 0.390044490897 1.48739756616 -0.592839410661 0.592839410661 1.48739756616 
37.8217443533 97.8999961627 1.40040028095 284.138305664 84.444480896 8388608 0.509912456743 0.0 0.509912456743 0.342066498821 -1.35798065423 1.35798065423 0.342066498821 
67.062551466 103.335133711 1.3376609087 86.2767944336 81.8873519897 8388608 0.558866308547 0.0 0.558866308547 0.0868629805243 1.33483764154 -1.33483764154 0.0868629805243 
152.612020858 102.134430689 1.28195822239 277.815948486 79.3939971924 8388608 0.608488332915 0.0 0.608488332915 0.174335223407 -1.27004886277 1.27004886277 0.174335223407 
210.299196626 98.285028904 3.93488073349 79.6715698242 79.0051498413 23330817 0.0645857717166 0.0 0.0645857717166 0.705486328901 3.87112069387 -3.87112069387 0.705486328901 
25.5307530152 121.748120815 1.92203652859 114.614379883 78.7238693237 21626880 0.270692813175 0.0 0.270692813175 -0.800545466093 1.74738415179 -1.74738415179 -0.800545466093 
202.013445214 52.7054801483 4.91235876083 79.859375 77.5148696899 22675713 0.0414400095071 0.0 0.0414400095071 0.864893139005 4.83562079295 -4.83562079295 0.864893139005 
157.495713324 58.8068648056 2.89886069298 77.5137634277 76.4267120361 17891840 0.118999547236 0.0 0.118999547236 0.626748421573 2.83029675712 -2.83029675712 0.626748421573 
100.251664303 68.5988579812 3.73926353455 94.9161987305 75.9124908447 19595265 0.0715200569184 0.0 0.0715200569184 -0.320449678506 3.72550718484 -3.72550718484 -0.320449678506 
23.0984809739 114.112317202 1.36277246475 172.567626953 73.9223403931 8388608 0.53845981809 0.0 0.53845981809 -1.35132276733 0.176282640027 -0.176282640027 -1.35132276733 
163.921319548 58.7974139629 1.36440181732 99.3670349121 73.3448638916 8388608 0.537174541243 0.0 0.537174541243 -0.222067736153 1.34620883955 -1.34620883955 -0.222067736153 
147.857723961 59.1120511372 5.68479061127 82.1656799316 72.6186523438 16515585 0.0309436153761 0.0 0.0309436153761 0.774888147404 5.6317308754 -5.6317308754 0.774888147404 
140.550256725 93.4373063508 1.33808135986 80.9462890625 72.5664367676 8388608 0.558515150419 0.0 0.558515150419 0.210560867514 1.3214105519 -1.3214105519 0.210560867514 
158.297548679 27.0445760454 2.40640425682 90.3627929688 71.5743255615 21168384 0.172688264807 0.0 0.172688264807 -0.015237085838 2.40635601657 -2.40635601657 -0.015237085838 
120.809871697 62.1797921469 2.53878641129 79.550994873 70.3915100098 25035008 0.155148531675 0.0 0.155148531675 0.460435137798 2.49668498734 -2.49668498734 0.460435137798 
111.629919336 62.3861778746 8.18111133575 99.0424194336 69.8845977783 9371906 0.0149408530426 0.0 0.0149408530426 -1.28578981038 8.07943854804 -8.07943854804 -1.28578981038 
184.103835147 39.9477002291 2.34214901924 17.6216125488 69.5351638794 19202304 0.182293403209 0.0 0.182293403209 2.23224729044 0.709037419799 -0.709037419799 2.23224729044 
189.526907861 68.5418909012 1.33151066303 75.5432739258 68.8363494873 8388608 0.564041037249 0.0 0.564041037249 0.332409929279 1.28935033435 -1.28935033435 0.332409929279 
99.8417952355 53.7266620697 1.2546993494 353.759002686 66.382774353 8388608 0.635214867499 0.0 0.635214867499 1.24726328817 -0.136399220612 0.136399220612 1.24726328817 
243.346380718 58.4296054915 3.41600036621 318.28237915 65.9376068115 13107201 0.0856967166488 0.0 0.0856967166488 2.54981731708 -2.27321141812 2.27321141812 2.54981731708 
261.79040038 88.6914921299 1.22286951542 17.3118896484 65.499382019 8388608 0.668712994525 0.0 0.668712994525 1.16747238866 0.36389294229 -0.36389294229 1.16747238866 
230.434531449 109.074615983 2.54523801804 242.176574707 64.0232543945 8520192 0.15436299515 0.0 0.15436299515 -1.18798541861 -2.25098361025 2.25098361025 -1.18798541861 
182.462751635 94.715618629 1.32534825802 333.605499268 63.4967308044 8388608 0.569298417769 0.0 0.569298417769 1.18718657652 -0.589182516346 0.589182516346 1.18718657652 
40.5547527162 104.16663828 1.56209886074 281.497131348 63.0008964539 8388608 0.409810393518 0.0 0.409810393518 0.311355782652 -1.5307548554 1.5307548554 0.311355782652 
168.606405199 121.934720095 1.73202979565 8.80297851562 62.9327430725 14090240 0.333341420973 0.0 0.333341420973 1.7116272245 0.265065005892 -0.265065005892 1.7116272245 
110.845049421 75.7427385253 1.5305968523 104.083862305 62.8122062683 8388608 0.426853029693 0.0 0.426853029693 -0.372458241993 1.48458801768 -1.48458801768 -0.372458241993 
184.794832738 112.033328318 1.75755381584 40.6061401367 61.0909118652 15138816 0.323729842704 0.0 0.323729842704 1.33433760293 1.14391371047 -1.14391371047 1.33433760293 
157.811699276 70.7022770019 1.3645273447 86.2403564453 61.0074005127 8388608 0.537075712865 0.0 0.537075712865 0.0894735312934 1.36159074675 -1.36159074675 0.0894735312934 
60.6855195787 102.236868637 1.29857909679 89.3211975098 60.7401313782 8388608 0.593011594157 0.0 0.593011594157 0.0153843461362 1.29848796395 -1.29848796395 0.0153843461362 
150.126126948 115.960322683 5.28651285172 29.4037475586 59.7960472107 11272705 0.0357817366759 0.0 0.0357817366759 4.60551325639 2.59547024189 -2.59547024189 4.60551325639 
145.514752328 62.9020353653 1.23295223713 72.2789916992 58.4083328247 8388608 0.657820637224 0.0 0.657820637224 0.375288895883 1.17444857855 -1.17444857855 0.375288895883 
71.140369647 69.6019038752 3.21660804749 80.8884887695 56.9174919128 8716289 0.0966504124503 0.0 0.0966504124503 0.509370612965 3.17602092402 -3.17602092402 0.509370612965 
94.9118290201 30.8580569714 2.02501058578 349.441070557 56.5672645569 8651008 0.243862714827 0.0 0.243862714827 1.99072099236 -0.371076546184 0.371076546184 1.99072099236 
191.935461057 110.166542496 3.03275203705 11.7496948242 56.1084136963 21168640 0.108724193241 0.0 0.108724193241 2.96920544051 0.617579120662 -0.617579120662 2.96920544051 
178.197014322 69.3807868602 1.93000626564 39.2822875977 55.7467803955 21889024 0.268461839819 0.0 0.268461839819 1.4938942834 1.22196728902 -1.22196728902 1.4938942834 
175.565980665 108.396766968 2.43402242661 36.144744873 54.9254493713 22020352 0.168791607472 0.0 0.168791607472 1.96554493115 1.43565256829 -1.43565256829 1.96554493115 
180.042720462 99.6603382474 2.94288873672 61.1023254395 53.7527923584 19005952 0.115465519631 0.0 0.115465519631 1.42214171413 2.57645241789 -2.57645241789 1.42214171413 
112.688367742 110.05252652 3.8520488739 77.5111694336 51.6730690002 21757953 0.0673932534289 0.0 0.0673932534289 0.833002823902 3.76090239468 -3.76090239468 0.833002823902 
178.287551435 62.6419454025 5.07376098633 11.7659301758 51.5173454285 24969473 0.0388454351281 0.0 0.0388454351281 4.96715525717 1.03461065023 -1.03461065023 4.96715525717 
235.951500579 91.9154368578 4.66084957123 88.3236083984 51.2229194641 18874625 0.0460330581169 0.0 0.0460330581169 0.136350258195 4.65885472329 -4.65885472329 0.136350258195 
106.824377508 40.254345872 1.48798620701 256.810424805 50.9649238586 8388608 0.451650181391 0.0 0.451650181391 -0.3395193577 -1.44873377747 1.44873377747 -0.3395193577 
99.814862182 123.005395541 3.64849495888 32.2711181641 50.7770652771 17825793 0.0751229266595 0.0 0.0751229266595 3.08491589691 1.94802704651 -1.94802704651 3.08491589691 
132.714563595 73.2802908223 1.75028645992 81.8391723633 50.5257301331 14876672 0.326423737991 0.0 0.326423737991 0.248457019854 1.73256220699 -1.73256220699 0.248457019854 
183.995853941 99.5458215754 1.84843087196 51.1420898438 50.2564849854 18808832 0.292680355089 0.0 0.292680355089 1.15968923681 1.43938096501 -1.43938096501 1.15968923681 
95.0261594501 128.075055538 2.07306742668 35.6788635254 50.1726913452 10354944 0.232687548684 0.0 0.232687548684 1.68395005989 1.20909914869 -1.20909914869 1.68395005989 
65.2177395861 50.9369682795 1.45906293392 77.7961120605 48.8113899231 8388608 0.469733950574 0.0 0.469733950574 0.308432948943 1.42609037622 -1.42609037622 0.308432948943 
81.0812741999 63.1314719846 1.6607170105 87.9728393555 47.1473999023 11075584 0.362584080167 0.0 0.362584080167 0.0587449524507 1.65967768543 -1.65967768543 0.0587449524507 
201.760319066 118.306447686 1.68393325806 241.119064331 46.1644058228 12058624 0.352655166792 0.0 0.352655166792 -0.813324706777 -1.47449453676 1.47449453676 -0.813324706777 
241.397369089 67.754982417 1.55199551582 0.502166748047 45.9785690308 8388608 0.415163415099 0.0 0.415163415099 1.55193590731 0.0136022333574 -0.0136022333574 1.55193590731 
179.020233717 61.784353784 1.49013781548 10.4144287109 45.2919998169 8388608 0.450346848541 0.0 0.450346848541 1.46558925494 0.269367490455 -0.269367490455 1.46558925494 
115.272958129 44.3173061132 3.45073795319 259.591247559 45.1511383057 13828097 0.083980032621 0.0 0.083980032621 -0.623442729539 -3.39395220717 3.39395220717 -0.623442729539 
86.4559708055 107.850964815 1.29895353317 259.346435547 44.8672637939 8388608 0.592669760358 0.0 0.592669760358 -0.240137790152 -1.27656340347 1.27656340347 -0.240137790152 
97.1605154892 92.0642177724 4.59772825241 264.77947998 43.6371154785 17826049 0.0473056922738 0.0 0.0473056922738 -0.418343810042 -4.57865630285 4.57865630285 -0.418343810042 
103.794204008 106.82523019 1.43182015419 258.598388672 43.5240783691 8388608 0.487778953443 0.0 0.487778953443 -0.283049236096 -1.40356406476 1.40356406476 -0.283049236096 
119.825301065 127.536917902 3.15086865425 79.3920288086 43.2765541077 23921152 0.100725492723 0.0 0.100725492723 0.580037418469 3.09701951391 -3.09701951391 0.580037418469 
209.990193725 49.2675838762 1.40838420391 293.361816406 42.4923782349 8388608 0.50414760576 0.0 0.50414760576 0.558475297535 -1.29292358934 1.29292358934 0.558475297535 
103.359786136 25.6965417238 1.47725296021 170.604034424 42.1728134155 8388608 0.458237115133 0.0 0.458237115133 -1.45743363162 0.241171138096 -0.241171138096 -1.45743363162 
161.883042003 108.976943133 2.29838395119 46.9598083496 41.7049179077 17826048 0.189301841643 0.0 0.189301841643 1.56867283399 1.6798316365 -1.6798316365 1.56867283399 
64.7918123506 109.852740056 1.49733245373 301.89465332 41.5018768311 8388608 0.446029439399 0.0 0.446029439399 0.791129240815 -1.27126669166 1.27126669166 0.791129240815 
32.9446946306 90.0966902337 1.99558699131 129.382156372 41.3828010559 24313856 0.251106914441 0.0 0.251106914441 -1.26617965079 1.54245146822 -1.54245146822 -1.26617965079 
60.9696309008 114.341953404 4.00042152405 295.180664062 40.986995697 24510465 0.0624868294554 0.0 0.0624868294554 1.70207498795 -3.62026423144 3.62026423144 1.70207498795 
183.054140875 133.668945426 2.21560072899 43.7550048828 40.7940597534 15204608 0.203712182306 0.0 0.203712182306 1.60033628184 1.53225662841 -1.53225662841 1.60033628184 
80.0209285889 114.353005894 3.45405435562 265.778503418 40.3632049561 13893633 0.0838188435661 0.0 0.0838188435661 -0.254261129049 -3.44468326118 3.44468326118 -0.254261129049 
179.95092536 85.987910225 2.00135016441 115.749908447 39.7491264343 24576000 0.249662800391 0.0 0.249662800391 -0.869474206945 1.80261395869 -1.80261395869 -0.869474206945 
94.7346670678 110.450520181 1.98917293549 38.9349365234 39.5936431885 24117248 0.252728905609 0.0 0.252728905609 1.54729825608 1.2500708276 -1.2500708276 1.54729825608 
74.5631324993 132.17911078 2.2427740097 74.123046875 39.2308540344 16056576 0.198805763496 0.0 0.198805763496 0.613560938437 2.15721538874 -2.15721538874 0.613560938437 
179.53731916 55.5852194947 3.34256458282 10.254699707 39.2203445435 11534337 0.0895035756556 0.0 0.0895035756556 3.28917078526 0.595057590268 -0.595057590268 3.28917078526 
70.90487317 94.0313950832 1.68436956406 66.9307250977 38.4580802917 12058624 0.352472492348 0.0 0.352472492348 0.660009774206 1.54967349021 -1.54967349021 0.660009774206 
52.6528062535 129.226428727 2.48506784439 91.1371459961 37.4761734009 23462144 0.161928577356 0.0 0.161928577356 -0.0493177587787 2.48457842498 -2.48457842498 -0.0493177587787 
48.8705709391 106.686687089 1.67176878452 286.519378662 35.6659965515 11534336 0.357805965021 0.0 0.357805965021 0.475350104032 -1.60276422081 1.60276422081 0.475350104032 
46.595209412 73.9992808121 1.34313881397 271.399902344 35.1442642212 8388608 0.554317003931 0.0 0.554317003931 0.0328135181932 -1.34273792924 1.34273792924 0.0328135181932 
129.178643427 51.3285373587 1.69806659222 69.6333007812 34.8628540039 12648448 0.346809163886 0.0 0.346809163886 0.590973416569 1.59191098134 -1.59191098134 0.590973416569 
163.883840416 40.4152572606 2.48051333427 268.588623047 34.7438468933 23331072 0.162523762559 0.0 0.162523762559 -0.0610967393174 -2.47976079289 2.47976079289 -0.0610967393174 
190.425558806 38.0304722896 1.26278114319 230.919387817 34.655582428 8388608 0.627110141125 0.0 0.627110141125 -0.796073865739 -0.980246201666 0.980246201666 -0.796073865739 
78.0728706817 83.9325362756 1.74105036259 273.15625 33.6607666016 14483456 0.329896214495 0.0 0.329896214495 0.0958606622748 -1.73840935872 1.73840935872 0.0958606622748 
122.908991745 77.5353903806 1.37883639336 93.541015625 33.423828125 8388608 0.525986411345 0.0 0.525986411345 -0.0851611360219 1.37620397491 -1.37620397491 -0.0851611360219 
37.8613334193 126.015873819 1.27387619019 348.749755859 32.7867088318 8388608 0.616233862279 0.0 0.616233862279 1.24939795742 -0.248526239911 0.248526239911 1.24939795742 
271.794045112 94.4023194216 1.43795526028 46.682220459 32.2855224609 8388608 0.483625567418 0.0 0.483625567418 0.986500803164 1.04619859296 -1.04619859296 0.986500803164 
192.386643033 49.1906320167 1.55365610123 151.137939453 32.166305542 8388608 0.414276415878 0.0 0.414276415878 -1.36066769773 0.749953796724 -0.749953796724 -1.36066769773 
172.307641633 69.4320095797 1.31621468067 88.26171875 31.8155937195 8388608 0.577226869554 0.0 0.577226869554 0.0399261577297 1.31560897973 -1.31560897973 0.0399261577297 
51.0686756321 130.349869794 1.50340080261 86.8831787109 31.0029888153 8388608 0.442435986953 0.0 0.442435986953 0.0817428602017 1.50117689767 -1.50117689767 0.0817428602017 
204.522415644 60.519235621 1.70576190948 79.5093994141 28.4174957275 12976128 0.343687055753 0.0 0.343687055753 0.310575268087 1.6772497413 -1.6772497413 0.310575268087 
201.751795347 72.0700229598 2.21270918846 307.374572754 28.0637397766 15073536 0.204244947217 0.0 0.204244947217 1.34316587271 -1.7584047859 1.7584047859 1.34316587271 
158.094242155 123.471527146 2.20552802086 18.0420227051 27.8965187073 14876928 0.205577149746 0.0 0.205577149746 2.09708136285 0.683083895557 -0.683083895557 2.09708136285 
165.809813205 132.072252055 1.4066836834 81.8317260742 27.7260818481 8388608 0.505367256707 0.0 0.505367256707 0.199862811399 1.39241295662 -1.39241295662 0.199862811399 
271.401998835 66.7330977762 3.08465647697 175.505249023 26.8491401672 22413824 0.10509604875 0.0 0.10509604875 -3.07516966966 0.241737634105 -0.241737634105 -3.07516966966 
91.6569153799 75.0131036672 1.46230196953 260.191253662 26.4956626892 8388608 0.467655310239 0.0 0.467655310239 -0.249117649552 -1.44092589912 1.44092589912 -0.249117649552 
66.4299389515 90.4311256315 6.06669950485 279.667572021 25.874786377 21168641 0.0271703374255 0.0 0.0271703374255 1.0187897604 -5.98054431522 5.98054431522 1.0187897604 
257.565142703 72.9537791425 1.79255187511 189.403518677 25.7478275299 16580608 0.311212143369 0.0 0.311212143369 -1.76846379514 -0.292878866197 0.292878866197 -1.76846379514 
115.921269858 94.8265006662 1.32514798641 270.580291748 25.4189224243 8388608 0.569470508623 0.0 0.569470508623 0.0134208715136 -1.32508002253 1.32508002253 0.0134208715136 
86.8491851624 44.0286587629 2.01135110855 50.994934082 24.780500412 24903680 0.247186200267 0.0 0.247186200267 1.26592246694 1.56300146819 -1.56300146819 1.26592246694 
144.319296311 73.8893095882 1.30481600761 299.053314209 24.224943161 8388608 0.587356051916 0.0 0.587356051916 0.633648991969 -1.14062867258 1.14062867258 0.633648991969 
93.1100845766 120.001677091 1.41194605827 251.563552856 23.8044071198 8388608 0.501607231967 0.0 0.501607231967 -0.446531576087 -1.33947796661 1.33947796661 -0.446531576087 
42.6436866547 115.350666567 2.00875115395 147.708496094 22.6780509949 24838144 0.247826487451 0.0 0.247826487451 -1.69807983029 1.07312911081 -1.07312911081 -1.69807983029 
46.4773237402 124.585601799 1.28874075413 149.237197876 21.7435684204 8388608 0.602100343471 0.0 0.602100343471 -1.1074048097 0.659171691446 -0.659171691446 -1.1074048097 
53.2253336884 77.5137175038 1.37360179424 214.676986694 21.5869369507 8388608 0.530002967355 0.0 0.530002967355 -1.12961252059 -0.781509720007 0.781509720007 -1.12961252059 
60.9649287488 119.428330281 2.03729343414 3.10116577148 20.175775528 9109760 0.240931080853 0.0 0.240931080853 2.03430996012 0.110215801834 -0.110215801834 2.03430996012 
139.670638698 126.216065906 1.52415156364 71.7471618652 19.5145549774 8388608 0.430470790729 0.0 0.430470790729 0.477380805638 1.44746176301 -1.44746176301 0.477380805638 
123.364591941 86.6480899315 1.23404753208 249.801651001 19.0118637085 8388608 0.656653440894 0.0 0.656653440894 -0.426081017715 -1.15815727679 1.15815727679 -0.426081017715 
49.1381861912 119.072257259 1.29093813896 93.2419128418 17.9758625031 8388608 0.600052344261 0.0 0.600052344261 -0.0730049612596 1.28887220245 -1.28887220245 -0.0730049612596 
126.574596435 117.451190713 1.89622569084 247.690658569 16.6151981354 20643840 0.278112140369 0.0 0.278112140369 -0.719820544866 -1.75428910211 1.75428910211 -0.719820544866 
230.281419703 59.2376616485 1.5292545557 173.755340576 15.9993658066 8388608 0.427602695373 0.0 0.427602695373 -1.52018069544 0.166343468043 -0.166343468043 -1.52018069544 
203.663388182 142.28638928 3.04146385193 266.794891357 15.9985656738 21365248 0.108102237133 0.0 0.108102237133 -0.170049851007 -3.03670634253 3.03670634253 -0.170049851007 
283.562502618 107.052012707 1.72536659241 99.0585632324 14.8962059021 13828096 0.335921058862 0.0 0.335921058862 -0.271648480378 1.70384769898 -1.70384769898 -0.271648480378 
265.015571694 120.063185436 1.33231163025 81.9241638184 13.7344474792 8388608 0.563363053859 0.0 0.563363053859 0.187168052227 1.31909908662 -1.31909908662 0.187168052227 
51.8218068172 114.51393519 1.54807972908 129.069396973 13.7062072754 8388608 0.417266339667 0.0 0.417266339667 -0.975694607557 1.20190302453 -1.20190302453 -0.975694607557 
79.228128751 94.0773597387 1.57293426991 172.965576172 13.5320224762 8388608 0.404183751696 0.0 0.404183751696 -1.56109440402 0.192630421193 -0.192630421193 -1.56109440402 
103.698317135 137.219198008 1.37932837009 268.249908447 13.2683334351 8388608 0.5256112622 0.0 0.5256112622 -0.042124840647 -1.37868497139 1.37868497139 -0.042124840647 
60.2948377559 137.466311259 1.24619615078 270.981323242 13.141046524 8388608 0.643912993855 0.0 0.643912993855 0.021342958743 -1.24601337245 1.24601337245 0.021342958743 
282.275683492 80.9393696835 1.29222941399 98.9219970703 12.7017650604 8388608 0.598853725088 0.0 0.598853725088 -0.200411438196 1.27659395025 -1.27659395025 -0.200411438196 
99.3419935889 138.165404708 1.27536833286 265.382720947 12.3186435699 8388608 0.614792755545 0.0 0.614792755545 -0.102666545793 -1.27122931245 1.27122931245 -0.102666545793 
80.7252528227 76.7627635392 1.26126217842 277.045501709 12.0698881149 8388608 0.628621534741 0.0 0.628621534741 0.154703316126 -1.25173845778 1.25173845778 0.154703316126 
160.666276918 78.9575549924 1.65304398537 252.589569092 11.529255867 10682368 0.365957945274 0.0 0.365957945274 -0.494614746544 -1.57731121535 1.57731121535 -0.494614746544 
31.731042062 77.2785947996 1.73060965538 53.3989257812 11.1801757812 14024704 0.333888726145 0.0 0.333888726145 1.03185857391 1.38934432836 -1.38934432836 1.03185857391 
196.078757035 77.57069864 1.27529036999 163.733535767 9.96920013428 8388608 0.614867926624 0.0 0.614867926624 -1.22423973699 0.35721505309 -0.35721505309 -1.22423973699 
136.551874877 117.213423449 1.51878154278 60.5444030762 9.61406135559 8388608 0.433520240225 0.0 0.433520240225 0.7468591593 1.32245936454 -1.32245936454 0.7468591593 
142.515335737 115.053543576 1.56281530857 297.19317627 9.11385154724 8388608 0.409434737526 0.0 0.409434737526 0.714194089405 -1.39007859179 1.39007859179 0.714194089405 
253.059032131 32.3668352898 1.97969162464 81.119720459 9.06754302979 23789568 0.255155484911 0.0 0.255155484911 0.305605657828 1.95596117308 -1.95596117308 0.305605657828 
284.318842358 113.777915324 1.71115386486 97.9752197266 8.76996231079 13238272 0.341524508461 0.0 0.341524508461 -0.237413700117 1.69460387236 -1.69460387236 -0.237413700117 
80.8510253663 33.5474256216 2.59105610847 79.1239013672 5.71888160706 9830912 0.148952008879 0.0 0.148952008879 0.488895481859 2.54451428864 -2.54451428864 0.488895481859 
199.205856165 81.4502071928 1.9485244751 252.25151062 5.66603279114 22609920 0.263383321052 0.0 0.263383321052 -0.593986620202 -1.85578218686 1.85578218686 -0.593986620202 
69.5908789898 33.6386668101 2.2111055851 47.2695007324 5.63369560242 15073536 0.204541311765 0.0 0.204541311765 1.50034741522 1.62417534216 -1.62417534216 1.50034741522 
11.8889023799 120.560969643 1.4373831749 168.042419434 5.36074447632 8388608 0.484010614607 0.0 0.484010614607 -1.40619377382 0.297807760049 -0.297807760049 -1.40619377382 
55.8525667877 60.0333620398 1.27629780769 87.6560668945 5.14120101929 8388608 0.613897625407 0.0 0.613897625407 0.0521979515202 1.27522996663 -1.27522996663 0.0521979515202 
226.511235175 84.9205271892 1.23635661602 49.5578308105 4.48056316376 8388608 0.654202931124 0.0 0.654202931124 0.80200007051 0.940942914782 -0.940942914782 0.80200007051 
15.5523942541 141.549335028 1.33246457577 276.458068848 4.31520843506 8388608 0.563233731232 0.0 0.563233731232 0.149870353849 -1.32400933634 1.32400933634 0.149870353849 
186.452110283 19.5840135074 1.48672258854 92.4815673828 4.090259552 8388608 0.452418254803 0.0 0.452418254803 -0.0643720870605 1.48532834406 -1.48532834406 -0.0643720870605 
58.3593674615 36.5920394743 2.7120552063 81.8889160156 3.76498031616 13107712 0.135957430625 0.0 0.135957430625 0.382651330945 2.68492484084 -2.68492484084 0.382651330945 
87.3800948598 33.1345844464 1.54640853405 85.6373291016 2.86149978638 8388608 0.418168701779 0.0 0.418168701779 0.117634394607 1.54192785285 -1.54192785285 0.117634394607 
42.612603397 59.9770353072 1.62197506428 68.0001525879 2.80143356323 9371648 0.380112064079 0.0 0.380112064079 0.607598548387 1.50387071025 -1.50387071025 0.607598548387 
235.236415283 27.689994401 1.54384744167 141.176208496 2.43064880371 8388608 0.419557254769 0.0 0.419557254769 -1.20277712441 0.967880215812 -0.967880215812 -1.20277712441 
46.6927087099 51.3673135941 2.70472311974 69.1078796387 1.96731758118 12911104 0.136695548918 0.0 0.136695548918 0.964530010431 2.52689711176 -2.52689711176 0.964530010431 
242.858230832 21.5813365272 2.561439991 188.733306885 1.66230010986 8978944 0.15241637505 0.0 0.15241637505 -2.53174211692 -0.388917318851 0.388917318851 -2.53174211692 
238.451158451 11.7247782922 1.56079757214 116.972122192 1.6116065979 8388608 0.410494023364 0.0 0.410494023364 -0.70791053691 1.39102542497 -1.39102542497 -0.70791053691 
243.167078164 19.6081873491 1.51041185856 189.691558838 1.48847198486 8388608 0.438338105819 0.0 0.438338105819 -1.48885568535 -0.254269012437 0.254269012437 -1.48885568535 
267.895005596 19.1053737631 1.47803115845 89.5364074707 1.46089935303 8388608 0.45775470928 0.0 0.45775470928 0.0119589389045 1.477982777 -1.477982777 0.0119589389045 
83.1460809383 15.2692598482 1.19421100616 81.5129089355 1.40069580078 8388608 0.701193466992 0.0 0.701193466992 0.176249516664 1.1811333689 -1.1811333689 0.176249516664 
30.8716535471 20.2453427373 1.47986519337 80.7842712402 1.38509368896 8388608 0.456620798036 0.0 0.456620798036 0.237003620507 1.46076359292 -1.46076359292 0.237003620507 
63.7636517797 15.9281154724 1.53733706474 50.5516357422 1.32610702515 8388608 0.423118294982 0.0 0.423118294982 0.97679716502 1.18712785707 -1.18712785707 0.97679716502 
246.52342578 11.6880138326 1.44241213799 171.565231323 1.24273300171 8388608 0.480641496639 0.0 0.480641496639 -1.42681029224 0.211577800728 -0.211577800728 -1.42681029224 
39.5871457648 15.6413619062 1.97911322117 77.7247619629 0.895545959473 23724032 0.255304647054 0.0 0.255304647054 0.420775519458 1.93386584448 -1.93386584448 0.420775519458 
259.836351345 18.8805245703 1.40569746494 92.4128112793 0.832725524902 8388608 0.506076623214 0.0 0.506076623214 -0.059178535665 1.40445123228 -1.40445123228 -0.059178535665 
254.90003521 12.0308305542 1.44038462639 183.087173462 0.784568786621 8388608 0.481995568401 0.0 0.481995568401 -1.43829427061 -0.0775723085742 0.0775723085742 -1.43829427061 
27.9907617614 68.998155648 1.58447694778 40.7217407227 0.661399841309 8388608 0.398316364833 0.0 0.398316364833 1.20085423448 1.03369062373 -1.03369062373 1.20085423448 
15.3688148316 92.2891996053 1.30895102024 66.4702758789 0.635824203491 8388608 0.583650965249 0.0 0.583650965249 0.522565671485 1.2001157829 -1.2001157829 0.522565671485 
284.515267692 35.6815619237 1.47555112839 94.1764526367 0.462615966797 8388608 0.459294743303 0.0 0.459294743303 -0.107461903304 1.47163279109 -1.47163279109 -0.107461903304 
30.2070939138 55.2063244355 3.4299864769 70.007598877 0.352331161499 13369345 0.0849992677572 0.0 0.0849992677572 1.17269698674 3.22328853952 -3.22328853952 1.17269698674 
275.755531265 11.3431564532 1.50813627243 178.355117798 0.322101593018 8388608 0.439661896863 0.0 0.439661896863 -1.50751482399 0.0432905492894 -0.0432905492894 -1.50751482399 
31.2061660618 60.1780878169 1.4595246315 62.0621948242 0.213283538818 8388608 0.469436811738 0.0 0.469436811738 0.683806034285 1.28942679413 -1.28942679413 0.683806034285 
