13
119
220.754968103 56.2653443985 2.67145609856 134.97596822 115.686912537 11993600 0.140121222217 0.0 0.140121222217 -1.88821224459 1.88979686894 -1.88979686894 -1.88821224459 
191.522476893 130.509999777 1.54560041428 127.815775618 115.569229126 8388608 0.418606096512 0.0 0.418606096512 -0.947645618631 1.22100303935 -1.22100303935 -0.947645618631 
99.0565343334 70.3741786427 1.54734504223 141.599260464 112.746734619 8388608 0.417662673857 0.0 0.417662673857 -1.21263178009 0.961145590231 -0.961145590231 -1.21263178009 
217.319548206 123.845019198 1.9362667799 127.9502244 109.046386719 22151168 0.266728615779 0.0 0.266728615779 -1.19075887763 1.52683408997 -1.52683408997 -1.19075887763 
209.62300254 30.2262987317 1.32709789276 146.342826667 108.493476868 8388608 0.56779829077 0.0 0.56779829077 -1.10463463792 0.7355073988 -0.7355073988 -1.10463463792 
104.611670254 33.1503756377 1.50664842129 128.939183569 107.866981506 8388608 0.440530678779 0.0 0.440530678779 -0.946921206651 1.17189150256 -1.17189150256 -0.946921206651 
220.633870022 40.1316658882 1.43044292927 157.069695697 99.9387512207 8388608 0.488718668984 0.0 0.488718668984 -1.31740856404 0.557316471402 -0.557316471402 -1.31740856404 
151.600335768 91.500235667 1.38345730305 132.695100842 99.6095581055 8388608 0.522478566812 0.0 0.522478566812 -0.938118008128 1.01680318262 -1.01680318262 -0.938118008128 
246.037686155 45.1192640031 1.26619148254 137.663084159 98.0987548828 8388608 0.623736594058 0.0 0.623736594058 -0.935965347376 0.852765934462 -0.852765934462 -0.935965347376 
184.972847303 124.279131547 1.6581132412 127.034211442 96.5959472656 10944512 0.363723720733 0.0 0.363723720733 -0.998667980358 1.32363204314 -1.32363204314 -0.998667980358 
149.466434564 91.934013285 2.42815709114 129.82261401 93.5109710693 21823744 0.16960804157 0.0 0.16960804157 -1.55502308219 1.8648994807 -1.8648994807 -1.55502308219 
228.04188038 53.4124204771 1.82630634308 126.760704247 91.612701416 17956864 0.299814577387 0.0 0.299814577387 -1.09299738076 1.46313074754 -1.46313074754 -1.09299738076 
139.494351259 93.1547713412 2.84493875504 130.361852703 90.9007339478 16581120 0.123553245245 0.0 0.123553245245 -1.84241854912 2.16775699971 -2.16775699971 -1.84241854912 
200.078763844 28.4576787817 1.60119020939 141.929095125 89.2289733887 8388608 0.390044490897 0.0 0.390044490897 -1.26053419801 0.987351822951 -0.987351822951 -1.26053419801 
37.8217443533 97.8999961627 1.40040028095 146.074374127 84.444480896 8388608 0.509912456743 0.0 0.509912456743 -1.16199998447 0.781586196767 -0.781586196767 -1.16199998447 
67.062551466 103.335133711 1.3376609087 137.454945979 81.8873519897 8388608 0.558866308547 0.0 0.558866308547 -0.985516142771 0.904485842344 -0.904485842344 -0.985516142771 
152.612020858 102.134430689 1.28195822239 130.834960037 79.3939971924 8388608 0.608488332915 0.0 0.608488332915 -0.838249888766 0.969924743439 -0.969924743439 -0.838249888766 
210.299196626 98.285028904 3.93488073349 121.671323686 79.0051498413 23330817 0.0645857717166 0.0 0.0645857717166 -2.06599243594 3.34887468285 -3.34887468285 -2.06599243594 
157.495713324 58.8068648056 2.89886069298 138.752714299 76.4267120361 17891840 0.118999547236 0.0 0.118999547236 -2.17956941019 1.9112484149 -1.9112484149 -2.17956941019 
100.251664303 68.5988579812 3.73926353455 138.203237668 75.9124908447 19595265 0.0715200569184 0.0 0.0715200569184 -2.78767205414 2.4921830389 -2.4921830389 -2.78767205414 
163.921319548 58.7974139629 1.36440181732 137.93842417 73.3448638916 8388608 0.537174541243 0.0 0.537174541243 -1.01296640282 0.914052178969 -0.914052178969 -1.01296640282 
140.550256725 93.4373063508 1.33808135986 134.032378169 72.5664367676 8388608 0.558515150419 0.0 0.558515150419 -0.930053202604 0.962009753557 -0.962009753557 -0.930053202604 
120.809871697 62.1797921469 2.53878641129 132.870423905 70.3915100098 25035008 0.155148531675 0.0 0.155148531675 -1.72724464808 1.86066180909 -1.86066180909 -1.72724464808 
189.526907861 68.5418909012 1.33151066303 131.762611074 68.8363494873 8388608 0.564041037249 0.0 0.564041037249 -0.886847165522 0.993188174907 -0.993188174907 -0.886847165522 
99.8417952355 53.7266620697 1.2546993494 126.980457192 66.382774353 8388608 0.635214867499 0.0 0.635214867499 -0.754755089389 1.00230494982 -1.00230494982 -0.754755089389 
261.79040038 88.6914921299 1.22286951542 130.946046858 65.499382019 8388608 0.668712994525 0.0 0.668712994525 -0.801405162632 0.92366639922 -0.92366639922 -0.801405162632 
230.434531449 109.074615983 2.54523801804 123.774679657 64.0232543945 8520192 0.15436299515 0.0 0.15436299515 -1.41496992017 2.11567877843 -2.11567877843 -1.41496992017 
182.462751635 94.715618629 1.32534825802 137.687625002 63.4967308044 8388608 0.569298417769 0.0 0.569298417769 -0.980076107491 0.892187664428 -0.892187664428 -0.980076107491 
40.5547527162 104.16663828 1.56209886074 149.652834787 63.0008964539 8388608 0.409810393518 0.0 0.409810393518 -1.34805997628 0.789232000798 -0.789232000798 -1.34805997628 
168.606405199 121.934720095 1.73202979565 129.271527914 62.9327430725 14090240 0.333341420973 0.0 0.333341420973 -1.09636836336 1.34085928599 -1.34085928599 -1.09636836336 
110.845049421 75.7427385253 1.5305968523 135.988898662 62.8122062683 8388608 0.426853029693 0.0 0.426853029693 -1.10081320514 1.06345522316 -1.06345522316 -1.10081320514 
184.794832738 112.033328318 1.75755381584 131.158381901 61.0909118652 15138816 0.323729842704 0.0 0.323729842704 -1.15672130626 1.3232502542 -1.3232502542 -1.15672130626 
157.811699276 70.7022770019 1.3645273447 139.0486891 61.0074005127 8388608 0.537075712865 0.0 0.537075712865 -1.03058222413 0.894335034399 -0.894335034399 -1.03058222413 
60.6855195787 102.236868637 1.29857909679 148.049055012 60.7401313782 8388608 0.593011594157 0.0 0.593011594157 -1.10184629467 0.687198962136 -0.687198962136 -1.10184629467 
150.126126948 115.960322683 5.28651285172 130.437337578 59.7960472107 11272705 0.0357817366759 0.0 0.0357817366759 -3.42891697977 4.02364840378 -4.02364840378 -3.42891697977 
145.514752328 62.9020353653 1.23295223713 138.21755015 58.4083328247 8388608 0.657820637224 0.0 0.657820637224 -0.919387983077 0.821521123049 -0.821521123049 -0.919387983077 
71.140369647 69.6019038752 3.21660804749 136.366054888 56.9174919128 8716289 0.0966504124503 0.0 0.0966504124503 -2.32806242593 2.21961543338 -2.21961543338 -2.32806242593 
191.935461057 110.166542496 3.03275203705 128.228480692 56.1084136963 21168640 0.108724193241 0.0 0.108724193241 -1.8766637887 2.38237653246 -2.38237653246 -1.8766637887 
178.197014322 69.3807868602 1.93000626564 132.948815189 55.7467803955 21889024 0.268461839819 0.0 0.268461839819 -1.31499961331 1.4126925364 -1.4126925364 -1.31499961331 
175.565980665 108.396766968 2.43402242661 136.817898884 54.9254493713 22020352 0.168791607472 0.0 0.168791607472 -1.77484641343 1.66564863701 -1.66564863701 -1.77484641343 
180.042720462 99.6603382474 2.94288873672 128.384895174 53.7527923584 19005952 0.115465519631 0.0 0.115465519631 -1.8273607295 2.30680447394 -2.30680447394 -1.8273607295 
112.688367742 110.05252652 3.8520488739 130.988437281 51.6730690002 21757953 0.0673932534289 0.0 0.0673932534289 -2.52658470195 2.90768813163 -2.90768813163 -2.52658470195 
106.824377508 40.254345872 1.48798620701 127.480390696 50.9649238586 8388608 0.451650181391 0.0 0.451650181391 -0.905424534598 1.18080877554 -1.18080877554 -0.905424534598 
99.814862182 123.005395541 3.64849495888 132.093315217 50.7770652771 17825793 0.0751229266595 0.0 0.0751229266595 -2.44573228216 2.70738048101 -2.70738048101 -2.44573228216 
132.714563595 73.2802908223 1.75028645992 131.757253594 50.5257301331 14876672 0.326423737991 0.0 0.326423737991 -1.16564896946 1.30566656226 -1.30566656226 -1.16564896946 
183.995853941 99.5458215754 1.84843087196 125.862819692 50.2564849854 18808832 0.292680355089 0.0 0.292680355089 -1.08289690852 1.49800900329 -1.49800900329 -1.08289690852 
95.0261594501 128.075055538 2.07306742668 127.905634662 50.1726913452 10354944 0.232687548684 0.0 0.232687548684 -1.27361550541 1.63569926941 -1.63569926941 -1.27361550541 
65.2177395861 50.9369682795 1.45906293392 132.173954446 48.8113899231 8388608 0.469733950574 0.0 0.469733950574 -0.979591165192 1.08132594264 -1.08132594264 -0.979591165192 
81.0812741999 63.1314719846 1.6607170105 137.780128428 47.1473999023 11075584 0.362584080167 0.0 0.362584080167 -1.22987982485 1.11596442837 -1.11596442837 -1.22987982485 
201.760319066 118.306447686 1.68393325806 121.149335145 46.1644058228 12058624 0.352655166792 0.0 0.352655166792 -0.871048889317 1.4411471299 -1.4411471299 -0.871048889317 
241.397369089 67.754982417 1.55199551582 132.628195353 45.9785690308 8388608 0.415163415099 0.0 0.415163415099 -1.05107052906 1.14190228307 -1.14190228307 -1.05107052906 
179.020233717 61.784353784 1.49013781548 135.685138199 45.2919998169 8388608 0.450346848541 0.0 0.450346848541 -1.06621081736 1.04101162436 -1.04101162436 -1.06621081736 
86.4559708055 107.850964815 1.29895353317 132.428269341 44.8672637939 8388608 0.592669760358 0.0 0.592669760358 -0.87636063425 0.958786900244 -0.958786900244 -0.87636063425 
97.1605154892 92.0642177724 4.59772825241 139.403852336 43.6371154785 17826049 0.0473056922738 0.0 0.0473056922738 -3.4911243086 2.9918482824 -2.9918482824 -3.4911243086 
103.794204008 106.82523019 1.43182015419 130.743106745 43.5240783691 8388608 0.487778953443 0.0 0.487778953443 -0.934504062793 1.08480925078 -1.08480925078 -0.934504062793 
119.825301065 127.536917902 3.15086865425 134.836691615 43.2765541077 23921152 0.100725492723 0.0 0.100725492723 -2.22164114942 2.23434193434 -2.23434193434 -2.22164114942 
209.990193725 49.2675838762 1.40838420391 155.243865136 42.4923782349 8388608 0.50414760576 0.0 0.50414760576 -1.27895135938 0.589770706427 -0.589770706427 -1.27895135938 
103.359786136 25.6965417238 1.47725296021 129.702293778 42.1728134155 8388608 0.458237115133 0.0 0.458237115133 -0.943667151081 1.13655999244 -1.13655999244 -0.943667151081 
161.883042003 108.976943133 2.29838395119 132.954495328 41.7049179077 17826048 0.189301841643 0.0 0.189301841643 -1.56615858473 1.68217599393 -1.68217599393 -1.56615858473 
64.7918123506 109.852740056 1.49733245373 144.667241117 41.5018768311 8388608 0.446029439399 0.0 0.446029439399 -1.22153439648 0.865943528873 -0.865943528873 -1.22153439648 
183.054140875 133.668945426 2.21560072899 129.61814433 40.7940597534 15204608 0.203712182306 0.0 0.203712182306 -1.41281760281 1.70670237929 -1.70670237929 -1.41281760281 
80.0209285889 114.353005894 3.45405435562 134.92661602 40.3632049561 13893633 0.0838188435661 0.0 0.0838188435661 -2.43925506736 2.44551144097 -2.44551144097 -2.43925506736 
179.95092536 85.987910225 2.00135016441 132.4002721 39.7491264343 24576000 0.249662800391 0.0 0.249662800391 -1.34952221288 1.47790130846 -1.47790130846 -1.34952221288 
94.7346670678 110.450520181 1.98917293549 131.664016468 39.5936431885 24117248 0.252728905609 0.0 0.252728905609 -1.32232520936 1.48602321918 -1.48602321918 -1.32232520936 
74.5631324993 132.17911078 2.2427740097 139.62181324 39.2308540344 16056576 0.198805763496 0.0 0.198805763496 -1.70851159881 1.45293612225 -1.45293612225 -1.70851159881 
70.90487317 94.0313950832 1.68436956406 133.559461535 38.4580802917 12058624 0.352472492348 0.0 0.352472492348 -1.16071085393 1.22059458539 -1.22059458539 -1.16071085393 
52.6528062535 129.226428727 2.48506784439 147.860537358 37.4761734009 23462144 0.161928577356 0.0 0.161928577356 -2.10424540709 1.32201114139 -1.32201114139 -2.10424540709 
48.8705709391 106.686687089 1.67176878452 152.213301413 35.6659965515 11534336 0.357805965021 0.0 0.357805965021 -1.47899582976 0.779347293863 -0.779347293863 -1.47899582976 
46.595209412 73.9992808121 1.34313881397 124.404752548 35.1442642212 8388608 0.554317003931 0.0 0.554317003931 -0.758921034322 1.1081790186 -1.1081790186 -0.758921034322 
129.178643427 51.3285373587 1.69806659222 129.810931466 34.8628540039 12648448 0.346809163886 0.0 0.346809163886 -1.08719778034 1.30438918196 -1.30438918196 -1.08719778034 
190.425558806 38.0304722896 1.26278114319 129.372479163 34.655582428 8388608 0.627110141125 0.0 0.627110141125 -0.801056928556 0.976178268968 -0.976178268968 -0.801056928556 
78.0728706817 83.9325362756 1.74105036259 141.463812231 33.6607666016 14483456 0.329896214495 0.0 0.329896214495 -1.36187540157 1.08468970479 -1.08468970479 -1.36187540157 
122.908991745 77.5353903806 1.37883639336 133.33531748 33.423828125 8388608 0.525986411345 0.0 0.525986411345 -0.946249675703 1.00289648064 -1.00289648064 -0.946249675703 
37.8613334193 126.015873819 1.27387619019 144.13955467 32.7867088318 8388608 0.616233862279 0.0 0.616233862279 -1.03240818761 0.746253229193 -0.746253229193 -1.03240818761 
271.794045112 94.4023194216 1.43795526028 136.840330323 32.2855224609 8388608 0.483625567418 0.0 0.483625567418 -1.04891689224 0.983610026245 -0.983610026245 -1.04891689224 
192.386643033 49.1906320167 1.55365610123 124.502957477 32.166305542 8388608 0.414276415878 0.0 0.414276415878 -0.880066596358 1.28036325582 -1.28036325582 -0.880066596358 
172.307641633 69.4320095797 1.31621468067 138.997067149 31.8155937195 8388608 0.577226869554 0.0 0.577226869554 -0.993315626335 0.863565372219 -0.863565372219 -0.993315626335 
51.0686756321 130.349869794 1.50340080261 144.518928184 31.0029888153 8388608 0.442435986953 0.0 0.442435986953 -1.22423027012 0.872624901669 -0.872624901669 -1.22423027012 
204.522415644 60.519235621 1.70576190948 129.378946512 28.4174957275 12976128 0.343687055753 0.0 0.343687055753 -1.08221471992 1.31849724756 -1.31849724756 -1.08221471992 
201.751795347 72.0700229598 2.21270918846 140.652987146 28.0637397766 15073536 0.204244947217 0.0 0.204244947217 -1.71113280476 1.40289218302 -1.40289218302 -1.71113280476 
158.094242155 123.471527146 2.20552802086 130.352637914 27.8965187073 14876928 0.205577149746 0.0 0.205577149746 -1.4280577211 1.68077511761 -1.68077511761 -1.4280577211 
165.809813205 132.072252055 1.4066836834 135.379968958 27.7260818481 8388608 0.505367256707 0.0 0.505367256707 -1.00125004985 0.988057347932 -0.988057347932 -1.00125004985 
91.6569153799 75.0131036672 1.46230196953 140.449044089 26.4956626892 8388608 0.467655310239 0.0 0.467655310239 -1.12752048475 0.931141560962 -0.931141560962 -1.12752048475 
257.565142703 72.9537791425 1.79255187511 132.019340453 25.7478275299 16580608 0.311212143369 0.0 0.311212143369 -1.19990091989 1.33172069422 -1.33172069422 -1.19990091989 
115.921269858 94.8265006662 1.32514798641 133.331872966 25.4189224243 8388608 0.569470508623 0.0 0.569470508623 -0.9093471568 0.963900894444 -0.963900894444 -0.9093471568 
86.8491851624 44.0286587629 2.01135110855 124.852804977 24.780500412 24903680 0.247186200267 0.0 0.247186200267 -1.14942704594 1.65056073743 -1.65056073743 -1.14942704594 
144.319296311 73.8893095882 1.30481600761 137.270182717 24.224943161 8388608 0.587356051916 0.0 0.587356051916 -0.958467701291 0.885372508782 -0.885372508782 -0.958467701291 
93.1100845766 120.001677091 1.41194605827 128.190018693 23.8044071198 8388608 0.501607231967 0.0 0.501607231967 -0.872965985418 1.10973963603 -1.10973963603 -0.872965985418 
42.6436866547 115.350666567 2.00875115395 139.037597816 22.6780509949 24838144 0.247826487451 0.0 0.247826487451 -1.51688820047 1.31686422449 -1.31686422449 -1.51688820047 
46.4773237402 124.585601799 1.28874075413 147.592834295 21.7435684204 8388608 0.602100343471 0.0 0.602100343471 -1.08803343622 0.690677908301 -0.690677908301 -1.08803343622 
53.2253336884 77.5137175038 1.37360179424 127.377828139 21.5869369507 8388608 0.530002967355 0.0 0.530002967355 -0.833870213327 1.09153211427 -1.09153211427 -0.833870213327 
60.9649287488 119.428330281 2.03729343414 143.594013435 20.175775528 9109760 0.240931080853 0.0 0.240931080853 -1.63967852019 1.20913973023 -1.20913973023 -1.63967852019 
139.670638698 126.216065906 1.52415156364 133.279072229 19.5145549774 8388608 0.430470790729 0.0 0.430470790729 -1.04488588738 1.10961771404 -1.10961771404 -1.04488588738 
123.364591941 86.6480899315 1.23404753208 118.315939151 19.0118637085 8388608 0.656653440894 0.0 0.656653440894 -0.585349630036 1.08638810839 -1.08638810839 -0.585349630036 
49.1381861912 119.072257259 1.29093813896 148.590462233 17.9758625031 8388608 0.600052344261 0.0 0.600052344261 -1.10176929929 0.67277462034 -0.67277462034 -1.10176929929 
126.574596435 117.451190713 1.89622569084 125.244178717 16.6151981354 20643840 0.278112140369 0.0 0.278112140369 -1.09424019886 1.54864788051 -1.54864788051 -1.09424019886 
230.281419703 59.2376616485 1.5292545557 128.491793646 15.9993658066 8388608 0.427602695373 0.0 0.427602695373 -0.951811918139 1.1969434275 -1.1969434275 -0.951811918139 
203.663388182 142.28638928 3.04146385193 128.512304508 15.9985656738 21365248 0.108102237133 0.0 0.108102237133 -1.89386689484 2.37986775834 -2.37986775834 -1.89386689484 
265.015571694 120.063185436 1.33231163025 130.478668259 13.7344474792 8388608 0.563363053859 0.0 0.563363053859 -0.864889942559 1.01341978832 -1.01341978832 -0.864889942559 
51.8218068172 114.51393519 1.54807972908 145.062780802 13.7062072754 8388608 0.417266339667 0.0 0.417266339667 -1.2690848596 0.886552010169 -0.886552010169 -1.2690848596 
79.228128751 94.0773597387 1.57293426991 136.160439955 13.5320224762 8388608 0.404183751696 0.0 0.404183751696 -1.13452943361 1.08947931679 -1.08947931679 -1.13452943361 
103.698317135 137.219198008 1.37932837009 134.313022513 13.2683334351 8388608 0.5256112622 0.0 0.5256112622 -0.963568363268 0.98695631203 -0.98695631203 -0.963568363268 
60.2948377559 137.466311259 1.24619615078 144.422307523 13.141046524 8388608 0.643912993855 0.0 0.643912993855 -1.01356540418 0.725044838385 -0.725044838385 -1.01356540418 
99.3419935889 138.165404708 1.27536833286 136.880905046 12.3186435699 8388608 0.614792755545 0.0 0.614792755545 -0.930935373853 0.871736034692 -0.871736034692 -0.930935373853 
80.7252528227 76.7627635392 1.26126217842 135.948231954 12.0698881149 8388608 0.628621534741 0.0 0.628621534741 -0.906484095151 0.876965716522 -0.876965716522 -0.906484095151 
160.666276918 78.9575549924 1.65304398537 125.715053314 11.529255867 10682368 0.365957945274 0.0 0.365957945274 -0.964971947537 1.34215630909 -1.34215630909 -0.964971947537 
31.731042062 77.2785947996 1.73060965538 134.876342178 11.1801757812 14024704 0.333888726145 0.0 0.333888726145 -1.22108188561 1.22636406011 -1.22636406011 -1.22108188561 
196.078757035 77.57069864 1.27529036999 134.597292662 9.96920013428 8388608 0.614867926624 0.0 0.614867926624 -0.895406119069 0.908082270346 -0.908082270346 -0.895406119069 
136.551874877 117.213423449 1.51878154278 139.289424987 9.61406135559 8388608 0.433520240225 0.0 0.433520240225 -1.15125762114 0.990607522918 -0.990607522918 -1.15125762114 
142.515335737 115.053543576 1.56281530857 134.714297312 9.11385154724 8388608 0.409434737526 0.0 0.409434737526 -1.09955317102 1.11057395648 -1.11057395648 -1.09955317102 
199.205856165 81.4502071928 1.9485244751 137.797508723 5.66603279114 22609920 0.263383321052 0.0 0.263383321052 -1.44341897506 1.30892677125 -1.30892677125 -1.44341897506 
55.8525667877 60.0333620398 1.27629780769 140.287505031 5.14120101929 8388608 0.613897625407 0.0 0.613897625407 -0.981805151884 0.81547209496 -0.81547209496 -0.981805151884 
226.511235175 84.9205271892 1.23635661602 129.242721783 4.48056316376 8388608 0.654202931124 0.0 0.654202931124 -0.782127791997 0.957524829423 -0.957524829423 -0.782127791997 
87.3800948598 33.1345844464 1.54640853405 129.078013117 2.86149978638 8388608 0.418168701779 0.0 0.418168701779 -0.974821854297 1.20045895664 -1.20045895664 -0.974821854297 
42.612603397 59.9770353072 1.62197506428 132.4432067 2.80143356323 9371648 0.380112064079 0.0 0.380112064079 -1.09460457431 1.19693104857 -1.19693104857 -1.09460457431 
235.236415283 27.689994401 1.54384744167 135.595599697 2.43064880371 8388608 0.419557254769 0.0 0.419557254769 -1.10295385826 1.08025816808 -1.08025816808 -1.10295385826 
46.6927087099 51.3673135941 2.70472311974 139.824263567 1.96731758118 12911104 0.136695548918 0.0 0.136695548918 -2.06659589538 1.74490932706 -1.74490932706 -2.06659589538 
27.9907617614 68.998155648 1.58447694778 130.666907383 0.661399841309 8388608 0.398316364833 0.0 0.398316364833 -1.03254090624 1.20184294939 -1.20184294939 -1.03254090624 
31.2061660618 60.1780878169 1.4595246315 136.854437257 0.213283538818 8388608 0.469436811738 0.0 0.469436811738 -1.06489645393 0.998102045066 -0.998102045066 -1.06489645393 
