13
136
186.313404287 134.874365186 2.48457884789 11.4981384277 156.709625244 23462144 0.161992322808 0.0 0.161992322808 2.43471628639 0.495266247752 -0.495266247752 2.43471628639 
155.85427313 160.430795696 1.44005441666 102.581787109 110.124214172 8388608 0.482216640429 0.0 0.482216640429 -0.313691389483 1.40547302895 -1.40547302895 -0.313691389483 
172.321428126 119.506103431 2.08046722412 62.6746826172 108.393821716 10617088 0.231035248096 0.0 0.231035248096 0.955022177716 1.84831721052 -1.84831721052 0.955022177716 
164.073233419 137.78697753 1.53069460392 19.0131835938 102.581550598 8388608 0.42679851295 0.0 0.42679851295 1.44718547542 0.498678423641 -0.498678423641 1.44718547542 
17.1818237833 141.54013474 1.34933185577 116.882629395 97.1462249756 8388608 0.54924037236 0.0 0.54924037236 -0.610119718954 1.2035158435 -1.2035158435 -0.610119718954 
172.819463772 129.374689646 1.50448071957 138.051589966 93.7562637329 8388608 0.441801053402 0.0 0.441801053402 -1.11895305065 1.00568698211 -1.00568698211 -1.11895305065 
176.74073626 148.356310466 2.13945937157 19.6954345703 93.6609954834 12648704 0.218470052351 0.0 0.218470052351 2.01429544039 0.721041109387 -0.721041109387 2.01429544039 
174.672023226 139.021867318 2.35684728622 331.429656982 92.0588150024 19661056 0.180026780153 0.0 0.180026780153 2.06985548747 -1.12713237535 1.12713237535 2.06985548747 
26.0218990514 92.2158623408 2.25178527832 92.7434387207 90.4645385742 16384256 0.197217772378 0.0 0.197217772378 -0.107778874461 2.24920444911 -2.24920444911 -0.107778874461 
170.91498688 150.507747574 1.46307837963 110.084259033 89.1116714478 8388608 0.467159101735 0.0 0.467159101735 -0.50242357743 1.37410658021 -1.37410658021 -0.50242357743 
198.336105554 138.277844992 2.38970541954 42.1080322266 82.8540344238 20644096 0.175110126998 0.0 0.175110126998 1.77287907135 1.60237067826 -1.60237067826 1.77287907135 
56.9292883536 93.2413795318 2.7618162632 101.019073486 81.1160430908 14418432 0.131102337385 0.0 0.131102337385 -0.527881860701 2.71089834055 -2.71089834055 -0.527881860701 
126.399469766 37.7667493014 4.89844322205 246.474700928 80.487449646 22413569 0.0416757901924 0.0 0.0416757901924 -1.95523300918 -4.49130380618 4.49130380618 -1.95523300918 
182.426985855 116.883418402 2.63783407211 95.7704467773 80.248626709 11076096 0.143715977384 0.0 0.143715977384 -0.265216076248 2.62446737928 -2.62446737928 -0.265216076248 
27.4997022699 107.223188043 3.15776586533 93.9060668945 77.5531082153 24117760 0.100285962813 0.0 0.100285962813 -0.215109954931 3.15043060033 -3.15043060033 -0.215109954931 
225.750701731 131.097601207 4.96610498428 79.9661560059 75.8303375244 23462145 0.0405478851079 0.0 0.0405478851079 0.865243788938 4.89014845384 -4.89014845384 0.865243788938 
13.4229981694 125.388723456 1.70088016987 352.796691895 74.8733062744 12779520 0.345662736909 0.0 0.345662736909 1.68745591063 -0.213274241153 0.213274241153 1.68745591063 
40.3834096825 108.347654362 3.12968850136 86.7870788574 74.3259735107 23462400 0.10209342449 0.0 0.10209342449 0.175408613692 3.12476910087 -3.12476910087 0.175408613692 
88.9290178393 54.6732462787 2.80525565147 92.4566955566 71.9135894775 15532544 0.127073533984 0.0 0.127073533984 -0.120245289582 2.80267735219 -2.80267735219 -0.120245289582 
87.3855168177 58.3842938805 1.826862216 86.232208252 69.5584716797 17956864 0.299632151534 0.0 0.299632151534 0.120048570855 1.82291357361 -1.82291357361 0.120048570855 
57.3205520678 108.972928839 3.00215792656 95.7503662109 65.1900863647 20447744 0.110951437002 0.0 0.110951437002 -0.300799475315 2.98705070122 -2.98705070122 -0.300799475315 
229.921082883 29.846061481 3.63196063042 269.942260742 64.2985305786 17498113 0.0758084706881 0.0 0.0758084706881 -0.00366007195456 -3.63195878622 3.63195878622 -0.00366007195456 
11.8968626943 98.4323997863 1.54667174816 1.2978515625 62.8424758911 8388608 0.418026385172 0.0 0.418026385172 1.54627496396 0.035031876754 -0.035031876754 1.54627496396 
246.093838226 70.6768800626 1.32679712772 67.988861084 62.0616455078 8388608 0.568055742685 0.0 0.568055742685 0.497266103952 1.23008822448 -1.23008822448 0.497266103952 
168.497312749 100.711759466 3.92066168785 208.152862549 60.8080368042 23068673 0.0650550870481 0.0 0.0650550870481 -3.45681574317 -1.84986837056 1.84986837056 -3.45681574317 
247.01056088 31.80825704 3.68486428261 286.157287598 58.9581451416 18546689 0.0736473299059 0.0 0.0736473299059 1.02540618485 -3.5393172982 3.5393172982 1.02540618485 
82.8587902353 94.8019103294 2.11073374748 8.82736206055 58.2204055786 11665664 0.224456968032 0.0 0.224456968032 2.08573254769 0.323908462791 -0.323908462791 2.08573254769 
213.535289264 65.5837381812 4.5613822937 83.8122558594 57.8010139465 17301761 0.0480625772542 0.0 0.0480625772542 0.491656341577 4.53480787587 -4.53480787587 0.491656341577 
88.3521146316 110.029031857 2.28555989265 82.1931152344 57.1005363464 17432832 0.191432110442 0.0 0.191432110442 0.310458162994 2.26437623904 -2.26437623904 0.310458162994 
45.6566386643 99.7072806304 1.71876776218 355.22946167 56.9847412109 13565952 0.338505400184 0.0 0.338505400184 1.71281352942 -0.142942064364 0.142942064364 1.71281352942 
105.859547058 94.0738032018 2.38464474678 73.5698852539 55.6047897339 20513024 0.17585415008 0.0 0.17585415008 0.674486356837 2.28726883483 -2.28726883483 0.674486356837 
65.1149125586 109.133184653 5.93228435516 91.2883300781 55.2458724976 19595777 0.0284155508693 0.0 0.0284155508693 -0.133379743095 5.93078473009 -5.93078473009 -0.133379743095 
132.62807766 93.8207294387 1.51845598221 256.070098877 54.3395462036 8388608 0.433706155692 0.0 0.433706155692 -0.365544894268 -1.47379968116 1.47379968116 -0.365544894268 
140.639669688 56.8355906041 2.73163676262 99.5192871094 54.2289123535 13632000 0.134015213409 0.0 0.134015213409 -0.451757004641 2.69402208819 -2.69402208819 -0.451757004641 
207.29819797 30.1318251306 3.52291560173 273.229187012 54.1940765381 15335425 0.0805741109294 0.0 0.0805741109294 0.198446233555 -3.51732191153 3.51732191153 0.198446233555 
125.216086125 91.2338409453 2.57536697388 26.349609375 53.5292549133 9372160 0.150772368014 0.0 0.150772368014 2.30779268728 1.14306953537 -1.14306953537 2.30779268728 
88.8742334508 111.470120468 1.17179358006 73.7425537109 52.9250030518 8388608 0.728278973509 0.0 0.728278973509 0.328048044363 1.12493763154 -1.12493763154 0.328048044363 
197.960808521 129.929507595 1.9758566618 182.50958252 49.7770118713 23592960 0.256146914528 0.0 0.256146914528 -1.97396164221 -0.086515796526 0.086515796526 -1.97396164221 
25.4744387937 76.6491346425 3.32861614227 259.074249268 49.1650123596 11206657 0.0902552700603 0.0 0.0902552700603 -0.630895087453 -3.26828040584 3.26828040584 -0.630895087453 
89.9205746587 41.6632481484 2.03140473366 253.985855103 48.892162323 8913152 0.242329942771 0.0 0.242329942771 -0.560413088042 -1.95257326692 1.95257326692 -0.560413088042 
197.989979133 132.709525745 1.39482712746 190.803436279 47.9996452332 8388608 0.51399539678 0.0 0.51399539678 -1.37010522663 -0.261446712455 0.261446712455 -1.37010522663 
24.2404076908 131.906146481 2.723706007 271.102813721 47.4710121155 13435392 0.134796787682 0.0 0.134796787682 0.0524219221054 -2.72320148991 2.72320148991 0.0524219221054 
22.6877162219 102.723675319 1.33698260784 157.931884766 46.804725647 8388608 0.559433519601 0.0 0.559433519601 -1.23903239282 0.502315860013 -0.502315860013 -1.23903239282 
102.87037906 96.8972654483 1.35132837296 78.3199768066 46.687461853 8388608 0.54761862327 0.0 0.54761862327 0.273570842962 1.32334703137 -1.32334703137 0.273570842962 
127.743010472 139.772806704 1.48648178577 18.2823486328 46.28307724 8388608 0.452564845756 0.0 0.452564845756 1.41144740442 0.466309257884 -0.466309257884 1.41144740442 
123.405753859 88.2873431669 1.32432222366 7.63244628906 44.9796943665 8388608 0.570180900901 0.0 0.570180900901 1.31258937138 0.175893417242 -0.175893417242 1.31258937138 
114.076105373 92.1878744039 1.27829611301 16.7944946289 43.8624305725 8388608 0.611979766138 0.0 0.611979766138 1.223773288 0.369350635754 -0.369350635754 1.223773288 
259.322197185 66.5463489171 1.86868488789 66.6620483398 43.5120506287 19595264 0.286370219958 0.0 0.286370219958 0.740286577424 1.71579689751 -1.71579689751 0.740286577424 
118.370263809 131.277230393 2.27343821526 0.403076171875 43.1083106995 17039616 0.193478934953 0.0 0.193478934953 2.27338195777 0.0159935203237 -0.0159935203237 2.27338195777 
148.46907921 83.1853432628 4.96178674698 94.8515625 42.402545929 23396609 0.0406184933753 0.0 0.0406184933753 -0.41964107246 4.94400941472 -4.94400941472 -0.41964107246 
114.846016048 134.629853345 3.37753653526 346.216247559 41.6094360352 12255233 0.087659681611 0.0 0.087659681611 3.28026984161 -0.804725302974 0.804725302974 3.28026984161 
197.998242763 58.3194888587 2.30576753616 28.4366455078 41.0328140259 18088192 0.188091408852 0.0 0.188091408852 2.02756328865 1.09797588377 -1.09797588377 2.02756328865 
139.785665972 50.4285164825 1.44094574451 210.156692505 39.9640579224 8388608 0.481620254074 0.0 0.481620254074 -1.2459206068 -0.723882918845 0.723882918845 -1.2459206068 
188.18138649 96.586616521 5.98088884354 300.327331543 39.2234153748 20185601 0.0279555819896 0.0 0.0279555819896 3.01998659168 -5.16243279325 5.16243279325 3.01998659168 
95.5530563652 139.601092851 1.79094970226 271.805969238 38.568523407 16515072 0.311769209462 0.0 0.311769209462 0.0564415835095 -1.79006010617 1.79006010617 0.0564415835095 
154.574000876 144.596297873 1.92647361755 332.268981934 38.4528045654 21757952 0.26944731996 0.0 0.26944731996 1.70520241353 -0.896429209709 0.896429209709 1.70520241353 
183.870641887 102.115085612 8.82279682159 104.77003479 38.1284065247 14876930 0.0128465775786 0.0 0.0128465775786 -2.24928454991 8.53126384357 -8.53126384357 -2.24928454991 
61.9530654714 78.5699346579 3.40611362457 262.459014893 37.9150772095 12845057 0.0861949331148 0.0 0.0861949331148 -0.447002561785 -3.37665496213 3.37665496213 -0.447002561785 
140.213853314 100.479858215 1.75518941879 61.0093383789 37.5231056213 15073280 0.324602616235 0.0 0.324602616235 0.850682501516 1.53526192471 -1.53526192471 0.850682501516 
140.588009332 93.8156677515 1.48551046848 317.644866943 34.7095489502 8388608 0.453156868206 0.0 0.453156868206 1.09776719659 -1.0008239276 1.0008239276 1.09776719659 
128.662840483 48.2611324175 2.24896883965 210.751602173 34.584980011 16253184 0.197712042956 0.0 0.197712042956 -1.93274608493 -1.14993626471 1.14993626471 -1.93274608493 
104.814562972 51.4989562522 1.68966019154 49.3077392578 34.5453796387 12320768 0.350268639583 0.0 0.350268639583 1.10165167354 1.28113822558 -1.28113822558 1.10165167354 
57.6919038698 82.9371565808 1.49736833572 270.938293457 34.0317955017 8388608 0.446008062915 0.0 0.446008062915 0.024520272289 -1.49716755544 1.49716755544 0.024520272289 
93.5935152001 58.2400692173 1.43548381329 98.7479858398 33.5366287231 8388608 0.485292300079 0.0 0.485292300079 -0.218320783066 1.41878462562 -1.41878462562 -0.218320783066 
134.858810336 101.514903248 1.50046658516 78.6997375488 33.3109931946 8388608 0.44416807849 0.0 0.44416807849 0.294017381779 1.4713781813 -1.4713781813 0.294017381779 
179.245830356 110.143606609 1.31091547012 198.88885498 33.2359848022 8388608 0.581903035618 0.0 0.581903035618 -1.24032050704 -0.42438709881 0.42438709881 -1.24032050704 
172.291659051 91.5595131238 1.81713676453 81.6440734863 32.3970336914 17563648 0.302848041646 0.0 0.302848041646 0.264069967038 1.79784678811 -1.79784678811 0.264069967038 
25.4225691475 129.21856141 1.38791108131 277.379455566 31.8892879486 8388608 0.519130700997 0.0 0.519130700997 0.178263308654 -1.37641540329 1.37641540329 0.178263308654 
122.474273411 103.058802885 1.58319556713 90.3178100586 31.6029930115 8388608 0.398961391186 0.0 0.398961391186 -0.00878167467323 1.58317121183 -1.58317121183 -0.00878167467323 
177.608846601 90.0890624591 2.27984213829 105.409484863 29.5517425537 17236224 0.192393522924 0.0 0.192393522924 -0.605789877522 2.1978850743 -2.1978850743 -0.605789877522 
68.5944914907 48.3860874966 4.8601193428 265.288635254 29.387878418 21889281 0.0423356402964 0.0 0.0423356402964 -0.39919169681 -4.84369755615 4.84369755615 -0.39919169681 
121.353090261 121.535244662 1.9641572237 91.6137390137 29.2009410858 23199744 0.259207463887 0.0 0.259207463887 -0.0553132904575 1.96337822116 -1.96337822116 -0.0553132904575 
122.436839804 39.2432648109 1.73538327217 60.9627075195 28.9073810577 14221312 0.33205435941 0.0 0.33205435941 0.842318227608 1.5172524855 -1.5172524855 0.842318227608 
75.9597449708 77.5727954355 4.08625030518 264.712463379 28.7464351654 9306369 0.0598894145916 0.0 0.0598894145916 -0.376564262645 -4.06886236099 4.06886236099 -0.376564262645 
77.919145107 52.5517212385 1.67759692669 186.450637817 28.7215805054 11796480 0.355324174967 0.0 0.355324174967 -1.66697608603 -0.188473279369 0.188473279369 -1.66697608603 
198.811555274 122.282503954 1.53357791901 354.716491699 28.5482997894 8388608 0.425195154241 0.0 0.425195154241 1.5270621212 -0.141217958043 0.141217958043 1.5270621212 
234.455797145 59.8712753715 2.55596899986 80.0772399902 27.5825691223 8782336 0.153069560652 0.0 0.153069560652 0.44044562264 2.51773413643 -2.51773413643 0.44044562264 
106.526585934 130.858346655 1.96614229679 140.256378174 27.3706493378 23265280 0.258684321679 0.0 0.258684321679 -1.51179239101 1.25705978287 -1.25705978287 -1.51179239101 
49.0298097793 117.332605941 1.32934391499 265.316192627 26.9431838989 8388608 0.565881239478 0.0 0.565881239478 -0.108550024741 -1.32490457635 1.32490457635 -0.108550024741 
251.597784093 57.0976074275 1.96777546406 78.8579101562 26.1671028137 23330816 0.258255106602 0.0 0.258255106602 0.380258397826 1.930684808 -1.930684808 0.380258397826 
112.8948105 45.0044950789 1.53435325623 52.0408630371 26.1198654175 8388608 0.424765544784 0.0 0.424765544784 0.943779635076 1.20976027183 -1.20976027183 0.943779635076 
197.099472865 113.819833563 1.94866526127 345.209564209 25.9595108032 22609920 0.26334526486 0.0 0.26334526486 1.88409821751 -0.497463774815 0.497463774815 1.88409821751 
225.75682341 69.6280184902 1.56926906109 101.216400146 25.781337738 8388608 0.406073992061 0.0 0.406073992061 -0.305246573041 1.53929526594 -1.53929526594 -0.305246573041 
30.8443465335 119.206818757 2.51927947998 268.97857666 25.5326480865 24510720 0.157560482274 0.0 0.157560482274 -0.0449093211413 -2.51887916565 2.51887916565 -0.0449093211413 
111.845531997 139.828489257 1.69038891792 92.9041442871 25.4577236176 12320768 0.349966703173 0.0 0.349966703173 -0.0856438567153 1.68821794317 -1.68821794317 -0.0856438567153 
201.503793807 72.4226179022 2.4195458889 88.0999450684 25.4256515503 21561600 0.170817465353 0.0 0.170817465353 0.0802227940009 2.41821558423 -2.41821558423 0.0802227940009 
85.6470069733 67.4769751647 1.51191401482 267.036865234 24.9489612579 8388608 0.437467520295 0.0 0.437467520295 -0.0781559873016 -1.50989258884 1.50989258884 -0.0781559873016 
33.149095536 129.607426511 1.32222664356 268.391540527 24.0031166077 8388608 0.571989677958 0.0 0.571989677958 -0.0371138791487 -1.32170566198 1.32170566198 -0.0371138791487 
218.076741709 46.4262200465 3.03494882584 71.5266113281 23.5881919861 21234176 0.108566854412 0.0 0.108566854412 0.961666535393 2.87856072546 -2.87856072546 0.961666535393 
187.985676127 74.4290590596 3.38012838364 304.220397949 23.4273376465 12320769 0.0875253000314 0.0 0.0875253000314 1.90090913814 -2.79496195652 2.79496195652 1.90090913814 
47.9430491231 120.508448434 2.37447404861 267.036529541 23.0490036011 20185344 0.177363865458 0.0 0.177363865458 -0.122758547971 -2.37129866243 2.37129866243 -0.122758547971 
211.337278454 68.7615229064 1.4211807251 85.9347839355 21.7519111633 8388608 0.495109640333 0.0 0.495109640333 0.100750188597 1.41760504122 -1.41760504122 0.100750188597 
241.129827148 51.1531830334 1.77181577682 147.401733398 21.5060386658 15728640 0.318539189774 0.0 0.318539189774 -1.49269932764 0.95455741801 -0.95455741801 -1.49269932764 
153.807931396 104.470825938 1.2814707756 206.068893433 21.4099407196 8388608 0.608951335426 0.0 0.608951335426 -1.15110200148 -0.563144325126 0.563144325126 -1.15110200148 
126.844244897 81.0599699915 1.32240211964 78.1785888672 20.4051113129 8388608 0.571837887754 0.0 0.571837887754 0.270909725065 1.29435516257 -1.29435516257 0.270909725065 
231.455862248 45.6055635391 2.04870700836 77.5446472168 20.0426483154 9502976 0.238254051092 0.0 0.238254051092 0.441862625045 2.0004893968 -2.0004893968 0.441862625045 
112.9895958 112.451769521 5.97530841827 271.044403076 19.677904129 20120065 0.0280078226012 0.0 0.0280078226012 0.108913517824 -5.97431573815 5.97431573815 0.108913517824 
129.75952234 80.514443579 1.36017596722 94.2027587891 19.4240283966 8388608 0.540517557794 0.0 0.540517557794 -0.0996821520266 1.35651838556 -1.35651838556 -0.0996821520266 
104.517185637 79.7962856645 2.88746976852 261.487121582 18.4663391113 17629696 0.119940293758 0.0 0.119940293758 -0.42743708532 -2.85565740281 2.85565740281 -0.42743708532 
199.545777953 76.221789828 1.29833769798 260.005432129 17.673915863 8388608 0.593232130928 0.0 0.593232130928 -0.22533275081 -1.27863440022 1.27863440022 -0.22533275081 
73.1565045454 132.39286761 1.25746893883 280.52355957 17.6507549286 8388608 0.632419813238 0.0 0.632419813238 0.229663896491 -1.23631817376 1.23631817376 0.229663896491 
146.185877233 142.617765629 1.45066964626 266.495666504 17.4330482483 8388608 0.475185250623 0.0 0.475185250623 -0.0886707779709 -1.44795715259 1.44795715259 -0.0886707779709 
247.868590928 78.1843879181 1.62779593468 256.745300293 16.4456520081 9633792 0.377398422886 0.0 0.377398422886 -0.373221429449 -1.58443219153 1.58443219153 -0.373221429449 
11.0769947596 116.873719298 1.46470701694 280.059631348 15.2973632812 8388608 0.466120792035 0.0 0.466120792035 0.255844820409 -1.44218933339 1.44218933339 0.255844820409 
92.7975564358 82.6964238901 2.1133005619 256.015563965 15.2872028351 11796736 0.223912048389 0.0 0.223912048389 -0.510696649047 -2.05066530609 2.05066530609 -0.510696649047 
127.748931752 129.999723113 1.29493916035 218.499038696 14.7542734146 8388608 0.596350064833 0.0 0.596350064833 -1.01344347436 -0.806101577516 0.806101577516 -1.01344347436 
50.5594985725 157.053048444 1.35933840275 79.6581420898 14.6477546692 8388608 0.541183849238 0.0 0.541183849238 0.244029725195 1.33725479487 -1.33725479487 0.244029725195 
194.94421361 101.050029953 1.4630395174 350.46975708 13.6631259918 8388608 0.467183920046 0.0 0.467183920046 1.4428471517 -0.242232793653 0.242232793653 1.4428471517 
148.300470225 94.4016530717 1.27515256405 324.968811035 12.9678478241 8388608 0.615000831552 0.0 0.615000831552 1.04414553858 -0.731965952666 0.731965952666 1.04414553858 
258.9567293 134.840928125 2.00575637817 79.9281005859 12.4924545288 24707072 0.248567094679 0.0 0.248567094679 0.35077441293 1.97484580659 -1.97484580659 0.35077441293 
167.84010977 42.9087620599 2.34091806412 196.064117432 11.2824859619 19136768 0.182485168996 0.0 0.182485168996 -2.24951139208 -0.647762209318 0.647762209318 -2.24951139208 
62.8735637633 57.3434599157 1.21351897717 265.17199707 10.9187850952 8388608 0.679057977229 0.0 0.679057977229 -0.102135657916 -1.20921322161 1.20921322161 -0.102135657916 
154.448055427 94.5704167922 1.23379576206 208.873260498 10.8674659729 8388608 0.656921463403 0.0 0.656921463403 -1.08042258108 -0.595767596284 0.595767596284 -1.08042258108 
94.146606337 98.0229975285 1.76648366451 150.065933228 10.4728031158 15532032 0.320465106444 0.0 0.320465106444 -1.53083510792 0.881480804867 -0.881480804867 -1.53083510792 
96.2771635461 128.591830449 1.89839792252 143.341339111 10.3845376968 20709376 0.277476047841 0.0 0.277476047841 -1.52290738884 1.1334318494 -1.1334318494 -1.52290738884 
190.087578946 49.1910070769 2.18306517601 93.2252502441 9.81688117981 14090496 0.209829524387 0.0 0.209829524387 -0.122822548252 2.17960734637 -2.17960734637 -0.122822548252 
111.009358317 68.6740838911 1.4248868227 261.638427734 9.77980613708 8388608 0.49253745239 0.0 0.49253745239 -0.207206329615 -1.40974039967 1.40974039967 -0.207206329615 
231.269941597 52.4818667257 1.28512573242 283.740112305 7.56500911713 8388608 0.605492489656 0.0 0.605492489656 0.305240829812 -1.24834938377 1.24834938377 0.305240829812 
212.351181587 128.667043486 1.27716040611 79.6497192383 6.61215591431 8388608 0.613068648421 0.0 0.613068648421 0.229461751163 1.25637813086 -1.25637813086 0.229461751163 
167.170009397 70.4634285707 1.26754462719 260.898620605 6.41194152832 8388608 0.622405587145 0.0 0.622405587145 -0.200502540362 -1.25158623883 1.25158623883 -0.200502540362 
100.993990348 18.7296862979 2.2632215023 248.044937134 5.57148742676 16711936 0.195229696356 0.0 0.195229696356 -0.846171641843 -2.099086735 2.099086735 -0.846171641843 
262.981926652 107.055761321 1.36712646484 82.9805908203 5.54411888123 8388608 0.535035525065 0.0 0.535035525065 0.167070462712 1.35687959354 -1.35687959354 0.167070462712 
92.9202591683 121.176445877 1.56288015842 249.521636963 5.53457164764 8388608 0.409400760216 0.0 0.409400760216 -0.546779304385 -1.4641129676 1.4641129676 -0.546779304385 
109.777120286 20.9679397559 1.48053371906 243.584732056 5.45574951172 8388608 0.456208522634 0.0 0.456208522634 -0.658650734162 -1.32595599613 1.32595599613 -0.658650734162 
128.498484772 42.6693583124 1.28887057304 69.598449707 5.10738754272 8388608 0.601979058868 0.0 0.601979058868 0.449296940888 1.20802301839 -1.20802301839 0.449296940888 
219.842106016 39.2137775266 1.17557132244 279.056549072 4.4753112793 8388608 0.72360579091 0.0 0.72360579091 0.185045747266 -1.16091602003 1.16091602003 0.185045747266 
220.177755645 148.969013087 1.28640437126 50.0185546875 3.63223266602 8388608 0.604289413135 0.0 0.604289413135 0.826565621322 0.985710647223 -0.985710647223 0.826565621322 
135.284655234 110.107592192 1.32817077637 280.667724609 3.56197738647 8388608 0.566881337253 0.0 0.566881337253 0.245861767959 -1.30521630478 1.30521630478 0.245861767959 
197.169403836 40.1022270167 1.54101979733 297.95098877 3.09471321106 8388608 0.421098373368 0.0 0.421098373368 0.722300806782 -1.36125807997 1.36125807997 0.722300806782 
221.922296776 92.4303536185 1.45397472382 327.579223633 2.52165317535 8388608 0.473027387664 0.0 0.473027387664 1.2273488752 -0.77952372384 0.77952372384 1.2273488752 
241.674948527 102.676078479 1.4940854311 246.255325317 2.27257156372 8388608 0.447970213838 0.0 0.447970213838 -0.601610852805 -1.36760946809 1.36760946809 -0.601610852805 
120.502670889 116.380411499 1.32862496376 96.1534118652 2.00248432159 8388608 0.566493829332 0.0 0.566493829332 -0.142416584941 1.32097002641 -1.32097002641 -0.142416584941 
212.030144874 112.439422503 1.9450315237 257.081481934 0.598194122314 22478848 0.264330155277 0.0 0.264330155277 -0.434841261166 -1.89580080857 1.89580080857 -0.434841261166 
139.553981502 119.471875863 1.44813680649 197.581695557 0.382263183594 8388608 0.476848934107 0.0 0.476848934107 -1.38049030769 -0.43743196119 0.43743196119 -1.38049030769 
236.471513092 97.1273227676 1.37918913364 267.114746094 0.220820426941 8388608 0.52571739404 0.0 0.52571739404 -0.0694227264674 -1.37744079779 1.37744079779 -0.0694227264674 
267.454145966 89.121164 1.36970174313 267.278076172 0.153012275696 8388608 0.53302549615 0.0 0.53302549615 -0.0650453078533 -1.36815641396 1.36815641396 -0.0650453078533 
