13
98
98.802730439 126.662545614 1.37083995342 92.3407592773 156.966567993 8388608 0.532140720014 0.0 0.532140720014 -0.0559886580311 1.36969611523 -1.36969611523 -0.0559886580311 
217.505526095 119.048198043 2.34279465675 91.4714355469 149.695800781 19202304 0.18219294264 0.0 0.18219294264 -0.0601596216445 2.34202212279 -2.34202212279 -0.0601596216445 
133.123723441 122.195093632 1.48044264317 48.6098022461 138.330947876 8388608 0.456264655682 0.0 0.456264655682 0.978844286173 1.11066389296 -1.11066389296 0.978844286173 
133.675876947 114.605405232 1.487596035 57.4634094238 136.934677124 8388608 0.451887133308 0.0 0.451887133308 0.800085840614 1.25411507088 -1.25411507088 0.800085840614 
147.629822706 124.137807458 1.33187878132 90.4131469727 136.002334595 8388608 0.56372928947 0.0 0.56372928947 -0.00960379495024 1.33184415577 -1.33184415577 -0.00960379495024 
250.066097935 109.291962212 1.25893485546 51.2191467285 127.89163208 8388608 0.630947878496 0.0 0.630947878496 0.788525465136 0.981399287307 -0.981399287307 0.788525465136 
127.920875754 128.367192405 1.49714326859 352.280609131 118.864852905 8388608 0.446142170727 0.0 0.446142170727 1.48357585298 -0.201098620358 0.201098620358 1.48357585298 
130.736703547 107.226544939 1.26575541496 19.6737060547 115.896972656 8388608 0.624166437228 0.0 0.624166437228 1.19186712494 0.426133226802 -0.426133226802 1.19186712494 
58.3535374783 127.277309357 1.85428965092 33.1978759766 115.153518677 19005440 0.290833782135 0.0 0.290833782135 1.55164104554 1.01528329804 -1.01528329804 1.55164104554 
118.958052527 136.198837266 2.81400990486 87.8476257324 110.033119202 15794688 0.126284124147 0.0 0.126284124147 0.105686284299 2.81202456497 -2.81202456497 0.105686284299 
38.7992182067 134.90936968 2.91643714905 92.8983154297 105.423530579 18350592 0.117569523184 0.0 0.117569523184 -0.147465492628 2.9127065717 -2.9127065717 -0.147465492628 
80.9938265646 66.3656633691 2.73108291626 258.43548584 101.962249756 13632000 0.134069573797 0.0 0.134069573797 -0.547503436306 -2.6756408359 2.6756408359 -0.547503436306 
54.7780573146 136.246757901 3.12544703484 89.2423400879 98.4935455322 23331328 0.10237070941 0.0 0.10237070941 0.0413286446616 3.12517377288 -3.12517377288 0.0413286446616 
91.7863517061 87.4125156504 4.26022768021 51.4861755371 84.9334716797 12321025 0.0550978154937 0.0 0.0550978154937 2.65285846609 3.33344894157 -3.33344894157 2.65285846609 
124.253498434 106.017302857 1.32790195942 132.44644165 81.4765472412 8388608 0.567110876391 0.0 0.567110876391 -0.896201999329 0.979870190499 -0.979870190499 -0.896201999329 
195.935723872 77.2617995558 1.51187229156 42.6411132812 80.5744781494 8388608 0.437491666276 0.0 0.437491666276 1.11215018625 1.02414832384 -1.02414832384 1.11215018625 
46.6093305431 89.754065923 1.33079683781 93.5137939453 78.9111328125 8388608 0.564646290721 0.0 0.564646290721 -0.0815629924408 1.32829503567 -1.32829503567 -0.0815629924408 
24.1355817371 109.026066278 2.23594689369 179.428039551 78.8025360107 15859968 0.200021661889 0.0 0.200021661889 -2.23583548614 0.0223201771632 -0.0223201771632 -2.23583548614 
30.8500575701 129.19827037 1.62218725681 141.830657959 77.8261871338 9371648 0.380012628373 0.0 0.380012628373 -1.27534363606 1.00249194816 -1.00249194816 -1.27534363606 
53.0605629701 90.03079834 1.30814278126 268.760681152 76.521270752 8388608 0.584372408197 0.0 0.584372408197 -0.028293176274 -1.30783677588 1.30783677588 -0.028293176274 
199.596395016 63.8730094686 2.05072522163 16.0876464844 74.9751205444 9568512 0.237785328251 0.0 0.237785328251 1.97041661436 0.568271326484 -0.568271326484 1.97041661436 
87.0482428392 85.8151822778 8.89223194122 247.494155884 74.9134216309 15401218 0.012646735504 0.0 0.012646735504 -3.40374778112 -8.21500395247 8.21500395247 -3.40374778112 
94.3793768984 92.7541616724 1.97160458565 63.4073791504 74.0409240723 23461888 0.257252948327 0.0 0.257252948327 0.882576816413 1.76303227573 -1.76303227573 0.882576816413 
67.1598471035 90.8191267681 6.89858865738 249.799758911 71.7718505859 13762562 0.021012585809 0.0 0.021012585809 -2.38209748143 -6.47426729852 6.47426729852 -2.38209748143 
169.083068671 45.6432573207 2.23233938217 270.801086426 70.3624343872 15728896 0.200668663417 0.0 0.200668663417 0.0312106498656 -2.23212119127 2.23212119127 0.0312106498656 
24.0716135659 98.2716860834 1.54681718349 198.652954102 66.9587020874 8388608 0.41794778125 0.0 0.41794778125 -1.46556785079 -0.494726463698 0.494726463698 -1.46556785079 
40.5772686946 89.7785447295 1.3094432354 69.0895690918 65.3460998535 8388608 0.583212262983 0.0 0.583212262983 0.467350856324 1.2232026667 -1.2232026667 0.467350856324 
100.537367101 84.284432572 2.28493762016 71.2110595703 64.729095459 17432832 0.191536392639 0.0 0.191536392639 0.735939475288 2.16317660323 -2.16317660323 0.735939475288 
136.33799068 51.4894397005 4.2730717659 259.095031738 59.3152618408 12583169 0.0547670850396 0.0 0.0547670850396 -0.808382239488 -4.19590996941 4.19590996941 -0.808382239488 
223.049498233 60.2472707305 2.22454333305 54.134185791 56.0981254578 15466752 0.2020776394 0.0 0.2020776394 1.30333532941 1.80275069262 -1.80275069262 1.30333532941 
122.081705691 47.3199634014 2.31111836433 225.952163696 51.9293937683 18219264 0.187221457977 0.0 0.187221457977 -1.60682516294 -1.66113846193 1.66113846193 -1.60682516294 
68.6636597889 82.3459093982 3.7365603447 258.083099365 51.7606887817 19595265 0.0716235757735 0.0 0.0716235757735 -0.771572841209 -3.65603043755 3.65603043755 -0.771572841209 
121.99076536 99.5433920191 6.63550519943 180.346389771 51.52684021 10944514 0.0227118239115 0.0 0.0227118239115 -6.63538393665 -0.0401156444917 0.0401156444917 -6.63538393665 
129.17756318 45.7527486365 1.90389800072 255.374145508 51.3485717773 20905984 0.275875189427 0.0 0.275875189427 -0.480745682794 -1.84220280795 1.84220280795 -0.480745682794 
113.56617258 66.4156219279 3.04348421097 101.773132324 50.6153182983 21430784 0.107958761547 0.0 0.107958761547 -0.620983417393 2.97945896729 -2.97945896729 -0.620983417393 
235.744269934 71.6231154136 2.22284269333 93.2725830078 48.4885673523 15401216 0.202386966483 0.0 0.202386966483 -0.126893858334 2.21921778742 -2.21921778742 -0.126893858334 
236.066459425 99.9550098689 5.35344648361 15.3426818848 48.436756134 12124673 0.0348925788744 0.0 0.0348925788744 5.16265276346 1.41647650768 -1.41647650768 5.16265276346 
240.924667206 89.7060843448 1.31217038631 76.3829345703 46.9398651123 8388608 0.580790542363 0.0 0.580790542363 0.308926372534 1.2752864851 -1.2752864851 0.308926372534 
158.029102047 102.351219533 5.36233329773 258.729156494 46.5452651978 12255745 0.0347770221197 0.0 0.0347770221197 -1.04805252886 -5.2589166463 5.2589166463 -1.04805252886 
160.598314457 76.3850801072 3.43674468994 80.5770874023 46.2512588501 13500417 0.0846653015173 0.0 0.0846653015173 0.562665489053 3.39037189867 -3.39037189867 0.562665489053 
243.639526374 95.2145952463 1.31060481071 92.2785949707 45.3497543335 8388608 0.58217893126 0.0 0.58217893126 -0.0521076846007 1.30956853928 -1.30956853928 -0.0521076846007 
252.489501897 68.637946537 2.33630084991 287.202758789 45.1607513428 19005696 0.183207169931 0.0 0.183207169931 0.690970429757 -2.23178438173 2.23178438173 0.690970429757 
261.653111646 67.8872533826 1.74857485294 328.80960083 45.0081329346 14811136 0.327063095918 0.0 0.327063095918 1.4958201973 -0.905558365699 0.905558365699 1.4958201973 
119.605915044 114.610306959 2.76855158806 28.352355957 43.886505127 14615040 0.130465222487 0.0 0.130465222487 2.43644658206 1.31476459814 -1.31476459814 2.43644658206 
244.15857689 92.1896886109 2.67702031136 114.307159424 43.7937927246 12190208 0.139539340918 0.0 0.139539340918 -1.10193715991 2.43970740931 -2.43970740931 -1.10193715991 
125.631762233 99.0381899341 1.42393863201 77.4852294922 43.6988296509 8388608 0.493193625217 0.0 0.493193625217 0.308555099037 1.39010610336 -1.39010610336 0.308555099037 
109.580570575 91.4356665099 2.37764334679 204.735046387 43.1832885742 20316416 0.176891343509 0.0 0.176891343509 -2.15950029701 -0.99485996589 0.99485996589 -2.15950029701 
116.167822184 104.256430668 2.21831727028 37.0442504883 42.6704444885 15270144 0.203213557766 0.0 0.203213557766 1.77059536065 1.33638451819 -1.33638451819 1.77059536065 
105.784667353 90.5127165144 1.28628361225 199.097595215 40.6103096008 8388608 0.604402882382 0.0 0.604402882382 -1.21548996461 -0.420844005624 0.420844005624 -1.21548996461 
94.6759932404 102.294884397 1.56678855419 269.858978271 40.2922363281 8388608 0.407360785584 0.0 0.407360785584 -0.00385632255853 -1.56678380842 1.56678380842 -0.00385632255853 
206.27101972 99.9425562255 3.45316767693 90.3391113281 39.9485778809 13893633 0.0838618938501 0.0 0.0838618938501 -0.0204378306814 3.45310719498 -3.45310719498 -0.0204378306814 
160.80950548 75.316431625 1.35876786709 68.3300170898 37.8744621277 8388608 0.541638422114 0.0 0.541638422114 0.501738536647 1.26273851508 -1.26273851508 0.501738536647 
193.42241284 98.8344125185 4.94859313965 84.3144226074 37.4658279419 23200001 0.0408353707111 0.0 0.0408353707111 0.490253506087 4.92424873067 -4.92424873067 0.490253506087 
140.56291719 81.7042068212 3.20845651627 59.4130249023 37.0287971497 8519681 0.0971421440168 0.0 0.0971421440168 1.63260940565 2.76202457363 -2.76202457363 1.63260940565 
105.200173319 99.6743107248 2.01937818527 186.452026367 36.4187850952 8454400 0.245224963861 0.0 0.245224963861 -2.00658803389 -0.226920068285 0.226920068285 -2.00658803389 
142.740715636 115.069150154 1.86029112339 180.371795654 35.9632949829 19267584 0.288960295287 0.0 0.288960295287 -1.86025195707 -0.0120714528595 0.0120714528595 -1.86025195707 
80.0115049748 93.9905289272 1.93751382828 39.7490844727 35.4105987549 22216704 0.266385375448 0.0 0.266385375448 1.4896614779 1.23889810558 -1.23889810558 1.4896614779 
77.2464701422 101.993597154 2.63339567184 53.6428527832 34.3842086792 10945024 0.144200831658 0.0 0.144200831658 1.56112099196 2.12077203229 -2.12077203229 1.56112099196 
80.9953360392 95.7678465841 1.3085848093 36.7212524414 34.114906311 8388608 0.583977683507 0.0 0.583977683507 1.04890127693 0.782432306593 -0.782432306593 1.04890127693 
229.015001012 88.1707504123 2.3391559124 316.754211426 34.0243453979 19136768 0.182760214943 0.0 0.182760214943 1.70389106333 -1.6026246057 1.6026246057 1.70389106333 
71.29013751 63.8863813199 1.19425702095 201.002441406 31.9223480225 8388608 0.70113943399 0.0 0.70113943399 -1.11491674133 -0.428030947463 0.428030947463 -1.11491674133 
157.465767605 90.4656422958 1.28699803352 255.433639526 30.8767623901 8388608 0.603732052408 0.0 0.603732052408 -0.323681489268 -1.24563005415 1.24563005415 -0.323681489268 
151.03022365 93.5906370571 1.82543885708 252.991317749 30.8059120178 17891328 0.300099601173 0.0 0.300099601173 -0.533971193395 -1.74559496607 1.74559496607 -0.533971193395 
189.80234062 63.4378479659 1.60758852959 152.572601318 30.391910553 8716288 0.38694585825 0.0 0.38694585825 -1.42688789038 0.740494313778 -0.740494313778 -1.42688789038 
29.4366433685 76.6018687735 1.67221260071 244.174835205 30.1641139984 11534336 0.357616062128 0.0 0.357616062128 -0.728460097523 -1.5052045935 1.5052045935 -0.728460097523 
249.210253085 80.2096854899 1.461145401 204.296234131 30.0620613098 8388608 0.468395947656 0.0 0.468395947656 -1.33173222361 -0.601194783302 0.601194783302 -1.33173222361 
213.432913072 60.8477053034 2.04569911957 96.6114196777 29.4415340424 9437440 0.238955198724 0.0 0.238955198724 -0.23553185106 2.03209488827 -2.03209488827 -0.23553185106 
255.730453844 102.066666522 1.37230706215 165.712966919 29.3686943054 8388608 0.531003524127 0.0 0.531003524127 -1.32986380902 0.33865752948 -0.33865752948 -1.32986380902 
214.251292966 51.6781801762 1.29345273972 116.775634766 28.0101013184 8388608 0.597721489313 0.0 0.597721489313 -0.582697774853 1.15476547102 -1.15476547102 -0.582697774853 
99.6566719905 75.048620596 1.54306936264 261.477050781 26.3963279724 8388608 0.419980477491 0.0 0.419980477491 -0.228691426775 -1.5260286004 1.5260286004 -0.228691426775 
87.8224127186 101.627187343 2.0280983448 258.90625 26.3171825409 8782080 0.243120723109 0.0 0.243120723109 -0.390236386763 -1.99020060764 1.99020060764 -0.390236386763 
199.430291448 84.4494620941 1.56288540363 265.437957764 25.9058609009 8388608 0.409398012236 0.0 0.409398012236 -0.124309643165 -1.55793385531 1.55793385531 -0.124309643165 
205.447665208 111.106742911 1.64609110355 261.09564209 25.8628349304 10420224 0.369055995049 0.0 0.369055995049 -0.254791083828 -1.62625257104 1.62625257104 -0.254791083828 
193.24161139 70.9303328632 1.36468839645 262.001220703 24.5465641022 8388608 0.5369489559 0.0 0.5369489559 -0.189899123812 -1.35141138895 1.35141138895 -0.189899123812 
81.0033373431 42.8869764772 5.42421340942 245.459915161 24.4727134705 13107713 0.0339880668654 0.0 0.0339880668654 -2.2528372607 -4.9342492223 4.9342492223 -2.2528372607 
215.812649282 110.290878335 1.77627205849 259.781524658 23.6882400513 15925248 0.316942903064 0.0 0.316942903064 -0.315114376363 -1.74809763903 1.74809763903 -0.315114376363 
63.0377657112 109.29359238 2.7802965641 276.84387207 19.9658317566 14877184 0.129365286303 0.0 0.129365286303 0.331311980424 -2.76048571016 2.76048571016 0.331311980424 
153.442094714 76.1854963217 1.37887585163 78.1018371582 19.6181144714 8388608 0.525956308244 0.0 0.525956308244 0.284286708874 1.34925152635 -1.34925152635 0.284286708874 
139.442719043 68.6543859784 1.30156266689 81.8383178711 18.8254489899 8388608 0.590295991085 0.0 0.590295991085 0.184778903173 1.28837965398 -1.28837965398 0.184778903173 
79.4629964861 78.3254826623 1.35188877583 260.46661377 16.249332428 8388608 0.547164705098 0.0 0.547164705098 -0.223902909577 -1.33321819268 1.33321819268 -0.223902909577 
107.091615361 58.5006703704 1.51528728008 239.127609253 15.5639476776 8388608 0.435521946742 0.0 0.435521946742 -0.777535899119 -1.30058966118 1.30058966118 -0.777535899119 
93.7733745285 62.531238548 1.31787276268 239.384307861 11.5220041275 8388608 0.575775306956 0.0 0.575775306956 -0.671162466507 -1.13416469799 1.13416469799 -0.671162466507 
116.818248676 60.2524669784 1.454246521 234.496459961 11.3604946136 8388608 0.472850587522 0.0 0.472850587522 -0.844558400647 -1.18387248119 1.18387248119 -0.844558400647 
224.901002295 43.5211638763 1.39451372623 298.666809082 10.6653518677 8388608 0.51422645207 0.0 0.51422645207 0.668969562436 -1.2235800984 1.2235800984 0.668969562436 
263.678399403 118.947754508 1.32262909412 65.0617675781 10.4715270996 8388608 0.57164164003 0.0 0.57164164003 0.557674618702 1.19931094395 -1.19931094395 0.557674618702 
19.2460212332 85.7153209164 1.43283689022 201.412033081 8.34806060791 8388608 0.487086946585 0.0 0.487086946585 -1.3339412917 -0.523089078711 0.523089078711 -1.3339412917 
15.1809521358 120.024073233 1.57396173477 164.023147583 7.20680999756 8388608 0.403656230539 0.0 0.403656230539 -1.51316427613 0.433231365408 -0.433231365408 -1.51316427613 
24.2395717691 130.38728772 1.3082023859 145.92565918 6.56679916382 8388608 0.584319158766 0.0 0.584319158766 -1.08359885367 0.73294406799 -0.73294406799 -1.08359885367 
12.3084030219 88.672261434 1.34805750847 180.967025757 6.28000259399 8388608 0.550279280285 0.0 0.550279280285 -1.34786550948 -0.0227511424673 0.0227511424673 -1.34786550948 
13.4581714352 75.7738365094 1.76608204842 258.673706055 5.99788665771 15466496 0.320610873826 0.0 0.320610873826 -0.346851703008 -1.73168695146 1.73168695146 -0.346851703008 
255.86131359 49.68704501 1.64549219608 304.767486572 4.06422042847 10354688 0.369324693518 0.0 0.369324693518 0.938337813163 -1.35172730821 1.35172730821 0.938337813163 
156.053774924 28.1594337822 1.41645097733 270.192871094 3.93713378906 8388608 0.49842165533 0.0 0.49842165533 0.00476809872583 -1.41644295205 1.41644295205 0.00476809872583 
225.518143236 24.5505266193 2.89267396927 293.381134033 3.86754226685 17760768 0.119509113556 0.0 0.119509113556 1.14794515989 -2.65514304744 2.65514304744 1.14794515989 
238.779907876 37.2513071324 1.87170636654 345.108581543 3.78356933594 19726336 0.28544639651 0.0 0.28544639651 1.80884432369 -0.481006169597 0.481006169597 1.80884432369 
23.4538277443 151.317397752 1.70640003681 95.6050109863 3.63126754761 13041664 0.3434300526 0.0 0.3434300526 -0.166663989541 1.69824150233 -1.69824150233 -0.166663989541 
270.366949702 124.796282758 1.28615236282 357.195037842 3.59766769409 8388608 0.60452624503 0.0 0.60452624503 1.28461142742 -0.0629395021375 0.0629395021375 1.28461142742 
22.2348669387 54.5723845654 1.74566698074 208.79914856 3.55568695068 14680064 0.328153624426 0.0 0.328153624426 -1.52975213354 -0.840958749036 0.840958749036 -1.52975213354 
55.1882929021 39.5292410604 1.49208045006 208.243041992 3.55324554443 8388608 0.449174941431 0.0 0.449174941431 -1.31444560422 -0.706071400776 0.706071400776 -1.31444560422 
