13
77
98.802730439 126.662545614 1.37083995342 137.822528838 156.966567993 8388608 0.532140720014 0.0 0.532140720014 -1.01588652894 0.920422043527 -0.920422043527 -1.01588652894 
217.505526095 119.048198043 2.34279465675 138.231628977 149.695800781 19202304 0.18219294264 0.0 0.18219294264 -1.74735894405 1.5605843535 -1.5605843535 -1.74735894405 
133.123723441 122.195093632 1.48044264317 136.140065871 138.330947876 8388608 0.456264655682 0.0 0.456264655682 -1.06745217287 1.02579543689 -1.02579543689 -1.06745217287 
133.675876947 114.605405232 1.487596035 134.259352516 136.934677124 8388608 0.451887133308 0.0 0.451887133308 -1.03820424249 1.06539847673 -1.06539847673 -1.03820424249 
147.629822706 124.137807458 1.33187878132 137.740335901 136.002334595 8388608 0.56372928947 0.0 0.56372928947 -0.985729757361 0.895677360203 -0.895677360203 -0.985729757361 
250.066097935 109.291962212 1.25893485546 133.550042002 127.89163208 8388608 0.630947878496 0.0 0.630947878496 -0.867390823601 0.912441849889 -0.912441849889 -0.867390823601 
127.920875754 128.367192405 1.49714326859 132.969551911 118.864852905 8388608 0.446142170727 0.0 0.446142170727 -1.02046723676 1.09548372209 -1.09548372209 -1.02046723676 
130.736703547 107.226544939 1.26575541496 134.444624987 115.896972656 8388608 0.624166437228 0.0 0.624166437228 -0.886306747066 0.903657634623 -0.903657634623 -0.886306747066 
58.3535374783 127.277309357 1.85428965092 135.448763766 115.153518677 19005440 0.290833782135 0.0 0.290833782135 -1.32141016275 1.30087097411 -1.30087097411 -1.32141016275 
118.958052527 136.198837266 2.81400990486 139.256212159 110.033119202 15794688 0.126284124147 0.0 0.126284124147 -2.13199451564 1.83664126328 -1.83664126328 -2.13199451564 
80.9938265646 66.3656633691 2.73108291626 124.535449264 101.962249756 13632000 0.134069573797 0.0 0.134069573797 -1.54829465884 2.24979944548 -2.24979944548 -1.54829465884 
54.7780573146 136.246757901 3.12544703484 138.604468788 98.4935455322 23331328 0.10237070941 0.0 0.10237070941 -2.34459361888 2.06671234812 -2.06671234812 -2.34459361888 
91.7863517061 87.4125156504 4.26022768021 131.22710552 84.9334716797 12321025 0.0550978154937 0.0 0.0550978154937 -2.80768319689 3.20413092009 -3.20413092009 -2.80768319689 
124.253498434 106.017302857 1.32790195942 135.129026242 81.4765472412 8388608 0.567110876391 0.0 0.567110876391 -0.941080591483 0.936851607334 -0.936851607334 -0.941080591483 
195.935723872 77.2617995558 1.51187229156 137.774142939 80.5744781494 8388608 0.437491666276 0.0 0.437491666276 -1.11954351753 1.01606108987 -1.01606108987 -1.11954351753 
46.6093305431 89.754065923 1.33079683781 139.045846515 78.9111328125 8388608 0.564646290721 0.0 0.564646290721 -1.00506341696 0.872277336289 -0.872277336289 -1.00506341696 
30.8500575701 129.19827037 1.62218725681 142.34786563 77.8261871338 9371648 0.380012628373 0.0 0.380012628373 -1.28434102352 0.990938762724 -0.990938762724 -1.28434102352 
53.0605629701 90.03079834 1.30814278126 139.316341879 76.521270752 8388608 0.584372408197 0.0 0.584372408197 -0.991991221878 0.852754918996 -0.852754918996 -0.991991221878 
199.596395016 63.8730094686 2.05072522163 133.517998807 74.9751205444 9568512 0.237785328251 0.0 0.237785328251 -1.41209331474 1.48709999836 -1.48709999836 -1.41209331474 
94.3793768984 92.7541616724 1.97160458565 131.92343434 74.0409240723 23461888 0.257252948327 0.0 0.257252948327 -1.31730183066 1.46694939554 -1.46694939554 -1.31730183066 
169.083068671 45.6432573207 2.23233938217 128.530704789 70.3624343872 15728896 0.200668663417 0.0 0.200668663417 -1.39059998164 1.74630203809 -1.74630203809 -1.39059998164 
40.5772686946 89.7785447295 1.3094432354 143.832616248 65.3460998535 8388608 0.583212262983 0.0 0.583212262983 -1.05710879697 0.772762950773 -0.772762950773 -1.05710879697 
100.537367101 84.284432572 2.28493762016 129.692870256 64.729095459 17432832 0.191536392639 0.0 0.191536392639 -1.45932584063 1.75821159674 -1.75821159674 -1.45932584063 
223.049498233 60.2472707305 2.22454333305 151.405272512 56.0981254578 15466752 0.2020776394 0.0 0.2020776394 -1.95320915852 1.06469104611 -1.06469104611 -1.95320915852 
122.081705691 47.3199634014 2.31111836433 133.673008389 51.9293937683 18219264 0.187221457977 0.0 0.187221457977 -1.59592371985 1.67161466086 -1.67161466086 -1.59592371985 
68.6636597889 82.3459093982 3.7365603447 137.65856452 51.7606887817 19595265 0.0716235757735 0.0 0.0716235757735 -2.76185686444 2.5167498624 -2.5167498624 -2.76185686444 
129.17756318 45.7527486365 1.90389800072 136.524377474 51.3485717773 20905984 0.275875189427 0.0 0.275875189427 -1.38159628868 1.30996919515 -1.30996919515 -1.38159628868 
113.56617258 66.4156219279 3.04348421097 130.531303545 50.6153182983 21430784 0.107958761547 0.0 0.107958761547 -1.97784899453 2.31320329787 -2.31320329787 -1.97784899453 
235.744269934 71.6231154136 2.22284269333 145.570867726 48.4885673523 15401216 0.202386966483 0.0 0.202386966483 -1.83345874044 1.25676516757 -1.25676516757 -1.83345874044 
240.924667206 89.7060843448 1.31217038631 122.707635013 46.9398651123 8388608 0.580790542363 0.0 0.580790542363 -0.709034485873 1.10411105445 -1.10411105445 -0.709034485873 
158.029102047 102.351219533 5.36233329773 132.349212274 46.5452651978 12255745 0.0347770221197 0.0 0.0347770221197 -3.61232266854 3.96304722837 -3.96304722837 -3.61232266854 
160.598314457 76.3850801072 3.43674468994 125.959362711 46.2512588501 13500417 0.0846653015173 0.0 0.0846653015173 -2.01809533625 2.78181690225 -2.78181690225 -2.01809533625 
243.639526374 95.2145952463 1.31060481071 132.435282036 45.3497543335 8388608 0.58217893126 0.0 0.58217893126 -0.884339759019 0.967278739809 -0.967278739809 -0.884339759019 
119.605915044 114.610306959 2.76855158806 132.299539649 43.886505127 14615040 0.130465222487 0.0 0.130465222487 -1.86325341041 2.04772181321 -2.04772181321 -1.86325341041 
125.631762233 99.0381899341 1.42393863201 133.532562426 43.6988296509 8388608 0.493193625217 0.0 0.493193625217 -0.980761527367 1.03233136839 -1.03233136839 -0.980761527367 
109.580570575 91.4356665099 2.37764334679 122.796996274 43.1832885742 20316416 0.176891343509 0.0 0.176891343509 -1.28788414557 1.99863511229 -1.99863511229 -1.28788414557 
116.167822184 104.256430668 2.21831727028 130.767040186 42.6704444885 15270144 0.203213557766 0.0 0.203213557766 -1.44852796703 1.68008875966 -1.68008875966 -1.44852796703 
105.784667353 90.5127165144 1.28628361225 113.938858336 40.6103096008 8388608 0.604402882382 0.0 0.604402882382 -0.521924427096 1.17563617822 -1.17563617822 -0.521924427096 
94.6759932404 102.294884397 1.56678855419 131.5870089 40.2922363281 8388608 0.407360785584 0.0 0.407360785584 -1.03996630906 1.17187731848 -1.17187731848 -1.03996630906 
206.27101972 99.9425562255 3.45316767693 135.295770445 39.9485778809 13893633 0.0838618938501 0.0 0.0838618938501 -2.45433045773 2.42912103634 -2.42912103634 -2.45433045773 
160.80950548 75.316431625 1.35876786709 134.389155521 37.8744621277 8388608 0.541638422114 0.0 0.541638422114 -0.950496302243 0.970982438592 -0.970982438592 -0.950496302243 
193.42241284 98.8344125185 4.94859313965 136.556673479 37.4658279419 23200001 0.0408353707111 0.0 0.0408353707111 -3.59295026879 3.40283446964 -3.40283446964 -3.59295026879 
140.56291719 81.7042068212 3.20845651627 132.446865216 37.0287971497 8519681 0.0971421440168 0.0 0.0971421440168 -2.16540714137 2.367531442 -2.367531442 -2.16540714137 
105.200173319 99.6743107248 2.01937818527 125.196114682 36.4187850952 8454400 0.245224963861 0.0 0.245224963861 -1.1639229443 1.65020351317 -1.65020351317 -1.1639229443 
142.740715636 115.069150154 1.86029112339 134.023940479 35.9632949829 19267584 0.288960295287 0.0 0.288960295287 -1.2928258335 1.33764136748 -1.33764136748 -1.2928258335 
80.0115049748 93.9905289272 1.93751382828 123.979245794 35.4105987549 22216704 0.266385375448 0.0 0.266385375448 -1.08286207352 1.60666411067 -1.60666411067 -1.08286207352 
77.2464701422 101.993597154 2.63339567184 125.437850462 34.3842086792 10945024 0.144200831658 0.0 0.144200831658 -1.52689424525 2.14554578798 -2.14554578798 -1.52689424525 
80.9953360392 95.7678465841 1.3085848093 129.286300308 34.114906311 8388608 0.583977683507 0.0 0.583977683507 -0.828590438784 1.01283369212 -1.01283369212 -0.828590438784 
229.015001012 88.1707504123 2.3391559124 150.426059826 34.0243453979 19136768 0.182760214943 0.0 0.182760214943 -2.03440950828 1.15448184703 -1.15448184703 -2.03440950828 
71.29013751 63.8863813199 1.19425702095 128.121710527 31.9223480225 8388608 0.70113943399 0.0 0.70113943399 -0.737255483344 0.939523381492 -0.939523381492 -0.737255483344 
157.465767605 90.4656422958 1.28699803352 127.952535174 30.8767623901 8388608 0.603732052408 0.0 0.603732052408 -0.791514681512 1.01482434305 -1.01482434305 -0.791514681512 
151.03022365 93.5906370571 1.82543885708 126.050243544 30.8059120178 17891328 0.300099601173 0.0 0.300099601173 -1.07426066462 1.47586958956 -1.47586958956 -1.07426066462 
189.80234062 63.4378479659 1.60758852959 134.91357937 30.391910553 8716288 0.38694585825 0.0 0.38694585825 -1.13502089028 1.13845002485 -1.13845002485 -1.13502089028 
29.4366433685 76.6018687735 1.67221260071 122.233676268 30.1641139984 11534336 0.357616062128 0.0 0.357616062128 -0.891913961131 1.41449088647 -1.41449088647 -0.891913961131 
249.210253085 80.2096854899 1.461145401 137.102348802 30.0620613098 8388608 0.468395947656 0.0 0.468395947656 -1.07039246098 0.994588287858 -0.994588287858 -1.07039246098 
213.432913072 60.8477053034 2.04569911957 137.280252101 29.4415340424 9437440 0.238955198724 0.0 0.238955198724 -1.50293589236 1.38782873268 -1.38782873268 -1.50293589236 
255.730453844 102.066666522 1.37230706215 134.715644451 29.3686943054 8388608 0.531003524127 0.0 0.531003524127 -0.965539821965 0.975171536205 -0.975171536205 -0.965539821965 
214.251292966 51.6781801762 1.29345273972 160.008776541 28.0101013184 8388608 0.597721489313 0.0 0.597721489313 -1.21551574521 0.442200704464 -0.442200704464 -1.21551574521 
99.6566719905 75.048620596 1.54306936264 129.776954152 26.3963279724 8388608 0.419980477491 0.0 0.419980477491 -0.987256741344 1.18591196325 -1.18591196325 -0.987256741344 
87.8224127186 101.627187343 2.0280983448 128.770456707 26.3171825409 8782080 0.243120723109 0.0 0.243120723109 -1.26999899597 1.58122909359 -1.58122909359 -1.26999899597 
199.430291448 84.4494620941 1.56288540363 131.769300239 25.9058609009 8388608 0.409398012236 0.0 0.409398012236 -1.0410894483 1.16565155408 -1.16565155408 -1.0410894483 
205.447665208 111.106742911 1.64609110355 132.82302394 25.8628349304 10420224 0.369055995049 0.0 0.369055995049 -1.11890753713 1.20733667407 -1.20733667407 -1.11890753713 
193.24161139 70.9303328632 1.36468839645 140.697774397 24.5465641022 8388608 0.5369489559 0.0 0.5369489559 -1.05601717855 0.864408548098 -0.864408548098 -1.05601717855 
215.812649282 110.290878335 1.77627205849 136.565981652 23.6882400513 15925248 0.316942903064 0.0 0.316942903064 -1.28986943599 1.22122039938 -1.22122039938 -1.28986943599 
63.0377657112 109.29359238 2.7802965641 137.42092894 19.9658317566 14877184 0.129365286303 0.0 0.129365286303 -2.04725548984 1.88116823908 -1.88116823908 -2.04725548984 
153.442094714 76.1854963217 1.37887585163 132.027539729 19.6181144714 8388608 0.525956308244 0.0 0.525956308244 -0.923140461465 1.02426085672 -1.02426085672 -0.923140461465 
139.442719043 68.6543859784 1.30156266689 136.412015333 18.8254489899 8388608 0.590295991085 0.0 0.590295991085 -0.942743268099 0.897385372236 -0.897385372236 -0.942743268099 
79.4629964861 78.3254826623 1.35188877583 135.52644279 16.249332428 8388608 0.547164705098 0.0 0.547164705098 -0.964672481837 0.947106258553 -0.947106258553 -0.964672481837 
107.091615361 58.5006703704 1.51528728008 128.727495861 15.5639476776 8388608 0.435521946742 0.0 0.435521946742 -0.947989645438 1.18212147147 -1.18212147147 -0.947989645438 
93.7733745285 62.531238548 1.31787276268 130.734631977 11.5220041275 8388608 0.575775306956 0.0 0.575775306956 -0.859986480855 0.998604962616 -0.998604962616 -0.859986480855 
116.818248676 60.2524669784 1.454246521 136.397237259 11.3604946136 8388608 0.472850587522 0.0 0.472850587522 -1.05307605123 1.00292760165 -1.00292760165 -1.05307605123 
224.901002295 43.5211638763 1.39451372623 148.488765288 10.6653518677 8388608 0.51422645207 0.0 0.51422645207 -1.18887551784 0.728864552391 -0.728864552391 -1.18887551784 
24.2395717691 130.38728772 1.3082023859 136.810428583 6.56679916382 8388608 0.584319158766 0.0 0.584319158766 -0.953801479336 0.895352567705 -0.895352567705 -0.953801479336 
255.86131359 49.68704501 1.64549219608 124.847171788 4.06422042847 10354688 0.369324693518 0.0 0.369324693518 -0.940216846012 1.35042098986 -1.35042098986 -0.940216846012 
156.053774924 28.1594337822 1.41645097733 125.111869413 3.93713378906 8388608 0.49842165533 0.0 0.49842165533 -0.814706805439 1.15870021677 -1.15870021677 -0.814706805439 
238.779907876 37.2513071324 1.87170636654 124.826365 3.78356933594 19726336 0.28544639651 0.0 0.28544639651 -1.06891534193 1.53645849744 -1.53645849744 -1.06891534193 
55.1882929021 39.5292410604 1.49208045006 124.951272543 3.55324554443 8388608 0.449174941431 0.0 0.449174941431 -0.85478241769 1.2229681467 -1.2229681467 -0.85478241769 
