13
157
57.6821351162 61.4916277971 1.73330175877 15.511505127 149.543243408 14155776 0.332852363117 0.0 0.332852363117 1.67016931307 0.463540130526 -0.463540130526 1.67016931307 
274.262993663 113.02067929 2.79861760139 97.5758972168 120.669677734 15401472 0.127677061137 0.0 0.127677061137 -0.368968068268 2.77418871806 -2.77418871806 -0.368968068268 
111.129030085 117.322572908 1.72286653519 49.0003051758 105.636940002 13697024 0.336896678489 0.0 0.336896678489 1.13029522051 1.30026989989 -1.30026989989 1.13029522051 
268.982158397 49.0025112737 3.88158226013 71.3539428711 105.606208801 22347777 0.0663716189701 0.0 0.0663716189701 1.24102362737 3.67784464034 -3.67784464034 1.24102362737 
180.777748035 45.6081346167 1.51317930222 91.916015625 102.490844727 8388608 0.436736224647 0.0 0.436736224647 -0.0505924672216 1.51233329756 -1.51233329756 -0.0505924672216 
173.694728883 113.835548039 2.38342857361 80.2631530762 102.328681946 20447488 0.176033659268 0.0 0.176033659268 0.403093188224 2.34909506983 -2.34909506983 0.403093188224 
184.434209976 66.1059459436 1.35408377647 21.3409729004 98.4725265503 8388608 0.545392209988 0.0 0.545392209988 1.2612359094 0.492774648843 -0.492774648843 1.2612359094 
237.327650968 113.543795368 2.33809995651 82.4974975586 97.6548309326 19071232 0.182925332181 0.0 0.182925332181 0.305284528909 2.31808385591 -2.31808385591 0.305284528909 
176.841709339 59.7245971021 1.67304670811 35.6896362305 97.1142654419 11599872 0.357259567782 0.0 0.357259567782 1.35883024265 0.976045930875 -0.976045930875 1.35883024265 
172.420075853 97.3336233972 2.28600740433 71.4597167969 96.1308059692 17432832 0.191357167799 0.0 0.191357167799 0.726884792186 2.16736437904 -2.16736437904 0.726884792186 
75.0134819346 60.2681927417 2.88354682922 264.329681396 95.0435256958 17564160 0.120266862793 0.0 0.120266862793 -0.284906709909 -2.86943731121 2.86943731121 -0.284906709909 
68.4693559972 96.7792209883 1.84133195877 52.2604675293 90.142036438 18546688 0.294941454769 0.0 0.294941454769 1.12702923809 1.45612790608 -1.45612790608 1.12702923809 
179.164679897 59.407935049 3.51885199547 279.410583496 87.1678161621 15204353 0.0807603139962 0.0 0.0807603139962 0.575361141627 -3.47149519987 3.47149519987 0.575361141627 
185.613905684 58.5954009335 1.56408727169 87.428314209 86.4451293945 8388608 0.408769078856 0.0 0.408769078856 0.0701795247286 1.56251202484 -1.56251202484 0.0701795247286 
78.7827790843 59.8361250066 1.75694596767 76.9817810059 77.3589630127 15138816 0.323953882185 0.0 0.323953882185 0.395771185227 1.711789795 -1.711789795 0.395771185227 
249.813531693 56.0932354978 2.06528449059 40.7788391113 77.2592086792 10092800 0.234444599254 0.0 0.234444599254 1.56390844807 1.34892193736 -1.34892193736 1.56390844807 
219.549296128 116.064477097 1.80468404293 346.924041748 75.8333587646 17039360 0.307041898966 0.0 0.307041898966 1.7578903654 -0.408296409542 0.408296409542 1.7578903654 
64.5885484913 59.8344735656 1.54564297199 93.2395324707 75.1746902466 8388608 0.418583045039 0.0 0.418583045039 -0.0873448834351 1.54317305193 -1.54317305193 -0.0873448834351 
18.3331481954 57.5431605806 2.33449912071 359.180328369 74.1670074463 18940160 0.183490071804 0.0 0.183490071804 2.33426023463 -0.0333961322797 0.0333961322797 2.33426023463 
69.094411018 105.682750042 2.02589273453 158.564697266 67.2819976807 8716544 0.243650387345 0.0 0.243650387345 -1.88576339672 0.740363277986 -0.740363277986 -1.88576339672 
245.718988835 45.9976798334 2.00634336472 341.516326904 67.0822982788 24707072 0.248421671718 0.0 0.248421671718 1.90284420668 -0.636079886675 0.636079886675 1.90284420668 
58.5510443018 70.8604169095 2.0602478981 322.667694092 66.1164550781 9961728 0.235592272049 0.0 0.235592272049 1.63816835434 -1.24941019864 1.24941019864 1.63816835434 
168.139574387 59.4095225301 1.69658780098 81.4353637695 64.8730316162 12582912 0.347414003627 0.0 0.347414003627 0.252664406984 1.67766828184 -1.67766828184 0.252664406984 
164.375425026 60.5812038294 2.79849815369 276.427001953 64.7775039673 15401472 0.127687960596 0.0 0.127687960596 0.313256203645 -2.7809103666 2.7809103666 0.313256203645 
309.410610592 76.1763105487 5.83868598938 300.746582031 64.084487915 18416129 0.0293338969424 0.0 0.0293338969424 2.98498043669 -5.01798225138 5.01798225138 2.98498043669 
245.353837997 40.2979294797 3.87169098854 352.690551758 63.8548736572 22151169 0.0667111803211 0.0 0.0667111803211 3.84022759794 -0.49258817158 0.49258817158 3.84022759794 
245.648414876 47.0391140208 1.34137141705 262.655883789 63.2250785828 8388608 0.555778707355 0.0 0.555778707355 -0.171465231844 -1.33036722477 1.33036722477 -0.171465231844 
257.714471128 50.9986829943 1.74367940426 41.2930908203 62.1942710876 14548992 0.328902158998 0.0 0.328902158998 1.31010256359 1.150673341 -1.150673341 1.31010256359 
207.959726978 104.171030199 1.64101326466 28.9194030762 59.152179718 10158080 0.371343491838 0.0 0.371343491838 1.436380247 0.793559273662 -0.793559273662 1.436380247 
297.731635081 111.715990764 1.29268562794 344.422973633 57.7236175537 8388608 0.598431105376 0.0 0.598431105376 1.24520569454 -0.347129530529 0.347129530529 1.24520569454 
296.657648282 105.271467464 1.65730059147 1.66702270508 57.2654495239 10878976 0.364080508695 0.0 0.364080508695 1.65659917103 0.0482124157543 -0.0482124157543 1.65659917103 
349.290216963 104.603366641 1.41406798363 93.4163208008 57.1070251465 8388608 0.500102955615 0.0 0.500102955615 -0.0842653313777 1.41155503479 -1.41155503479 -0.0842653313777 
338.720504029 75.0260956529 1.41642653942 267.607147217 55.6201057434 8388608 0.498438854225 0.0 0.498438854225 -0.0591372532838 -1.41519148063 1.41519148063 -0.0591372532838 
286.211791411 43.5135098491 1.79472625256 323.194519043 55.3662071228 16646144 0.310458510057 0.0 0.310458510057 1.43699076283 -1.07522084668 1.07522084668 1.43699076283 
177.261892106 71.3282949823 2.00757193565 315.647674561 55.0961799622 24772608 0.24811771224 0.0 0.24811771224 1.43552356095 -1.40343050515 1.40343050515 1.43552356095 
96.3709433704 65.5157691458 4.62967729568 268.752166748 54.3761177063 18350337 0.0466550392868 0.0 0.0466550392868 -0.100820839559 -4.6285793739 4.6285793739 -0.100820839559 
309.400017376 62.7791476526 1.50963389874 292.847900391 52.0977210999 8388608 0.438789999887 0.0 0.438789999887 0.586169929222 -1.39118630035 1.39118630035 0.586169929222 
299.703323411 88.3413096853 2.26503229141 30.275604248 51.4393692017 16777472 0.194917666812 0.0 0.194917666812 1.95610520137 1.1419385808 -1.1419385808 1.95610520137 
48.4097402755 59.4895372594 1.70849072933 273.034423828 51.0038337708 13107200 0.342590051171 0.0 0.342590051171 0.0904405499501 -1.70609527259 1.70609527259 0.0904405499501 
48.332014989 69.6449639265 2.22863268852 276.282836914 50.8498039246 15597824 0.201336728485 0.0 0.201336728485 0.243893901226 -2.21524703482 2.21524703482 0.243893901226 
43.0847352413 72.2010651446 3.9256746769 274.858581543 50.768661499 23134209 0.064889045671 0.0 0.064889045671 0.332491511313 -3.91156887498 3.91156887498 0.332491511313 
35.2093958312 37.096478454 3.37661218643 84.8752746582 50.7676620483 12255233 0.0877076819205 0.0 0.0877076819205 0.301612907967 3.36311455519 -3.36311455519 0.301612907967 
152.697082477 67.7631753108 6.09824419022 273.577941895 50.2994918823 21561857 0.0268899737701 0.0 0.0268899737701 0.380568783238 -6.08635766323 6.08635766323 0.380568783238 
39.4228767975 68.1007486596 2.27778792381 276.247619629 49.8330230713 17170688 0.192740698154 0.0 0.192740698154 0.247881583672 -2.26425982306 2.26425982306 0.247881583672 
118.372218357 65.9840451659 4.53709840775 269.684265137 49.6225166321 16908545 0.0485784442222 0.0 0.0485784442222 -0.0250020666 -4.53702951922 4.53702951922 -0.0250020666 
193.554892427 64.290608208 1.38170623779 198.098419189 49.3351249695 8388608 0.523803702028 0.0 0.523803702028 -1.31334535854 -0.429227325263 0.429227325263 -1.31334535854 
308.331332863 110.966025641 2.44292593002 13.6780090332 47.1518516541 22282496 0.16756349162 0.0 0.16756349162 2.37364442951 0.577667051008 -0.577667051008 2.37364442951 
177.731486324 36.7126980056 2.00101900101 262.038146973 46.8820419312 24510464 0.249745444309 0.0 0.249745444309 -0.277168664291 -1.98173019706 1.98173019706 -0.277168664291 
311.725728111 102.767496373 1.99478936195 89.8305969238 44.5349502563 24313856 0.251307768019 0.0 0.251307768019 0.00589786830309 1.99478064301 -1.99478064301 0.00589786830309 
205.492095324 106.260049473 3.50268340111 23.1970214844 42.9030151367 14876673 0.0815076236375 0.0 0.0815076236375 3.2195118234 1.37968642357 -1.37968642357 3.2195118234 
328.023332904 75.3150685777 1.33170831203 280.92755127 42.8335914612 8388608 0.563873622397 0.0 0.563873622397 0.252448756784 -1.30756133835 1.30756133835 0.252448756784 
270.03979397 28.6904565997 1.5938347578 299.516571045 42.6750297546 8388608 0.393652861687 0.0 0.393652861687 0.785242958743 -1.38697611044 1.38697611044 0.785242958743 
253.401696536 42.5358086233 1.56245303154 211.211303711 42.5631752014 8388608 0.40962462611 0.0 0.40962462611 -1.33630677268 -0.809656522889 0.809656522889 -1.33630677268 
225.816765519 89.6334018894 2.55751943588 51.7803649902 42.3806304932 8847872 0.152884027263 0.0 0.152884027263 1.58228016228 2.00930215571 -2.00930215571 1.58228016228 
72.7066784958 71.4051672852 2.17369031906 300.596862793 42.1053199768 13828352 0.211643364872 0.0 0.211643364872 1.10639595065 -1.87104719437 1.87104719437 1.10639595065 
290.878341704 55.3838248292 2.72238898277 320.702545166 41.5929527283 13369856 0.134927241912 0.0 0.134927241912 2.10677065575 -1.72421552527 1.72421552527 2.10677065575 
284.238584153 73.072116517 4.00453519821 93.4058837891 39.6653289795 24576001 0.0623585157235 0.0 0.0623585157235 -0.237904967065 3.99746211744 -3.99746211744 -0.237904967065 
327.416535993 79.9530465642 3.70685529709 270.657745361 39.2945404053 19005441 0.0727760925521 0.0 0.0727760925521 0.0425531050456 -3.70661104337 3.70661104337 0.0425531050456 
210.134562511 91.4948003555 2.58826231956 4.01974487305 38.2212905884 9699840 0.14927374216 0.0 0.14927374216 2.58189507011 0.181437818016 -0.181437818016 2.58189507011 
227.343679706 32.836423876 3.00381565094 92.8647766113 37.7277259827 20513280 0.110829008617 0.0 0.110829008617 -0.150127563468 3.00006169595 -3.00006169595 -0.150127563468 
317.692697836 71.5136955303 2.29682731628 318.251068115 37.3869934082 17826048 0.189558520678 0.0 0.189558520678 1.71359346981 -1.52938325512 1.52938325512 1.71359346981 
57.9294590563 49.1137587259 2.17619132996 248.301025391 37.1604042053 13893888 0.211157177661 0.0 0.211157177661 -0.804603501256 -2.02198464642 2.02198464642 -0.804603501256 
180.324038496 106.473655586 1.3400490284 225.955825806 37.0404167175 8388608 0.556876156886 0.0 0.556876156886 -0.931619189247 -0.963232622336 0.963232622336 -0.931619189247 
270.371051234 72.1004560861 5.24449968338 272.933044434 36.461315155 10682881 0.0363573208604 0.0 0.0363573208604 0.26835542253 -5.23762945388 5.23762945388 0.26835542253 
83.0205578747 72.4830550829 1.33452987671 98.1614379883 36.2784118652 8388608 0.561491773914 0.0 0.561491773914 -0.189453529021 1.32101375927 -1.32101375927 -0.189453529021 
240.852717429 23.7303055757 2.65620827675 275.277099609 36.1345329285 11600384 0.141734556384 0.0 0.141734556384 0.244298385727 -2.64495003889 2.64495003889 0.244298385727 
28.0203142008 59.3523052944 1.53167033195 268.665466309 34.3347854614 8388608 0.426254914733 0.0 0.426254914733 -0.0356724502382 -1.53125487169 1.53125487169 -0.0356724502382 
332.019782621 69.4562974881 1.36399817467 262.214782715 34.1162033081 8388608 0.537492516214 0.0 0.537492516214 -0.184767121807 -1.35142596216 1.35142596216 -0.184767121807 
296.518798115 97.4523639251 1.3852905035 354.777160645 33.087890625 8388608 0.521096655662 0.0 0.521096655662 1.37953904242 -0.126102377206 0.126102377206 1.37953904242 
76.0100990435 105.377659755 1.32088828087 116.069274902 33.0209541321 8388608 0.573149378572 0.0 0.573149378572 -0.580474308763 1.18650555304 -1.18650555304 -0.580474308763 
148.239113218 35.3599847974 3.4767677784 266.737854004 31.1686820984 14352385 0.0827272583759 0.0 0.0827272583759 -0.19784349898 -3.47113412803 3.47113412803 -0.19784349898 
163.8275755 72.3603037238 2.28795051575 307.947631836 30.0564613342 17498368 0.191032274055 0.0 0.191032274055 1.40695452981 -1.80421631562 1.80421631562 1.40695452981 
280.571849236 50.5709348847 1.71525502205 158.514526367 29.0480327606 13369344 0.339893297696 0.0 0.339893297696 -1.59606273651 0.62823843545 -0.62823843545 -1.59606273651 
338.924699247 68.5928888081 1.30662977695 268.250396729 28.1182003021 8388608 0.585726532963 0.0 0.585726532963 -0.0398934875322 -1.30602062912 1.30602062912 -0.0398934875322 
194.003100167 24.4971554007 3.05280852318 270.891662598 27.4000701904 21692928 0.107300283376 0.0 0.107300283376 0.0475072566586 -3.05243885111 3.05243885111 0.0475072566586 
169.195763316 30.1717742403 1.83355236053 90.4996948242 26.1190662384 18219008 0.297449584675 0.0 0.297449584675 -0.0159907940434 1.83348262968 -1.83348262968 -0.0159907940434 
271.898680764 35.6847437271 1.29328322411 129.706130981 25.764087677 8388608 0.597878190894 0.0 0.597878190894 -0.82621417406 0.994963133154 -0.994963133154 -0.82621417406 
127.964350294 36.9928151192 1.31057584286 256.240203857 25.7067279816 8388608 0.582204667524 0.0 0.582204667524 -0.311723038202 -1.27296417363 1.27296417363 -0.311723038202 
247.430541976 69.4245436596 3.0872399807 88.1322021484 25.6303215027 22479360 0.104920226703 0.0 0.104920226703 0.100623797819 3.08559970666 -3.08559970666 0.100623797819 
214.209998587 82.5629065443 2.0394423008 11.8264465332 24.9230899811 9175296 0.24042363231 0.0 0.24042363231 1.99615084165 0.417979324435 -0.417979324435 1.99615084165 
240.108451797 56.0365389305 1.39096474648 270.760253906 24.8341617584 8388608 0.516853847837 0.0 0.516853847837 0.0184560775721 -1.39084229844 1.39084229844 0.0184560775721 
239.060131195 55.2930129335 1.80477547646 272.458099365 24.3858890533 17039360 0.307010789044 0.0 0.307010789044 0.0774045962877 -1.80311481855 1.80311481855 0.0774045962877 
323.771183179 86.1206776365 1.88496005535 194.638671875 24.1412506104 20185088 0.281446399521 0.0 0.281446399521 -1.82377201916 -0.476371737626 0.476371737626 -1.82377201916 
300.776771099 80.58102183 1.32316637039 52.6450195312 23.6677436829 8388608 0.571177500163 0.0 0.571177500163 0.802833113439 1.05177385198 -1.05177385198 0.802833113439 
237.539712629 100.738149055 1.51222264767 355.832672119 23.288690567 8388608 0.437288971098 0.0 0.437288971098 1.50822444914 -0.109892434328 0.109892434328 1.50822444914 
113.829102524 39.7611118106 2.76315164566 268.409515381 23.175819397 14483968 0.13097564911 0.0 0.13097564911 -0.0766930101896 -2.76208710925 2.76208710925 -0.0766930101896 
265.492427922 56.7624500314 1.73952758312 276.768157959 22.6647853851 14417920 0.330474048464 0.0 0.330474048464 0.205006997817 -1.72740508952 1.72740508952 0.205006997817 
237.287344872 105.09259832 1.68091821671 189.558197021 22.0872459412 11927552 0.353921407454 0.0 0.353921407454 -1.65758278391 -0.279115326972 0.279115326972 -1.65758278391 
275.140117092 57.5531795615 1.62533438206 276.336181641 21.6039733887 9502720 0.37854242077 0.0 0.37854242077 0.179375095111 -1.61540596407 1.61540596407 0.179375095111 
239.804968554 38.4162756453 1.82970035076 202.932052612 20.6728000641 18087936 0.298703325259 0.0 0.298703325259 -1.6850946974 -0.712923021342 0.712923021342 -1.6850946974 
206.029625587 38.3756998088 3.65642762184 269.872680664 19.2740116119 18022401 0.0747973200912 0.0 0.0747973200912 -0.00812509328864 -3.65641859428 3.65641859428 -0.00812509328864 
56.6362120223 107.953343439 2.70632839203 156.304382324 18.516916275 12976640 0.136533433708 0.0 0.136533433708 -2.47816686829 1.08761313822 -1.08761313822 -2.47816686829 
156.231248813 31.7744913331 1.46487796307 69.0406799316 17.9442768097 8388608 0.466012009059 0.0 0.466012009059 0.523994198647 1.36795377351 -1.36795377351 0.523994198647 
53.2027916764 88.8306395419 1.27292954922 339.636749268 17.6557254791 8388608 0.617150753762 0.0 0.617150753762 1.19337828713 -0.442942322508 0.442942322508 1.19337828713 
337.659969087 115.644847696 2.36210799217 271.870056152 17.1797027588 19792128 0.179225789396 0.0 0.179225789396 0.0770822980283 -2.36084994992 2.36084994992 0.0770822980283 
346.606546651 98.4676042998 1.30306327343 88.7139892578 17.0855846405 8388608 0.58893720522 0.0 0.58893720522 0.0292449580467 1.30273505633 -1.30273505633 0.0292449580467 
209.107539278 71.2756043202 2.26889419556 33.1327514648 16.8547515869 16908544 0.194254689479 0.0 0.194254689479 1.89998655768 1.24013384409 -1.24013384409 1.89998655768 
222.630383932 67.2283664143 1.90147674084 277.518341064 16.6519870758 20840448 0.276578212286 0.0 0.276578212286 0.248795983914 -1.88512979774 1.88512979774 0.248795983914 
59.1133137397 105.117883075 1.73891365528 151.137374878 15.9878320694 14352384 0.330707439045 0.0 0.330707439045 -1.52290509312 0.839393100912 -0.839393100912 -1.52290509312 
319.231030484 112.487537993 2.10232138634 108.399871826 15.3954515457 11403520 0.226256874455 0.0 0.226256874455 -0.663591258376 1.99484381676 -1.99484381676 -0.663591258376 
334.272502473 87.9767074128 1.85649335384 334.476654053 15.3597278595 19136512 0.290143738331 0.0 0.290143738331 1.67531778093 -0.799923687459 0.799923687459 1.67531778093 
275.18579582 106.917012709 1.36654675007 101.048980713 15.2780647278 8388608 0.53548956557 0.0 0.53548956557 -0.261896079747 1.3412160391 -1.3412160391 -0.261896079747 
213.032124221 54.6760280531 2.99983048439 276.713500977 15.0418691635 20382208 0.111123668887 0.0 0.111123668887 0.35069446614 -2.97926103698 2.97926103698 0.35069446614 
47.6522575997 47.7923601076 1.47745275497 82.1134033203 14.6663513184 8388608 0.458113189426 0.0 0.458113189426 0.202725474217 1.46347839932 -1.46347839932 0.202725474217 
287.155553614 95.021499333 1.7597951889 239.576156616 14.4173145294 15269888 0.32290572718 0.0 0.32290572718 -0.891147351843 -1.51747668983 1.51747668983 -0.891147351843 
236.807209918 91.1438697418 1.5754750967 342.309631348 14.1496963501 8388608 0.402881118858 0.0 0.402881118858 1.5009749368 -0.47874421085 0.47874421085 1.5009749368 
236.182421378 78.1053737971 1.36841118336 359.207000732 13.9042453766 8388608 0.534031371653 0.0 0.534031371653 1.36828012039 -0.0189388194186 0.0189388194186 1.36828012039 
343.525721926 37.9127048415 1.45377743244 94.5966796875 13.3149414062 8388608 0.473155784974 0.0 0.473155784974 -0.116507410507 1.44910139272 -1.44910139272 -0.116507410507 
110.822834102 106.560145901 1.75783824921 91.4309997559 13.1097869873 15138816 0.323625086628 0.0 0.323625086628 -0.0438986015601 1.75729002249 -1.75729002249 -0.0438986015601 
229.587041533 66.3527062972 1.30403006077 307.334564209 12.9821300507 8388608 0.588064271403 0.0 0.588064271403 0.790852720284 -1.03684443105 1.03684443105 0.790852720284 
124.615182947 29.4542377124 1.4872289896 84.5318908691 12.5517730713 8388608 0.452110210673 0.0 0.452110210673 0.141720577985 1.48046119344 -1.48046119344 0.141720577985 
102.625465228 29.4277875975 1.49997973442 40.7077941895 12.2965507507 8388608 0.44445645392 0.0 0.44445645392 1.13705306995 0.978289077828 -0.978289077828 1.13705306995 
168.170338421 84.6398625824 2.55709791183 261.278808594 11.9078178406 8847872 0.152934435662 0.0 0.152934435662 -0.387723586762 -2.52753242333 2.52753242333 -0.387723586762 
224.073102175 83.1768816504 1.55050742626 321.462799072 11.755191803 8388608 0.415960698361 0.0 0.415960698361 1.21281281074 -0.966001224116 0.966001224116 1.21281281074 
163.398811902 37.3066723755 1.72216570377 265.313415527 11.4018917084 13697024 0.337170932954 0.0 0.337170932954 -0.140709804745 -1.71640772024 1.71640772024 -0.140709804745 
230.494519786 38.2191210999 1.4727421999 195.874145508 11.2635555267 8388608 0.46104841941 0.0 0.46104841941 -1.41657893256 -0.402832117856 0.402832117856 -1.41657893256 
33.0819019009 117.133292912 1.5478965044 266.699645996 10.1367607117 8388608 0.417365129238 0.0 0.417365129238 -0.0891127039807 -1.54532925758 1.54532925758 -0.0891127039807 
249.525632349 31.4974177113 1.50997281075 8.23510742188 10.0675954819 8388608 0.438593049967 0.0 0.438593049967 1.49440295357 0.216281533086 -0.216281533086 1.49440295357 
130.759382187 62.8421974905 1.33679044247 269.974731445 10.0591907501 8388608 0.559594369762 0.0 0.559594369762 -0.000589550602038 -1.33679031247 1.33679031247 -0.000589550602038 
343.817174381 52.3684162003 1.41789293289 90.118347168 10.0268707275 8388608 0.497408410374 0.0 0.497408410374 -0.00292872346261 1.41788990818 -1.41788990818 -0.00292872346261 
352.144048156 90.3111967818 1.2672315836 8.10113525391 9.92388153076 8388608 0.622713130218 0.0 0.622713130218 1.25458570945 0.178579349573 -0.178579349573 1.25458570945 
60.681606566 19.6168553031 1.62682437897 79.0172729492 9.89011001587 9568256 0.377849329678 0.0 0.377849329678 0.309931283565 1.59702854059 -1.59702854059 0.309931283565 
340.197922194 52.0302559429 1.89613926411 96.6439208984 9.69260025024 20643840 0.278137493857 0.0 0.278137493857 -0.219380659657 1.88340548875 -1.88340548875 -0.219380659657 
28.0048571751 104.092822956 1.72224521637 90.4196472168 9.63938999176 13697024 0.337139800666 0.0 0.337139800666 -0.0126139997759 1.72219902227 -1.72219902227 -0.0126139997759 
330.937796238 52.1413159307 1.9233455658 96.5234069824 9.6162147522 21692416 0.270324469196 0.0 0.270324469196 -0.218509572449 1.9108929149 -1.9108929149 -0.218509572449 
314.994496393 56.1518939926 1.48824262619 300.664916992 9.57814788818 8388608 0.451494559194 0.0 0.451494559194 0.759028031426 -1.28013380626 1.28013380626 0.759028031426 
138.484139391 107.597307697 1.44288682938 90.1831970215 9.46565055847 8388608 0.480325298798 0.0 0.480325298798 -0.00461346579687 1.44287945384 -1.44287945384 -0.00461346579687 
79.9760197758 89.973026673 1.2430409193 22.2625427246 9.40440940857 8388608 0.647186052781 0.0 0.647186052781 1.15038165491 0.470927568856 -0.470927568856 1.15038165491 
13.5801153544 70.5773013015 1.7575480938 182.511825562 8.90155982971 15138816 0.323731950641 0.0 0.323731950641 -1.75585943716 -0.0770255733358 0.0770255733358 -1.75585943716 
157.006723474 39.0913963563 1.42022669315 261.178314209 8.5332736969 8388608 0.495775039828 0.0 0.495775039828 -0.217805764486 -1.40342598982 1.40342598982 -0.217805764486 
149.485825478 106.227137251 1.77553021908 91.4575805664 8.49205589294 15859712 0.317207804051 0.0 0.317207804051 -0.0451638712101 1.77495571314 -1.77495571314 -0.0451638712101 
161.831602659 108.025948399 1.44461596012 87.7527770996 8.33554840088 8388608 0.479176137768 0.0 0.479176137768 0.0566453904939 1.44350496084 -1.44350496084 0.0566453904939 
202.629269779 101.082759274 1.26242554188 20.6256103516 6.71766281128 8388608 0.627463480927 0.0 0.627463480927 1.18150680955 0.444702043821 -0.444702043821 1.18150680955 
102.548200011 107.39250908 1.32760977745 91.547668457 6.64916419983 8388608 0.567360524757 0.0 0.567360524757 -0.0358569153969 1.32712546611 -1.32712546611 -0.0358569153969 
318.285272876 23.9632192146 1.64307713509 122.256607056 6.51474380493 10289152 0.370411188059 0.0 0.370411188059 -0.876930045316 1.38949493251 -1.38949493251 -0.876930045316 
278.575799271 15.2324831261 1.66818857193 90.7615661621 6.40861129761 11403264 0.359343436368 0.0 0.359343436368 -0.0221726376867 1.66804121222 -1.66804121222 -0.0221726376867 
334.374466737 45.054380109 1.50149703026 124.882171631 6.18084716797 8388608 0.443558641697 0.0 0.443558641697 -0.858692103936 1.23172285946 -1.23172285946 -0.858692103936 
331.897160547 60.3118338742 1.74054443836 268.54284668 5.49098968506 14417920 0.330088024299 0.0 0.330088024299 -0.0442609688572 -1.73998158282 1.73998158282 -0.0442609688572 
319.947979491 44.9601773808 1.2958496809 108.913208008 5.45073699951 8388608 0.595512316079 0.0 0.595512316079 -0.420030889734 1.22588761604 -1.22588761604 -0.420030889734 
277.371513177 95.1288534287 1.29597806931 286.587097168 4.43325805664 8388608 0.595394330921 0.0 0.595394330921 0.369966162748 -1.24204838655 1.24204838655 0.369966162748 
310.263142815 34.5116451072 1.23928248882 229.567642212 4.34651184082 8388608 0.651117508672 0.0 0.651117508672 -0.803736504948 -0.943307329409 0.943307329409 -0.803736504948 
151.381891379 95.1757663293 3.38373398781 330.25390625 4.27865219116 12386305 0.087338870808 0.0 0.087338870808 2.9378683034 -1.67886435788 1.67886435788 2.9378683034 
132.598505799 97.1025533935 2.9221405983 261.08895874 3.88737487793 18481664 0.117111025454 0.0 0.117111025454 -0.452641827415 -2.88687045991 2.88687045991 -0.452641827415 
100.124760224 96.0239671912 1.57622587681 270.61807251 3.78796005249 8388608 0.402497413582 0.0 0.402497413582 0.0170030497415 -1.57613416657 1.57613416657 0.0170030497415 
293.275542519 81.8166415247 1.2440778017 206.266235352 3.76426696777 8388608 0.646107701926 0.0 0.646107701926 -1.11562350727 -0.550557687001 0.550557687001 -1.11562350727 
267.858405958 81.8413699895 1.43820309639 72.045715332 3.73185920715 8388608 0.483458901731 0.0 0.483458901731 0.443337702429 1.36816659368 -1.36816659368 0.443337702429 
139.829933056 94.9581742537 2.34835219383 264.539611816 3.68564987183 19398912 0.181331618765 0.0 0.181331618765 -0.223463455202 -2.33769589777 2.33769589777 -0.223463455202 
198.090291802 119.533064677 1.679068923 89.3497009277 3.55841064453 11862016 0.354701441022 0.0 0.354701441022 0.0190567879418 1.6789607759 -1.6789607759 0.0190567879418 
41.9773586192 81.0380095446 1.63368296623 269.998596191 3.49736404419 9830400 0.374683387738 0.0 0.374683387738 -4.00270003613e-05 -1.63368296574 1.63368296574 -4.00270003613e-05 
260.151498501 81.2737458707 1.49836218357 77.0600891113 3.37446784973 8388608 0.445416594241 0.0 0.445416594241 0.335526831488 1.46031194562 -1.46031194562 0.335526831488 
248.206096761 90.7499115283 1.71685385704 30.0664672852 3.1690120697 13434880 0.339260535324 0.0 0.339260535324 1.48584221666 0.860151192311 -0.860151192311 1.48584221666 
342.311882262 37.5587695256 3.84453105927 177.579437256 2.31969451904 21626881 0.0676570803276 0.0 0.0676570803276 -3.84110072685 0.162370785193 -0.162370785193 -3.84110072685 
275.599732927 84.0862742629 1.35488784313 62.6834716797 2.27194786072 8388608 0.544745069239 0.0 0.544745069239 0.621765995268 1.20379737273 -1.20379737273 0.621765995268 
18.1716273137 19.5907473588 1.28107511997 1.38787841797 2.12936019897 8388608 0.60932753855 0.0 0.60932753855 1.28069929906 0.031028509568 -0.031028509568 1.28069929906 
349.284638725 53.3977961538 1.37233936787 178.837966919 1.13212966919 8388608 0.530978524119 0.0 0.530978524119 -1.3720571345 0.0278309228785 -0.0278309228785 -1.3720571345 
295.094690246 49.4865844209 1.41588890553 306.770996094 1.06816291809 8388608 0.498817455257 0.0 0.498817455257 0.847576840592 -1.13417586471 1.13417586471 0.847576840592 
345.242946636 21.3062698842 3.111805439 179.885986328 0.820419311523 23069184 0.103270226346 0.0 0.103270226346 -3.111799278 0.00619222101749 -0.00619222101749 -3.111799278 
