13
125
57.6821351162 61.4916277971 1.73330175877 132.126200243 149.543243408 14155776 0.332852363117 0.0 0.332852363117 -1.1626396101 1.28553651212 -1.28553651212 -1.1626396101 
274.262993663 113.02067929 2.79861760139 140.028842596 120.669677734 15401472 0.127677061137 0.0 0.127677061137 -2.14477076184 1.7978372724 -1.7978372724 -2.14477076184 
111.129030085 117.322572908 1.72286653519 135.175715263 105.636940002 13697024 0.336896678489 0.0 0.336896678489 -1.22198101826 1.21450874393 -1.21450874393 -1.22198101826 
180.777748035 45.6081346167 1.51317930222 138.109989221 102.490844727 8388608 0.436736224647 0.0 0.436736224647 -1.12645299325 1.01035402442 -1.01035402442 -1.12645299325 
173.694728883 113.835548039 2.38342857361 139.277456523 102.328681946 20447488 0.176033659268 0.0 0.176033659268 -1.80634737563 1.55494081047 -1.55494081047 -1.80634737563 
184.434209976 66.1059459436 1.35408377647 135.722005503 98.4725265503 8388608 0.545392209988 0.0 0.545392209988 -0.96947106665 0.945340533691 -0.945340533691 -0.96947106665 
237.327650968 113.543795368 2.33809995651 133.517186376 97.6548309326 19071232 0.182925332181 0.0 0.182925332181 -1.60995046062 1.69551494272 -1.69551494272 -1.60995046062 
176.841709339 59.7245971021 1.67304670811 135.723957107 97.1142654419 11599872 0.357259567782 0.0 0.357259567782 -1.19787584505 1.16798062799 -1.16798062799 -1.19787584505 
172.420075853 97.3336233972 2.28600740433 132.478128828 96.1308059692 17432832 0.191357167799 0.0 0.191357167799 -1.54376073864 1.68601086428 -1.68601086428 -1.54376073864 
75.0134819346 60.2681927417 2.88354682922 136.800712398 95.0435256958 17564160 0.120266862793 0.0 0.120266862793 -2.1020397172 1.97389750078 -1.97389750078 -2.1020397172 
68.4693559972 96.7792209883 1.84133195877 135.02492346 90.142036438 18546688 0.294941454769 0.0 0.294941454769 -1.30258456459 1.30145181796 -1.30145181796 -1.30258456459 
185.613905684 58.5954009335 1.56408727169 136.49379829 86.4451293945 8388608 0.408769078856 0.0 0.408769078856 -1.13443227775 1.0767694278 -1.0767694278 -1.13443227775 
78.7827790843 59.8361250066 1.75694596767 132.874743647 77.3589630127 15138816 0.323953882185 0.0 0.323953882185 -1.19542233478 1.28756536721 -1.28756536721 -1.19542233478 
249.813531693 56.0932354978 2.06528449059 135.158692031 77.2592086792 10092800 0.234444599254 0.0 0.234444599254 -1.46441586475 1.45632626912 -1.45632626912 -1.46441586475 
219.549296128 116.064477097 1.80468404293 131.965434899 75.8333587646 17039360 0.307041898966 0.0 0.307041898966 -1.20676003129 1.3418698602 -1.3418698602 -1.20676003129 
64.5885484913 59.8344735656 1.54564297199 130.844909924 75.1746902466 8388608 0.418583045039 0.0 0.418583045039 -1.01087176498 1.16925209926 -1.16925209926 -1.01087176498 
69.094411018 105.682750042 2.02589273453 138.879484955 67.2819976807 8716544 0.243650387345 0.0 0.243650387345 -1.52616165599 1.33231826964 -1.33231826964 -1.52616165599 
245.718988835 45.9976798334 2.00634336472 136.100936993 67.0822982788 24707072 0.248421671718 0.0 0.248421671718 -1.44569569285 1.39117851507 -1.39117851507 -1.44569569285 
58.5510443018 70.8604169095 2.0602478981 140.595426701 66.1164550781 9961728 0.235592272049 0.0 0.235592272049 -1.59191833588 1.30782927538 -1.30782927538 -1.59191833588 
168.139574387 59.4095225301 1.69658780098 131.700695442 64.8730316162 12582912 0.347414003627 0.0 0.347414003627 -1.1286370798 1.2667235328 -1.2667235328 -1.1286370798 
164.375425026 60.5812038294 2.79849815369 135.01147085 64.7775039673 15401472 0.127687960596 0.0 0.127687960596 -1.97923315324 1.97844081066 -1.97844081066 -1.97923315324 
245.648414876 47.0391140208 1.34137141705 137.827967394 63.2250785828 8388608 0.555778707355 0.0 0.555778707355 -0.994133804684 0.900541646373 -0.900541646373 -0.994133804684 
257.714471128 50.9986829943 1.74367940426 133.993823841 62.1942710876 14548992 0.328902158998 0.0 0.328902158998 -1.21112628034 1.25442855432 -1.25442855432 -1.21112628034 
207.959726978 104.171030199 1.64101326466 130.283926287 59.152179718 10158080 0.371343491838 0.0 0.371343491838 -1.06103945733 1.25184655799 -1.25184655799 -1.06103945733 
297.731635081 111.715990764 1.29268562794 131.124603409 57.7236175537 8388608 0.598431105376 0.0 0.598431105376 -0.850197751635 0.973755572919 -0.973755572919 -0.850197751635 
296.657648282 105.271467464 1.65730059147 133.231327524 57.2654495239 10878976 0.364080508695 0.0 0.364080508695 -1.1351607159 1.20749964785 -1.20749964785 -1.1351607159 
338.720504029 75.0260956529 1.41642653942 132.422573145 55.6201057434 8388608 0.498438854225 0.0 0.498438854225 -0.95551180911 1.04559137536 -1.04559137536 -0.95551180911 
286.211791411 43.5135098491 1.79472625256 143.866895198 55.3662071228 16646144 0.310458510057 0.0 0.310458510057 -1.44950943493 1.0582838559 -1.0582838559 -1.44950943493 
177.261892106 71.3282949823 2.00757193565 140.022861013 55.0961799622 24772608 0.24811771224 0.0 0.24811771224 -1.53840408947 1.28982864534 -1.28982864534 -1.53840408947 
309.400017376 62.7791476526 1.50963389874 147.999696398 52.0977210999 8388608 0.438789999887 0.0 0.438789999887 -1.2802379147 0.799990868681 -0.799990868681 -1.2802379147 
299.703323411 88.3413096853 2.26503229141 131.941607537 51.4393692017 16777472 0.194917666812 0.0 0.194917666812 -1.51388617817 1.68479076467 -1.68479076467 -1.51388617817 
48.4097402755 59.4895372594 1.70849072933 137.834223626 51.0038337708 13107200 0.342590051171 0.0 0.342590051171 -1.26634305479 1.14687219855 -1.14687219855 -1.26634305479 
48.332014989 69.6449639265 2.22863268852 143.775696358 50.8498039246 15597824 0.201336728485 0.0 0.201336728485 -1.79785964609 1.31700582888 -1.31700582888 -1.79785964609 
39.4228767975 68.1007486596 2.27778792381 145.543125737 49.8330230713 17170688 0.192740698154 0.0 0.192740698154 -1.87815522875 1.28873999029 -1.28873999029 -1.87815522875 
193.554892427 64.290608208 1.38170623779 132.467158301 49.3351249695 8388608 0.523803702028 0.0 0.523803702028 -0.932883135795 1.01923558734 -1.01923558734 -0.932883135795 
308.331332863 110.966025641 2.44292593002 138.644343552 47.1518516541 22282496 0.16756349162 0.0 0.16756349162 -1.83371556292 1.61411719956 -1.61411719956 -1.83371556292 
177.731486324 36.7126980056 2.00101900101 136.836982269 46.8820419312 24510464 0.249745444309 0.0 0.249745444309 -1.4595639197 1.3688499577 -1.3688499577 -1.4595639197 
311.725728111 102.767496373 1.99478936195 131.400421857 44.5349502563 24313856 0.251307768019 0.0 0.251307768019 -1.3191888909 1.4963038691 -1.4963038691 -1.3191888909 
205.492095324 106.260049473 3.50268340111 134.078278427 42.9030151367 14876673 0.0815076236375 0.0 0.0815076236375 -2.43660841706 2.51629299374 -2.51629299374 -2.43660841706 
328.023332904 75.3150685777 1.33170831203 149.257519026 42.8335914612 8388608 0.563873622397 0.0 0.563873622397 -1.14456800658 0.680743054794 -0.680743054794 -1.14456800658 
270.03979397 28.6904565997 1.5938347578 152.671628092 42.6750297546 8388608 0.393652861687 0.0 0.393652861687 -1.41594687349 0.731712844393 -0.731712844393 -1.41594687349 
253.401696536 42.5358086233 1.56245303154 133.633567283 42.5631752014 8388608 0.40962462611 0.0 0.40962462611 -1.07816085285 1.13085306347 -1.13085306347 -1.07816085285 
225.816765519 89.6334018894 2.55751943588 130.098357918 42.3806304932 8847872 0.152884027263 0.0 0.152884027263 -1.64730263447 1.95634856183 -1.95634856183 -1.64730263447 
72.7066784958 71.4051672852 2.17369031906 137.958491456 42.1053199768 13828352 0.211643364872 0.0 0.211643364872 -1.61431257333 1.45565260923 -1.45565260923 -1.61431257333 
290.878341704 55.3838248292 2.72238898277 140.606273574 41.5929527283 13369856 0.134927241912 0.0 0.134927241912 -2.10387055922 1.72775300421 -1.72775300421 -2.10387055922 
284.238584153 73.072116517 4.00453519821 142.445866851 39.6653289795 24576001 0.0623585157235 0.0 0.0623585157235 -3.17470671443 2.44080712697 -2.44080712697 -3.17470671443 
210.134562511 91.4948003555 2.58826231956 127.852205738 38.2212905884 9699840 0.14927374216 0.0 0.14927374216 -1.58822701694 2.04368216157 -2.04368216157 -1.58822701694 
317.692697836 71.5136955303 2.29682731628 141.932048243 37.3869934082 17826048 0.189558520678 0.0 0.189558520678 -1.80824629278 1.41621363694 -1.41621363694 -1.80824629278 
57.9294590563 49.1137587259 2.17619132996 131.138815303 37.1604042053 13893888 0.211157177661 0.0 0.211157177661 -1.43168493899 1.63892859517 -1.63892859517 -1.43168493899 
180.324038496 106.473655586 1.3400490284 130.62354265 37.0404167175 8388608 0.556876156886 0.0 0.556876156886 -0.87248735525 1.01710236134 -1.01710236134 -0.87248735525 
83.0205578747 72.4830550829 1.33452987671 141.550287325 36.2784118652 8388608 0.561491773914 0.0 0.561491773914 -1.0451427095 0.829847400799 -0.829847400799 -1.0451427095 
28.0203142008 59.3523052944 1.53167033195 134.26588243 34.3347854614 8388608 0.426254914733 0.0 0.426254914733 -1.06908903173 1.09684212538 -1.09684212538 -1.06908903173 
332.019782621 69.4562974881 1.36399817467 135.08653454 34.1162033081 8388608 0.537492516214 0.0 0.537492516214 -0.965947943259 0.963034574358 -0.963034574358 -0.965947943259 
296.518798115 97.4523639251 1.3852905035 135.829891296 33.087890625 8388608 0.521096655662 0.0 0.521096655662 -0.993633168378 0.965257947799 -0.965257947799 -0.993633168378 
76.0100990435 105.377659755 1.32088828087 136.899101606 33.0209541321 8388608 0.573149378572 0.0 0.573149378572 -0.964448642613 0.902543442886 -0.902543442886 -0.964448642613 
163.8275755 72.3603037238 2.28795051575 133.316362506 30.0564613342 17498368 0.191032274055 0.0 0.191032274055 -1.56959391119 1.66465988011 -1.66465988011 -1.56959391119 
280.571849236 50.5709348847 1.71525502205 139.350818944 29.0480327606 13369344 0.339893297696 0.0 0.339893297696 -1.30138529168 1.11736122775 -1.11736122775 -1.30138529168 
338.924699247 68.5928888081 1.30662977695 132.381814934 28.1182003021 8388608 0.585726532963 0.0 0.585726532963 -0.880757288889 0.965167328547 -0.965167328547 -0.880757288889 
271.898680764 35.6847437271 1.29328322411 141.584843248 25.764087677 8388608 0.597878190894 0.0 0.597878190894 -1.01332505931 0.803588092205 -0.803588092205 -1.01332505931 
127.964350294 36.9928151192 1.31057584286 128.689764951 25.7067279816 8388608 0.582204667524 0.0 0.582204667524 -0.819245197688 1.02295960133 -1.02295960133 -0.819245197688 
247.430541976 69.4245436596 3.0872399807 142.944208184 25.6303215027 22479360 0.104920226703 0.0 0.104920226703 -2.46376913008 1.86034737942 -1.86034737942 -2.46376913008 
214.209998587 82.5629065443 2.0394423008 131.988187518 24.9230899811 9175296 0.24042363231 0.0 0.24042363231 -1.3643407679 1.51588230655 -1.51588230655 -1.3643407679 
240.108451797 56.0365389305 1.39096474648 135.233064658 24.8341617584 8388608 0.516853847837 0.0 0.516853847837 -0.987553330711 0.97955160402 -0.97955160402 -0.987553330711 
239.060131195 55.2930129335 1.80477547646 140.545655715 24.3858890533 17039360 0.307010789044 0.0 0.307010789044 -1.39352344091 1.14686831853 -1.14686831853 -1.39352344091 
323.771183179 86.1206776365 1.88496005535 133.373054946 24.1412506104 20185088 0.281446399521 0.0 0.281446399521 -1.29448829067 1.37017315533 -1.37017315533 -1.29448829067 
300.776771099 80.58102183 1.32316637039 133.984648412 23.6677436829 8388608 0.571177500163 0.0 0.571177500163 -0.918893538786 0.952052471303 -0.952052471303 -0.918893538786 
237.539712629 100.738149055 1.51222264767 136.288151136 23.288690567 8388608 0.437288971098 0.0 0.437288971098 -1.0930712084 1.04499410021 -1.04499410021 -1.0930712084 
265.492427922 56.7624500314 1.73952758312 139.963590484 22.6647853851 14417920 0.330474048464 0.0 0.330474048464 -1.33184462552 1.11899334489 -1.11899334489 -1.33184462552 
237.287344872 105.09259832 1.68091821671 134.887888454 22.0872459412 11927552 0.353921407454 0.0 0.353921407454 -1.18626066573 1.19091212278 -1.19091212278 -1.18626066573 
275.140117092 57.5531795615 1.62533438206 145.124204189 21.6039733887 9502720 0.37854242077 0.0 0.37854242077 -1.33341376494 0.929365151578 -0.929365151578 -1.33341376494 
239.804968554 38.4162756453 1.82970035076 136.06164353 20.6728000641 18087936 0.298703325259 0.0 0.298703325259 -1.31754298764 1.26959987764 -1.26959987764 -1.31754298764 
56.6362120223 107.953343439 2.70632839203 133.012181313 18.516916275 12976640 0.136533433708 0.0 0.136533433708 -1.84613228703 1.97889083688 -1.97889083688 -1.84613228703 
156.231248813 31.7744913331 1.46487796307 126.667712506 17.9442768097 8388608 0.466012009059 0.0 0.466012009059 -0.874785909209 1.17499662116 -1.17499662116 -0.874785909209 
53.2027916764 88.8306395419 1.27292954922 128.958598967 17.6557254791 8388608 0.617150753762 0.0 0.617150753762 -0.800365494575 0.989830648326 -0.989830648326 -0.800365494575 
346.606546651 98.4676042998 1.30306327343 141.561837486 17.0855846405 8388608 0.58893720522 0.0 0.58893720522 -1.02066282862 0.81007486372 -0.81007486372 -1.02066282862 
209.107539278 71.2756043202 2.26889419556 125.909481081 16.8547515869 16908544 0.194254689479 0.0 0.194254689479 -1.33072094669 1.83767859885 -1.83767859885 -1.33072094669 
222.630383932 67.2283664143 1.90147674084 143.541431153 16.6519870758 20840448 0.276578212286 0.0 0.276578212286 -1.52933259132 1.12993611371 -1.12993611371 -1.52933259132 
59.1133137397 105.117883075 1.73891365528 131.014216916 15.9878320694 14352384 0.330707439045 0.0 0.330707439045 -1.14115561123 1.312091678 -1.312091678 -1.14115561123 
319.231030484 112.487537993 2.10232138634 145.748317024 15.3954515457 11403520 0.226256874455 0.0 0.226256874455 -1.73772255196 1.18324787929 -1.18324787929 -1.73772255196 
334.272502473 87.9767074128 1.85649335384 133.172548428 15.3597278595 19136512 0.290143738331 0.0 0.290143738331 -1.27020860102 1.35393415008 -1.35393415008 -1.27020860102 
275.18579582 106.917012709 1.36654675007 144.98139793 15.2780647278 8388608 0.53548956557 0.0 0.53548956557 -1.11915502448 0.784182409456 -0.784182409456 -1.11915502448 
213.032124221 54.6760280531 2.99983048439 133.761439656 15.0418691635 20382208 0.111123668887 0.0 0.111123668887 -2.07485456014 2.16655521263 -2.16655521263 -2.07485456014 
47.6522575997 47.7923601076 1.47745275497 134.864267927 14.6663513184 8388608 0.458113189426 0.0 0.458113189426 -1.04223902821 1.04718883266 -1.04718883266 -1.04223902821 
287.155553614 95.021499333 1.7597951889 133.45068414 14.4173145294 15269888 0.32290572718 0.0 0.32290572718 -1.21026389874 1.27755250472 -1.27755250472 -1.21026389874 
236.807209918 91.1438697418 1.5754750967 137.286937188 14.1496963501 8388608 0.402881118858 0.0 0.402881118858 -1.15759602384 1.0686876185 -1.0686876185 -1.15759602384 
236.182421378 78.1053737971 1.36841118336 129.107429489 13.9042453766 8388608 0.534031371653 0.0 0.534031371653 -0.86316152283 1.06183866583 -1.06183866583 -0.86316152283 
343.525721926 37.9127048415 1.45377743244 136.545643106 13.3149414062 8388608 0.473155784974 0.0 0.473155784974 -1.0553297475 0.99987396562 -0.99987396562 -1.0553297475 
110.822834102 106.560145901 1.75783824921 138.908834407 13.1097869873 15138816 0.323625086628 0.0 0.323625086628 -1.32482071354 1.15535509145 -1.15535509145 -1.32482071354 
229.587041533 66.3527062972 1.30403006077 152.349784715 12.9821300507 8388608 0.588064271403 0.0 0.588064271403 -1.15510617141 0.605164549647 -0.605164549647 -1.15510617141 
124.615182947 29.4542377124 1.4872289896 133.233325315 12.5517730713 8388608 0.452110210673 0.0 0.452110210673 -1.01870870571 1.08355094039 -1.08355094039 -1.01870870571 
102.625465228 29.4277875975 1.49997973442 135.468732294 12.2965507507 8388608 0.44445645392 0.0 0.44445645392 -1.06928731282 1.05193338492 -1.05193338492 -1.06928731282 
168.170338421 84.6398625824 2.55709791183 135.36398576 11.9078178406 8847872 0.152934435662 0.0 0.152934435662 -1.81959137989 1.79661819565 -1.79661819565 -1.81959137989 
224.073102175 83.1768816504 1.55050742626 133.389191028 11.755191803 8388608 0.415960698361 0.0 0.415960698361 -1.06512174119 1.12676038062 -1.12676038062 -1.06512174119 
163.398811902 37.3066723755 1.72216570377 132.173637202 11.4018917084 13697024 0.337170932954 0.0 0.337170932954 -1.15622702635 1.27632040444 -1.27632040444 -1.15622702635 
230.494519786 38.2191210999 1.4727421999 134.85398569 11.2635555267 8388608 0.46104841941 0.0 0.46104841941 -1.03872871792 1.04403651178 -1.04403651178 -1.03872871792 
33.0819019009 117.133292912 1.5478965044 132.683811761 10.1367607117 8388608 0.417365129238 0.0 0.417365129238 -1.0493995332 1.1378682736 -1.1378682736 -1.0493995332 
249.525632349 31.4974177113 1.50997281075 133.422638794 10.0675954819 8388608 0.438593049967 0.0 0.438593049967 -1.03791686986 1.09669798051 -1.09669798051 -1.03791686986 
130.759382187 62.8421974905 1.33679044247 144.008539982 10.0591907501 8388608 0.559594369762 0.0 0.559594369762 -1.08160328989 0.78558450237 -0.78558450237 -1.08160328989 
343.817174381 52.3684162003 1.41789293289 127.970092884 10.0268707275 8388608 0.497408410374 0.0 0.497408410374 -0.872358722642 1.11777038258 -1.11777038258 -0.872358722642 
330.937796238 52.1413159307 1.9233455658 126.615614854 9.6162147522 21692416 0.270324469196 0.0 0.270324469196 -1.14716724016 1.5437828502 -1.5437828502 -1.14716724016 
314.994496393 56.1518939926 1.48824262619 141.357433062 9.57814788818 8388608 0.451494559194 0.0 0.451494559194 -1.16240195761 0.929348052859 -0.929348052859 -1.16240195761 
138.484139391 107.597307697 1.44288682938 140.208098817 9.46565055847 8388608 0.480325298798 0.0 0.480325298798 -1.10867671898 0.923449151379 -0.923449151379 -1.10867671898 
79.9760197758 89.973026673 1.2430409193 135.942329962 9.40440940857 8388608 0.647186052781 0.0 0.647186052781 -0.893299224784 0.864388351416 -0.864388351416 -0.893299224784 
157.006723474 39.0913963563 1.42022669315 129.881058491 8.5332736969 8388608 0.495775039828 0.0 0.495775039828 -0.910643643622 1.08984953745 -1.08984953745 -0.910643643622 
149.485825478 106.227137251 1.77553021908 138.109659512 8.49205589294 15859712 0.317207804051 0.0 0.317207804051 -1.32174753105 1.18553406658 -1.18553406658 -1.32174753105 
161.831602659 108.025948399 1.44461596012 145.205762512 8.33554840088 8388608 0.479176137768 0.0 0.479176137768 -1.18632816726 0.824342617969 -0.824342617969 -1.18632816726 
202.629269779 101.082759274 1.26242554188 135.855444187 6.71766281128 8388608 0.627463480927 0.0 0.627463480927 -0.905897515222 0.879242822377 -0.879242822377 -0.905897515222 
102.548200011 107.39250908 1.32760977745 142.257991748 6.64916419983 8388608 0.567360524757 0.0 0.567360524757 -1.04984056805 0.812639220601 -0.812639220601 -1.04984056805 
334.374466737 45.054380109 1.50149703026 129.593774998 6.18084716797 8388608 0.443558641697 0.0 0.443558641697 -0.956964525967 1.15702732375 -1.15702732375 -0.956964525967 
331.897160547 60.3118338742 1.74054443836 126.428266465 5.49098968506 14417920 0.330088024299 0.0 0.330088024299 -1.03356296738 1.40044369197 -1.40044369197 -1.03356296738 
319.947979491 44.9601773808 1.2958496809 125.914879592 5.45073699951 8388608 0.595512316079 0.0 0.595512316079 -0.760123008565 1.04949483436 -1.04949483436 -0.760123008565 
277.371513177 95.1288534287 1.29597806931 143.593676119 4.43325805664 8388608 0.595394330921 0.0 0.595394330921 -1.04303982026 0.769172990598 -0.769172990598 -1.04303982026 
310.263142815 34.5116451072 1.23928248882 124.596652293 4.34651184082 8388608 0.651117508672 0.0 0.651117508672 -0.703659205596 1.02013960294 -1.02013960294 -0.703659205596 
151.381891379 95.1757663293 3.38373398781 133.313208206 4.27865219116 12386305 0.087338870808 0.0 0.087338870808 -2.32119450117 2.46205438363 -2.46205438363 -2.32119450117 
132.598505799 97.1025533935 2.9221405983 134.735201492 3.88737487793 18481664 0.117111025454 0.0 0.117111025454 -2.05669393541 2.07579279609 -2.07579279609 -2.05669393541 
100.124760224 96.0239671912 1.57622587681 134.303158534 3.78796005249 8388608 0.402497413582 0.0 0.402497413582 -1.10092243218 1.12803271807 -1.12803271807 -1.10092243218 
293.275542519 81.8166415247 1.2440778017 136.346312883 3.76426696777 8388608 0.646107701926 0.0 0.646107701926 -0.900121837379 0.858784172284 -0.858784172284 -0.900121837379 
267.858405958 81.8413699895 1.43820309639 136.687941293 3.73185920715 8388608 0.483458901731 0.0 0.483458901731 -1.04647741987 0.986566346563 -0.986566346563 -1.04647741987 
139.829933056 94.9581742537 2.34835219383 132.890912688 3.68564987183 19398912 0.181331618765 0.0 0.181331618765 -1.59829948525 1.72052224098 -1.72052224098 -1.59829948525 
198.090291802 119.533064677 1.679068923 141.040686559 3.55841064453 11862016 0.354701441022 0.0 0.354701441022 -1.30563166169 1.05574542962 -1.05574542962 -1.30563166169 
41.9773586192 81.0380095446 1.63368296623 133.691958756 3.49736404419 9830400 0.374683387738 0.0 0.374683387738 -1.12851705277 1.18125750612 -1.18125750612 -1.12851705277 
260.151498501 81.2737458707 1.49836218357 133.967591661 3.37446784973 8388608 0.445416594241 0.0 0.445416594241 -1.04024001007 1.07842011971 -1.07842011971 -1.04024001007 
248.206096761 90.7499115283 1.71685385704 140.535740365 3.1690120697 13434880 0.339260535324 0.0 0.339260535324 -1.32544759313 1.09122676117 -1.09122676117 -1.32544759313 
275.599732927 84.0862742629 1.35488784313 134.090201513 2.27194786072 8388608 0.544745069239 0.0 0.544745069239 -0.942717379076 0.973141824532 -0.973141824532 -0.942717379076 
295.094690246 49.4865844209 1.41588890553 142.626226181 1.06816291809 8388608 0.498817455257 0.0 0.498817455257 -1.12519636966 0.859461763259 -0.859461763259 -1.12519636966 
