13
126
191.390533417 117.727904607 1.54848444462 134.721998212 121.480285645 8388608 0.417048252746 0.0 0.417048252746 -1.08961826494 1.10024366026 -1.10024366026 -1.08961826494 
68.488469644 151.075982177 2.46658635139 131.646523599 114.036491394 22937856 0.164364246038 0.0 0.164364246038 -1.63912851691 1.84317821546 -1.84317821546 -1.63912851691 
197.77862981 125.380887082 1.95032298565 124.208572633 111.88368988 22675456 0.26289778171 0.0 0.26289778171 -1.09648546866 1.61291021615 -1.61291021615 -1.09648546866 
175.936884661 148.319416041 1.43764603138 126.948938579 108.002220154 8388608 0.483833639616 0.0 0.483833639616 -0.864173411908 1.14892577031 -1.14892577031 -0.864173411908 
209.867952152 136.975092423 3.46333622932 132.909448074 107.523826599 14090241 0.0833701701835 0.0 0.0833701701835 -2.35798357374 2.53665356391 -2.53665356391 -2.35798357374 
184.431409745 152.472867327 1.91221761703 130.928977973 100.810241699 21233664 0.27347987331 0.0 0.27347987331 -1.25273776335 1.44472291848 -1.44472291848 -1.25273776335 
208.847205325 141.117937309 1.87890648842 133.46289032 97.8503112793 19988480 0.283262880814 0.0 0.283262880814 -1.29247086912 1.36374801364 -1.36374801364 -1.29247086912 
39.9151136776 145.971666668 1.6178715229 134.460843388 94.2115631104 9175040 0.382042728772 0.0 0.382042728772 -1.1331922527 1.15472229694 -1.15472229694 -1.1331922527 
105.252711567 87.2959471235 4.36118888855 134.627375877 88.3176193237 14024961 0.0525763225561 0.0 0.0525763225561 -3.06370544349 3.1038165985 -3.1038165985 -3.06370544349 
101.732004589 101.464680824 1.85639858246 134.102183828 87.8862304688 19136512 0.290173363462 0.0 0.290173363462 -1.29194234036 1.33307939979 -1.33307939979 -1.29194234036 
109.586138501 84.3889421325 3.31890463829 134.779559526 85.4718170166 11010049 0.0907842378387 0.0 0.0907842378387 -2.33777344513 2.35583176762 -2.35583176762 -2.33777344513 
199.396539497 134.900730826 1.78234279156 134.741552555 83.3614120483 16187392 0.314787538752 0.0 0.314787538752 -1.25460893242 1.26597877285 -1.26597877285 -1.25460893242 
130.056752195 84.1454739599 3.36515069008 135.22435003 83.0304260254 11993089 0.0883061533105 0.0 0.0883061533105 -2.38881997017 2.37018529171 -2.37018529171 -2.38881997017 
183.657890044 117.200413235 1.55213773251 134.215933016 82.389793396 8388608 0.415087338785 0.0 0.415087338785 -1.08240565593 1.11244304873 -1.11244304873 -1.08240565593 
149.033672969 123.425104969 1.79194915295 135.538500883 78.643989563 16580608 0.311421531011 0.0 0.311421531011 -1.27895223616 1.25513463197 -1.25513463197 -1.27895223616 
241.023615777 36.2151964452 1.36899030209 132.28638758 78.4360580444 8388608 0.533579648723 0.0 0.533579648723 -0.921107015508 1.01276666276 -1.01276666276 -0.921107015508 
117.965740083 81.0040304997 1.7688344717 133.537229548 74.7828063965 15597568 0.319613866737 0.0 0.319613866737 -1.21841875423 1.28227576114 -1.28227576114 -1.21841875423 
245.413286608 142.169246544 1.61106407642 132.138294748 74.1267166138 8847360 0.385278143287 0.0 0.385278143287 -1.08089894957 1.19464845003 -1.19464845003 -1.08089894957 
52.0748327098 57.1411619986 1.71603107452 130.328823734 74.0303268433 13434880 0.339585942667 0.0 0.339585942667 -1.1105696178 1.30820402566 -1.30820402566 -1.1105696178 
68.8432676403 102.057325665 1.77916014194 140.401294299 72.282371521 16056320 0.315914761087 0.0 0.315914761087 -1.37089206864 1.13404838822 -1.13404838822 -1.37089206864 
64.8379634764 57.5484406761 1.6597982645 136.623532468 70.5322875977 11010048 0.362985592658 0.0 0.362985592658 -1.20643567112 1.13993124806 -1.13993124806 -1.20643567112 
137.1074849 143.157499757 1.50001621246 135.498806475 67.9952163696 8388608 0.444434837214 0.0 0.444434837214 -1.06986533591 1.05139754645 -1.05139754645 -1.06986533591 
210.513516756 44.3803974569 1.3669706583 140.753581677 67.7329101562 8388608 0.535157498108 0.0 0.535157498108 -1.05862608642 0.864823444296 -0.864823444296 -1.05862608642 
81.5962160949 102.977412782 1.5357439518 140.440494026 67.46459198 8388608 0.423996598765 0.0 0.423996598765 -1.18400261252 0.978083482647 -0.978083482647 -1.18400261252 
235.651131248 131.53071422 1.39800012112 132.015511986 66.9836120605 8388608 0.511664848582 0.0 0.511664848582 -0.935725905765 1.03866326012 -1.03866326012 -0.935725905765 
179.654880266 69.856784189 1.2954621315 132.15043487 64.8399047852 8388608 0.595868675338 0.0 0.595868675338 -0.86935806229 0.960436720291 -0.960436720291 -0.86935806229 
94.7616504862 120.737320677 1.88410723209 137.830695781 64.8226776123 20185088 0.281701245268 0.0 0.281701245268 -1.39643312932 1.26484567334 -1.26484567334 -1.39643312932 
50.9628936403 50.9406732304 1.53025484085 130.796430731 64.1175765991 8388608 0.427043854037 0.0 0.427043854037 -0.999827877616 1.15845763543 -1.15845763543 -0.999827877616 
56.3028738724 57.6812620033 1.36049437523 133.867515605 63.8457565308 8388608 0.540264583604 0.0 0.540264583604 -0.942813341753 0.980840429245 -0.980840429245 -0.942813341753 
94.4998003968 28.6796371795 1.59353160858 125.821264424 62.7564125061 8388608 0.393802650884 0.0 0.393802650884 -0.93262815514 1.29210979092 -1.29210979092 -0.93262815514 
199.170908334 144.569837824 1.94694817066 141.899661365 62.091583252 22544384 0.263809978907 0.0 0.263809978907 -1.53211460115 1.20134592361 -1.20134592361 -1.53211460115 
47.572669788 148.512646642 1.15928649902 146.349196317 60.6392860413 8388608 0.744077965239 0.0 0.744077965239 -0.965025122083 0.642395283736 -0.642395283736 -0.965025122083 
94.6747362766 111.75745056 1.99532222748 137.656092716 60.5082588196 24313856 0.251173558754 0.0 0.251173558754 -1.47477284838 1.34400737988 -1.34400737988 -1.47477284838 
83.7010120738 30.6774420054 1.38929069042 119.737831571 58.6647148132 8388608 0.518100186872 0.0 0.518100186872 -0.689132785844 1.20632691505 -1.20632691505 -0.689132785844 
53.9179369675 81.2465171245 1.59414196014 131.639962065 58.4700584412 8388608 0.393501156969 0.0 0.393501156969 -1.05922382747 1.19135782719 -1.19135782719 -1.05922382747 
164.976191145 86.0892097189 1.93191075325 131.380673437 55.2222938538 22020096 0.267932798573 0.0 0.267932798573 -1.27710661608 1.4495785076 -1.4495785076 -1.27710661608 
192.683845284 56.8867458091 1.83105301857 139.421983135 53.8265953064 18087936 0.298262161485 0.0 0.298262161485 -1.39072310847 1.19106859264 -1.19106859264 -1.39072310847 
144.912903205 143.160106503 1.72766971588 143.663433984 53.7248001099 13893632 0.335026035944 0.0 0.335026035944 -1.39172485256 1.02369164397 -1.02369164397 -1.39172485256 
172.494176519 81.316746082 1.38494098186 129.771158798 53.0243721008 8388608 0.521359710249 0.0 0.521359710249 -0.885978439789 1.06447345081 -1.06447345081 -0.885978439789 
79.8975700399 121.342405503 1.63006317616 137.547550702 51.3326034546 9699328 0.376349312263 0.0 0.376349312263 -1.20272217261 1.10025693989 -1.10025693989 -1.20272217261 
54.125723488 91.9301192934 2.31535553932 130.931380953 51.1890182495 18350336 0.186536842425 0.0 0.186536842425 -1.51691605717 1.7492389628 -1.7492389628 -1.51691605717 
87.2561028065 121.440543581 1.5548813343 137.399169395 50.1863441467 8388608 0.413623780631 0.0 0.413623780631 -1.14452836356 1.052478403 -1.052478403 -1.14452836356 
208.422636456 126.043234622 2.1442668438 131.004729974 49.7248268127 12845312 0.217491525511 0.0 0.217491525511 -1.40689921507 1.61818259045 -1.61818259045 -1.40689921507 
230.793093295 49.3313722509 1.96594500542 126.854465891 47.8007316589 23265280 0.258736244541 0.0 0.258736244541 -1.17914336233 1.57307364589 -1.57307364589 -1.17914336233 
145.509383969 86.5069048281 1.75891041756 129.494966549 47.3077697754 15204352 0.323230666516 0.0 0.323230666516 -1.11868537168 1.35731680023 -1.35731680023 -1.11868537168 
177.210075708 76.1566801853 1.24810743332 132.930568646 46.7511024475 8388608 0.64194239851 0.0 0.64194239851 -0.850100452031 0.9138388187 -0.9138388187 -0.850100452031 
247.37564251 59.0658261352 1.63772320747 127.201345277 46.2980537415 10027008 0.372836990261 0.0 0.372836990261 -0.990196630276 1.30447228322 -1.30447228322 -0.990196630276 
222.438338613 53.6722113116 1.80947840214 131.406728196 45.6131286621 17235968 0.305416989854 0.0 0.305416989854 -1.19678891689 1.35716925113 -1.35716925113 -1.19678891689 
196.849399222 104.043887788 4.49687814713 128.662149154 45.3128166199 16253185 0.0494513054494 0.0 0.0494513054494 -2.80932097178 3.5113571091 -3.5113571091 -2.80932097178 
73.4643662911 120.845438646 1.62199437618 135.641351635 44.214553833 9371648 0.380103012698 0.0 0.380103012698 -1.15968941284 1.13401332537 -1.13401332537 -1.15968941284 
120.80028649 89.4179580861 1.40157401562 122.18691647 43.5522155762 8388608 0.509058771793 0.0 0.509058771793 -0.746594698168 1.18617287017 -1.18617287017 -0.746594698168 
201.14684306 104.788969528 2.50540399551 146.653228207 41.5095748901 24051968 0.159310524931 0.0 0.159310524931 -2.09291153488 1.37723290982 -1.37723290982 -2.09291153488 
177.760549078 129.220149595 1.53176128864 141.811966396 40.9966049194 8388608 0.426204293811 0.0 0.426204293811 -1.20394297798 0.947002614125 -0.947002614125 -1.20394297798 
89.6089696499 58.0636264934 1.71826922894 136.999977655 40.4580802917 13500416 0.338701854471 0.0 0.338701854471 -1.25666210394 1.17185728637 -1.17185728637 -1.25666210394 
80.8975177418 132.780274914 2.69847941399 141.079297393 40.0060539246 12714496 0.137328849416 0.0 0.137328849416 -2.0994606905 1.69530408976 -1.69530408976 -2.0994606905 
94.6464643855 132.876036541 2.6748239994 140.684914066 39.7750244141 12124672 0.13976858796 0.0 0.13976858796 -2.06944021605 1.69472729958 -1.69472729958 -2.06944021605 
50.5176801986 40.9260917522 1.9606436491 127.523835977 37.0151901245 23068672 0.260137322622 0.0 0.260137322622 -1.19421123263 1.55498651139 -1.55498651139 -1.19421123263 
188.900440369 140.386862723 1.5221902132 133.624314872 36.066947937 8388608 0.431580833367 0.0 0.431580833367 -1.05019982547 1.10188174128 -1.10188174128 -1.05019982547 
235.120785394 140.155288803 2.01078104973 132.961520772 35.8887443542 24903680 0.247326375299 0.0 0.247326375299 -1.37036143531 1.47151281563 -1.47151281563 -1.37036143531 
75.9137436234 89.0204190079 1.56684839725 130.763013847 35.3997306824 8388608 0.407329669298 0.0 0.407329669298 -1.0230451518 1.18675714338 -1.18675714338 -1.0230451518 
223.868229521 70.7844433344 1.47013545036 134.093622938 35.0205345154 8388608 0.462684871701 0.0 0.462684871701 -1.02296856133 1.05585679187 -1.05585679187 -1.02296856133 
231.470733753 29.3427188023 1.49589061737 128.223938776 34.2321929932 8388608 0.446889677956 0.0 0.446889677956 -0.925562395127 1.17516934604 -1.17516934604 -0.925562395127 
202.94980683 52.6347065692 1.32518744469 134.135865191 34.22889328 8388608 0.569436596455 0.0 0.569436596455 -0.92281042137 0.951074492228 -0.951074492228 -0.92281042137 
227.783818454 118.996549308 2.68142676353 127.971779455 33.6707420349 12255744 0.13908110113 0.0 0.13908110113 -1.64981022036 2.11380598093 -2.11380598093 -1.64981022036 
74.7784229042 48.6658391407 1.53773784637 126.430250762 33.2431907654 8388608 0.422897768522 0.0 0.422897768522 -0.91317603688 1.23723369249 -1.23723369249 -0.91317603688 
202.238125948 78.5514690829 2.5448307991 130.561498601 33.2366294861 8520192 0.154412400843 0.0 0.154412400843 -1.65481149375 1.9333294381 -1.9333294381 -1.65481149375 
44.0204661511 70.8707839529 1.60156738758 115.278105508 32.0128707886 8454144 0.389860797155 0.0 0.389860797155 -0.683889060659 1.44821056814 -1.44821056814 -0.683889060659 
43.633360888 82.3147978518 1.34642279148 144.691871945 31.8244800568 8388608 0.551616300088 0.0 0.551616300088 -1.09875586733 0.778196554489 -0.778196554489 -1.09875586733 
207.937323895 115.542818998 1.94360864162 131.587751171 31.1358299255 22413312 0.264717319962 0.0 0.264717319962 -1.29010197777 1.45370266518 -1.45370266518 -1.29010197777 
219.635260664 43.4100268547 1.97326099873 134.790020419 30.7957305908 23527424 0.256821238278 0.0 0.256821238278 -1.39018330733 1.40041041881 -1.40041041881 -1.39018330733 
76.0957893093 152.419860316 1.34296619892 134.142379452 29.9025707245 8388608 0.554459508794 0.0 0.554459508794 -0.935300450847 0.963727802905 -0.963727802905 -0.935300450847 
41.219451494 78.8278059734 1.55499172211 144.935200203 29.247959137 8388608 0.413565056975 0.0 0.413565056975 -1.27276511415 0.893346640467 -0.893346640467 -1.27276511415 
220.514780633 107.418618995 1.67915391922 129.685713703 28.9488677979 11862016 0.354665533033 0.0 0.354665533033 -1.07226731475 1.29220768074 -1.29220768074 -1.07226731475 
235.024675849 67.0629576994 1.42305731773 128.124454306 28.1278057098 8388608 0.493804694318 0.0 0.493804694318 -0.878555300106 1.11947876899 -1.11947876899 -0.878555300106 
184.516312334 81.6855891581 1.80040574074 122.852256458 27.6948051453 16908288 0.308502879427 0.0 0.308502879427 -0.976674422451 1.51247079437 -1.51247079437 -0.976674422451 
160.355016837 104.575919463 4.76283740997 134.561863441 27.0094146729 20381953 0.0440827305661 0.0 0.0440827305661 -3.34198283327 3.39348949254 -3.39348949254 -3.34198283327 
249.8064245 86.3830131877 1.49977481365 135.838066422 26.941608429 8388608 0.444577918262 0.0 0.444577918262 -1.07589890976 1.04487608244 -1.04487608244 -1.07589890976 
246.859356879 67.9901228342 1.84588885307 128.369498815 26.8229789734 18677760 0.293487024764 0.0 0.293487024764 -1.14579950357 1.44722118404 -1.44722118404 -1.14579950357 
32.0633640727 76.4583080079 1.78356599808 130.98035778 25.8371162415 16187392 0.314355911178 0.0 0.314355911178 -1.16966304497 1.34647541037 -1.34647541037 -1.16966304497 
244.685300093 51.6371381778 1.51939320564 127.348261216 25.6419487 8388608 0.433171265573 0.0 0.433171265573 -0.92175238695 1.20786102284 -1.20786102284 -0.92175238695 
156.084196822 82.1158649364 1.53726136684 130.897125124 25.3731079102 8388608 0.423159966432 0.0 0.423159966432 -1.00644945518 1.16199483827 -1.16199483827 -1.00644945518 
229.149696305 64.6054274406 2.89327454567 122.242049162 24.7281608582 17760768 0.119459504089 0.0 0.119459504089 -1.54355372592 2.44713699898 -2.44713699898 -1.54355372592 
202.68519257 77.9456971607 1.22465956211 132.255343673 24.244474411 8388608 0.666759549352 0.0 0.666759549352 -0.823504982246 0.906438407884 -0.906438407884 -0.823504982246 
132.790011839 94.2756981108 1.28883361816 162.385145358 24.0413551331 8388608 0.602013580598 0.0 0.602013580598 -1.22840310016 0.39002297217 -0.39002297217 -1.22840310016 
187.445828667 91.7153359022 1.28745758533 130.127995612 23.8946075439 8388608 0.603301130807 0.0 0.603301130807 -0.82976294456 0.984398542193 -0.984398542193 -0.82976294456 
235.975417156 23.4173429261 1.25730013847 136.422617047 23.4252128601 8388608 0.632589637215 0.0 0.632589637215 -0.91084357516 0.866699267217 -0.866699267217 -0.91084357516 
242.820952637 98.8810683271 1.66184020042 133.684877801 23.0203781128 11075584 0.362094125524 0.0 0.362094125524 -1.14781902166 1.20175885487 -1.20175885487 -1.14781902166 
140.326131581 63.4489314516 1.30231058598 133.800685761 22.6077728271 8388608 0.589618169887 0.0 0.589618169887 -0.901396632417 0.939945197025 -0.939945197025 -0.901396632417 
45.8025154523 91.2678451792 1.23028600216 125.702271841 22.4793395996 8388608 0.660674940834 0.0 0.660674940834 -0.717962198672 0.999066528509 -0.999066528509 -0.717962198672 
194.799345427 64.6932326875 1.25216543674 134.672709019 21.5067253113 8388608 0.637788341479 0.0 0.637788341479 -0.880342494446 0.890457957149 -0.890457957149 -0.880342494446 
89.7503070759 41.8146902794 1.22843301296 133.305331842 21.0022144318 8388608 0.66266959066 0.0 0.66266959066 -0.842565097886 0.893941677718 -0.893941677718 -0.842565097886 
249.316005654 49.2791114895 1.36399269104 130.579643576 20.8491344452 8388608 0.537496837959 0.0 0.537496837959 -0.887283270626 1.03595581898 -1.03595581898 -0.887283270626 
82.0215979296 51.3586481489 1.73366200924 136.157006787 20.0798568726 14155776 0.332714045773 0.0 0.332714045773 -1.25038753057 1.20088092069 -1.20088092069 -1.25038753057 
54.9712892593 70.9208324615 2.04654359818 132.366793089 19.4627227783 9437440 0.238758036132 0.0 0.238758036132 -1.37911310976 1.5120805963 -1.5120805963 -1.37911310976 
166.427903387 128.859085954 1.24148476124 129.556860492 19.1463279724 8388608 0.64880952014 0.0 0.64880952014 -0.790631710758 0.957176008021 -0.957176008021 -0.790631710758 
55.2823245932 72.8239389669 1.35751879215 141.165423197 19.0339431763 8388608 0.542635621169 0.0 0.542635621169 -1.05745240496 0.851264754519 -0.851264754519 -1.05745240496 
56.2500566726 132.997135649 2.02349376678 139.569366689 18.9312915802 8651008 0.244228452782 0.0 0.244228452782 -1.54026661985 1.3122902743 -1.3122902743 -1.54026661985 
30.1914433338 141.617454174 1.29688203335 138.629735291 18.7007923126 8388608 0.594564606278 0.0 0.594564606278 -0.973250536915 0.857138495703 -0.857138495703 -0.973250536915 
231.468660185 40.4196607645 1.76494038105 124.783414884 18.5669708252 15466496 0.321025787963 0.0 0.321025787963 -1.00685586393 1.44957090821 -1.44957090821 -1.00685586393 
172.436794299 92.4123356891 1.44957828522 123.932656435 17.9293746948 8388608 0.475901036585 0.0 0.475901036585 -0.809180827591 1.20270677775 -1.20270677775 -0.809180827591 
189.834736097 101.300084421 1.51707291603 139.055511201 17.9279289246 8388608 0.434497307835 0.0 0.434497307835 -1.14591321543 0.994179629268 -0.994179629268 -1.14591321543 
140.361543954 151.261070697 1.76706588268 143.968607013 17.5217037201 15532032 0.320253965623 0.0 0.320253965623 -1.42901702408 1.03943839579 -1.03943839579 -1.42901702408 
49.2329502309 113.513245872 2.00848221779 139.179335423 16.8500041962 24772608 0.247892859924 0.0 0.247892859924 -1.51993767863 1.31293193741 -1.31293193741 -1.51993767863 
127.864318036 122.457793449 1.93254768848 133.49733146 15.5994167328 22020096 0.267756215384 0.0 0.267756215384 -1.33021275314 1.40188251992 -1.40188251992 -1.33021275314 
170.630805703 119.419751787 1.57997298241 130.163866305 15.3407258987 8388608 0.400590530509 0.0 0.400590530509 -1.01904444881 1.20741999175 -1.20741999175 -1.01904444881 
212.408603746 76.5044050551 1.50248348713 119.290509079 14.9438247681 8388608 0.442976395254 0.0 0.442976395254 -0.735071999233 1.31039146252 -1.31039146252 -0.735071999233 
72.8458742963 70.0817153154 2.46762228012 137.775413507 14.2493963242 23003392 0.164226272001 0.0 0.164226272001 -1.8273144776 1.65833697339 -1.65833697339 -1.8273144776 
212.627059369 100.447622823 1.72317016125 141.422228565 14.059967041 13697024 0.336777965199 0.0 0.336777965199 -1.34710973557 1.07452815922 -1.07452815922 -1.34710973557 
216.594147032 71.8600956744 1.92024159431 122.843175991 13.7118787766 21561344 0.271199106648 0.0 0.271199106648 -1.04142666144 1.61330663216 -1.61330663216 -1.04142666144 
232.866167049 59.448439338 1.48747062683 130.279730542 13.4876317978 8388608 0.45196333344 0.0 0.45196333344 -0.961679406721 1.13478702159 -1.13478702159 -0.961679406721 
97.6575132454 47.0510103377 1.71109306812 134.969127156 13.3307151794 13238272 0.341548778263 0.0 0.341548778263 -1.20927338858 1.21057728355 -1.21057728355 -1.20927338858 
194.206373311 87.5700999665 2.53235220909 134.428070718 12.4212112427 24838400 0.155937936249 0.0 0.155937936249 -1.77268021549 1.80842820275 -1.80842820275 -1.77268021549 
229.599689897 97.8278148604 1.34400546551 130.192751999 11.1081781387 8388608 0.553602356845 0.0 0.553602356845 -0.86736879351 1.02665576868 -1.02665576868 -0.86736879351 
103.22026926 62.9855357122 1.32095742226 133.296681295 9.09976387024 8388608 0.573089380716 0.0 0.573089380716 -0.905881158077 0.961409298298 -0.961409298298 -0.905881158077 
223.750706858 63.6320965422 1.27720022202 132.793987458 8.96007728577 8388608 0.613030424968 0.0 0.613030424968 -0.867684239767 0.937211004618 -0.937211004618 -0.867684239767 
234.60409156 97.0818349613 1.72866094112 129.03717368 8.52090454102 13959168 0.334641933955 0.0 0.334641933955 -1.08875296672 1.34271576546 -1.34271576546 -1.08875296672 
167.055660644 28.8605596371 1.38946998119 133.055789038 8.35370922089 8388608 0.517966489001 0.0 0.517966489001 -0.948605269703 1.01527083624 -1.01527083624 -0.948605269703 
39.5499099822 42.3886863636 1.31598412991 125.200086095 6.45333862305 8388608 0.577429139097 0.0 0.577429139097 -0.758577395901 1.07534857818 -1.07534857818 -0.758577395901 
238.435281982 85.3836419641 1.27155470848 132.35349432 5.17003726959 8388608 0.618486036772 0.0 0.618486036772 -0.856649939656 0.939681998097 -0.939681998097 -0.856649939656 
50.2830461114 106.456971833 1.45639455318 130.783043559 5.01107025146 8388608 0.471456804148 0.0 0.471456804148 -0.951311891641 1.10276506082 -1.10276506082 -0.951311891641 
147.458169956 40.7866861213 2.24071073532 128.001689095 3.52814054489 15991040 0.199172057714 0.0 0.199172057714 -1.37957132994 1.76566348578 -1.76566348578 -1.37957132994 
161.491817591 43.8342364945 1.38095593452 137.158228032 3.04697608948 8388608 0.524373044446 0.0 0.524373044446 -1.0125642817 0.939016969241 -0.939016969241 -1.0125642817 
166.372277522 158.321680299 1.33565413952 137.625318268 2.90993118286 8388608 0.560546920568 0.0 0.560546920568 -0.986718815177 0.900198844805 -0.900198844805 -0.986718815177 
128.2656787 39.1847357898 1.70041525364 131.587764482 2.62009716034 12779520 0.345851780362 0.0 0.345851780362 -1.12867869026 1.27180833815 -1.27180833815 -1.12867869026 
172.754847694 25.3779873863 1.26700007915 138.174609174 2.1659245491 8388608 0.622940713511 0.0 0.622940713511 -0.944143816204 0.844915176158 -0.844915176158 -0.944143816204 
131.107539169 106.191324894 1.33231198788 140.749065472 1.21191215515 8388608 0.563362751415 0.0 0.563362751415 -1.0317188537 0.842977722102 -0.842977722102 -1.0317188537 
