13
143
110.051732335 63.4124199961 1.66306650639 133.350175954 78.8421401978 11141120 0.361560323091 0.0 0.361560323091 -1.14162102773 1.2093352032 -1.2093352032 -1.14162102773 
201.841689181 81.5547820406 2.05366802216 131.154470027 61.7212142944 9699584 0.237104348244 0.0 0.237104348244 -1.35150115551 1.5462848935 -1.5462848935 -1.35150115551 
151.171133829 65.830613759 3.48200011253 146.057613676 58.4479598999 14483457 0.08247881988 0.0 0.08247881988 -2.88866537415 1.94420604357 -1.94420604357 -2.88866537415 
215.658773393 97.4246033582 1.83036279678 128.540885914 57.449798584 18087936 0.298487150605 0.0 0.298487150605 -1.14044953351 1.43164340161 -1.43164340161 -1.14044953351 
219.358161161 72.1042374015 1.74153614044 140.546290629 55.2777519226 14483456 0.329712200026 0.0 0.329712200026 -1.34470664042 1.10666714945 -1.10666714945 -1.34470664042 
207.795914194 77.2582952603 3.06431365013 135.642872789 55.2687797546 21955072 0.106496066824 0.0 0.106496066824 -2.19097205648 2.14234908317 -2.14234908317 -2.19097205648 
137.971877186 83.0140982742 2.44343161583 148.99355773 55.0381507874 22282496 0.167494141849 0.0 0.167494141849 -2.09428816955 1.25869580285 -1.25869580285 -2.09428816955 
121.752805444 67.4697290998 2.61031460762 140.527272738 54.8394775391 10355200 0.146762226765 0.0 0.146762226765 -2.01497302525 1.65940533273 -1.65940533273 -2.01497302525 
131.417902524 52.6591707481 2.37328076363 142.906291696 54.8288192749 20185344 0.177542267313 0.0 0.177542267313 -1.89304778742 1.43137404529 -1.43137404529 -1.89304778742 
231.98363457 71.7825979503 1.37230849266 137.854507908 51.0585517883 8388608 0.531002417078 0.0 0.531002417078 -1.01748893368 0.920840305844 -0.920840305844 -1.01748893368 
190.700304112 81.9520810441 2.69036436081 145.365196603 49.7449150085 12517888 0.138158559832 0.0 0.138158559832 -2.21360836079 1.52905147689 -1.52905147689 -2.21360836079 
195.477558455 67.1011974999 2.45318984985 153.000414308 49.6833992004 22544640 0.166164284477 0.0 0.166164284477 -2.18581621463 1.11370908018 -1.11370908018 -2.18581621463 
178.867656276 61.6572231428 1.47843074799 141.5621334 48.7963829041 8388608 0.457507299282 0.0 0.457507299282 -1.15802933389 0.919089516013 -0.919089516013 -1.15802933389 
57.6027714051 69.6491826631 3.14956378937 126.746521817 47.3406333923 23921152 0.100808971194 0.0 0.100808971194 -1.88430829575 2.52371438754 -2.52371438754 -1.88430829575 
167.66398523 64.0387151901 1.7029838562 146.150713474 47.1371917725 12845056 0.344809273924 0.0 0.344809273924 -1.41433767975 0.948579433741 -0.948579433741 -1.41433767975 
134.843622615 113.302272183 1.25939702988 137.219762618 46.1763076782 8388608 0.630484872069 0.0 0.630484872069 -0.924352302805 0.855367581312 -0.855367581312 -0.924352302805 
63.6334264576 61.5426174089 1.52694952488 126.110896986 44.1535720825 8388608 0.428894658623 0.0 0.428894658623 -0.899907728298 1.23358863973 -1.23358863973 -0.899907728298 
128.274720616 81.006922875 2.72068619728 151.587017432 42.8767089844 13304320 0.13509618756 0.0 0.13509618756 -2.39295445815 1.29456647002 -1.29456647002 -2.39295445815 
135.236198044 68.0461270207 3.17106509209 146.362040896 41.5359344482 24379904 0.0994465420225 0.0 0.0994465420225 -2.64008428948 1.75659009524 -1.75659009524 -2.64008428948 
162.269637191 86.1088674045 1.13209593296 143.410739407 40.7689323425 8388608 0.780249572882 0.0 0.780249572882 -0.908992900217 0.674813388115 -0.674813388115 -0.908992900217 
118.287668489 55.7908816494 1.44504380226 129.693583554 39.8699569702 8388608 0.478892435095 0.0 0.478892435095 -0.922922959825 1.11191942185 -1.11191942185 -0.922922959825 
206.634500919 60.5632151704 1.22910535336 133.134447114 39.7557754517 8388608 0.661944807104 0.0 0.661944807104 -0.84035485994 0.896941290733 -0.896941290733 -0.84035485994 
214.981207854 86.422066392 1.27506387234 124.945281059 38.1234207153 8388608 0.615086391773 0.0 0.615086391773 -0.730348761852 1.04516915597 -1.04516915597 -0.730348761852 
37.1339516799 107.056109809 1.42173457146 138.270305358 36.8336868286 8388608 0.494723968821 0.0 0.494723968821 -1.06103100436 0.946331020031 -0.946331020031 -1.06103100436 
132.590841581 122.013324931 2.2966234684 137.010554806 36.7387008667 17760512 0.189592172531 0.0 0.189592172531 -1.67993258284 1.56598399505 -1.56598399505 -1.67993258284 
124.341531128 54.5889292454 1.5297447443 138.387374934 35.8129234314 8388608 0.427328698834 0.0 0.427328698834 -1.14371637626 1.0158896758 -1.0158896758 -1.14371637626 
101.972126884 73.8994684062 2.37112021446 132.073555045 34.821685791 20119808 0.177865965417 0.0 0.177865965417 -1.58884992521 1.76004743874 -1.76004743874 -1.58884992521 
30.2500986853 80.7131228082 1.35043048859 134.800234653 33.1799316406 8388608 0.548347074928 0.0 0.548347074928 -0.951563444803 0.958222059346 -0.958222059346 -0.951563444803 
228.712132801 32.7826059354 1.30373048782 135.160056823 32.4634780884 8388608 0.58833455485 0.0 0.58833455485 -0.924448347956 0.919297795517 -0.919297795517 -0.924448347956 
167.188456412 74.9928526453 1.43661403656 149.492560337 32.0025558472 8388608 0.484529015184 0.0 0.484529015184 -1.23773385983 0.729297458013 -0.729297458013 -1.23773385983 
119.040116681 42.5506876644 1.3266428709 135.717600418 31.7074165344 8388608 0.568187852944 0.0 0.568187852944 -0.949753239885 0.926255952881 -0.926255952881 -0.949753239885 
167.402228287 122.032986328 3.1016497612 135.885949821 31.6636352539 22807040 0.103947605305 0.0 0.103947605305 -2.22684688704 2.15902389585 -2.15902389585 -2.22684688704 
36.4808443832 72.5359597847 1.81700229645 135.563151158 30.9809646606 17563648 0.302892868118 0.0 0.302892868118 -1.29738062194 1.27212454859 -1.27212454859 -1.29738062194 
33.4881127552 78.8431493556 1.43914866447 141.545289396 30.7163295746 8388608 0.482823813585 0.0 0.482823813585 -1.1269972881 0.895000553667 -0.895000553667 -1.1269972881 
94.40638739 54.9085850563 2.03364109993 136.806251484 30.0547924042 8978688 0.241797262222 0.0 0.241797262222 -1.4826124456 1.3919613714 -1.3919613714 -1.4826124456 
64.2358998675 50.8863515588 1.77721369267 125.48959765 29.9112071991 15925248 0.316607135668 0.0 0.316607135668 -1.03177054272 1.44704459384 -1.44704459384 -1.03177054272 
43.3238333094 71.2329713415 2.17674040794 136.997592564 29.6696643829 13893888 0.211050663228 0.0 0.211050663228 -1.59190477675 1.48460027797 -1.48460027797 -1.59190477675 
45.2575900274 70.3906907281 1.50163531303 139.258733095 29.4661312103 8388608 0.443476952493 0.0 0.443476952493 -1.13773572366 0.980033691489 -0.980033691489 -1.13773572366 
120.905241875 109.961401971 1.38655936718 141.958176174 29.1317157745 8388608 0.52014336351 0.0 0.52014336351 -1.09200026663 0.854448533496 -0.854448533496 -1.09200026663 
47.4714138017 112.49637452 2.48838114738 139.664955417 28.9594898224 23593216 0.161497645583 0.0 0.161497645583 -1.89682472319 1.61061997508 -1.61061997508 -1.89682472319 
116.939639355 100.554340535 2.06229162216 137.858650696 27.9922294617 10027264 0.23512556112 0.0 0.23512556112 -1.52917235451 1.38371913518 -1.38371913518 -1.52917235451 
260.29794373 28.3524244741 1.28604376316 134.450092258 27.6353340149 8388608 0.604628347493 0.0 0.604628347493 -0.900600652813 0.918056112074 -0.918056112074 -0.900600652813 
89.3542149671 70.4888703599 1.1513812542 136.494379356 27.6279602051 8388608 0.754330540435 0.0 0.754330540435 -0.835104700038 0.792640481232 -0.792640481232 -0.835104700038 
192.950485179 105.619877999 1.7184227705 137.748009158 27.5807132721 13500416 0.33864133096 0.0 0.33864133096 -1.2719675379 1.15545462945 -1.15545462945 -1.2719675379 
29.4306850642 90.8922103938 1.51103067398 125.795678639 27.556344986 8388608 0.437979152369 0.0 0.437979152369 -0.883796554551 1.22560897022 -1.22560897022 -0.883796554551 
202.481196159 104.539015733 1.71473610401 134.235379167 26.5269145966 13369344 0.340099047666 0.0 0.340099047666 -1.19621302389 1.22857409539 -1.22857409539 -1.19621302389 
115.589359864 115.883539412 1.53708088398 136.850239889 26.142156601 8388608 0.423259346506 0.0 0.423259346506 -1.12140593823 1.05122136851 -1.05122136851 -1.12140593823 
154.62968422 104.045779456 4.29906702042 141.365493893 25.6871109009 12976385 0.0541067650224 0.0 0.0541067650224 -3.35819299763 2.68412314112 -2.68412314112 -3.35819299763 
106.775020888 103.053356565 1.6936570406 130.940852966 25.4451599121 12451840 0.348617397379 0.0 0.348617397379 -1.1098188826 1.27936555331 -1.27936555331 -1.1098188826 
102.393475836 118.573640395 2.59410881996 145.128865571 25.1033573151 9896448 0.148601645812 0.0 0.148601645812 -2.1283106881 1.48313660352 -1.48313660352 -2.1283106881 
194.644947931 30.9843099699 1.30801343918 131.590357075 24.5603408813 8388608 0.5844879845 0.0 0.5844879845 -0.868259776433 0.978276094823 -0.978276094823 -0.868259776433 
188.686326468 93.3625801168 2.01346135139 147.261673017 24.5117435455 24969216 0.24666833628 0.0 0.24666833628 -1.69362142435 1.08888616693 -1.08888616693 -1.69362142435 
55.0404354061 111.501884221 1.45081532001 139.726401682 24.3334522247 8388608 0.475089830424 0.0 0.475089830424 -1.10692317789 0.937862554457 -0.937862554457 -1.10692317789 
71.5589484935 68.4444846364 1.25552713871 133.848290163 24.2478199005 8388608 0.634377528796 0.0 0.634377528796 -0.869767986727 0.905456815813 -0.905456815813 -0.869767986727 
125.963397412 89.492848863 1.93667459488 159.523942843 23.6482391357 22151168 0.266616294925 0.0 0.266616294925 -1.81431249722 0.677479629872 -0.677479629872 -1.81431249722 
98.3793302597 106.999879802 2.1637969017 140.47917103 23.5234508514 13500672 0.213583161531 0.0 0.213583161531 -1.66913842449 1.37695096199 -1.37695096199 -1.66913842449 
93.5179765758 64.3460860142 1.42540884018 141.548037804 23.5111160278 8388608 0.492176761377 0.0 0.492176761377 -1.11628015291 0.88640226866 -0.88640226866 -1.11628015291 
172.073026061 104.62396558 3.0124104023 143.712418987 23.4022274017 20709888 0.110197495124 0.0 0.110197495124 -2.42817323692 1.78286038807 -1.78286038807 -2.42817323692 
91.7731715796 43.1061310749 2.36153483391 135.485081373 22.9010753632 19792128 0.17931279824 0.0 0.17931279824 -1.68393473866 1.65566016069 -1.65566016069 -1.68393473866 
200.863582347 112.01097335 1.41180860996 138.303397441 22.7367324829 8388608 0.501704905862 0.0 0.501704905862 -1.05416590242 0.939115435573 -0.939115435573 -1.05416590242 
46.3803378321 104.034028182 1.52432870865 131.533800232 22.1573486328 8388608 0.430370744959 0.0 0.430370744959 -1.01072407767 1.14105865355 -1.14105865355 -1.01072407767 
188.897602859 45.4769203881 1.42594110966 132.457981027 22.0024013519 8388608 0.491809394489 0.0 0.491809394489 -0.962580589744 1.05202027379 -1.05202027379 -0.962580589744 
86.282764139 104.697082582 2.62995815277 148.660484127 21.578294754 10879488 0.144578036945 0.0 0.144578036945 -2.24624811018 1.36786304609 -1.36786304609 -2.24624811018 
182.335369655 98.6435680854 1.22192752361 169.827100758 21.5307064056 8388608 0.669744422257 0.0 0.669744422257 -1.20271791688 0.215815859866 -0.215815859866 -1.20271791688 
27.5786347795 55.9145846071 1.41678988934 132.06430182 21.0029411316 8388608 0.498183227765 0.0 0.498183227765 -0.949198505104 1.05181547262 -1.05181547262 -0.949198505104 
169.123855254 34.1390731371 1.43055307865 131.092659377 20.8415412903 8388608 0.488643411395 0.0 0.488643411395 -0.94027206115 1.07813290547 -1.07813290547 -0.94027206115 
261.364574587 77.227538064 1.32041871548 135.410293683 20.7767677307 8388608 0.573557096159 0.0 0.573557096159 -0.940339069878 0.926967107206 -0.926967107206 -0.940339069878 
37.7897814597 45.3577265334 1.72809278965 135.885349696 20.7319278717 13893632 0.334862013066 0.0 0.334862013066 -1.24068133611 1.20291916264 -1.20291916264 -1.24068133611 
178.215064343 74.6628840847 1.40829277039 136.741932085 20.1825141907 8388608 0.504213071535 0.0 0.504213071535 -1.02562368631 0.965082681022 -0.965082681022 -1.02562368631 
175.875355644 89.8981162587 1.52502417564 151.803449666 19.8511066437 8388608 0.429978304753 0.0 0.429978304753 -1.34405245704 0.720570419199 -0.720570419199 -1.34405245704 
264.259880653 64.8645901781 1.24107372761 133.595426942 17.7093791962 8388608 0.64923935229 0.0 0.64923935229 -0.855796961336 0.898818979732 -0.898818979732 -0.855796961336 
140.353161982 49.967342994 1.29392194748 151.481814622 17.1764717102 8388608 0.597288071032 0.0 0.597288071032 -1.13692473115 0.61776707735 -0.61776707735 -1.13692473115 
192.872333284 56.8339629628 1.75060534477 151.271818606 16.7091350555 14876672 0.326304828147 0.0 0.326304828147 -1.53512308044 0.84143698579 -0.84143698579 -1.53512308044 
114.907900072 117.727109037 5.1240401268 141.759738595 16.6530609131 8978945 0.0380868412583 0.0 0.0380868412583 -4.02453459911 3.17157823198 -3.17157823198 -4.02453459911 
206.783452029 66.4952661251 1.49597895145 153.680456216 16.4570922852 8388608 0.446836903919 0.0 0.446836903919 -1.34089866019 0.663282599116 -0.663282599116 -1.34089866019 
217.982302487 65.2993760609 1.33008778095 145.677190906 16.2260780334 8388608 0.565248466072 0.0 0.565248466072 -1.09848477345 0.749976471325 -0.749976471325 -1.09848477345 
235.582644057 94.811960129 1.91880476475 142.807347513 15.2843952179 21495808 0.271605414571 0.0 0.271605414571 -1.52853415963 1.15991165528 -1.15991165528 -1.52853415963 
229.085067622 65.2760879453 1.29198789597 136.619787881 14.9043121338 8388608 0.599077639702 0.0 0.599077639702 -0.939032206773 0.887384492744 -0.887384492744 -0.939032206773 
233.904355266 44.3351234174 1.66376698017 129.084375612 14.2799243927 11206656 0.361255941267 0.0 0.361255941267 -1.048945449 1.29144647947 -1.29144647947 -1.048945449 
242.526881963 95.409643098 1.69653475285 135.491286173 14.2261667252 12582912 0.347435730211 0.0 0.347435730211 -1.20987331367 1.18930094277 -1.18930094277 -1.20987331367 
222.160695258 109.239061947 1.56525802612 141.167224481 14.2197790146 8388608 0.408157819591 0.0 0.408157819591 -1.21930374949 0.981494296892 -0.981494296892 -1.21930374949 
247.041410818 138.724082901 1.41676282883 141.791789619 14.0904569626 8388608 0.498202258785 0.0 0.498202258785 -1.11324727462 0.876297562874 -0.876297562874 -1.11324727462 
228.389993108 38.7694748748 1.52397346497 132.06006652 13.9360771179 8388608 0.430571410274 0.0 0.430571410274 -1.02092402875 1.13146332218 -1.13146332218 -1.02092402875 
230.534711489 109.207317744 2.30284762383 145.372014574 13.6055545807 17957120 0.18856869498 0.0 0.18856869498 -1.89491869484 1.30858332501 -1.30858332501 -1.89491869484 
240.614998087 131.396876955 1.35984814167 140.137838933 13.5860481262 8388608 0.540778199872 0.0 0.540778199872 -1.0438039405 0.871584936877 -0.871584936877 -1.0438039405 
234.599488224 110.784633293 1.55864357948 140.72778436 12.958981514 8388608 0.411629385021 0.0 0.411629385021 -1.20661966136 0.986630022186 -0.986630022186 -1.20661966136 
223.361045258 108.254558076 2.48170852661 138.745063914 12.8417749405 23396608 0.162367257169 0.0 0.162367257169 -1.86570628477 1.63646486978 -1.63646486978 -1.86570628477 
93.4236087935 146.938770519 1.77038764954 136.089511055 12.4802131653 15663104 0.319053312197 0.0 0.319053312197 -1.27543003683 1.2278235422 -1.2278235422 -1.27543003683 
243.670913047 111.501174901 2.05349993706 143.959613832 12.4530200958 9699584 0.23714316523 0.0 0.23714316523 -1.66046514239 1.20818769336 -1.20818769336 -1.66046514239 
205.015518805 54.2709161386 1.19016706944 128.698318243 12.3349113464 8388608 0.705966577328 0.0 0.705966577328 -0.744115956084 0.92886441264 -0.92886441264 -0.744115956084 
131.713164986 134.882222472 1.34222626686 143.283589988 12.1747093201 8388608 0.555070993549 0.0 0.555070993549 -1.07593454345 0.802456359968 -0.802456359968 -1.07593454345 
135.758633761 103.670314809 2.00387883186 137.084572057 11.9880561829 24641536 0.249033105758 0.0 0.249033105758 -1.46755985089 1.36447735667 -1.36447735667 -1.46755985089 
106.280580405 143.022353052 2.72401380539 135.414084384 11.9173383713 13435392 0.134766326831 0.0 0.134766326831 -1.94003889199 1.91219776946 -1.91219776946 -1.94003889199 
103.253899845 144.283655974 1.3739374876 133.969110723 11.8493652344 8388608 0.529744008352 0.0 0.529744008352 -0.953884210641 0.988842319345 -0.988842319345 -0.953884210641 
44.9373526101 159.218969224 1.46130180359 139.485555578 11.64382267 8388608 0.468295688534 0.0 0.468295688534 -1.11094331822 0.949319706361 -0.949319706361 -1.11094331822 
242.177088093 160.426971134 1.50795662403 144.10245964 11.5105619431 8388608 0.43976666017 0.0 0.43976666017 -1.22154561502 0.884171640795 -0.884171640795 -1.22154561502 
56.7475181079 156.662425553 1.35281038284 145.477558655 11.0711221695 8388608 0.546419443131 0.0 0.546419443131 -1.11458626181 0.766676852992 -0.766676852992 -1.11458626181 
226.346430752 44.6609968246 1.66069972515 131.092600378 11.0543899536 11075584 0.362591628099 0.0 0.362591628099 -1.0915412599 1.25158349903 -1.25158349903 -1.0915412599 
250.197448834 94.9402168414 1.28178524971 139.519639564 11.0339374542 8388608 0.608652570971 0.0 0.608652570971 -0.974962437326 0.832118784897 -0.832118784897 -0.974962437326 
81.2591703609 150.069166535 1.32251882553 141.834524586 10.8598394394 8388608 0.571736968347 0.0 0.571736968347 -1.03980316074 0.817230341337 -0.817230341337 -1.03980316074 
158.271062854 98.3150896073 2.31574225426 148.630467215 10.6497116089 18415872 0.18647454658 0.0 0.18647454658 -1.97724494095 1.20547278346 -1.20547278346 -1.97724494095 
253.303227474 39.9482019248 1.35250031948 134.088611361 10.6369037628 8388608 0.546670007316 0.0 0.546670007316 -0.941029203313 0.971453114004 -0.971453114004 -0.941029203313 
219.457539369 44.6673895794 1.51929962635 133.357860942 10.543756485 8388608 0.433224628463 0.0 0.433224628463 -1.04307964734 1.1046520737 -1.1046520737 -1.04307964734 
235.00565836 118.40205132 1.45923280716 144.6002242 10.1695404053 8388608 0.46962459094 0.0 0.46962459094 -1.18946452925 0.845301436854 -0.845301436854 -1.18946452925 
214.525072673 139.258923661 1.67477893829 143.896438303 9.77721786499 11665408 0.35652092013 0.0 0.35652092013 -1.35314309614 0.98685776762 -0.98685776762 -1.35314309614 
248.706305407 132.710037985 1.35082089901 144.271573903 9.71743488312 8388608 0.5480301573 0.0 0.5480301573 -1.09658818641 0.788803809968 -0.788803809968 -1.09658818641 
250.124250405 146.319075727 1.5366153717 145.393200186 9.71501541138 8388608 0.423515835242 0.0 0.423515835242 -1.26474043363 0.872707531827 -0.872707531827 -1.26474043363 
166.752541664 99.661781981 1.65427422523 145.697678253 9.54190635681 10747904 0.365413841231 0.0 0.365413841231 -1.36655533916 0.932281994515 -0.932281994515 -1.36655533916 
205.624258548 136.653837842 1.66095459461 144.631637309 9.15669059753 11075584 0.362480359022 0.0 0.362480359022 -1.35442133183 0.961411993494 -0.961411993494 -1.35442133183 
222.199685995 154.29298038 1.4944781065 140.759236623 9.15240287781 8388608 0.447734835652 0.0 0.447734835652 -1.15746527131 0.945377679304 -0.945377679304 -1.15746527131 
72.1979247557 144.841288194 1.47053956985 144.36720669 9.00441360474 8388608 0.462430605462 0.0 0.462430605462 -1.19520669497 0.856719080449 -0.856719080449 -1.19520669497 
241.772691884 144.395440943 1.29777646065 139.466235908 8.71935272217 8388608 0.593745341058 0.0 0.593745341058 -0.986340111279 0.843419780829 -0.843419780829 -0.986340111279 
255.562268981 134.92800542 1.48783552647 142.787184833 8.69304084778 8388608 0.451741667767 0.0 0.451741667767 -1.1849042821 0.899809088684 -0.899809088684 -1.1849042821 
160.930303169 57.8042823784 1.34085822105 151.469499003 8.36063861847 8388608 0.556204222869 0.0 0.556204222869 -1.17802838923 0.640429452107 -0.640429452107 -1.17802838923 
126.144022727 163.43715426 1.28579831123 140.237881021 7.93867301941 8388608 0.604859210074 0.0 0.604859210074 -0.988401600848 0.822398670118 -0.822398670118 -0.988401600848 
70.6442644186 151.706816035 1.21600353718 156.874006068 7.7407245636 8388608 0.676285885492 0.0 0.676285885492 -1.1182896362 0.477590715985 -0.477590715985 -1.1182896362 
178.182854183 162.722287499 1.45646059513 137.977524031 7.72961330414 8388608 0.471414049515 0.0 0.471414049515 -1.08197877052 0.974986874426 -0.974986874426 -1.08197877052 
40.4398489404 128.770557419 1.83612132072 145.494268077 7.71757411957 18284544 0.296617829635 0.0 0.296617829635 -1.51309161669 1.04014194412 -1.04014194412 -1.51309161669 
185.667187629 142.739605937 2.92982244492 148.186065573 7.66817951202 18678272 0.116497712149 0.0 0.116497712149 -2.48965913822 1.54449245198 -1.54449245198 -2.48965913822 
258.033182116 148.496447132 1.46615695953 139.34828065 7.46948957443 8388608 0.465199316068 0.0 0.465199316068 -1.11234918421 0.955141624248 -0.955141624248 -1.11234918421 
82.1434235027 136.271275471 1.51170921326 137.371242435 7.46849918365 8388608 0.437586061743 0.0 0.437586061743 -1.1122510298 1.02379802312 -1.02379802312 -1.1122510298 
249.866284888 152.223506113 1.26900207996 141.774717518 7.41343832016 8388608 0.62097673869 0.0 0.62097673869 -0.996907649038 0.785201514417 -0.785201514417 -0.996907649038 
231.766853776 143.243832152 1.96869146824 150.664960183 7.23681926727 23330816 0.258014837645 0.0 0.258014837645 -1.71624581193 0.964492825341 -0.964492825341 -1.71624581193 
243.516662437 125.767909103 1.2764827013 138.942637648 6.8569893837 8388608 0.613719796869 0.0 0.613719796869 -0.962534819957 0.838412074754 -0.838412074754 -0.962534819957 
125.396979661 149.635042266 1.52862668037 144.839291659 6.78619527817 8388608 0.427954038608 0.0 0.427954038608 -1.24971346463 0.880293010469 -0.880293010469 -1.24971346463 
229.070905604 84.6273660406 1.9720685482 140.61129083 6.69693613052 23461888 0.257131916332 0.0 0.257131916332 -1.52413021587 1.25143175758 -1.25143175758 -1.52413021587 
155.595755477 151.351069637 1.66321074963 138.335057106 6.63066482544 11141120 0.361497612612 0.0 0.361497612612 -1.24249339358 1.10565824946 -1.10565824946 -1.24249339358 
240.107011841 119.069711107 1.31682431698 139.032429541 6.43285942078 8388608 0.576692527965 0.0 0.576692527965 -0.994308745831 0.863351840068 -0.863351840068 -0.994308745831 
115.592859381 134.048237694 1.36291527748 131.043570158 6.42953491211 8388608 0.538346979254 0.0 0.538346979254 -0.894934810273 1.02792496757 -1.02792496757 -0.894934810273 
61.4388930834 141.399083381 1.57443344593 142.305884784 6.24912834167 8388608 0.403414390371 0.0 0.403414390371 -1.24582767591 0.9626806727 -0.9626806727 -1.24582767591 
48.7382992286 84.0412110702 1.70167672634 128.243398035 6.1628780365 12779520 0.345339202547 0.0 0.345339202547 -1.05334377502 1.33647692557 -1.33647692557 -1.05334377502 
65.1278577834 162.044217557 1.59368991852 140.275289485 6.1600894928 8388608 0.393724417627 0.0 0.393724417627 -1.22574515821 1.01852656495 -1.01852656495 -1.22574515821 
196.509361359 144.492721835 2.34827947617 143.064342265 6.10866546631 19398912 0.181342849299 0.0 0.181342849299 -1.87700522937 1.41112290998 -1.41112290998 -1.87700522937 
140.014283984 143.956632827 1.25723075867 135.531776835 6.09754943848 8388608 0.632659457583 0.0 0.632659457583 -0.897208990653 0.880707220154 -0.880707220154 -0.897208990653 
51.0104536838 142.687486121 1.49286448956 139.026788558 6.04788398743 8388608 0.448703259749 0.0 0.448703259749 -1.12713692949 0.978880343224 -0.978880343224 -1.12713692949 
179.072918918 156.821865483 1.68601548672 141.281080472 5.86440563202 12124160 0.351784646603 0.0 0.351784646603 -1.31546958632 1.05460323768 -1.05460323768 -1.31546958632 
184.130952266 150.172618935 1.57879567146 147.984798116 5.74985313416 8388608 0.401188195511 0.0 0.401188195511 -1.33867263804 0.836989450589 -0.836989450589 -1.33867263804 
51.1911632919 138.164084341 1.52523553371 137.075081429 5.66395759583 8388608 0.429859145337 0.0 0.429859145337 -1.11684880289 1.03874548605 -1.03874548605 -1.11684880289 
60.9940657276 129.046187881 1.78959560394 142.828911374 5.27352809906 16449536 0.312241188582 0.0 0.312241188582 -1.42601222788 1.08126849191 -1.08126849191 -1.42601222788 
66.5172121359 141.997007343 1.69710671902 146.638717818 5.10639953613 12648448 0.34720158112 0.0 0.34720158112 -1.41745689999 0.933266924515 -0.933266924515 -1.41745689999 
70.9417457573 132.800607135 2.21866989136 141.129723618 4.52131080627 15270144 0.203148967996 0.0 0.203148967996 -1.7273871889 1.39234679101 -1.39234679101 -1.7273871889 
57.5464009443 92.3302592704 1.34658408165 139.405450661 4.45958709717 8388608 0.55148416581 0.0 0.55148416581 -1.02250601775 0.876224932664 -0.876224932664 -1.02250601775 
50.125541094 131.291466673 1.48502528667 142.811529048 3.89165306091 8388608 0.453453023951 0.0 0.453453023951 -1.18304771013 0.897606939374 -0.897606939374 -1.18304771013 
