13
178
115.146697475 142.076942895 2.22643685341 90.2141723633 104.081520081 15532288 0.20173406315 0.0 0.20173406315 -0.00832243031129 2.22642129871 -2.22642129871 -0.00832243031129 
101.471393321 139.082681879 3.95450544357 282.561096191 97.3844985962 23658497 0.06394633295 0.0 0.06394633295 0.860027995583 -3.85985299591 3.85985299591 0.860027995583 
127.351358071 141.400843551 2.66190028191 80.5414123535 97.0455093384 11731456 0.141129055659 0.0 0.141129055659 0.437442566717 2.62571078218 -2.62571078218 0.437442566717 
101.082449234 88.2465667837 3.16405153275 100.371185303 91.7802047729 24248832 0.0998879047757 0.0 0.0998879047757 -0.569606710349 3.11235767504 -3.11235767504 -0.569606710349 
184.868727485 66.1658331993 1.8657002449 61.9580688477 91.6962814331 19464192 0.287287190978 0.0 0.287287190978 0.877098540915 1.64667408838 -1.64667408838 0.877098540915 
128.005236024 121.405580134 2.67706155777 263.112731934 85.2479171753 12190208 0.139535041089 0.0 0.139535041089 -0.321023132511 -2.65774391778 2.65774391778 -0.321023132511 
112.777506995 123.156196602 2.32880687714 79.262512207 82.7142028809 18809088 0.184388168318 0.0 0.184388168318 0.433878809528 2.28803204734 -2.28803204734 0.433878809528 
112.032653721 64.1886592684 2.37319993973 105.185241699 82.5534133911 20185344 0.177554360607 0.0 0.177554360607 -0.621637416344 2.29033728445 -2.29033728445 -0.621637416344 
177.335496152 45.3823309452 4.05813360214 288.123077393 82.4985198975 8847617 0.0607221749001 0.0 0.0607221749001 1.26231999389 -3.85681170993 3.85681170993 1.26231999389 
178.221939933 100.722379188 3.01114034653 229.675109863 81.4368743896 20644352 0.110290474171 0.0 0.110290474171 -1.94857225128 -2.29565510651 2.29565510651 -1.94857225128 
163.874765361 45.2240512144 1.44759976864 101.141571045 79.844543457 8388608 0.477202807372 0.0 0.477202807372 -0.279725340622 1.42031645205 -1.42031645205 -0.279725340622 
57.9321949334 118.386612109 1.45732355118 346.411376953 74.7152404785 8388608 0.470855917921 0.0 0.470855917921 1.41652967303 -0.342396872423 0.342396872423 1.41652967303 
131.128542957 43.8121913822 1.31446766853 39.2801513672 74.5531768799 8388608 0.578762232502 0.0 0.578762232502 1.01747629356 0.832206250678 -0.832206250678 1.01747629356 
164.105368584 43.8042815886 2.27615380287 103.222015381 74.4616394043 17170688 0.193017546468 0.0 0.193017546468 -0.520613146683 2.21581544489 -2.21581544489 -0.520613146683 
193.029888977 89.7842018871 3.1353468895 50.2622680664 73.3729705811 23593472 0.101725259201 0.0 0.101725259201 2.00434688974 2.41101506902 -2.41101506902 2.00434688974 
187.357393335 56.811348025 1.28839337826 198.177505493 69.1034088135 8388608 0.602425063126 0.0 0.602425063126 -1.22409559393 -0.401929687941 0.401929687941 -1.22409559393 
230.089607388 63.5896581379 2.37334990501 0.718536376953 68.1909561157 20185344 0.177531922998 0.0 0.177531922998 2.37316327635 0.0297629870197 -0.0297629870197 2.37316327635 
178.017183583 47.9052671331 1.50877404213 84.1161804199 68.0738830566 8388608 0.439290278896 0.0 0.439290278896 0.154666881869 1.50082552812 -1.50082552812 0.154666881869 
165.392127377 111.978767314 3.250030756 242.848587036 65.0074386597 9502721 0.0946727643552 0.0 0.0946727643552 -1.48313052201 -2.89188930798 2.89188930798 -1.48313052201 
179.302851524 55.2865505112 1.38824784756 17.9805297852 63.7593765259 8388608 0.518878866295 0.0 0.518878866295 1.32044786526 0.42854348831 -0.42854348831 1.32044786526 
169.541871441 79.2815680199 4.03020524979 72.726776123 63.4345626831 25034753 0.0615666709878 0.0 0.0615666709878 1.19668341136 3.84844165454 -3.84844165454 1.19668341136 
170.557777992 47.0885593201 1.30340301991 102.335174561 62.9451293945 8388608 0.588630219186 0.0 0.588630219186 -0.278446203498 1.27331345083 -1.27331345083 -0.278446203498 
96.0426831971 62.1729893817 3.58116722107 64.0298156738 61.2024497986 16515073 0.0779741768326 0.0 0.0779741768326 1.56820520002 3.21954827824 -3.21954827824 1.56820520002 
70.1462024801 123.163434918 2.68732571602 304.153930664 61.1460990906 12452352 0.138471177044 0.0 0.138471177044 1.5087134924 -2.22384871379 2.22384871379 1.5087134924 
175.186635261 64.3080542138 1.7759052515 28.0020751953 60.6565284729 15925248 0.317073843469 0.0 0.317073843469 1.56800106882 0.833793805746 -0.833793805746 1.56800106882 
168.827263423 78.3578220282 2.55211114883 61.7736206055 59.4835891724 8716800 0.15353267989 0.0 0.15353267989 1.20703748843 2.24862887501 -2.24862887501 1.20703748843 
167.009218672 78.8838692971 5.7668633461 75.3156433105 59.0151596069 17564161 0.0300691173067 0.0 0.0300691173067 1.46186436118 5.57850028611 -5.57850028611 1.46186436118 
156.848995099 118.317996255 2.5590775013 222.110092163 57.118724823 8913408 0.152697920511 0.0 0.152697920511 -1.8984714504 -1.71600810303 1.71600810303 -1.8984714504 
184.310782924 75.5605809385 2.74796676636 229.184738159 57.0817832947 14025216 0.132427154637 0.0 0.132427154637 -1.79613214135 -2.07971889442 2.07971889442 -1.79613214135 
154.33418165 78.3953564018 2.69155812263 89.3223876953 54.7277603149 12583424 0.138036034638 0.0 0.138036034638 0.0318311471212 2.69136989386 -2.69136989386 0.0318311471212 
163.528015578 31.8829289755 1.49288129807 251.977615356 53.5191192627 8388608 0.44869315581 0.0 0.44869315581 -0.461880357727 -1.41963414486 1.41963414486 -0.461880357727 
141.696710338 73.8633704226 1.67753946781 91.3092651367 51.4449996948 11796480 0.355348516425 0.0 0.355348516425 -0.0383300972785 1.67710150847 -1.67710150847 -0.0383300972785 
133.377624734 53.9886897849 5.22618532181 277.262786865 51.2376403809 10420737 0.0366125846074 0.0 0.0366125846074 0.660696201651 -5.1842543868 5.1842543868 0.660696201651 
214.850534617 67.7728813505 1.77659606934 210.841888428 50.770401001 15925248 0.316827307204 0.0 0.316827307204 -1.52535930024 -0.910808760802 0.910808760802 -1.52535930024 
218.242134355 42.2561987144 1.36552035809 25.77734375 49.8190765381 8388608 0.53629486848 0.0 0.53629486848 1.22963852345 0.593830741866 -0.593830741866 1.22963852345 
168.009658116 118.352048939 1.45122861862 357.722137451 48.7895431519 8388608 0.474819265191 0.0 0.474819265191 1.45008189595 -0.057680139971 0.057680139971 1.45008189595 
199.89518425 47.8684962976 1.72359037399 28.2335205078 48.6293640137 13762560 0.336613771729 0.0 0.336613771729 1.51852937829 0.815372494371 -0.815372494371 1.51852937829 
133.873533412 58.024656792 3.04294109344 86.623260498 48.0272102356 21430784 0.107997302897 0.0 0.107997302897 0.179232611125 3.0376580073 -3.0376580073 0.179232611125 
203.290387919 25.2197422316 1.57304108143 100.292266846 46.7954750061 8388608 0.404128864361 0.0 0.404128864361 -0.281054336876 1.54772953179 -1.54772953179 -0.281054336876 
190.533585442 74.5206758715 1.62659168243 230.8802948 46.4924545288 9568256 0.377957445954 0.0 0.377957445954 -1.02628609666 -1.2619577446 1.2619577446 -1.02628609666 
209.629201473 50.4717894478 1.61266255379 41.1184082031 46.38539505 8912896 0.384514743444 0.0 0.384514743444 1.21490280119 1.06051482594 -1.06051482594 1.21490280119 
101.075695481 60.619772853 1.29079127312 71.6687316895 42.683795929 8388608 0.600188899581 0.0 0.600188899581 0.40596746533 1.22528875285 -1.22528875285 0.40596746533 
188.757550813 31.2330738027 1.9948143959 282.242462158 42.3057518005 24313856 0.251301460478 0.0 0.251301460478 0.422998608573 -1.94945034593 1.94945034593 0.422998608573 
223.545355562 70.1214898758 1.31125926971 209.787368774 40.9694900513 8388608 0.581597936843 0.0 0.581597936843 -1.13800913006 -0.651410847554 0.651410847554 -1.13800913006 
69.2600474864 127.006570253 1.48002326488 129.950805664 39.198928833 8388608 0.456523265937 0.0 0.456523265937 -0.950366813192 1.13458000378 -1.13458000378 -0.950366813192 
156.534095537 94.0516351688 3.61071944237 239.811645508 37.8582839966 17104897 0.0767030283754 0.0 0.0767030283754 -1.81562958313 -3.1210229266 3.1210229266 -1.81562958313 
160.575520085 128.611018053 1.29127907753 23.0913085938 35.6610488892 8388608 0.59973552045 0.0 0.59973552045 1.18782309143 0.506436530609 -0.506436530609 1.18782309143 
226.055832003 77.3103622938 1.50741612911 14.5538330078 34.4936141968 8388608 0.44008207972 0.0 0.44008207972 1.45904610796 0.378797889592 -0.378797889592 1.45904610796 
212.123396039 39.0018013574 1.31143546104 211.012939453 33.57396698 8388608 0.581441671996 0.0 0.581441671996 -1.123967027 -0.675693044739 0.675693044739 -1.123967027 
131.479056637 130.076502798 1.36342024803 270.11730957 33.3349876404 8388608 0.537948277491 0.0 0.537948277491 0.00279151681092 -1.3634173903 1.3634173903 0.00279151681092 
152.854353897 50.2997268146 1.57727277279 292.165374756 33.2039070129 8388608 0.401963285191 0.0 0.401963285191 0.595075351142 -1.46071034988 1.46071034988 0.595075351142 
109.10512816 76.6412735074 2.52519059181 124.897583008 31.4833564758 24641792 0.156823692309 0.0 0.156823692309 -1.44469000976 2.07110074614 -2.07110074614 -1.44469000976 
137.704915058 130.658717606 1.82552266121 199.340484619 31.4698181152 17891328 0.300072048506 0.0 0.300072048506 -1.72250326557 -0.604578767987 0.604578767987 -1.72250326557 
97.0878914975 151.381519911 2.07901906967 293.801940918 30.0286903381 10617088 0.231357218445 0.0 0.231357218445 0.839042804545 -1.90219017561 1.90219017561 0.839042804545 
146.89093662 49.0213800013 1.6450688839 283.497711182 29.0853996277 10354688 0.369514788608 0.0 0.369514788608 0.383969803356 -1.59963083956 1.59963083956 0.383969803356 
104.528260935 76.6883172433 1.90032744408 127.373794556 28.5109462738 20774912 0.276912856262 0.0 0.276912856262 -1.15352238679 1.51017565133 -1.51017565133 -1.15352238679 
50.8614225444 32.9892764033 1.89659488201 69.8216247559 28.1920108795 20643840 0.278003876286 0.0 0.278003876286 0.654218959327 1.78018810796 -1.78018810796 0.654218959327 
173.077165786 37.9629163133 1.99535417557 282.297058105 27.9406204224 24313856 0.25116551562 0.0 0.25116551562 0.424970969017 -1.94957378969 1.94957378969 0.424970969017 
200.303564269 32.8089117294 2.10820770264 284.469573975 27.7122249603 11600128 0.224995176907 0.0 0.224995176907 0.526769107804 -2.04133633302 2.04133633302 0.526769107804 
167.432599428 84.9572373292 1.28221619129 52.8933410645 27.6999568939 8388608 0.608243514174 0.0 0.608243514174 0.773561899029 1.02258513073 -1.02258513073 0.773561899029 
202.550985414 35.5805748344 1.3378289938 285.878479004 25.945941925 8388608 0.558725885223 0.0 0.558725885223 0.366027280278 -1.28678298354 1.28678298354 0.366027280278 
80.8552278606 22.7618065946 2.70812630653 72.5236816406 25.9014015198 12976640 0.136352205856 0.0 0.136352205856 0.813281692823 2.58312233165 -2.58312233165 0.813281692823 
54.2507311349 101.888445984 5.26736021042 333.311889648 25.6905937195 11010561 0.036042421602 0.0 0.036042421602 4.7061999301 -2.36574846596 2.36574846596 4.7061999301 
89.7511213822 10.7084263757 1.34954476357 52.3633117676 24.0368919373 8388608 0.54906708677 0.0 0.54906708677 0.824102702848 1.06870286049 -1.06870286049 0.824102702848 
57.3893152864 106.023798995 3.29295611382 329.831237793 23.3298797607 10420225 0.0922206363036 0.0 0.0922206363036 2.84692165556 -1.65487070631 1.65487070631 2.84692165556 
205.814764905 99.6006014601 1.89572787285 49.5805969238 23.3110275269 20643840 0.278258224001 0.0 0.278258224001 1.22914778606 1.4432532307 -1.4432532307 1.22914778606 
58.1115351586 106.049775413 1.99550366402 337.455322266 23.1465873718 24313856 0.251127886085 0.0 0.251127886085 1.84300896068 -0.765083553572 0.765083553572 1.84300896068 
99.2760354623 19.9468642179 2.30134367943 70.221496582 22.3353366852 17957120 0.188815237468 0.0 0.188815237468 0.778739930103 2.16558233556 -2.16558233556 0.778739930103 
238.16613322 40.23017797 2.80179643631 189.103530884 22.0480155945 15467008 0.127387508296 0.0 0.127387508296 -2.76650517174 -0.443297197445 0.443297197445 -2.76650517174 
126.065756361 151.60436787 1.61321187019 270.17980957 21.7776737213 8978432 0.384252925019 0.0 0.384252925019 0.00506268453854 -1.61320392615 1.61320392615 0.00506268453854 
145.51910108 62.6824455508 1.27334821224 106.476043701 21.3745517731 8388608 0.616744995584 0.0 0.616744995584 -0.361139916886 1.22106250047 -1.22106250047 -0.361139916886 
213.035521536 93.2946865606 1.82230985165 58.4906005859 21.3537101746 17760256 0.301131060724 0.0 0.301131060724 0.952409166981 1.55361834891 -1.55361834891 0.952409166981 
188.705761097 86.8468688204 1.33859789371 230.09034729 20.734046936 8388608 0.558084197521 0.0 0.558084197521 -0.858816121335 -1.02678098482 1.02678098482 -0.858816121335 
82.1173176809 98.6861276133 4.6992559433 299.760620117 20.6666545868 19464449 0.0452836892293 0.0 0.0452836892293 2.33260454585 -4.07945614676 4.07945614676 2.33260454585 
16.1238926724 13.4455068964 1.26724863052 70.9675292969 20.5615959167 8388608 0.622696376955 0.0 0.622696376955 0.413254780341 1.19797311242 -1.19797311242 0.413254780341 
86.8105360378 84.6788044407 2.01523661613 142.273406982 19.7011470795 25034752 0.246233936946 0.0 0.246233936946 -1.59393047575 1.23311161599 -1.23311161599 -1.59393047575 
55.0367573959 14.1950415398 1.64872527122 65.8348999023 19.5093173981 10551296 0.367877655902 0.0 0.367877655902 0.674934326259 1.50424687974 -1.50424687974 0.674934326259 
118.4958346 78.1931445881 2.59510016441 120.809036255 19.3024730682 9896448 0.148488133986 0.0 0.148488133986 -1.32915406094 2.22887737339 -2.22887737339 -1.32915406094 
84.7936395714 85.1003918927 2.87812280655 141.439331055 18.7502727509 17367552 0.120720592474 0.0 0.120720592474 -2.25054396795 1.79405761834 -1.79405761834 -2.25054396795 
188.825662597 111.21445563 1.33675456047 50.0227355957 18.4221343994 8388608 0.559624412124 0.0 0.559624412124 0.85884286124 1.0243542818 -1.0243542818 0.85884286124 
232.634035371 50.6728951464 2.29890346527 192.690139771 17.5158748627 17826048 0.189216293153 0.0 0.189216293153 -2.24274668729 -0.505019246435 0.505019246435 -2.24274668729 
163.291596061 66.585679881 2.28627991676 267.586883545 15.868013382 17432832 0.191311552999 0.0 0.191311552999 -0.0962623918877 -2.28425248379 2.28425248379 -0.0962623918877 
74.652960396 14.8615059278 1.36044549942 259.208557129 15.6362800598 8388608 0.540303403744 0.0 0.540303403744 -0.254722479548 -1.33638632712 1.33638632712 -0.254722479548 
155.66636228 93.5709252766 1.34695565701 51.1444702148 15.2212600708 8388608 0.551179939521 0.0 0.551179939521 0.845024530221 1.0489151945 -1.0489151945 0.845024530221 
181.865097459 83.4961683333 1.35037982464 231.804092407 14.5024824142 8388608 0.548388221794 0.0 0.548388221794 -0.835010420719 -1.06126493774 1.06126493774 -0.835010420719 
168.13667004 127.562413246 1.7102175951 47.8828125 14.4650669098 13172736 0.341898550451 0.0 0.341898550451 1.14695600309 1.26859613336 -1.26859613336 1.14695600309 
173.745617894 89.1911347916 1.5526047945 237.04347229 13.9339160919 8388608 0.414837639234 0.0 0.414837639234 -0.84462096725 -1.30276516287 1.30276516287 -0.84462096725 
152.987425514 85.9670509003 1.59069609642 89.3969116211 13.635017395 8388608 0.395207856367 0.0 0.395207856367 0.0167431636969 1.59060797736 -1.59060797736 0.0167431636969 
140.890937409 108.360678374 1.29958498478 3.18579101562 12.4693870544 8388608 0.592093959072 0.0 0.592093959072 1.29757657606 0.0722230013057 -0.0722230013057 1.29757657606 
214.573324007 54.9796997294 1.29514527321 253.836853027 11.6109485626 8388608 0.596160270467 0.0 0.596160270467 -0.36053396868 -1.24395198305 1.24395198305 -0.36053396868 
50.4439522506 123.407571057 1.69869887829 177.892303467 11.4412956238 12713984 0.346551034801 0.0 0.346551034801 -1.69754964466 0.0624746590204 -0.0624746590204 -1.69754964466 
39.7156059161 115.809524762 4.50945138931 215.780914307 11.3604793549 16449793 0.0491759298496 0.0 0.0491759298496 -3.65833134794 -2.63661972633 2.63661972633 -3.65833134794 
80.7325244326 79.4759844943 1.5192463398 227.290786743 11.3025741577 8388608 0.433255019126 0.0 0.433255019126 -1.03047112061 -1.11635062171 1.11635062171 -1.03047112061 
115.892291714 97.7329710258 1.5045235157 85.4404296875 11.2446212769 8388608 0.441775919719 0.0 0.441775919719 0.119602918625 1.49976203151 -1.49976203151 0.119602918625 
47.0900736341 121.850379903 2.72915792465 190.786758423 11.1161222458 13566464 0.134258770487 0.0 0.134258770487 -2.68093515065 -0.510773624718 0.510773624718 -2.68093515065 
133.567244274 49.3153218724 1.17135858536 258.117279053 10.6370267868 8388608 0.728819980027 0.0 0.728819980027 -0.24119336965 -1.14625769089 1.14625769089 -0.24119336965 
46.7996660448 112.815306181 2.76929736137 208.554931641 10.57862854 14615040 0.130394963235 0.0 0.130394963235 -2.43243792181 -1.32372717441 1.32372717441 -2.43243792181 
69.2787231993 90.7013568878 1.90471947193 350.31350708 9.97347450256 20971520 0.275637280737 0.0 0.275637280737 1.87756419478 -0.320482388328 0.320482388328 1.87756419478 
69.5353995782 89.7109588167 1.28946912289 348.70880127 9.97066879272 8388608 0.601420331499 0.0 0.601420331499 1.26451112111 -0.252472262745 0.252472262745 1.26451112111 
87.1352168289 100.478952097 1.55282199383 48.1212158203 8.55675506592 8388608 0.414721597402 0.0 0.414721597402 1.03659703895 1.15616725579 -1.15616725579 1.03659703895 
63.7637697687 146.129215038 1.97455835342 121.511459351 7.81475830078 23592960 0.256483867867 0.0 0.256483867867 -1.03204060825 1.68338138103 -1.68338138103 -1.03204060825 
229.918789643 25.8753270978 1.24595868587 126.856842041 7.50601959229 8388608 0.644158461559 0.0 0.644158461559 -0.747348065523 0.996937267769 -0.996937267769 -0.747348065523 
223.204169939 17.5716017767 2.39922618866 107.336914062 6.99464893341 20971776 0.17372311715 0.0 0.17372311715 -0.714945262969 2.29022697026 -2.29022697026 -0.714945262969 
88.8216492012 47.7778654029 2.94282221794 277.272766113 6.52595996857 19005952 0.115470739594 0.0 0.115470739594 0.372541063877 -2.91914640985 2.91914640985 0.372541063877 
103.012273938 48.9904445621 1.29914808273 260.739624023 6.52565717697 8388608 0.592492267108 0.0 0.592492267108 -0.209060602301 -1.28221659849 1.28221659849 -0.209060602301 
107.82749921 39.4602683434 1.57317888737 51.9547119141 6.4877614975 8388608 0.404058066413 0.0 0.404058066413 0.969525209137 1.23891592956 -1.23891592956 0.969525209137 
70.3861499137 54.6119911924 3.84816503525 296.89074707 6.32133197784 21692417 0.0675293580947 0.0 0.0675293580947 1.74048919356 -3.43206519542 3.43206519542 1.74048919356 
148.208982809 57.9938109585 1.25798583031 39.9234313965 6.17857027054 8388608 0.631900212386 0.0 0.631900212386 0.964752809864 0.807329155371 -0.807329155371 0.964752809864 
98.961229241 42.7707926541 1.24734938145 63.0128173828 6.14156913757 8388608 0.642722891149 0.0 0.642722891149 0.566036129335 1.11152309004 -1.11152309004 0.566036129335 
270.071897596 108.961142432 1.65267932415 35.1333007812 5.99250459671 10682368 0.366119459236 0.0 0.366119459236 1.35158657189 0.951085005227 -0.951085005227 1.35158657189 
251.982389763 49.7996566271 1.69159650803 52.1800231934 5.70138883591 12386304 0.349467215881 0.0 0.349467215881 1.03725739721 1.33626188971 -1.33626188971 1.03725739721 
96.344464869 52.5047581045 1.69633948803 274.772979736 5.56537723541 12582912 0.347515721132 0.0 0.347515721132 0.141148838718 -1.6904569394 1.6904569394 0.141148838718 
172.03135781 17.3016861938 1.56425964832 259.920410156 5.51590919495 8388608 0.408678993613 0.0 0.408678993613 -0.273770483648 -1.54011621953 1.54011621953 -0.273770483648 
72.7464912293 63.3672534836 1.93168306351 277.301086426 5.48873996735 21954560 0.267995965401 0.0 0.267995965401 0.24548488348 -1.91602104107 1.91602104107 0.24548488348 
59.9728109607 57.07156056 1.81541574001 46.6461486816 4.86953258514 17498112 0.303422517174 0.0 0.303422517174 1.24628666527 1.32003933921 -1.32003933921 1.24628666527 
246.439167216 19.4855166282 1.73745763302 235.569000244 4.84045028687 14286848 0.331261949434 0.0 0.331261949434 -0.982381734791 -1.43306843999 1.43306843999 -0.982381734791 
51.353654401 63.6252570422 4.4228811264 282.225585938 4.73349761963 15073537 0.0511198376604 0.0 0.0511198376604 0.936594831902 -4.32257649778 4.32257649778 0.936594831902 
115.782272443 37.0786116614 1.32630836964 68.5169067383 4.25513648987 8388608 0.568474488432 0.0 0.568474488432 0.48572949069 1.23416398961 -1.23416398961 0.48572949069 
68.1443517618 54.2279054703 1.77718567848 68.3328857422 3.89381980896 15925248 0.316617117248 0.0 0.316617117248 0.656160779771 1.65161798455 -1.65161798455 0.656160779771 
259.444955902 60.4333585812 3.0689406395 248.933242798 3.6895263195 22020608 0.106175184301 0.0 0.106175184301 -1.10314744287 -2.86381954181 2.86381954181 -1.10314744287 
256.669839745 28.3231049882 2.87541389465 224.999710083 3.67746472359 17302016 0.120948160054 0.0 0.120948160054 -2.03323495173 -2.03321437547 2.03321437547 -2.03323495173 
85.3171615474 59.6503750693 1.44348657131 241.731842041 3.57521915436 8388608 0.479926249182 0.0 0.479926249182 -0.68363352521 -1.27133736072 1.27133736072 -0.68363352521 
44.4409092177 61.0655892311 1.81317460537 59.6788024902 3.29359579086 17432576 0.304173058207 0.0 0.304173058207 0.915375790041 1.56514833564 -1.56514833564 0.915375790041 
187.579022047 14.8137301696 1.31887125969 251.350341797 3.13674354553 8388608 0.574903815838 0.0 0.574903815838 -0.421749468425 -1.24961945628 1.24961945628 -0.421749468425 
244.564089041 45.2445272822 1.25370764732 228.507369995 2.91470265388 8388608 0.636220194465 0.0 0.636220194465 -0.830611034301 -0.939078364491 0.939078364491 -0.830611034301 
53.2300358983 59.379854853 1.7515976429 56.7353515625 2.89584302902 14876672 0.32593522277 0.0 0.32593522277 0.96076360232 1.46459127509 -1.46459127509 0.96076360232 
244.039998157 64.2401054881 1.71983873844 280.261322021 2.76370692253 13565952 0.338083943961 0.0 0.338083943961 0.306368624398 -1.69233080461 1.69233080461 0.306368624398 
70.9990125833 161.962540018 1.22768259048 89.2623596191 2.73840713501 8388608 0.66347995344 0.0 0.66347995344 0.0158050600793 1.22758084991 -1.22758084991 0.0158050600793 
47.6106411945 95.8025418497 1.26882302761 22.0174560547 2.60947704315 8388608 0.621152011662 0.0 0.621152011662 1.17628736045 0.47566786842 -0.47566786842 1.17628736045 
128.403049452 76.5283566511 1.48833203316 89.974395752 2.60465145111 8388608 0.451440316531 0.0 0.451440316531 0.000665103461522 1.48833188455 -1.48833188455 0.000665103461522 
47.0897205726 159.436108841 1.4289406538 82.2802124023 2.5074672699 8388608 0.489746809655 0.0 0.489746809655 0.191947343329 1.41598997506 -1.41598997506 0.191947343329 
52.9230476043 71.1925420262 2.76530408859 264.783691406 2.44845032692 14483968 0.130771832183 0.0 0.130771832183 -0.251410507419 -2.75385174967 2.75385174967 -0.251410507419 
219.348158172 154.572045727 1.46340835094 348.825073242 2.33742809296 8388608 0.466948454142 0.0 0.466948454142 1.43566221705 -0.283615937745 0.283615937745 1.43566221705 
250.754676125 130.225436487 3.21193528175 262.616943359 2.24027919769 8650753 0.0969318335939 0.0 0.0969318335939 -0.412741188473 -3.18530578838 3.18530578838 -0.412741188473 
259.811825338 18.6843401063 1.58711647987 243.006866455 2.05985021591 8388608 0.39699258731 0.0 0.39699258731 -0.720366326013 -1.41421747869 1.41421747869 -0.720366326013 
44.9676445063 87.5500369791 1.46658325195 251.478347778 1.94875144958 8388608 0.46492891598 0.0 0.46492891598 -0.465879246821 -1.3906196325 1.3906196325 -0.465879246821 
27.4577903713 69.3297389812 1.23679161072 47.9163818359 1.88911914825 8388608 0.653742829746 0.0 0.653742829746 0.828915606756 0.917906534032 -0.917906534032 0.828915606756 
37.0388439158 89.9671764272 2.04648900032 272.557128906 1.8569021225 9437440 0.238770775854 0.0 0.238770775854 0.0913051382272 -2.04445117334 2.04445117334 0.0913051382272 
255.400475944 23.0249722744 1.33101344109 237.995422363 1.83622980118 8388608 0.564462529562 0.0 0.564462529562 -0.705419843498 -1.12870705887 1.12870705887 -0.705419843498 
258.231144485 123.978159666 1.33479833603 349.693572998 1.7724943161 8388608 0.56126593824 0.0 0.56126593824 1.31326133161 -0.238812212321 0.238812212321 1.31326133161 
12.4637466359 136.830215879 1.53107571602 283.4168396 1.57161998749 8388608 0.426586063845 0.0 0.426586063845 0.355261314322 -1.48928917499 1.48928917499 0.355261314322 
25.8095560917 111.582520124 2.2662768364 11.6346740723 1.51707649231 16843008 0.194703644243 0.0 0.194703644243 2.2197125132 0.457041636966 -0.457041636966 2.2197125132 
44.528439128 71.6066347262 1.69962263107 270.032714844 1.51143169403 12713984 0.346174432981 0.0 0.346174432981 0.000970453430615 -1.69962235402 1.69962235402 0.000970453430615 
44.403563616 53.5628423751 1.28145980835 277.808746338 1.41658043861 8388608 0.608961758777 0.0 0.608961758777 0.174107857434 -1.26957697458 1.26957697458 0.174107857434 
254.072464067 146.871423334 2.79102921486 256.07989502 1.39577293396 15204864 0.128372274202 0.0 0.128372274202 -0.67143413104 -2.70906262125 2.70906262125 -0.67143413104 
35.7516375101 77.3166222834 2.28823065758 267.350738525 1.37881231308 17498368 0.190985501799 0.0 0.190985501799 -0.105766279631 -2.28578499347 2.28578499347 -0.105766279631 
220.220824126 129.733678478 2.64927959442 23.6214599609 1.29337501526 11403776 0.142476884886 0.0 0.142476884886 2.42730365204 1.06154573628 -1.06154573628 2.42730365204 
227.734523354 139.791089665 1.49419176579 271.334533691 1.22420501709 8388608 0.447906456189 0.0 0.447906456189 0.0347995781464 -1.49378647145 1.49378647145 0.0347995781464 
258.627410736 157.822789436 1.88172960281 248.164779663 1.17655086517 20119552 0.282413573196 0.0 0.282413573196 -0.699887715335 -1.74672936771 1.74672936771 -0.699887715335 
239.022484779 150.372170781 1.53791558743 5.84033203125 1.14488315582 8388608 0.4228000233 0.0 0.4228000233 1.52993276915 0.156493053914 -0.156493053914 1.52993276915 
44.7078246125 152.025368004 1.34806644917 201.655807495 1.12161636353 8388608 0.550271981143 0.0 0.550271981143 -1.25291652549 -0.497476965818 0.497476965818 -1.25291652549 
194.377290595 160.486992403 1.21890521049 21.5448303223 1.1157951355 8388608 0.673069843858 0.0 0.673069843858 1.13374093628 0.447617472383 -0.447617472383 1.13374093628 
232.644105431 150.743414314 2.95778298378 325.167633057 1.11329364777 19399168 0.114305568456 0.0 0.114305568456 2.42782717632 -1.6894186518 1.6894186518 2.42782717632 
240.846082493 144.177828829 2.46218681335 247.946655273 1.04692649841 22806784 0.164952156594 0.0 0.164952156594 -0.924476488069 -2.28204012385 2.28204012385 -0.924476488069 
43.4226421701 78.868911596 1.56036102772 261.610900879 0.943590641022 8388608 0.410723744485 0.0 0.410723744485 -0.227648576758 -1.54366533365 1.54366533365 -0.227648576758 
23.1376874344 135.721278567 1.37362420559 276.96484375 0.938768386841 8388608 0.529985672984 0.0 0.529985672984 0.166566085744 -1.3634878794 1.3634878794 0.166566085744 
245.643581624 87.7025675208 1.37202167511 289.623504639 0.937561511993 8388608 0.531224449623 0.0 0.531224449623 0.460777022025 -1.29233432708 1.29233432708 0.460777022025 
27.970218712 91.2991474908 1.51238524914 267.929931641 0.869312763214 8388608 0.437194947426 0.0 0.437194947426 -0.0546298489733 -1.51139826697 1.51139826697 -0.0546298489733 
265.565424606 79.0591305773 2.10295963287 255.692443848 0.830085992813 11403520 0.226119557742 0.0 0.226119557742 -0.519697693254 -2.03773244689 2.03773244689 -0.519697693254 
202.321998845 141.637043844 2.2455561161 6.92486572266 0.794958114624 16187648 0.198313452344 0.0 0.198313452344 2.22917503216 0.270741475525 -0.270741475525 2.22917503216 
247.60383437 119.232092063 1.55602431297 280.771362305 0.778829574585 8388608 0.413016348575 0.0 0.413016348575 0.290805885436 -1.52860838659 1.52860838659 0.290805885436 
212.625906416 148.002555884 1.69134891033 352.035369873 0.762907981873 12386304 0.349569540848 0.0 0.349569540848 1.67503381115 -0.234356284264 0.234356284264 1.67503381115 
274.038721287 135.47894956 1.3672273159 132.773666382 0.745410919189 8388608 0.534956596113 0.0 0.534956596113 -0.928489544806 1.00360236077 -1.00360236077 -0.928489544806 
264.304826916 72.9731719114 1.54484069347 247.300369263 0.732888460159 8388608 0.419017921446 0.0 0.419017921446 -0.596154172993 -1.42517822403 1.42517822403 -0.596154172993 
20.9634610541 151.586273651 1.25359427929 267.047241211 0.666128158569 8388608 0.636335272039 0.0 0.636335272039 -0.0645758428077 -1.25192994117 1.25192994117 -0.0645758428077 
236.175406292 119.876727381 1.74824953079 56.9615478516 0.47601890564 14745600 0.327184829993 0.0 0.327184829993 0.953148717709 1.46556608307 -1.46556608307 0.953148717709 
249.590738275 159.55350522 1.42846274376 233.018798828 0.460401535034 8388608 0.490074566291 0.0 0.490074566291 -0.859295987898 -1.14110306962 1.14110306962 -0.859295987898 
23.9696343636 79.9102229793 1.2175706625 12.318145752 0.437671780586 8388608 0.674546121679 0.0 0.674546121679 1.18953982139 0.259756292539 -0.259756292539 1.18953982139 
20.1295165072 86.6955619658 1.38711607456 262.615631104 0.332246780396 8388608 0.519725936955 0.0 0.519725936955 -0.178279162549 -1.3756116983 1.3756116983 -0.178279162549 
198.575727858 152.673806694 2.23620581627 44.3572998047 0.271779060364 15859968 0.199975344931 0.0 0.199975344931 1.59887354366 1.56340009086 -1.56340009086 1.59887354366 
236.258184711 127.694388434 1.30042612553 197.31539917 0.136666297913 8388608 0.591328251161 0.0 0.591328251161 -1.24149190679 -0.387047740385 0.387047740385 -1.24149190679 
220.455785103 144.056739499 1.43674218655 302.504089355 0.114686012268 8388608 0.484442584065 0.0 0.484442584065 0.772047497056 -1.21168096993 1.21168096993 0.772047497056 
236.948344701 111.70122053 1.24295830727 10.0506896973 0.025053024292 8388608 0.647272084847 0.0 0.647272084847 1.22388354681 0.216920302084 -0.216920302084 1.22388354681 
10.7569184365 87.1796745221 1.26852297783 324.988739014 -0.0242466926575 8388608 0.621445894502 0.0 0.621445894502 1.03897016801 -0.727799103644 0.727799103644 1.03897016801 
173.081959778 156.36092659 1.30143928528 53.2526550293 -0.0513162612915 8388608 0.590407921201 0.0 0.590407921201 0.778634818162 1.0428192716 -1.0428192716 0.778634818162 
219.651165867 111.235107918 1.24663555622 33.954498291 -0.0657262802124 8388608 0.643459149895 0.0 0.643459149895 1.03406100237 0.696288771568 -0.696288771568 1.03406100237 
246.526474793 79.1283287648 1.77216637135 295.576416016 -0.136881113052 15728640 0.318413166564 0.0 0.318413166564 0.765069921664 -1.59851232798 1.59851232798 0.765069921664 
188.864454545 140.271838507 1.32634675503 28.2343139648 -0.614972114563 8388608 0.56844158482 0.0 0.56844158482 1.1685383992 0.627466113964 -0.627466113964 1.1685383992 
