13
168
204.695164075 136.390805496 2.60512089729 45.9487609863 116.488967896 10224128 0.147347996366 0.0 0.147347996366 1.81134418263 1.87234802897 -1.87234802897 1.81134418263 
146.090062053 146.837641133 1.89946985245 353.654388428 96.3498764038 20774912 0.277162959476 0.0 0.277162959476 1.88783234028 -0.209939932741 0.209939932741 1.88783234028 
60.6901867371 135.739915675 1.51030039787 63.1766967773 91.3143005371 8388608 0.438402807211 0.0 0.438402807211 0.681508758146 1.34779564637 -1.34779564637 0.681508758146 
151.47960691 130.623670291 1.32535350323 65.9762878418 91.0370941162 8388608 0.569293911676 0.0 0.569293911676 0.539570872392 1.21054747209 -1.21054747209 0.539570872392 
205.011320662 118.422175413 3.05784201622 279.756439209 87.040397644 21758464 0.106947321579 0.0 0.106947321579 0.518182718058 -3.01361650959 3.01361650959 0.518182718058 
123.600126778 96.9271654848 4.50041151047 51.2366027832 84.6423187256 16318721 0.0493736855083 0.0 0.0493736855083 2.81773380303 3.50914234234 -3.50914234234 2.81773380303 
211.067356677 146.618763116 1.35040402412 91.8924560547 84.2361907959 8388608 0.548368567536 0.0 0.548368567536 -0.0445951804619 1.34966747692 -1.34966747692 -0.0445951804619 
180.059883267 139.693305744 1.6150560379 104.077011108 80.3954315186 9043968 0.383375900019 0.0 0.383375900019 -0.392823375427 1.56655539362 -1.56655539362 -0.392823375427 
38.2310503189 145.021254255 1.962931633 99.5998535156 75.0977401733 23134208 0.259531246365 0.0 0.259531246365 -0.327350700103 1.9354436481 -1.9354436481 -0.327350700103 
258.974274131 133.96774139 1.70783483982 24.0567321777 73.9770889282 13041664 0.34285324333 0.0 0.34285324333 1.55949618956 0.696183506585 -0.696183506585 1.55949618956 
107.455371994 90.1660666225 2.56408333778 103.697265625 67.7548904419 9044480 0.152102280998 0.0 0.152102280998 -0.607153856942 2.49116188898 -2.49116188898 -0.607153856942 
207.499290661 89.5865312498 1.30218136311 84.7210388184 66.650352478 8388608 0.589735198029 0.0 0.589735198029 0.119807137002 1.29665822495 -1.29665822495 0.119807137002 
145.505532944 56.7448649001 3.84716200829 3.09829711914 64.236907959 21692417 0.0675645750139 0.0 0.0675645750139 3.84153852369 0.207935780963 -0.207935780963 3.84153852369 
17.5970719579 126.758211489 1.47973954678 89.865020752 62.7705154419 8388608 0.456698345849 0.0 0.456698345849 0.00348601499577 1.47973544054 -1.47973544054 0.00348601499577 
11.2463345959 126.614936873 1.34447944164 91.2611083984 61.3506660461 8388608 0.553212097171 0.0 0.553212097171 -0.0295902670231 1.3441537803 -1.3441537803 -0.0295902670231 
29.2195175475 126.409177384 2.51963305473 29.9964904785 60.7660865784 24510720 0.157516265121 0.0 0.157516265121 2.18214339669 1.25968286754 -1.25968286754 2.18214339669 
41.4768189766 135.577629177 1.31781828403 211.772125244 60.7212677002 8388608 0.575822913075 0.0 0.575822913075 -1.12034184324 -0.693887010994 0.693887010994 -1.12034184324 
165.893635313 135.502011041 3.71439194679 278.974151611 58.8845291138 19136513 0.072481060971 0.0 0.072481060971 0.579403779945 -3.66892338353 3.66892338353 0.579403779945 
249.715468671 143.868753134 2.65125250816 51.2768859863 56.8773574829 11469312 0.142264917134 0.0 0.142264917134 1.65851074051 2.06844917406 -2.06844917406 1.65851074051 
203.752916481 120.617129214 1.28533697128 106.310058594 56.5503082275 8388608 0.605293486536 0.0 0.605293486536 -0.360967870242 1.2336098761 -1.2336098761 -0.360967870242 
144.325166025 119.626604131 1.38405382633 85.3121948242 53.7291183472 8388608 0.522028290298 0.0 0.522028290298 0.113113712604 1.37942389504 -1.37942389504 0.113113712604 
161.311989358 138.261239488 2.0257024765 6.96905517578 53.319606781 8716544 0.243696157757 0.0 0.243696157757 2.01073623652 0.245785089983 -0.245785089983 2.01073623652 
169.777136001 138.042899883 2.05946731567 119.765472412 52.7101821899 9896192 0.235770894975 0.0 0.235770894975 -1.02242448049 1.78775104699 -1.78775104699 -1.02242448049 
34.0566146647 110.75745238 2.40750098228 49.8768920898 49.0100097656 21168384 0.172530966031 0.0 0.172530966031 1.55147085873 1.84092345148 -1.84092345148 1.55147085873 
257.319807294 122.60778086 1.28754365444 325.679443359 48.2424430847 8388608 0.603220475128 0.0 0.603220475128 1.06337722981 -0.725945954749 0.725945954749 1.06337722981 
242.36205036 147.851126732 1.56711578369 48.3884887695 47.872379303 8388608 0.407190681307 0.0 0.407190681307 1.04068466839 1.1716771315 -1.1716771315 1.04068466839 
33.0229672759 137.712247776 1.45121586323 168.75378418 46.4235839844 8388608 0.474827612031 0.0 0.474827612031 -1.42334985317 0.283024163563 -0.283024163563 -1.42334985317 
139.352927006 113.083536462 1.53577375412 55.677520752 46.4216194153 8388608 0.423980143267 0.0 0.423980143267 0.865946206946 1.26836043399 -1.26836043399 0.865946206946 
191.773950269 120.09481166 2.42766213417 270.177368164 46.1810417175 21823744 0.169677208724 0.0 0.169677208724 0.00751520079891 -2.42765050191 2.42765050191 0.00751520079891 
226.375657116 124.275026127 3.31819057465 272.853912354 46.091583252 11010049 0.0908233149787 0.0 0.0908233149787 0.165211290999 -3.31407512271 3.31407512271 0.165211290999 
141.271333578 121.777242931 6.2726726532 53.1871643066 45.2452125549 23593473 0.0254152714205 0.0 0.0254152714205 3.75860406743 5.02188387744 -5.02188387744 3.75860406743 
51.1895412564 127.459081074 1.5443302393 8.65063476562 45.1115036011 8388608 0.41929496685 0.0 0.41929496685 1.52676169771 0.232281308791 -0.232281308791 1.52676169771 
138.77640203 117.882794548 3.31299757957 50.6449279785 43.7871627808 10878977 0.0911082621653 0.0 0.0911082621653 2.10085255573 2.561712611 -2.561712611 2.10085255573 
133.27602313 127.175890464 2.27068662643 20.1080627441 42.8277359009 16974080 0.193948129628 0.0 0.193948129628 2.13227892703 0.780643537612 -0.780643537612 2.13227892703 
141.783783408 128.90079015 1.66625797749 129.820281982 42.2266807556 11272192 0.360176618687 0.0 0.360176618687 -1.06704098636 1.27978091131 -1.27978091131 -1.06704098636 
195.288013933 112.298601917 1.34600901604 168.967773438 42.0340805054 8388608 0.551955495977 0.0 0.551955495977 -1.32113437346 0.257573753562 -0.257573753562 -1.32113437346 
79.0247397715 125.925248545 5.08890247345 110.252288818 41.2567443848 8520193 0.0386146181185 0.0 0.0386146181185 -1.76154666997 4.77429384452 -4.77429384452 -1.76154666997 
132.206097836 134.034283602 2.01920771599 6.68853759766 39.7676544189 8454400 0.245266371279 0.0 0.245266371279 2.00546492855 0.235181250672 -0.235181250672 2.00546492855 
178.971865276 127.614891887 1.22825872898 276.009887695 39.7368469238 8388608 0.662857663231 0.0 0.662857663231 0.128598798457 -1.22150802468 1.22150802468 0.128598798457 
208.868277935 91.3569276688 3.98273921013 91.405456543 39.0311126709 24182785 0.0630429113049 0.0 0.0630429113049 -0.0976861749894 3.98154103672 -3.98154103672 -0.0976861749894 
185.198914635 133.761630895 1.30485928059 289.027648926 38.4685668945 8388608 0.587317095653 0.0 0.587317095653 0.425415951647 -1.23356354122 1.23356354122 0.425415951647 
77.5397537287 97.285795577 2.06844830513 279.485229492 36.9375267029 10223872 0.233727953869 0.0 0.233727953869 0.340866508698 -2.040168722 2.040168722 0.340866508698 
56.9855423331 128.181236473 1.35331225395 89.2328491211 36.1687202454 8388608 0.546014242805 0.0 0.546014242805 0.018119374132 1.35319094919 -1.35319094919 0.018119374132 
105.20495963 77.7743035263 2.58546638489 277.816772461 36.0921058655 9634304 0.149596767283 0.0 0.149596767283 0.351637888482 -2.56144241059 2.56144241059 0.351637888482 
159.539314216 132.077882338 1.74403393269 339.608276367 35.2804374695 14614528 0.328768453671 0.0 0.328768453671 1.63473939129 -0.607685346984 0.607685346984 1.63473939129 
251.775464078 116.061427986 1.4322937727 254.330169678 35.1773605347 8388608 0.487456417734 0.0 0.487456417734 -0.386853228523 -1.37906128613 1.37906128613 -0.386853228523 
60.7511251941 127.394595061 1.64700675011 78.4115905762 34.879901886 10420224 0.368645758825 0.0 0.368645758825 0.330850312635 1.61343401028 -1.61343401028 0.330850312635 
24.147375187 92.8880289528 1.26511693001 346.664276123 34.4836006165 8388608 0.624796610509 0.0 0.624796610509 1.23100336546 -0.291807403636 0.291807403636 1.23100336546 
156.69403248 148.88500676 1.54410254955 212.77204895 33.6805305481 8388608 0.419418632474 0.0 0.419418632474 -1.29832893451 -0.835819754099 0.835819754099 -1.29832893451 
168.656473556 100.75202176 7.27148675919 326.841522217 33.594871521 17563650 0.0189127013518 0.0 0.0189127013518 6.08740449005 -3.97718823586 3.97718823586 6.08740449005 
59.148109789 73.5883411622 1.51737976074 44.7715454102 33.2916374207 8388608 0.434321597411 0.0 0.434321597411 1.07721913331 1.0686628454 -1.0686628454 1.07721913331 
52.4054879459 91.9666239111 3.04228115082 62.6087036133 32.6447601318 21430784 0.108044162309 0.0 0.108044162309 1.39964681712 2.70119665851 -2.70119665851 1.39964681712 
122.491808399 135.923517928 1.70393681526 270.863769531 32.5529174805 12910592 0.344423699489 0.0 0.344423699489 0.0256869348249 -1.70374318833 1.70374318833 0.0256869348249 
60.5246820048 121.234459803 6.06584262848 266.188690186 32.2251243591 21168641 0.0271780142697 0.0 0.0271780142697 -0.40320176784 -6.05242720963 6.05242720963 -0.40320176784 
183.233600452 110.62011643 1.36274909973 273.756500244 29.8974685669 8388608 0.538478282579 0.0 0.538478282579 0.0892823286715 -1.35982122891 1.35982122891 0.0892823286715 
87.8777295599 75.2608870479 2.28158450127 31.0494995117 29.8492641449 17301760 0.192099787273 0.0 0.192099787273 1.95468369256 1.17679203705 -1.17679203705 1.95468369256 
125.125108515 91.3566281687 1.44504356384 353.700958252 29.0920639038 8388608 0.478892593121 0.0 0.478892593121 1.43631953323 -0.158546838053 0.158546838053 1.43631953323 
125.896962302 113.853606346 1.65076684952 212.765350342 28.5132102966 10616832 0.366968276595 0.0 0.366968276595 -1.38812001863 -0.893394652623 0.893394652623 -1.38812001863 
87.5305125329 60.3541661873 1.31671452522 89.587890625 28.4468154907 8388608 0.57678870481 0.0 0.57678870481 0.00947060544227 1.31668046563 -1.31668046563 0.00947060544227 
39.147220571 76.6237811934 1.99825572968 57.3584899902 28.4315986633 24444928 0.25043663871 0.0 0.25043663871 1.07782115138 1.68265490426 -1.68265490426 1.07782115138 
121.292512434 114.715693767 3.03109526634 281.06060791 27.4866046906 21168640 0.108843081149 0.0 0.108843081149 0.58150732501 -2.97479205065 2.97479205065 0.58150732501 
48.1356907703 72.3477688292 1.95641756058 56.9921264648 27.0404396057 22872064 0.261262389941 0.0 0.261262389941 1.0657668381 1.64064338543 -1.64064338543 1.0657668381 
154.678605824 120.338320857 3.07310295105 322.664550781 26.5236358643 22151680 0.105887764765 0.0 0.105887764765 2.44341924009 -1.86377685491 1.86377685491 2.44341924009 
194.020938328 93.3364937831 2.57069802284 91.2998046875 26.4016151428 9241088 0.151320536691 0.0 0.151320536691 -0.0583135227001 2.57003654793 -2.57003654793 -0.0583135227001 
131.227655295 54.0627670451 1.27339982986 182.416854858 24.8132419586 8388608 0.616694996732 0.0 0.616694996732 -1.27226710021 -0.0536987189945 0.0536987189945 -1.27226710021 
130.519694988 62.5368473863 3.37430286407 84.9727172852 24.7556095123 12189697 0.0878277746498 0.0 0.0878277746498 0.295690477396 3.36132220415 -3.36132220415 0.295690477396 
168.05156059 127.257487229 1.60544717312 300.738372803 24.5306167603 8585216 0.38797876873 0.0 0.38797876873 0.820574029878 -1.37989814376 1.37989814376 0.820574029878 
48.3409931744 118.63858085 1.53053557873 174.113632202 24.2951698303 8388608 0.426887207708 0.0 0.426887207708 -1.52246544123 0.156965403878 -0.156965403878 -1.52246544123 
234.329952791 97.8772386265 3.09596610069 270.03036499 23.5992660522 22675968 0.104329615435 0.0 0.104329615435 0.00164076615785 -3.09596566592 3.09596566592 0.00164076615785 
143.979551302 96.1161612418 3.32842326164 110.021743774 23.0913696289 11206657 0.090265730868 0.0 0.090265730868 -1.13957468058 3.12726253391 -3.12726253391 -1.13957468058 
189.119752486 94.8512172666 1.24194204807 92.6675109863 22.8646526337 8388608 0.648331820829 0.0 0.648331820829 -0.0578000231477 1.2405963115 -1.2405963115 -0.0578000231477 
238.160419768 102.024625601 2.01027560234 269.923217773 22.8379554749 24838144 0.247450762409 0.0 0.247450762409 -0.00269397487675 -2.01027379724 2.01027379724 -0.00269397487675 
131.750988077 17.6449802027 1.26372551918 176.829559326 22.5113124847 8388608 0.62617321856 0.0 0.62617321856 -1.26179129887 0.0698921020308 -0.0698921020308 -1.26179129887 
144.198202342 79.1747688011 2.38894820213 355.599029541 22.3496894836 20644096 0.175221152805 0.0 0.175221152805 2.38190427522 -0.18331812833 0.18331812833 2.38190427522 
61.4788451861 67.4670011138 4.60177612305 65.9259643555 22.0345745087 17891585 0.0472225056526 0.0 0.0472225056526 1.87714158494 4.2015096045 -4.2015096045 1.87714158494 
170.771347227 116.589219626 2.69422864914 355.89932251 21.3980903625 12648960 0.137762526897 0.0 0.137762526897 2.68733125526 -0.192662239049 0.192662239049 2.68733125526 
111.887050791 61.2016354825 7.70137643814 96.5285949707 20.5675525665 21757954 0.0168602222877 0.0 0.0168602222877 -0.875639322582 7.65143482091 -7.65143482091 -0.875639322582 
65.4230690763 106.144830876 2.06012201309 276.49822998 20.4647388458 9896192 0.235621064947 0.0 0.235621064947 0.233149198962 -2.04688645505 2.04688645505 0.233149198962 
78.8910111555 107.92711145 2.2143535614 280.289489746 20.0935993195 15139072 0.203941716362 0.0 0.203941716362 0.395531663257 -2.17874193016 2.17874193016 0.395531663257 
116.268774753 143.658839589 1.78648912907 275.825897217 19.8515129089 16318464 0.313328027251 0.0 0.313328027251 0.181339302415 -1.77726178873 1.77726178873 0.181339302415 
56.5941929509 83.5031048764 2.57965946198 70.873840332 19.6635551453 9503232 0.150271022661 0.0 0.150271022661 0.845223623125 2.43726075065 -2.43726075065 0.845223623125 
67.9684018553 85.4531662127 2.3132121563 276.231658936 19.5336647034 18284800 0.186882686306 0.0 0.186882686306 0.251096079755 -2.2995437023 2.2995437023 0.251096079755 
79.8464377915 106.951261223 1.27508592606 282.025115967 19.3037414551 8388608 0.615065115051 0.0 0.615065115051 0.265651973081 -1.2471059089 1.2471059089 0.265651973081 
153.560235616 79.6390744758 1.57199954987 330.293182373 19.1863231659 8388608 0.404664554598 0.0 0.404664554598 1.36539566335 -0.779023277749 0.779023277749 1.36539566335 
191.438993087 80.5059221338 2.44578433037 132.412658691 18.7743282318 22348032 0.167172055914 0.0 0.167172055914 -1.64959720601 1.8057380897 -1.8057380897 -1.64959720601 
195.465745663 83.343456391 1.59310567379 148.933685303 18.682138443 8388608 0.394013254205 0.0 0.394013254205 -1.36460750928 0.822090039757 -0.822090039757 -1.36460750928 
170.094513108 66.7918001698 1.39017355442 107.034851074 18.5757579803 8388608 0.517442331231 0.0 0.517442331231 -0.407255983531 1.32918210765 -1.32918210765 -0.407255983531 
166.216462564 100.992668624 2.93995499611 63.2467956543 18.2497940063 18940416 0.115696077513 0.0 0.115696077513 1.32341598293 2.62524389634 -2.62524389634 1.32341598293 
86.1765196009 87.8487297931 1.7248313427 94.451171875 17.6050720215 13762560 0.336129577276 0.0 0.336129577276 -0.133863268553 1.71962896756 -1.71962896756 -0.133863268553 
23.1798140076 157.180450032 1.34348297119 81.5354919434 17.2220573425 8388608 0.554033043855 0.0 0.554033043855 0.197756307798 1.32884872601 -1.32884872601 0.197756307798 
22.9515985327 135.314651286 2.01577544212 162.992919922 17.0981941223 25034752 0.246102315626 0.0 0.246102315626 -1.92762280046 0.589593904502 -0.589593904502 -1.92762280046 
40.4602952105 92.4692016865 1.98097395897 289.962005615 16.8995494843 23789568 0.254825254688 0.0 0.254825254688 0.676298432991 -1.86195549239 1.86195549239 0.676298432991 
75.2619803408 74.7417193727 2.04355430603 95.7222595215 16.7009277344 9371904 0.239457053065 0.0 0.239457053065 -0.203755286232 2.03337108886 -2.03337108886 -0.203755286232 
127.125190608 81.9579423561 2.10062432289 328.196166992 16.6752414703 11337984 0.22662260132 0.0 0.22662260132 1.78523120625 -1.10705559307 1.10705559307 1.78523120625 
120.820115647 22.5207353013 1.53862452507 10.9908752441 16.6108665466 8388608 0.422410493829 0.0 0.422410493829 1.510402395 0.293342861407 -0.293342861407 1.510402395 
121.53848571 38.9288205401 5.37269973755 178.610229492 16.1910858154 12386817 0.0346429494468 0.0 0.0346429494468 -5.37111928232 0.13030780862 -0.13030780862 -5.37111928232 
72.9012037861 72.6155876603 2.99562048912 95.1006774902 16.079782486 20316672 0.111436231084 0.0 0.111436231084 -0.266328858329 2.98375787457 -2.98375787457 -0.266328858329 
128.395079141 47.303409514 3.48987197876 179.483062744 15.0568332672 14614529 0.0821071558234 0.0 0.0821071558234 -3.48972993997 0.0314860952101 -0.0314860952101 -3.48972993997 
97.7947689839 101.405713284 1.75126349926 300.257965088 15.0425109863 14876672 0.326059612471 0.0 0.326059612471 0.882451274781 -1.51268092851 1.51268092851 0.882451274781 
240.184338052 164.543008591 1.93683278561 84.0030517578 14.9773807526 22151168 0.266572744956 0.0 0.266572744956 0.202351557576 1.92623339358 -1.92623339358 0.202351557576 
54.2020678753 109.410533667 1.75743699074 258.847167969 14.9263858795 15138816 0.323772883826 0.0 0.323772883826 -0.339935285986 -1.7242473076 1.7242473076 -0.339935285986 
76.0764083206 66.3397103092 1.32695329189 85.0057373047 14.7374830246 8388608 0.567922045841 0.0 0.567922045841 0.115519230515 1.32191540813 -1.32191540813 0.115519230515 
259.960535014 155.009036896 1.51790738106 78.5628051758 14.6177501678 8388608 0.434019711968 0.0 0.434019711968 0.300991415336 1.48776576966 -1.48776576966 0.300991415336 
228.412416026 94.2828122713 1.23366260529 272.110992432 14.2916164398 8388608 0.657063282187 0.0 0.657063282187 0.0454424966185 -1.23282537416 1.23282537416 0.0454424966185 
129.131130969 30.7003266342 2.1748816967 176.798019409 14.2722434998 13828352 0.211411556299 0.0 0.211411556299 -2.17148634525 0.121480233137 -0.121480233137 -2.17148634525 
113.476455507 67.8731040809 1.26008760929 137.727661133 13.9334106445 8388608 0.629793998574 0.0 0.629793998574 -0.932409291633 0.84760468142 -0.84760468142 -0.932409291633 
120.65636617 54.2779724712 1.43893003464 293.639434814 13.7986545563 8388608 0.482970544432 0.0 0.482970544432 0.576981647607 -1.31818504881 1.31818504881 0.576981647607 
95.4897047738 89.3951673104 1.47809004784 105.130630493 13.5759849548 8388608 0.457718234698 0.0 0.457718234698 -0.385811974665 1.42684943485 -1.42684943485 -0.385811974665 
105.217487099 74.5881983299 1.32245433331 311.433532715 12.8460435867 8388608 0.571792733583 0.0 0.571792733583 0.875135159146 -0.991475625976 0.991475625976 0.875135159146 
203.26802508 78.7746569181 1.35234677792 280.013397217 12.3635501862 8388608 0.546794149044 0.0 0.546794149044 0.235143956368 -1.3317466454 1.3317466454 0.235143956368 
178.649315642 70.6457052579 1.23923909664 114.381164551 12.2026042938 8388608 0.651163107465 0.0 0.651163107465 -0.511564130992 1.12872303003 -1.12872303003 -0.511564130992 
57.2983505633 96.6960441628 1.39976513386 272.839233398 11.1132926941 8388608 0.510375309955 0.0 0.510375309955 0.0693355360898 -1.39804685665 1.39804685665 0.0693355360898 
162.448068502 66.988261835 2.90886259079 98.2855529785 10.652551651 18153984 0.118182612759 0.0 0.118182612759 -0.419186557805 2.87850033904 -2.87850033904 -0.419186557805 
42.6944603388 67.0262150777 1.26156926155 257.187683105 10.6199464798 8388608 0.628315541912 0.0 0.628315541912 -0.279763228587 -1.23015833843 1.23015833843 -0.279763228587 
42.0516415979 156.329705591 2.23923325539 86.8101196289 10.2906284332 15925504 0.199434977891 0.0 0.199434977891 0.124602489803 2.23576380496 -2.23576380496 0.124602489803 
161.939934164 83.6375900026 1.31316304207 282.916687012 10.081861496 8388608 0.579912803423 0.0 0.579912803423 0.293536586398 -1.27993493878 1.27993493878 0.293536586398 
151.581383023 94.4415931698 1.24022293091 295.402862549 10.0582542419 8388608 0.650130418159 0.0 0.650130418159 0.532031160709 -1.12031056515 1.12031056515 0.532031160709 
209.976297216 73.1538793178 3.96964001656 297.077575684 9.38918304443 23920641 0.0634596613474 0.0 0.0634596613474 1.80696609297 -3.53453185017 3.53453185017 1.80696609297 
22.7741586926 77.3657109251 1.67959880829 253.956512451 9.25285720825 11862016 0.354477671598 0.0 0.354477671598 -0.464185473656 -1.61418214674 1.61418214674 -0.464185473656 
142.573226212 66.3820013442 1.45441043377 297.09387207 8.8800535202 8388608 0.472744012539 0.0 0.472744012539 0.662410787155 -1.29480564523 1.29480564523 0.662410787155 
121.490324074 42.5031646776 1.54813420773 39.7348022461 8.85087585449 8388608 0.417236973085 0.0 0.417236973085 1.19053288042 0.989621637686 -0.989621637686 1.19053288042 
63.6739678875 118.564652385 1.45503270626 127.787353516 8.66431808472 8388608 0.472339743015 0.0 0.472339743015 -0.891546021943 1.14989819856 -1.14989819856 -0.891546021943 
166.084649709 58.6209569881 1.63099098206 279.957214355 8.54076957703 9764864 0.37592125374 0.0 0.37592125374 0.282019093144 -1.60642360996 1.60642360996 0.282019093144 
135.303573978 78.2470624262 1.46711826324 149.257476807 8.17905807495 8388608 0.464589888279 0.0 0.464589888279 -1.26094871893 0.749962883472 -0.749962883472 -1.26094871893 
162.264802659 97.1212485333 1.2565112114 299.76184082 8.17542743683 8388608 0.6333842561 0.0 0.6333842561 0.623727033963 -1.09077266718 1.09077266718 0.623727033963 
220.074426191 78.6118792606 1.68573629856 92.7901306152 7.46360397339 12124160 0.351901179942 0.0 0.351901179942 -0.082057801995 1.68373792065 -1.68373792065 -0.082057801995 
107.171996523 48.3979624866 1.24479234219 94.2587585449 7.32376289368 8388608 0.645366152371 0.0 0.645366152371 -0.0924394424943 1.24135527736 -1.24135527736 -0.0924394424943 
124.076417789 130.337280537 1.27539074421 171.741821289 7.28066253662 8388608 0.614771149285 0.0 0.614771149285 -1.26216608216 0.183189332261 -0.183189332261 -1.26216608216 
171.652918322 170.196664988 1.42409777641 253.370727539 7.25776863098 8388608 0.493083401579 0.0 0.493083401579 -0.407545365009 -1.36453701021 1.36453701021 -0.407545365009 
194.892521781 38.736394242 1.28979754448 63.7315673828 6.7650680542 8388608 0.601114090761 0.0 0.601114090761 0.57083498597 1.15660067635 -1.15660067635 0.57083498597 
233.582826361 86.8509096782 1.88681864738 278.354980469 6.57957267761 20250624 0.280892200629 0.0 0.280892200629 0.274165454607 -1.86679348392 1.86679348392 0.274165454607 
110.523037468 49.6791537929 2.64150667191 98.9432067871 6.41311454773 11207168 0.143316626244 0.0 0.143316626244 -0.410636379763 2.60939365779 -2.60939365779 -0.410636379763 
183.810858816 66.1019435919 1.3302372694 283.962982178 6.37380599976 8388608 0.565121431038 0.0 0.565121431038 0.320979540322 -1.29093118624 1.29093118624 0.320979540322 
178.767036139 169.079786686 1.67426633835 259.465393066 6.31181335449 11665408 0.356739261234 0.0 0.356739261234 -0.30610508167 -1.64604600504 1.64604600504 -0.30610508167 
153.646111066 12.2193629246 1.28256571293 60.1452331543 6.18403434753 8388608 0.607912045308 0.0 0.607912045308 0.63846531315 1.11235644102 -1.11235644102 0.63846531315 
11.7216597652 76.9434323721 1.41447305679 90.3522949219 6.13534069061 8388608 0.499816560227 0.0 0.499816560227 -0.00869712462885 1.41444631868 -1.41444631868 -0.00869712462885 
158.532907966 24.9903693368 1.5024330616 76.2856445312 6.12798881531 8388608 0.443006130615 0.0 0.443006130615 0.356199174717 1.45959831889 -1.45959831889 0.356199174717 
184.283285768 51.220893613 4.53018474579 102.902404785 6.07266807556 16777473 0.0487268316458 0.0 0.0487268316458 -1.01154960858 4.41580584043 -4.41580584043 -1.01154960858 
111.229543591 35.4546763652 1.42336630821 90.6898498535 5.918633461 8388608 0.493590323096 0.0 0.493590323096 -0.0171371316344 1.42326314014 -1.42326314014 -0.0171371316344 
230.652765402 51.8354654507 1.21190071106 74.7272338867 5.78981399536 8388608 0.68087269717 0.0 0.68087269717 0.319232275341 1.16909969115 -1.16909969115 0.319232275341 
194.931036619 46.2042485764 1.81278514862 65.002532959 5.77799034119 17367040 0.304303768651 0.0 0.304303768651 0.766043475743 1.64297516364 -1.64297516364 0.766043475743 
79.452073772 116.589605993 1.45403325558 285.278533936 5.77327728271 8388608 0.472989305221 0.0 0.472989305221 0.383154711986 -1.40264221204 1.40264221204 0.383154711986 
118.868860804 165.614016573 1.57424652576 91.1495056152 5.57450866699 8388608 0.403510195901 0.0 0.403510195901 -0.0315814505276 1.57392971122 -1.57392971122 -0.0315814505276 
246.66212199 45.2370756631 1.35053133965 266.189331055 5.44687652588 8388608 0.548265182243 0.0 0.548265182243 -0.0897559050921 -1.34754546375 1.34754546375 -0.0897559050921 
164.553559737 167.717914084 1.32035374641 99.6363220215 5.09184837341 8388608 0.573613542219 0.0 0.573613542219 -0.22101899712 1.30172371054 -1.30172371054 -0.22101899712 
246.306775475 67.2515374447 2.51088857651 269.970550537 4.99488258362 24248576 0.158615315108 0.0 0.158615315108 -0.00129057178956 -2.51088824484 2.51088824484 -0.00129057178956 
191.507625348 66.6502997155 2.21302652359 271.047790527 4.90006828308 15073536 0.204186376342 0.0 0.204186376342 0.0404682335264 -2.212656484 2.212656484 0.0404682335264 
231.691898634 51.5177105765 3.60415148735 267.864990234 4.87334060669 16973825 0.0769828396266 0.0 0.0769828396266 -0.134270238547 -3.60164954525 3.60164954525 -0.134270238547 
248.81518272 89.1672946298 2.99752807617 275.424255371 4.86359214783 20316672 0.11129444314 0.0 0.11129444314 0.283355616167 -2.98410525321 2.98410525321 0.283355616167 
259.87168386 100.025913488 1.78339159489 266.805908203 4.84024429321 16187392 0.314417397791 0.0 0.314417397791 -0.0993679899753 -1.78062112289 1.78062112289 -0.0993679899753 
115.366196196 23.0809526062 1.23189425468 88.5905456543 4.81872940063 8388608 0.658951028958 0.0 0.658951028958 0.0303010730127 1.23152153846 -1.23152153846 0.0303010730127 
236.953572046 70.6998428182 4.04333400726 262.393005371 4.76059341431 8585473 0.0611675045473 0.0 0.0611675045473 -0.535246027747 -4.00775018983 4.00775018983 -0.535246027747 
42.8390270511 53.7475124917 3.43291902542 62.8705444336 4.69453763962 13434881 0.0848541096519 0.0 0.0848541096519 1.56541966615 3.05522410044 -3.05522410044 1.56541966615 
27.0352967991 164.355508469 1.79628121853 88.0060119629 4.54157066345 16711680 0.309921240654 0.0 0.309921240654 0.0625009437575 1.79519354056 -1.79519354056 0.0625009437575 
110.655822436 16.1427448251 1.55548799038 89.9587402344 4.44526672363 8388608 0.413301208617 0.0 0.413301208617 0.00112013598408 1.55548758706 -1.55548758706 0.00112013598408 
158.761958496 74.8840763415 1.37084472179 325.220062256 4.18849945068 8388608 0.532137018005 0.0 0.532137018005 1.12594193527 -0.781965478568 0.781965478568 1.12594193527 
183.466026996 24.6977692434 1.52938127518 75.3145751953 4.18573570251 8388608 0.427531838818 0.0 0.427531838818 0.387716318984 1.47941986632 -1.47941986632 0.387716318984 
211.979573189 50.8529721524 3.65232610703 268.785736084 4.0149230957 17891329 0.0749654072575 0.0 0.0749654072575 -0.0773976000699 -3.6515059364 3.6515059364 -0.0773976000699 
186.278231085 21.4520977521 2.56355237961 269.911560059 3.90105056763 9044480 0.152165293803 0.0 0.152165293803 -0.00395701627834 -2.56354932565 2.56354932565 -0.00395701627834 
73.6374230195 114.692335764 1.45937538147 273.391571045 3.5809135437 8388608 0.469532835067 0.0 0.469532835067 0.0863359454044 -1.45681934658 1.45681934658 0.0863359454044 
61.5415770122 51.0334777604 2.51796603203 79.6606750488 3.46510982513 24445184 0.157724901861 0.0 0.157724901861 0.451918153643 2.47707951444 -2.47707951444 0.451918153643 
214.520716193 51.5832509671 1.34359776974 91.5592956543 3.41847419739 8388608 0.553938373452 0.0 0.553938373452 -0.0365612890374 1.34310023415 -1.34310023415 -0.0365612890374 
23.9537750001 68.5361839939 1.91764461994 52.5539550781 2.99844169617 21430272 0.27193414798 0.0 0.27193414798 1.16595489735 1.52246841207 -1.52246841207 1.16595489735 
109.790109583 37.6145282731 2.66456818581 91.3178100586 2.54042577744 11796992 0.140846585678 0.0 0.140846585678 -0.0612799966031 2.66386343096 -2.66386343096 -0.0612799966031 
47.091718822 39.3649604452 3.41726517677 80.2893371582 1.93344020844 13107201 0.0856332916303 0.0 0.0856332916303 0.576399746312 3.3683029289 -3.3683029289 0.576399746312 
36.5927327552 17.5783934276 1.28457725048 88.2093505859 1.8986415863 8388608 0.606009659948 0.0 0.606009659948 0.0401400083456 1.28394995704 -1.28394995704 0.0401400083456 
96.6082750774 41.5039776175 3.02776813507 90.5938720703 1.48833227158 21037568 0.109082421926 0.0 0.109082421926 -0.0313823243185 3.02760549436 -3.02760549436 -0.0313823243185 
17.5166204739 18.1697283805 1.5914785862 82.3998413086 0.200508117676 8388608 0.394819324487 0.0 0.394819324487 0.210487582158 1.57749772364 -1.57749772364 0.210487582158 
