13
107
225.478375198 39.8910579925 4.84200954437 307.573150635 126.325767517 21627137 0.0426529150433 0.0 0.0426529150433 2.95253066705 -3.83765802123 3.83765802123 2.95253066705 
200.161534258 32.9539584602 3.30295419693 273.138977051 125.146018982 10616833 0.0916631752949 0.0 0.0916631752949 0.180863439457 -3.29799861178 3.29799861178 0.180863439457 
63.5218486408 69.1220438415 3.38274431229 241.182067871 112.685806274 12386305 0.0873899830286 0.0 0.0873899830286 -1.63057717875 -2.96381125351 2.96381125351 -1.63057717875 
121.424140291 49.6117471328 6.23376131058 247.954223633 112.647689819 23134721 0.0257335475912 0.0 0.0257335475912 -2.3398251387 -5.7779752853 5.7779752853 -2.3398251387 
215.06006087 89.733956392 1.29837059975 152.855361938 106.068214417 8388608 0.593202065343 0.0 0.593202065343 -1.1553649822 0.592366417172 -0.592366417172 -1.1553649822 
177.604865168 60.6447257996 1.88617324829 22.0901489258 100.715591431 20250624 0.281084461428 0.0 0.281084461428 1.74771549978 0.70932365982 -0.70932365982 1.74771549978 
214.381770163 82.2864964323 1.46317827702 304.484436035 100.402404785 8388608 0.467095314048 0.0 0.467095314048 0.828425712992 -1.20606861678 1.20606861678 0.828425712992 
169.461764259 67.2410316056 1.7462798357 39.6220397949 99.8531265259 14680064 0.327923334548 0.0 0.327923334548 1.34510345869 1.11363815937 -1.11363815937 1.34510345869 
247.080749551 91.4754080212 1.46571564674 73.6947937012 98.8310470581 8388608 0.465479492261 0.0 0.465479492261 0.41150541701 1.4067642478 -1.4067642478 0.41150541701 
158.360409311 55.1481729496 1.2722671032 76.1768493652 96.4432601929 8388608 0.617793599114 0.0 0.617793599114 0.303977473058 1.23541947441 -1.23541947441 0.303977473058 
239.5213753 44.5762250095 1.81668365002 296.982818604 95.2368927002 17563648 0.302999132294 0.0 0.302999132294 0.824271685259 -1.61892423329 1.61892423329 0.824271685259 
230.354073031 44.2909484471 1.2487026453 101.236114502 90.6753921509 8388608 0.641330562306 0.0 0.641330562306 -0.243312988622 1.22476817641 -1.22476817641 -0.243312988622 
50.0943886348 106.042815631 1.37593317032 100.303100586 85.839630127 8388608 0.528208418846 0.0 0.528208418846 -0.246093157657 1.35374674402 -1.35374674402 -0.246093157657 
224.495831982 44.1692319069 2.03097558022 19.8306274414 84.0310668945 8913152 0.242432364206 0.0 0.242432364206 1.91053783932 0.688989819917 -0.688989819917 1.91053783932 
208.347715401 91.9917100565 1.54591345787 14.0960998535 82.9512786865 8388608 0.41843658031 0.0 0.41843658031 1.4993638332 0.37650566384 -0.37650566384 1.4993638332 
103.079465718 86.8090953747 7.02349805832 93.1990356445 80.1056900024 15073282 0.0202718351839 0.0 0.0202718351839 -0.391944202453 7.01255336645 -7.01255336645 -0.391944202453 
247.321153144 46.3233612925 1.43355774879 277.22076416 79.4801635742 8388608 0.486597210441 0.0 0.486597210441 0.180187845306 -1.42218851055 1.42218851055 0.180187845306 
105.776503109 48.0751766253 2.73226547241 239.347305298 77.4010696411 13632000 0.133953545182 0.0 0.133953545182 -1.39299861461 -2.35049557997 2.35049557997 -1.39299861461 
187.227627895 49.799010453 2.69492173195 90.0217590332 76.8703079224 12648960 0.137691676186 0.0 0.137691676186 -0.00102344170084 2.69492153761 -2.69492153761 -0.00102344170084 
191.911977621 108.029801056 1.58816790581 92.1600036621 76.2699432373 8388608 0.396467113737 0.0 0.396467113737 -0.0598584399174 1.58703946523 -1.58703946523 -0.0598584399174 
149.55838814 53.8824227916 2.56890320778 70.547088623 75.9744949341 9175552 0.151532056731 0.0 0.151532056731 0.855527063654 2.42225868443 -2.42225868443 0.855527063654 
196.769839102 48.1437203068 3.35133314133 86.9710388184 75.952255249 11665409 0.0890358270953 0.0 0.0890358270953 0.177086872181 3.34665117152 -3.34665117152 0.177086872181 
164.941094473 53.0369878084 1.59412491322 79.9679870605 75.5136108398 8388608 0.393509572899 0.0 0.393509572899 0.277693998678 1.56975166254 -1.56975166254 0.277693998678 
47.1676154863 82.5692157443 1.77241373062 190.958282471 73.2681427002 15728640 0.318324296846 0.0 0.318324296846 -1.74009527782 -0.336925595039 0.336925595039 -1.74009527782 
212.526826453 74.9465577798 1.31885993481 154.545532227 71.5248184204 8388608 0.574913689132 0.0 0.574913689132 -1.19083440393 0.566837675216 -0.566837675216 -1.19083440393 
148.656975074 56.1610248852 1.4065258503 68.6231079102 68.8376617432 8388608 0.505480682501 0.0 0.505480682501 0.512680432524 1.30976094829 -1.30976094829 0.512680432524 
48.8938930057 93.8353227481 2.579382658 174.75843811 64.1617126465 9503232 0.150303276772 0.0 0.150303276772 -2.56859669207 0.235639406468 -0.235639406468 -2.56859669207 
219.439388009 31.7621548887 2.10596704483 294.441833496 62.4658126831 11534592 0.225474201867 0.0 0.225474201867 0.871384381834 -1.91723406318 1.91723406318 0.871384381834 
176.651605779 68.7299980755 1.25848770142 168.724075317 60.7819099426 8388608 0.631396323114 0.0 0.631396323114 -1.23419499663 0.246077233623 -0.246077233623 -1.23419499663 
217.948583514 102.787215498 1.51807630062 348.039520264 60.1734924316 8388608 0.433923128758 0.0 0.433923128758 1.48512004359 -0.314601510868 0.314601510868 1.48512004359 
213.69824699 67.8762560627 3.40854978561 87.792755127 59.9060668945 12910593 0.086071766542 0.0 0.086071766542 0.13127744022 3.40602082711 -3.40602082711 0.13127744022 
123.674853933 36.6442682766 1.51795852184 250.173736572 55.7425956726 8388608 0.433990467776 0.0 0.433990467776 -0.514844729918 -1.42798213508 1.42798213508 -0.514844729918 
225.906096641 93.7780133118 2.93378210068 88.3562316895 53.9643859863 18809344 0.116183455994 0.0 0.116183455994 0.0841562254646 2.93257483178 -2.93257483178 0.0841562254646 
205.026811609 106.818965127 3.25987410545 342.207580566 52.8938331604 9699329 0.0941018894569 0.0 0.0941018894569 3.10395377178 -0.996117546307 0.996117546307 3.10395377178 
113.647028477 87.956089119 3.58881354332 90.8976745605 52.8396911621 16646145 0.0776422673991 0.0 0.0776422673991 -0.0562249933708 3.58837308523 -3.58837308523 -0.0562249933708 
166.3875294 79.2489149072 4.60920667648 40.5331115723 51.8650016785 18022657 0.0470703725243 0.0 0.0470703725243 3.50313774134 2.99546526465 -2.99546526465 3.50313774134 
66.3195592442 98.8721510256 2.278840065 355.236358643 51.7740783691 17236224 0.192562762355 0.0 0.192562762355 2.2709684016 -0.189247353497 0.189247353497 2.2709684016 
269.281571017 63.3180252658 2.62332725525 358.43069458 50.7226638794 10682880 0.145309850911 0.0 0.145309850911 2.62234332342 -0.0718427605922 0.0718427605922 2.62234332342 
269.584962711 85.7046733079 1.2645213604 337.620178223 48.9194717407 8388608 0.625385287798 0.0 0.625385287798 1.1692778395 -0.481459868489 0.481459868489 1.1692778395 
207.723759442 89.0989679612 4.52706623077 16.8565673828 47.8285560608 16711937 0.0487939867022 0.0 0.0487939867022 4.33255482571 1.31274420206 -1.31274420206 4.33255482571 
117.364960921 101.833734489 2.22597146034 268.629882812 45.768447876 15532288 0.201818426719 0.0 0.201818426719 -0.0532247073623 -2.22533504731 2.22533504731 -0.0532247073623 
69.2832946742 114.447393682 1.25698888302 278.255584717 45.0071792603 8388608 0.632902959561 0.0 0.632902959561 0.180489882698 -1.24396320455 1.24396320455 0.180489882698 
214.28268283 50.0225824067 2.05012774467 99.6708374023 43.0478363037 9568512 0.237923945913 0.0 0.237923945913 -0.344396144304 2.02099358368 -2.02099358368 -0.344396144304 
55.3620048988 84.0184266464 1.57138884068 97.2086486816 42.9497299194 8388608 0.40497915577 0.0 0.40497915577 -0.197182569924 1.55896822377 -1.55896822377 -0.197182569924 
163.096862542 101.188821371 5.15848302841 12.9053955078 42.4719161987 9437697 0.0375799318276 0.0 0.0375799318276 5.02818060623 1.15210544027 -1.15210544027 5.02818060623 
157.265164524 63.4283463158 1.71864438057 252.983657837 40.7865715027 13500416 0.338554004587 0.0 0.338554004587 -0.502951747098 -1.64340440761 1.64340440761 -0.502951747098 
129.448931954 100.032547506 2.90503978729 167.141662598 40.1787834167 18088448 0.118493855425 0.0 0.118493855425 -2.83219089671 0.64649121442 -0.64649121442 -2.83219089671 
256.451893862 99.6805247449 2.03420686722 75.1099243164 39.3981170654 8978688 0.241662780366 0.0 0.241662780366 0.522720784099 1.96589942787 -1.96589942787 0.522720784099 
232.136629237 53.3082120013 1.96996116638 264.583251953 36.1398124695 23396352 0.257682348465 0.0 0.257682348465 -0.185962995674 -1.96116413421 1.96116413421 -0.185962995674 
263.127493688 50.9918903042 2.97960329056 328.439086914 31.5147171021 19923456 0.112637527715 0.0 0.112637527715 2.53887287623 -1.55953848541 1.55953848541 2.53887287623 
251.647871582 79.6387287238 1.76226806641 25.3491821289 31.0683307648 15335424 0.322000137302 0.0 0.322000137302 1.59258874979 0.754486455761 -0.754486455761 1.59258874979 
219.388139887 109.6502731 1.7432166338 190.994171143 29.5096092224 14548992 0.329076809014 0.0 0.329076809014 -1.71122266401 -0.332447328945 0.332447328945 -1.71122266401 
254.87316365 62.0721256115 1.47437417507 7.203125 29.2443656921 8388608 0.460028321306 0.0 0.460028321306 1.46273821352 0.184867863114 -0.184867863114 1.46273821352 
205.355945537 112.601700798 1.53360700607 339.230072021 28.3710746765 8388608 0.425179025516 0.0 0.425179025516 1.43394084289 -0.543841988246 0.543841988246 1.43394084289 
176.002807861 109.291501509 2.0397644043 269.82220459 25.7688674927 9240832 0.240347706699 0.0 0.240347706699 -0.00632961397745 -2.03975458353 2.03975458353 -0.00632961397745 
210.669295038 44.1493801447 1.3106058836 191.093292236 25.0045757294 8388608 0.582177978098 0.0 0.582177978098 -1.28611746994 -0.252169854713 0.252169854713 -1.28611746994 
233.221774132 58.4622702487 3.26750969887 257.783569336 24.7921333313 9895937 0.093662604312 0.0 0.093662604312 -0.691421652938 -3.1935177673 3.1935177673 -0.691421652938 
211.796500126 39.9370423678 1.7774387598 193.360977173 23.9538402557 15990784 0.316526960359 0.0 0.316526960359 -1.72932969709 -0.410739995163 0.410739995163 -1.72932969709 
196.713725953 58.7063292273 1.72580134869 232.11428833 22.8267822266 13828096 0.335751832672 0.0 0.335751832672 -1.05979458974 -1.36206671007 1.36206671007 -1.05979458974 
157.287691932 103.797316715 1.54960501194 20.3094482422 20.3492126465 8388608 0.416445309842 0.0 0.416445309842 1.45326871996 0.537852880087 -0.537852880087 1.45326871996 
49.7574560142 113.851183479 1.69664049149 119.240432739 19.3087863922 12582912 0.347392425531 0.0 0.347392425531 -0.828767388964 1.48045046264 -1.48045046264 -0.828767388964 
115.760868068 86.519689366 1.4521664381 90.1449584961 18.7405414581 8388608 0.474206179862 0.0 0.474206179862 -0.00367398157708 1.45216179051 -1.45216179051 -0.00367398157708 
140.192895484 94.8266747244 1.34013426304 257.423278809 14.4791202545 8388608 0.556805322744 0.0 0.556805322744 -0.291809835272 -1.30797815846 1.30797815846 -0.291809835272 
148.491239146 93.5258451055 1.49028944969 258.70010376 14.3542137146 8388608 0.450255209273 0.0 0.450255209273 -0.292013824951 -1.46140020867 1.46140020867 -0.292013824951 
197.804258146 73.1736873986 1.50056004524 188.421844482 13.2441835403 8388608 0.444112751557 0.0 0.444112751557 -1.48437885461 -0.219772303431 0.219772303431 -1.48437885461 
161.327176462 95.5153119865 2.71992349625 353.428649902 12.3412780762 13304320 0.135171963551 0.0 0.135171963551 2.70205390901 -0.31126917332 0.31126917332 2.70205390901 
162.089087792 85.4259625456 1.35114693642 40.6434326172 11.8327980042 8388608 0.547765705273 0.0 0.547765705273 1.02522026602 0.880069002937 -0.880069002937 1.02522026602 
145.991987283 103.657329366 1.53085398674 268.073669434 10.7509403229 8388608 0.426709646461 0.0 0.426709646461 -0.0514588565761 -1.529988861 1.529988861 -0.0514588565761 
140.468205219 103.738547214 1.51073896885 269.229736328 10.104598999 8388608 0.438148305483 0.0 0.438148305483 -0.02030921481 -1.51060245194 1.51060245194 -0.02030921481 
14.6426503187 109.774735638 1.53281831741 189.89642334 9.11887741089 8388608 0.425616677053 0.0 0.425616677053 -1.51001006795 -0.263441813101 0.263441813101 -1.51001006795 
240.415773821 81.9485309443 1.23786985874 206.422042847 8.98598861694 8388608 0.65260443881 0.0 0.65260443881 -1.10856275786 -0.550827013745 0.550827013745 -1.10856275786 
194.539069358 92.2588158354 1.70191514492 186.226165771 8.89802265167 12845056 0.345242453288 0.0 0.345242453288 -1.69187646529 -0.18457840256 0.18457840256 -1.69187646529 
185.87706417 80.8251797505 2.61799383163 139.553314209 8.69344425201 10551808 0.145902509612 0.0 0.145902509612 -1.99231936338 1.69839784997 -1.69839784997 -1.99231936338 
34.4438048793 84.2271275542 1.32883822918 180.813766479 7.84669113159 8388608 0.566312010588 0.0 0.566312010588 -1.32870420315 -0.0188727278208 0.0188727278208 -1.32870420315 
292.265203022 113.164688157 1.2887994051 69.4716796875 7.66875839233 8388608 0.602045543685 0.0 0.602045543685 0.451943698922 1.20695931977 -1.20695931977 0.451943698922 
34.9471127446 73.9608195005 1.33231711388 190.814056396 7.03644943237 8388608 0.563358416424 0.0 0.563358416424 -1.30865682844 -0.249972393065 0.249972393065 -1.30865682844 
31.2562000728 59.4256557135 2.65309238434 222.56211853 6.83068847656 11534848 0.142067668766 0.0 0.142067668766 -1.95412046323 -1.79452289342 1.79452289342 -1.95412046323 
26.7525582412 53.4030211904 3.53851675987 218.733398438 6.81451416016 15597569 0.0798651820786 0.0 0.0798651820786 -2.76027595269 -2.2140409944 2.2140409944 -2.76027595269 
38.6738898115 67.9209604066 1.29868257046 246.528625488 6.78767776489 8388608 0.592917100493 0.0 0.592917100493 -0.517253381872 -1.19122850778 1.19122850778 -0.517253381872 
29.6630746243 68.0841344673 2.25559306145 200.60055542 6.72400283813 16515328 0.196552467408 0.0 0.196552467408 -2.11136170062 -0.79363204825 0.79363204825 -2.11136170062 
32.2830211506 46.4124114864 3.54359722137 223.120330811 6.63631057739 15728641 0.0796363405405 0.0 0.0796363405405 -2.58654169742 -2.4221650057 2.4221650057 -2.58654169742 
41.197334551 63.932682041 1.31503522396 196.493225098 6.55554580688 8388608 0.578262764873 0.0 0.578262764873 -1.26092587907 -0.373341087677 0.373341087677 -1.26092587907 
90.6653765467 36.573604972 1.2992978096 269.740234375 6.06335449219 8388608 0.5923557212 0.0 0.5923557212 -0.00589069132451 -1.29928445607 1.29928445607 -0.00589069132451 
260.669140502 111.234632165 1.28973138332 69.7914123535 5.93043327332 8388608 0.601175764725 0.0 0.601175764725 0.445523337463 1.21033714184 -1.21033714184 0.445523337463 
85.5676375775 35.5414082145 1.72672200203 264.399688721 5.86441421509 13893632 0.335393895909 0.0 0.335393895909 -0.168507876281 -1.71848013312 1.71848013312 -0.168507876281 
86.4116620896 23.1944595684 2.9820690155 261.584655762 5.79433441162 19988992 0.112451335955 0.0 0.112451335955 -0.436419710588 -2.94996160135 2.94996160135 -0.436419710588 
83.4412115922 40.6054126123 1.36265265942 265.773193359 5.76736831665 8388608 0.53855450575 0.0 0.53855450575 -0.100434037338 -1.35894638392 1.35894638392 -0.100434037338 
99.6488849128 28.3780810676 1.70348858833 207.374435425 5.69071960449 12910592 0.344604974889 0.0 0.344604974889 -1.5127330119 -0.783270199417 0.783270199417 -1.5127330119 
46.7856399658 30.554913914 3.97807860374 231.958023071 5.65901184082 24117249 0.0631907164836 0.0 0.0631907164836 -2.45144572785 -3.13297354297 3.13297354297 -2.45144572785 
61.0641408946 44.9747096218 1.49775469303 241.37802124 5.57020950317 8388608 0.445777990194 0.0 0.445777990194 -0.717467361447 -1.31472799687 1.31472799687 -0.717467361447 
118.037145863 20.5811151727 1.70536398888 211.793518066 5.25763320923 12976128 0.343847462702 0.0 0.343847462702 -1.44947804916 -0.898487462098 0.898487462098 -1.44947804916 
271.44634985 127.51135106 1.86531662941 80.2460632324 5.06964111328 19464192 0.287405368395 0.0 0.287405368395 0.316016758835 1.83835239714 -1.83835239714 0.316016758835 
42.792449863 135.459534201 1.29588901997 95.2580871582 4.92425537109 8388608 0.595476160912 0.0 0.595476160912 -0.11875808597 1.29043592212 -1.29043592212 -0.11875808597 
267.597458969 107.72178253 1.72121465206 63.5504760742 4.3640089035 13631488 0.33754364136 0.0 0.33754364136 0.766644886705 1.54105012772 -1.54105012772 0.766644886705 
287.710456488 77.2802071476 3.27162861824 283.489013672 4.25439834595 9961473 0.0934269138288 0.0 0.0934269138288 0.763136525312 -3.18137964717 3.18137964717 0.763136525312 
283.944170368 79.80913164 1.39718830585 279.81942749 4.06465911865 8388608 0.512259611659 0.0 0.512259611659 0.238281544862 -1.3767196764 1.3767196764 0.238281544862 
283.742800771 50.5688338892 2.18830871582 351.133514404 3.93197250366 14287104 0.208825158532 0.0 0.208825158532 2.16215884798 -0.337289418476 0.337289418476 2.16215884798 
276.934179347 34.6635486903 2.16516757011 318.539001465 3.88833618164 13500672 0.213312827694 0.0 0.213312827694 1.62259085705 -1.43357926787 1.43357926787 1.62259085705 
242.154761211 21.0018186225 2.04752588272 288.422637939 3.81526565552 9502976 0.238529006478 0.0 0.238529006478 0.647067154642 -1.94259268448 1.94259268448 0.647067154642 
278.393204888 55.2993705309 1.27254617214 354.405578613 3.79070663452 8388608 0.617522664969 0.0 0.617522664969 1.26648490294 -0.124055434626 0.124055434626 1.26648490294 
278.80924362 78.8530252208 1.37204504013 280.247436523 3.72667312622 8388608 0.531206356974 0.0 0.531206356974 0.244086151624 -1.35015908053 1.35015908053 0.244086151624 
279.354167469 73.4267960486 1.41464316845 1.67150878906 3.65358352661 8388608 0.499696360995 0.0 0.499696360995 1.41404122156 0.0412640008308 -0.0412640008308 1.41404122156 
287.057694831 67.0056550746 2.77239942551 359.309051514 3.54806518555 14680576 0.13010332615 0.0 0.13010332615 2.77219783661 -0.0334324582617 0.0334324582617 2.77219783661 
307.371535796 74.8490637029 1.28207421303 309.596099854 3.54410171509 8388608 0.608378236702 0.0 0.608378236702 0.817157614436 -0.987910785892 0.987910785892 0.817157614436 
273.78419488 43.9299366684 1.20633077621 309.70022583 3.49914932251 8388608 0.687174736229 0.0 0.687174736229 0.770568935403 -0.928147325285 0.928147325285 0.770568935403 
175.586015619 101.56061502 1.60521233082 8.04949951172 1.85138463974 8585216 0.388092299495 0.0 0.388092299495 1.58939691767 0.224775588309 -0.224775588309 1.58939691767 
174.610733958 94.12854157 1.47335731983 59.4482727051 1.52219867706 8388608 0.460663528564 0.0 0.460663528564 0.748931165431 1.26881200394 -1.26881200394 0.748931165431 
