13
180
181.729830868 131.177353541 2.45160317421 37.5316772461 142.624923706 22479104 0.166379436866 0.0 0.166379436866 1.94416214066 1.49351655318 -1.49351655318 1.94416214066 
177.126437887 140.235429601 1.93153202534 60.759552002 137.09777832 21954560 0.26803787949 0.0 0.26803787949 0.94350660786 1.68541129871 -1.68541129871 0.94350660786 
113.132802815 112.709146671 2.88987469673 85.3218383789 125.941352844 17695232 0.119740750315 0.0 0.119740750315 0.235694229048 2.88024721043 -2.88024721043 0.235694229048 
28.0936738581 108.543182266 2.93798160553 99.0000610352 124.1980896 18874880 0.115851551752 0.0 0.115851551752 -0.459604671954 2.90180968707 -2.90180968707 -0.459604671954 
76.4871627726 80.83211006 7.79984951019 71.4305419922 121.501976013 22675458 0.0164371891559 0.0 0.0164371891559 2.4838936516 7.39377607919 -7.39377607919 2.4838936516 
166.844399247 143.927167198 2.67463111877 58.8787536621 121.167938232 12124672 0.139788747469 0.0 0.139788747469 1.38238526839 2.28968613379 -2.28968613379 1.38238526839 
109.150972699 98.8225216956 2.98578238487 89.4143066406 116.723022461 20054528 0.112171802065 0.0 0.112171802065 0.0305209646226 2.98562638663 -2.98562638663 0.0305209646226 
164.477664936 145.703302116 1.81959426403 60.9413452148 116.012908936 17629184 0.302030555743 0.0 0.302030555743 0.883785542484 1.59054908776 -1.59054908776 0.883785542484 
184.207239587 119.056225533 1.98246192932 13.8186950684 112.592376709 23855104 0.254442871429 0.0 0.254442871429 1.92508233831 0.473511659787 -0.473511659787 1.92508233831 
189.304986434 48.6109590335 1.49740350246 90.9145507812 112.305709839 8388608 0.445987114032 0.0 0.445987114032 -0.0239004234387 1.49721275006 -1.49721275006 -0.0239004234387 
118.922558216 97.3271216922 3.66070485115 28.6175537109 108.909675598 18087937 0.0746226333029 0.0 0.0746226333029 3.21349951911 1.75333420885 -1.75333420885 3.21349951911 
221.708312562 45.3977935568 3.9139008522 77.587890625 103.908981323 22937601 0.0652800322598 0.0 0.0652800322598 0.841260661535 3.82242074872 -3.82242074872 0.841260661535 
36.2770548045 57.4455184323 3.21762800217 64.4632263184 103.356887817 8781825 0.0965891478067 0.0 0.0965891478067 1.38708824336 2.90329401981 -2.90329401981 1.38708824336 
192.383582724 96.4907363069 7.201836586 340.844482422 103.309272766 16908290 0.019280286118 0.0 0.019280286118 6.80308102049 -2.36316288902 2.36316288902 6.80308102049 
113.095056237 68.3623860256 1.73844718933 72.3125 102.87752533 14352384 0.330884935902 0.0 0.330884935902 0.528184091409 1.65626694578 -1.65626694578 0.528184091409 
125.042415203 75.0554553491 2.27397727966 68.3163757324 100.650764465 17039616 0.193387214384 0.0 0.193387214384 0.840191823089 2.11306657937 -2.11306657937 0.840191823089 
193.815708197 49.6693639578 2.47645521164 90.9622497559 96.903678894 23265536 0.163056848517 0.0 0.163056848517 -0.0415886898504 2.47610597433 -2.47610597433 -0.0415886898504 
174.190007763 113.997830107 1.56104433537 54.8045349121 95.6486968994 8388608 0.410364255334 0.0 0.410364255334 0.899735436454 1.27567063201 -1.27567063201 0.899735436454 
81.6042296076 47.5913556988 1.3916618824 80.6738586426 95.487449646 8388608 0.516336154363 0.0 0.516336154363 0.225524458065 1.37326673073 -1.37326673073 0.225524458065 
190.132433881 64.0756749295 3.89773845673 98.6941833496 95.1566848755 22609921 0.0658225361837 0.0 0.0658225361837 -0.589183968732 3.85295047049 -3.85295047049 -0.589183968732 
154.597785179 142.552397147 2.19593167305 43.8165283203 94.6741485596 14549248 0.20737784369 0.0 0.20737784369 1.5844976285 1.52035626679 -1.52035626679 1.5844976285 
177.648748713 109.877827253 2.22158455849 34.494140625 92.6031036377 15401216 0.202616264256 0.0 0.202616264256 1.83099468783 1.25813210898 -1.25813210898 1.83099468783 
88.10627628 46.2498908994 3.65036821365 77.9677124023 90.4425735474 17891329 0.0750458449706 0.0 0.0750458449706 0.760966228141 3.57017065347 -3.57017065347 0.760966228141 
147.038556904 107.571395253 1.273011446 200.792098999 90.1022720337 8388608 0.617071349865 0.0 0.617071349865 -1.19010611248 -0.451891118171 0.451891118171 -1.19010611248 
147.619043866 119.023241774 2.53377223015 77.0616455078 88.2565689087 24903936 0.155763198283 0.0 0.155763198283 0.567318146936 2.46944362852 -2.46944362852 0.567318146936 
143.339734259 121.460777695 1.57442593575 73.2130737305 87.0452423096 8388608 0.403418239042 0.0 0.403418239042 0.454715226628 1.50733244171 -1.50733244171 0.454715226628 
148.684529266 132.008175855 2.20196819305 57.5288085938 85.4443206787 14745856 0.20624238261 0.0 0.20624238261 1.18218272876 1.85771577994 -1.85771577994 1.18218272876 
156.293241798 97.1983467006 2.61393475533 209.018234253 85.1475830078 10420736 0.146355993957 0.0 0.146355993957 -2.28579543154 -1.26798822953 1.26798822953 -2.28579543154 
33.9243971662 128.622460297 4.50983333588 116.637207031 79.8372039795 16449793 0.0491676005919 0.0 0.0491676005919 -2.02193707193 4.03117441877 -4.03117441877 -2.02193707193 
133.161740538 20.6560088724 1.45801019669 73.3938598633 78.9468383789 8388608 0.470412526002 0.0 0.470412526002 0.416686286863 1.39719943887 -1.39719943887 0.416686286863 
29.3784949205 74.3143227304 1.54540944099 105.693832397 76.4705352783 8388608 0.418709561028 0.0 0.418709561028 -0.418028332406 1.48779792096 -1.48779792096 -0.418028332406 
157.501238717 116.519631539 5.96987295151 202.365859985 76.4365921021 20054529 0.0280588471017 0.0 0.0280588471017 -5.5207769155 -2.27165254967 2.27165254967 -5.5207769155 
64.1522714089 75.2637448373 1.43122911453 68.8414306641 74.8936920166 8388608 0.488181902531 0.0 0.488181902531 0.516602593803 1.3347428735 -1.3347428735 0.516602593803 
166.609305741 91.9576551142 4.70020246506 222.07270813 73.6520843506 19464449 0.0452654527036 0.0 0.0452654527036 -3.48893727342 -3.1494793085 3.1494793085 -3.48893727342 
109.232896072 77.6532696794 1.2642146349 81.9307861328 73.2364730835 8388608 0.625688788297 0.0 0.625688788297 0.177456863583 1.25169792868 -1.25169792868 0.177456863583 
166.213219472 48.1541976252 2.55222797394 91.5960083008 72.4807281494 8716800 0.153518624672 0.0 0.153518624672 -0.0710846472117 2.55123785717 -2.55123785717 -0.0710846472117 
269.503993466 90.6357704123 2.86421942711 28.5936889648 72.4116973877 17039872 0.121895431145 0.0 0.121895431145 2.51488690166 1.3708015168 -1.3708015168 2.51488690166 
146.449884398 66.7245864747 2.144790411 50.1810302734 72.3841094971 12845312 0.21738535427 0.0 0.21738535427 1.37344663307 1.64735249816 -1.64735249816 1.37344663307 
203.258145371 60.1312604528 1.58589982986 17.0057678223 71.7206344604 8388608 0.397601940179 0.0 0.397601940179 1.51655686538 0.463824907099 -0.463824907099 1.51655686538 
114.938142778 29.8109970617 2.61890649796 59.5618896484 69.7020721436 10551808 0.1458008358 0.0 0.1458008358 1.32675729147 2.25796065833 -2.25796065833 1.32675729147 
86.6546494656 125.269247075 2.09505605698 317.063690186 67.5019760132 11141376 0.227828842883 0.0 0.227828842883 1.53381434194 -1.42712068387 1.42712068387 1.53381434194 
167.378789159 84.6320893117 3.01567101479 233.341217041 66.8644866943 20775424 0.109959327844 0.0 0.109959327844 -1.80050100117 -2.4191874285 2.4191874285 -1.80050100117 
108.883615599 74.7677421954 5.21803998947 266.44619751 65.9731674194 10289665 0.0367269779164 0.0 0.0367269779164 -0.32344433935 -5.20800586511 5.20800586511 -0.32344433935 
244.973125311 112.535113137 2.39728832245 263.040435791 64.6927261353 20906240 0.174004091469 0.0 0.174004091469 -0.290476635316 -2.37962489172 2.37962489172 -0.290476635316 
94.409438744 79.0951776916 1.65818810463 85.2698059082 64.4171218872 10944512 0.363690878871 0.0 0.363690878871 0.136740345462 1.65254042863 -1.65254042863 0.136740345462 
158.106058084 110.963550071 2.68942070007 351.928405762 63.8147697449 12517888 0.138255530664 0.0 0.138255530664 2.66277766135 -0.377622600186 0.377622600186 2.66277766135 
64.2642269506 72.4848786373 2.51229143143 269.805603027 63.1571731567 24248576 0.158438224069 0.0 0.158438224069 -0.00852385491297 -2.51227697126 2.51227697126 -0.00852385491297 
105.243362135 68.8950655983 2.17397809029 266.704498291 61.3083839417 13828352 0.211587337776 0.0 0.211587337776 -0.124972537035 -2.17038305422 2.17038305422 -0.124972537035 
154.707201705 128.852498843 1.43233168125 30.6055908203 60.9119529724 8388608 0.487430615717 0.0 0.487430615717 1.23279692294 0.729236444452 -0.729236444452 1.23279692294 
101.650511943 38.8967439784 1.51092922688 60.4392700195 60.5711555481 8388608 0.438037968107 0.0 0.438037968107 0.745410597989 1.31425650808 -1.31425650808 0.745410597989 
120.084023763 99.3395369496 1.5128800869 18.2442932129 60.4494094849 8388608 0.436908995895 0.0 0.436908995895 1.43682807892 0.473636177843 -0.473636177843 1.43682807892 
265.750294903 108.283110538 3.92270445824 354.222290039 57.7458229065 23068673 0.064987349086 0.0 0.064987349086 3.90277691535 -0.394895702267 0.394895702267 3.90277691535 
146.212053068 71.9744398644 5.43248748779 224.955368042 57.5762062073 13238785 0.0338846130534 0.0 0.0338846130534 -3.84433988873 -3.83835526299 3.83835526299 -3.84433988873 
271.117592166 78.3116096296 1.63352358341 209.542144775 56.1443023682 9830400 0.374756506986 0.0 0.374756506986 -1.42115449281 -0.805431067891 0.805431067891 -1.42115449281 
266.395349639 102.11140704 2.76297616959 1.79992675781 55.6020011902 14418432 0.130992286114 0.0 0.130992286114 2.76161291857 0.0867836485839 -0.0867836485839 2.76161291857 
175.304027636 77.7997548249 2.40392780304 283.821502686 55.2114715576 21102848 0.173044244536 0.0 0.173044244536 0.574293304715 -2.33432133229 2.33432133229 0.574293304715 
28.1651186795 119.885571122 2.29754519463 277.018432617 54.2436790466 17826048 0.189440082357 0.0 0.189440082357 0.280733943293 -2.28032944428 2.28032944428 0.280733943293 
274.567405026 44.8269691325 2.15571331978 132.455383301 51.2685165405 13238528 0.215187970529 0.0 0.215187970529 -1.45514072111 1.59049218761 -1.59049218761 -1.45514072111 
241.708863528 45.9693851424 2.32571220398 83.0401916504 50.2470359802 18678016 0.184879201351 0.0 0.184879201351 0.281813677337 2.30857495157 -2.30857495157 0.281813677337 
15.07115099 105.791681753 1.51085996628 191.562133789 49.0556678772 8388608 0.438078129958 0.0 0.438078129958 -1.48020148413 -0.302822396924 0.302822396924 -1.48020148413 
172.362506975 62.5843877982 3.45150327682 252.323104858 48.8579864502 13828097 0.0839427939031 0.0 0.0839427939031 -1.04804506946 -3.28853712193 3.28853712193 -1.04804506946 
42.6008697279 74.9802377613 1.44516503811 90.0163879395 46.4750480652 8388608 0.478812089261 0.0 0.478812089261 -0.000413351158194 1.44516497899 -1.44516497899 -0.000413351158194 
49.2922155875 75.310584399 1.46419632435 93.5679931641 45.7211952209 8388608 0.466446002455 0.0 0.466446002455 -0.0911213114175 1.46135819799 -1.46135819799 -0.0911213114175 
54.459654747 75.3877570738 1.44502496719 91.5306396484 45.2064208984 8388608 0.47890491935 0.0 0.47890491935 -0.0385988191446 1.44450935856 -1.44450935856 -0.0385988191446 
59.4591571474 122.182944258 1.50110530853 280.355743408 44.4553604126 8388608 0.443790170059 0.0 0.443790170059 0.269837726566 -1.47665322558 1.47665322558 0.269837726566 
245.628749726 44.1886787962 4.50919485092 80.3440551758 43.8785667419 16449793 0.0491815254707 0.0 0.0491815254707 0.756333631403 4.44531187225 -4.44531187225 0.756333631403 
97.327151055 93.6694188321 1.98314774036 178.355270386 43.6441688538 23855104 0.254266919275 0.0 0.254266919275 -1.98233070847 0.0569203159683 -0.0569203159683 -1.98233070847 
68.4250040432 128.309815751 3.51592755318 312.095153809 43.4201278687 15138817 0.0808947178469 0.0 0.0808947178469 2.35695076168 -2.60893266801 2.60893266801 2.35695076168 
281.072579717 59.6704721686 1.71148407459 162.785522461 43.2529182434 13238272 0.341392735295 0.0 0.341392735295 -1.63481576976 0.506512720977 -0.506512720977 -1.63481576976 
138.508801867 133.935116061 3.39051532745 258.80670166 42.7865333557 12517377 0.086989848793 0.0 0.086989848793 -0.658165518002 -3.32602049552 3.32602049552 -0.658165518002 
176.840000065 97.9641227127 1.32650721073 120.848510742 42.75 8388608 0.568304074556 0.0 0.568304074556 -0.680193021128 1.13884100476 -1.13884100476 -0.680193021128 
175.588760619 96.8632444169 1.93516659737 114.761627197 42.6534118652 22085632 0.267031983541 0.0 0.267031983541 -0.810532958986 1.75724388801 -1.75724388801 -0.810532958986 
200.003972149 32.6354008433 2.84416818619 10.4594726562 42.6022262573 16515584 0.123620202734 0.0 0.123620202734 2.79690824542 0.516330260598 -0.516330260598 2.79690824542 
198.263142053 67.470366135 1.28220617771 74.2911376953 39.2814903259 8388608 0.608253014548 0.0 0.608253014548 0.347156487166 1.23431562235 -1.23431562235 0.347156487166 
192.035565341 131.912147742 1.30450463295 193.40625 38.8480529785 8388608 0.587636479621 0.0 0.587636479621 -1.26895765481 -0.302454637391 0.302454637391 -1.26895765481 
198.637201187 38.0565137965 1.86514174938 356.848388672 38.6485099792 19464192 0.287459266513 0.0 0.287459266513 1.8623208189 -0.102542248745 0.102542248745 1.8623208189 
152.864968221 108.483364187 1.24457061291 137.138946533 38.5948562622 8388608 0.645596126173 0.0 0.645596126173 -0.912277037545 0.84658526876 -0.84658526876 -0.912277037545 
67.5042583193 123.638585038 1.84896910191 319.447906494 37.594203949 18808832 0.292509982958 0.0 0.292509982958 1.40487477461 -1.20208718797 1.20208718797 1.40487477461 
132.770864162 120.512181154 2.05460739136 260.575134277 37.5122451782 9765120 0.236887588967 0.0 0.236887588967 -0.33645040076 -2.02687263054 2.02687263054 -0.33645040076 
40.7771281578 62.4447110389 1.38512027264 269.918426514 37.1997756958 8388608 0.521224748777 0.0 0.521224748777 -0.00197203096653 -1.38511886882 1.38511886882 -0.00197203096653 
248.913868782 94.1745095832 3.50696158409 251.8487854 37.1204299927 15007745 0.081308880751 0.0 0.081308880751 -1.09250949216 -3.33244693309 3.33244693309 -1.09250949216 
27.3952779263 95.987316778 2.06537222862 278.75970459 35.931438446 10092800 0.234424681031 0.0 0.234424681031 0.314537167844 -2.04128116946 2.04128116946 0.314537167844 
258.464718148 77.6455299647 2.62513184547 209.005859375 34.028968811 10748416 0.145110139338 0.0 0.145110139338 -2.29586188184 -1.27292396696 1.27292396696 -2.29586188184 
253.350853395 99.8356866862 1.75405883789 257.164642334 33.5683097839 15007744 0.325021197166 0.0 0.325021197166 -0.38966456999 -1.71022920384 1.71022920384 -0.38966456999 
167.175934363 128.179481379 2.93259358406 203.134796143 32.5582847595 18743808 0.116277648351 0.0 0.116277648351 -2.69676337747 -1.15220328728 1.15220328728 -2.69676337747 
188.968112944 143.578698635 1.9990285635 58.5210876465 31.6668281555 24444928 0.250243036181 0.0 0.250243036181 1.04386216289 1.70483635067 -1.70483635067 1.04386216289 
257.028530217 114.034319266 2.70412540436 180.15512085 30.6791629791 12911104 0.13675598551 0.0 0.13675598551 -2.70411549395 -0.00732105787375 0.00732105787375 -2.70411549395 
98.5388781884 122.993118019 1.68099308014 269.85647583 30.5595741272 11927552 0.353889884205 0.0 0.353889884205 -0.00421083169137 -1.68098780613 1.68098780613 -0.00421083169137 
266.515924659 57.8554234078 1.42253160477 57.0744018555 28.6952724457 8388608 0.494169744203 0.0 0.494169744203 0.773216362839 1.19404046112 -1.19404046112 0.773216362839 
146.930833482 128.026092524 1.25255727768 262.601470947 28.2480430603 8388608 0.637389361737 0.0 0.637389361737 -0.161291972858 -1.24212907275 1.24212907275 -0.161291972858 
107.088475862 57.0718140161 2.64374923706 267.680114746 27.8937892914 11272704 0.143073592181 0.0 0.143073592181 -0.107015198247 -2.64158243782 2.64158243782 -0.107015198247 
141.606148534 84.929353908 3.57172632217 216.432617188 27.2222385406 16318465 0.0783869291859 0.0 0.0783869291859 -2.87365329653 -2.12116610661 2.12116610661 -2.87365329653 
255.437569229 80.0445470344 1.35015141964 77.9830322266 27.0206336975 8388608 0.548573779064 0.0 0.548573779064 0.281103353355 1.32056418272 -1.32056418272 0.281103353355 
236.040955113 26.5042282168 1.50947976112 290.351379395 25.338344574 8388608 0.43887961685 0.0 0.43887961685 0.524961669834 -1.41525418016 1.41525418016 0.524961669834 
245.749555532 60.5155376298 3.22664690018 273.539916992 25.1431102753 8978433 0.0960499439568 0.0 0.0960499439568 0.199225789838 -3.22049053765 3.22049053765 0.199225789838 
205.120654082 22.3321396701 1.55247747898 271.085083008 24.9774475098 8388608 0.414905682006 0.0 0.414905682006 0.0293994819742 -1.55219908298 1.55219908298 0.0293994819742 
74.0054782204 132.670883355 1.30711078644 317.860931396 24.777053833 8388608 0.585295524084 0.0 0.585295524084 0.969246856952 -0.876982974926 0.876982974926 0.969246856952 
186.759704666 104.459538475 1.28834247589 144.777664185 24.750535965 8388608 0.602472667653 0.0 0.602472667653 -1.05247289466 0.743052583062 -0.743052583062 -1.05247289466 
67.5491280055 18.5478200896 1.34675598145 27.3016662598 22.7387905121 8388608 0.55134339203 0.0 0.55134339203 1.19673260933 0.617723834192 -0.617723834192 1.19673260933 
87.0775829542 136.201768613 1.24590241909 277.781341553 21.9527378082 8388608 0.644216645159 0.0 0.644216645159 0.168686375132 -1.23443012955 1.23443012955 0.168686375132 
150.852045414 25.6671624945 2.00687074661 255.249359131 21.7770309448 24772608 0.248291124319 0.0 0.248291124319 -0.510974909523 -1.94073049016 1.94073049016 -0.510974909523 
56.0274927756 10.9354647407 1.33870136738 38.5564575195 21.6695537567 8388608 0.557997927669 0.0 0.557997927669 1.04685693242 0.834393141191 -0.834393141191 1.04685693242 
215.430246595 55.2412929433 1.98425662518 320.58203125 20.8749828339 23920640 0.253982808905 0.0 0.253982808905 1.53290665063 -1.25994902873 1.25994902873 1.53290665063 
258.01467827 91.028584153 1.30393970013 198.705718994 20.5863113403 8388608 0.588145777788 0.0 0.588145777788 -1.23506335059 -0.418183287075 0.418183287075 -1.23506335059 
91.991247867 144.15400678 2.14101195335 268.093444824 20.3973484039 12714240 0.218153314615 0.0 0.218153314615 -0.0712304500035 -2.13982672369 2.13982672369 -0.0712304500035 
93.6076642958 142.882850297 1.4091770649 267.178100586 20.1098995209 8388608 0.503580456992 0.0 0.503580456992 -0.0693759384128 -1.40746828717 1.40746828717 -0.0693759384128 
221.226622825 63.6279701882 3.82529139519 270.426635742 19.7456512451 21233665 0.0683393671776 0.0 0.0683393671776 0.0284836154783 -3.82518534737 3.82518534737 0.0284836154783 
55.2545148177 140.153508831 2.6952149868 120.438568115 19.7380409241 12648960 0.137661714527 0.0 0.137661714527 -1.36543429864 2.32374116484 -2.32374116484 -1.36543429864 
107.823595112 86.569117344 1.59041893482 267.302612305 19.6801815033 8388608 0.395345613763 0.0 0.395345613763 -0.0748465591049 -1.5886567851 1.5886567851 -0.0748465591049 
15.8168573088 89.1714900089 1.44457387924 2.06994628906 19.6581325531 8388608 0.47920405527 0.0 0.47920405527 1.44363126193 0.0521773147804 -0.0521773147804 1.44363126193 
245.784077776 91.8125571697 2.01450133324 80.255279541 19.4659538269 25034752 0.246413718057 0.0 0.246413718057 0.340971854046 1.98543542236 -1.98543542236 0.340971854046 
101.009138028 23.8511928234 1.41878592968 61.5273742676 19.1860942841 8388608 0.496782460656 0.0 0.496782460656 0.676390347538 1.2471766563 -1.2471766563 0.676390347538 
183.004528632 70.0992790564 1.6575564146 291.860565186 18.8482246399 10944512 0.363968134806 0.0 0.363968134806 0.617189630691 -1.53836609016 1.53836609016 0.617189630691 
255.436878006 16.8891074082 1.2769972086 90.0838012695 18.642698288 8388608 0.613225356163 0.0 0.613225356163 -0.0018677457576 1.27699584271 -1.27699584271 -0.0018677457576 
22.1568728745 26.1480848521 1.33785283566 37.6034240723 18.2252559662 8388608 0.558705971307 0.0 0.558705971307 1.05991816188 0.816347781269 -0.816347781269 1.05991816188 
39.571412132 38.6623186076 1.53854799271 55.3194580078 17.4109363556 8388608 0.422452519008 0.0 0.422452519008 0.875434246814 1.26520543998 -1.26520543998 0.875434246814 
140.842785358 78.3563787582 1.98463284969 14.8800964355 17.0627441406 23920640 0.253886523587 0.0 0.253886523587 1.91807887079 0.509647911313 -0.509647911313 1.91807887079 
55.5556612993 30.9170064483 3.41966342926 13.0842895508 16.9343910217 13172737 0.0855132223635 0.0 0.0855132223635 3.33088239487 0.774157891509 -0.774157891509 3.33088239487 
71.3113096632 33.199307882 1.25778973103 41.3551940918 16.7339382172 8388608 0.632097264141 0.0 0.632097264141 0.944132181566 0.831053206001 -0.831053206001 0.944132181566 
84.9808383133 11.991952541 1.61581993103 251.818222046 16.5262432098 9043968 0.383013497026 0.0 0.383013497026 -0.504188782874 -1.53514420194 1.53514420194 -0.504188782874 
64.863921516 12.8813170985 1.2500616312 310.013793945 16.3205661774 8388608 0.639936894316 0.0 0.639936894316 0.803754647232 -0.957409290146 0.957409290146 0.803754647232 
13.1997191544 22.1493365183 1.78302001953 33.3392944336 16.2516536713 16187392 0.314548458496 0.0 0.314548458496 1.48958954807 0.979940492244 -0.979940492244 1.48958954807 
91.2270264317 16.1427490595 1.28016352654 7.36242675781 15.994852066 8388608 0.610195641324 0.0 0.610195641324 1.26960910352 0.164046880272 -0.164046880272 1.26960910352 
82.3596297119 23.2166829983 2.2563419342 79.8148498535 15.9625968933 16515328 0.196422018774 0.0 0.196422018774 0.398988158345 2.2207853056 -2.2207853056 0.398988158345 
30.9865091343 37.5269099129 1.54216051102 97.952911377 15.6625385284 8388608 0.420475643086 0.0 0.420475643086 -0.213372095717 1.5273281869 -1.5273281869 -0.213372095717 
45.110391045 142.603903304 1.4834446907 218.098754883 15.437204361 8388608 0.454419838365 0.0 0.454419838365 -1.16739447157 -0.915313224058 0.915313224058 -1.16739447157 
130.653493303 99.315702834 1.90492594242 80.2132568359 15.3127975464 20971520 0.275577532608 0.0 0.275577532608 0.323802160377 1.8772040398 -1.8772040398 0.323802160377 
102.242223977 21.5360793945 2.66675972939 45.9580993652 15.1096248627 11862528 0.140615185305 0.0 0.140615185305 1.85388933775 1.91695116725 -1.91695116725 1.85388933775 
272.066407049 20.7998116777 2.64414644241 73.6547851562 14.8667316437 11272704 0.143030610199 0.0 0.143030610199 0.744126400019 2.53727931252 -2.53727931252 0.744126400019 
229.820355711 29.5393699926 1.30310118198 157.870574951 14.7514667511 8388608 0.58890294014 0.0 0.58890294014 -1.20710861583 0.490878274205 -0.490878274205 -1.20710861583 
275.629365276 63.9675297843 1.51561939716 161.789779663 14.4910335541 8388608 0.43533109615 0.0 0.43533109615 -1.43971160417 0.473637682082 -0.473637682082 -1.43971160417 
81.6452707019 18.2843829912 1.26207196712 345.107208252 14.0722484589 8388608 0.627815103224 0.0 0.627815103224 1.2196769769 -0.324366647845 0.324366647845 1.2196769769 
20.4148898539 45.8890256443 1.72805190086 102.626098633 13.9517250061 13893632 0.334877860117 0.0 0.334877860117 -0.377730986808 1.68626293136 -1.68626293136 -0.377730986808 
123.132921364 38.6018475469 1.46378469467 235.112762451 13.6115512848 8388608 0.466708377126 0.0 0.466708377126 -0.83723093863 -1.2007122835 1.2007122835 -0.83723093863 
269.952526719 20.9228731545 1.7581744194 68.7607116699 13.5501060486 15204352 0.323501341558 0.0 0.323501341558 0.636922927664 1.63875149832 -1.63875149832 0.636922927664 
43.4017704751 32.9588493341 1.61268913746 111.050628662 13.1478366852 8912896 0.384502066817 0.0 0.384502066817 -0.579266255203 1.5050637394 -1.5050637394 -0.579266255203 
265.772823466 20.2042690744 2.09598994255 108.427047729 12.5131416321 11206912 0.227625866079 0.0 0.227625866079 -0.66253600605 1.98852203406 -1.98852203406 -0.66253600605 
81.8229003333 89.8669209086 2.05607414246 246.421829224 12.2954750061 9765120 0.236549730335 0.0 0.236549730335 -0.822429403674 -1.884423189 1.884423189 -0.822429403674 
287.320707413 122.348227773 1.28200244904 73.3282470703 11.9006080627 8388608 0.608446350259 0.0 0.608446350259 0.367791470202 1.22811225618 -1.22811225618 0.367791470202 
211.193479434 27.7616095744 1.44521141052 15.6747436523 11.860417366 8388608 0.478781362524 0.0 0.478781362524 1.39146534988 0.390461523308 -0.390461523308 1.39146534988 
138.485543678 85.5140764861 1.76098263264 18.4121398926 11.6315116882 15269888 0.322470398519 0.0 0.322470398519 1.67083636489 0.556206503196 -0.556206503196 1.67083636489 
179.186833946 38.2505756712 1.46819519997 254.469818115 11.0671253204 8388608 0.463908575044 0.0 0.463908575044 -0.393103324085 -1.4145907259 1.4145907259 -0.393103324085 
19.4655738924 19.0711168903 1.47995066643 280.200286865 10.965215683 8388608 0.45656805621 0.0 0.45656805621 0.262083972073 -1.45655963374 1.45655963374 0.262083972073 
251.338431231 52.0691997888 1.38494884968 264.74029541 10.796661377 8388608 0.521353786638 0.0 0.521353786638 -0.126958654163 -1.37911740485 1.37911740485 -0.126958654163 
35.3907125042 35.3030137337 3.58595871925 129.621185303 10.7357692719 16580609 0.0777659404595 0.0 0.0777659404595 -2.28679759656 2.76218331915 -2.76218331915 -2.28679759656 
226.074234809 54.2458556356 1.74630665779 263.652252197 10.0054283142 14680064 0.327913261263 0.0 0.327913261263 -0.193076198515 -1.73560033551 1.73560033551 -0.193076198515 
280.186040834 18.8056943349 1.26185750961 117.767547607 9.73768615723 8388608 0.628028520516 0.0 0.628028520516 -0.587881164642 1.11654830206 -1.11654830206 -0.587881164642 
263.86728518 63.3440124934 1.28946793079 21.3345336914 9.68874359131 8388608 0.601421443507 0.0 0.601421443507 1.20110342353 0.469124834688 -0.469124834688 1.20110342353 
24.3112252021 36.3415227025 1.7005507946 90.763671875 8.94609642029 12779520 0.345796650912 0.0 0.345796650912 -0.0226652708752 1.70039974433 -1.70039974433 -0.0226652708752 
32.5785780765 48.1758537039 1.85775959492 321.2918396 8.60214424133 19136512 0.289748351636 0.0 0.289748351636 1.44968662786 -1.1617570286 1.1617570286 1.44968662786 
202.961932326 151.67214864 1.43255281448 66.823059082 8.25141143799 8388608 0.487280144771 0.0 0.487280144771 0.563812626642 1.31693693407 -1.31693693407 0.563812626642 
131.567449523 107.811222825 1.45876145363 259.079833984 8.01913642883 8388608 0.469928129221 0.0 0.469928129221 -0.276349293842 -1.43234634303 1.43234634303 -0.276349293842 
35.3265657212 30.409389499 1.52707242966 307.138702393 6.7576007843 8388608 0.428825623153 0.0 0.428825623153 0.921964795627 -1.21734593319 1.21734593319 0.921964795627 
126.016242389 109.820976272 1.3063454628 287.561248779 6.48902893066 8388608 0.585981516765 0.0 0.585981516765 0.394157273017 -1.2454631718 1.2454631718 0.394157273017 
129.889714773 33.1604888656 1.25555551052 239.218521118 6.45239925385 8388608 0.634348859039 0.0 0.634348859039 -0.642549586163 -1.0786795953 1.0786795953 -0.642549586163 
29.2775549451 141.738291887 1.47126042843 243.998352051 6.40922260284 8388608 0.461977571591 0.0 0.461977571591 -0.644996154875 -1.3223415627 1.3223415627 -0.644996154875 
134.77798629 92.8534325013 1.80938768387 4.05438232422 6.30533218384 17235968 0.305447616342 0.0 0.305447616342 1.80485949491 0.127929645326 -0.127929645326 1.80485949491 
71.9413846886 32.1876385141 2.90751194954 239.459228516 6.18559837341 18153984 0.118292438197 0.0 0.118292438197 -1.47745617122 -2.5041463613 2.5041463613 -1.47745617122 
139.268087284 28.7734575592 1.53465330601 241.08493042 6.182762146 8388608 0.424599463821 0.0 0.424599463821 -0.742024249648 -1.34333941451 1.34333941451 -0.742024249648 
255.585166243 151.20182906 1.33944272995 82.5023193359 5.08354854584 8388608 0.557380410717 0.0 0.557380410717 0.174778602253 1.32799068785 -1.32799068785 0.174778602253 
83.9559108337 99.2870605724 1.52351343632 203.477798462 5.05731964111 8388608 0.430831473735 0.0 0.430831473735 -1.39738864031 -0.606958135769 0.606958135769 -1.39738864031 
133.244462063 144.815108094 1.77828943729 330.272155762 4.35905647278 15990784 0.316224199795 0.0 0.316224199795 1.54424988837 -0.881819485522 0.881819485522 1.54424988837 
131.533826393 113.473331295 1.29724001884 258.368438721 4.27131652832 8388608 0.594236500246 0.0 0.594236500246 -0.261546273821 -1.27060033572 1.27060033572 -0.261546273821 
228.840216495 123.590747605 1.25241947174 279.104644775 4.17406082153 8388608 0.637529635621 0.0 0.637529635621 0.19818049394 -1.23664021648 1.23664021648 0.19818049394 
247.279215305 151.873758987 1.30994641781 29.7133178711 3.74046897888 8388608 0.582764296889 0.0 0.582764296889 1.13770985033 0.649288775497 -0.649288775497 1.13770985033 
258.198265345 140.029139727 1.92575001717 72.1282043457 3.71912837029 21757952 0.269649847612 0.0 0.269649847612 0.590989860052 1.83282408156 -1.83282408156 0.590989860052 
218.131847465 156.242573897 1.29055476189 48.3774719238 3.31851959229 8388608 0.600408904848 0.0 0.600408904848 0.85721252577 0.96473741458 -0.96473741458 0.85721252577 
265.975408757 148.963816225 2.32931780815 63.6355285645 3.30925059319 18809088 0.184307286867 0.0 0.184307286867 1.03440268694 2.08703917851 -2.08703917851 1.03440268694 
287.859460557 151.068219029 1.23852050304 192.260162354 3.00225567818 8388608 0.651918940547 0.0 0.651918940547 -1.21027413302 -0.263001063511 0.263001063511 -1.21027413302 
238.63113587 146.923870903 1.9453920126 77.3654785156 2.9073278904 22478848 0.264232201492 0.0 0.264232201492 0.425517938826 1.89828463788 -1.89828463788 0.425517938826 
57.2310322639 149.14965574 1.28344154358 113.598937988 2.84406852722 8388608 0.607082640435 0.0 0.607082640435 -0.513802780544 1.17610751995 -1.17610751995 -0.513802780544 
250.587548605 39.2247940588 1.54221963882 323.007507324 2.53902626038 8388608 0.420443402119 0.0 0.420443402119 1.23179296799 -0.927969556826 0.927969556826 1.23179296799 
244.698571865 145.733431195 1.26226210594 83.2732543945 2.35428214073 8388608 0.627625977638 0.0 0.627625977638 0.147854232771 1.25357279404 -1.25357279404 0.147854232771 
15.1182546774 147.839452266 1.80002009869 257.973571777 2.19810581207 16908288 0.308635082871 0.0 0.308635082871 -0.375057315224 -1.76051252934 1.76051252934 -0.375057315224 
248.865433267 146.442080467 1.36991596222 82.5667724609 2.16749072075 8388608 0.532858806639 0.0 0.532858806639 0.17722695232 1.35840360384 -1.35840360384 0.17722695232 
168.145310693 35.2418096688 1.27956140041 242.727371216 2.11563491821 8388608 0.610770058749 0.0 0.610770058749 -0.586327014853 -1.13732053929 1.13732053929 -0.586327014853 
211.872088313 151.983577115 1.50054121017 67.9666748047 2.00937795639 8388608 0.444123900796 0.0 0.444123900796 0.562921750775 1.39095040384 -1.39095040384 0.562921750775 
283.872650609 141.421400001 1.50871396065 119.858566284 1.86470556259 8388608 0.439325267286 0.0 0.439325267286 -0.751129402056 1.30844275244 -1.30844275244 -0.751129402056 
115.100386725 146.22985886 1.75630772114 268.831512451 1.26497268677 15073280 0.324189376239 0.0 0.324189376239 -0.0358155778064 -1.75594249784 1.75594249784 -0.0358155778064 
123.209765725 146.071850293 1.38492643833 269.359680176 0.970558166504 8388608 0.52137066022 0.0 0.52137066022 -0.0154771852596 -1.38483995333 1.38483995333 -0.0154771852596 
