13
161
31.0375582408 68.7506998908 1.43427205086 124.230628186 98.060256958 8388608 0.486112656845 0.0 0.486112656845 -0.806814493449 1.18582742801 -1.18582742801 -0.806814493449 
33.8220297218 65.3887512272 1.33667623997 125.055917518 92.2021636963 8388608 0.559689994721 0.0 0.559689994721 -0.767754231038 1.09419230998 -1.09419230998 -0.767754231038 
109.071697819 209.140117135 1.51192998886 138.347797918 91.3034133911 8388608 0.437458276364 0.0 0.437458276364 -1.12970332006 1.00483963888 -1.00483963888 -1.12970332006 
76.0153946245 205.025170217 1.25719714165 141.328982821 90.0310211182 8388608 0.632693292229 0.0 0.632693292229 -0.98155237345 0.785556866904 -0.785556866904 -0.98155237345 
157.78583991 190.396529142 2.22150969505 136.461567182 75.0768508911 15401216 0.202629920559 0.0 0.202629920559 -1.61040008886 1.53026693065 -1.53026693065 -1.61040008886 
104.478002121 200.88027804 1.69354939461 132.700361196 73.7578887939 12451840 0.348661716674 0.0 0.348661716674 -1.14850474444 1.24460692749 -1.24460692749 -1.14850474444 
96.0244786536 195.704997017 1.54766142368 135.08040606 72.9966430664 8388608 0.417491929512 0.0 0.417491929512 -1.09589658284 1.09282503727 -1.09282503727 -1.09589658284 
145.404043195 102.971439887 1.60535204411 134.826983985 72.7990570068 8585216 0.388024751331 0.0 0.388024751331 -1.13172231878 1.13857796338 -1.13857796338 -1.13172231878 
68.7260027275 192.652242547 2.13587403297 134.556937449 71.7440872192 12517632 0.219204127979 0.0 0.219204127979 -1.49856704326 1.52192467014 -1.52192467014 -1.49856704326 
49.1430369007 44.4781086293 1.95281410217 127.77399422 71.0619888306 22740992 0.262227475931 0.0 0.262227475931 -1.19619305586 1.5435689459 -1.5435689459 -1.19619305586 
142.063313321 173.945061967 4.13706588745 140.28434186 64.6218109131 10223873 0.0584272068173 0.0 0.0584272068173 -3.18233434159 2.64349433429 -2.64349433429 -3.18233434159 
147.048772299 89.725274468 1.25047600269 132.722109255 62.7221374512 8388608 0.639512851521 0.0 0.639512851521 -0.848376950417 0.918665762566 -0.918665762566 -0.848376950417 
148.222565248 80.0596653251 1.3186763525 132.900211265 62.3699455261 8388608 0.575073775915 0.0 0.575073775915 -0.897654074398 0.965983687938 -0.965983687938 -0.897654074398 
148.561637878 62.7516570903 1.84760415554 134.775745454 59.6226387024 18743296 0.292942335221 0.0 0.292942335221 -1.30133000063 1.31155684018 -1.31155684018 -1.30133000063 
198.59139685 112.557733197 1.22998797894 133.44615379 58.1934280396 8388608 0.660995139621 0.0 0.660995139621 -0.84582899403 0.89299705553 -0.89299705553 -0.84582899403 
149.77990412 48.4385521171 1.65890479088 136.748075985 56.609249115 10944512 0.363376700566 0.0 0.363376700566 -1.20825992152 1.13669391977 -1.13669391977 -1.20825992152 
161.454206978 50.9776593934 2.1766872406 144.244161777 54.64610672 13893888 0.211060973519 0.0 0.211060973519 -1.76641313782 1.27190878994 -1.27190878994 -1.76641313782 
42.6591926991 58.1529537389 2.07857322693 121.203061981 52.7002792358 10551552 0.23145647884 0.0 0.23145647884 -1.07685208687 1.77787970423 -1.77787970423 -1.07685208687 
120.05845308 179.343722871 3.48034739494 136.08832203 51.4912261963 14417921 0.0825571721517 0.0 0.0825571721517 -2.50727626015 2.41379032743 -2.41379032743 -2.50727626015 
109.933803194 177.776491682 4.53444099426 140.624082832 51.0231132507 16843009 0.0486353997942 0.0 0.0486353997942 -3.50512424049 2.87667502321 -2.87667502321 -3.50512424049 
29.4086359626 98.2771318464 1.57118070126 131.433928356 48.0427474976 8388608 0.40508646069 0.0 0.40508646069 -1.03973815601 1.17794455003 -1.17794455003 -1.03973815601 
70.6909515503 100.125153282 3.88395404816 129.625235357 46.331413269 22347777 0.0662905823028 0.0 0.0662905823028 -2.47704332288 2.99154732952 -2.99154732952 -2.47704332288 
200.164737527 107.493344063 1.27079629898 130.645299649 44.1035499573 8388608 0.619224480306 0.0 0.619224480306 -0.827764068723 0.96422501525 -0.96422501525 -0.827764068723 
113.461647709 30.4080229479 1.5578546524 136.982809745 43.2010345459 8388608 0.412046404409 0.0 0.412046404409 -1.13902395084 1.06279610341 -1.06279610341 -1.13902395084 
39.8480209271 72.6825162908 2.0199034214 127.123787508 41.9315757751 8519936 0.245097448591 0.0 0.245097448591 -1.21909063029 1.61053651525 -1.61053651525 -1.21909063029 
72.0215140529 184.388843913 1.28924310207 136.237960654 40.7081832886 8388608 0.601631223344 0.0 0.601631223344 -0.931115401201 0.891724108618 -0.891724108618 -0.931115401201 
173.173127319 125.904762547 1.56471264362 132.429465075 40.0843925476 8388608 0.408442396988 0.0 0.408442396988 -1.05568354713 1.15492766243 -1.15492766243 -1.05568354713 
108.722264391 143.301102253 4.10786819458 135.787132557 39.8535614014 9699585 0.0592607303159 0.0 0.0592607303159 -2.94433104522 2.86452366026 -2.86452366026 -2.94433104522 
147.215191136 113.598808168 2.16638588905 135.165605509 39.1673088074 13566208 0.213072972012 0.0 0.213072972012 -1.53628739468 1.52743211346 -1.52743211346 -1.53628739468 
132.222378219 146.279791697 4.59752750397 144.056954832 37.1595306396 17826049 0.0473098235167 0.0 0.0473098235167 -3.72216232277 2.69866018473 -2.69866018473 -3.72216232277 
182.176908368 60.2604971455 1.8596997261 136.813839237 37.1089782715 19267584 0.289144107226 0.0 0.289144107226 -1.35597021052 1.27272458115 -1.27272458115 -1.35597021052 
91.4908579168 162.731859181 2.9175696373 141.228062146 36.9893798828 18416128 0.11747826897 0.0 0.11747826897 -2.2746679015 1.82704639415 -1.82704639415 -2.2746679015 
71.4355455675 81.4602090856 4.00902843475 136.063875849 35.9359397888 24641537 0.0622188137735 0.0 0.0622188137735 -2.88695665549 2.78168838298 -2.78168838298 -2.88695665549 
166.611520574 176.528898775 1.96324539185 127.100786921 35.8594703674 23134208 0.259448298284 0.0 0.259448298284 -1.18426680814 1.56583670788 -1.56583670788 -1.18426680814 
147.659731354 133.838360185 1.72114741802 132.470040106 35.4758682251 13631488 0.337570013146 0.0 0.337570013146 -1.16212664333 1.26957083278 -1.26957083278 -1.16212664333 
88.3335637556 150.965782194 1.66709220409 133.54585509 34.8791618347 11337728 0.359816238212 0.0 0.359816238212 -1.14851798169 1.20834716149 -1.20834716149 -1.14851798169 
48.9121034312 34.3371909452 1.71439290047 131.971076932 34.1224441528 13369344 0.340235229847 0.0 0.340235229847 -1.14650947486 1.27462113635 -1.27462113635 -1.14650947486 
154.772549034 93.8340602776 1.46767938137 139.270721729 33.4382209778 8388608 0.464234715375 0.0 0.464234715375 -1.11220892268 0.957639848173 -0.957639848173 -1.11220892268 
92.7964936011 148.957317685 2.43969106674 134.306800974 33.3408279419 22151424 0.168008141642 0.0 0.168008141642 -1.70412477809 1.74586690268 -1.74586690268 -1.70412477809 
73.9663958778 79.4667271451 1.31410288811 138.732690771 32.7537078857 8388608 0.579083593086 0.0 0.579083593086 -0.987733060679 0.866746676587 -0.866746676587 -0.987733060679 
158.567066233 142.955271932 2.17492651939 152.51586574 32.3907432556 13828352 0.211402842499 0.0 0.211402842499 -1.92946140171 1.00373505672 -1.00373505672 -1.92946140171 
104.335935959 68.1771971963 1.70862996578 128.65795955 31.8683547974 13107200 0.342534218042 0.0 0.342534218042 -1.06732962741 1.33425028627 -1.33425028627 -1.06732962741 
63.9378285564 153.551371524 1.83770763874 122.825013732 31.8016204834 18350080 0.296105966796 0.0 0.296105966796 -0.996175600693 1.54428091294 -1.54428091294 -0.996175600693 
73.5246269153 149.576591406 2.53471326828 127.118508471 31.6791992188 24903936 0.155647562403 0.0 0.155647562403 -1.52961227037 2.02115255603 -2.02115255603 -1.52961227037 
87.3147051614 105.233217163 2.62216353416 133.024974467 31.5284118652 10682880 0.145438857099 0.0 0.145438857099 -1.78914697275 1.91694932375 -1.91694932375 -1.78914697275 
175.539786572 112.428751154 2.07564711571 130.935472238 31.5021266937 10486016 0.232109523164 0.0 0.232109523164 -1.35998192929 1.56804339894 -1.56804339894 -1.35998192929 
158.708575713 145.124472691 1.28280746937 155.429667539 30.8742961884 8388608 0.607682934072 0.0 0.607682934072 -1.16665122312 0.533404093587 -0.533404093587 -1.16665122312 
158.38977887 107.017509353 3.15658473969 137.152566274 30.8449611664 24052224 0.100361026525 0.0 0.100361026525 -2.31430414535 2.14663074179 -2.14663074179 -2.31430414535 
117.797506808 23.50949355 1.23014819622 125.408102061 30.3386726379 8388608 0.660822971828 0.0 0.660822971828 -0.712743475528 1.00262721026 -1.00262721026 -0.712743475528 
92.091007322 66.4968623377 3.06665492058 135.839483387 30.3024120331 22020608 0.106333517779 0.0 0.106333517779 -2.19999022428 2.13644925402 -2.13644925402 -2.19999022428 
182.961156896 84.0836538152 1.96864306927 136.33848897 30.1769618988 23330816 0.258027524359 0.0 0.258027524359 -1.42417760025 1.3591444725 -1.3591444725 -1.42417760025 
173.408216732 169.573062947 1.33118987083 126.869169773 30.0613670349 8388608 0.564312916971 0.0 0.564312916971 -0.798700393532 1.06496204326 -1.06496204326 -0.798700393532 
173.750592919 160.538008247 1.74046826363 127.805283177 29.7587795258 14417920 0.330116918728 0.0 0.330116918728 -1.06687208015 1.37514135321 -1.37514135321 -1.06687208015 
65.0660423904 106.307160317 1.56434261799 129.610668435 29.616071701 8388608 0.408635643698 0.0 0.408635643698 -0.997373930344 1.20516101394 -1.20516101394 -0.997373930344 
92.8868142114 159.550294757 1.57599878311 137.621028949 29.4726486206 8388608 0.402613417746 0.0 0.402613417746 -1.16419467655 1.06227252599 -1.06227252599 -1.16419467655 
83.1669941228 57.0818659151 1.409512043 143.109932278 29.273853302 8388608 0.503341128236 0.0 0.503341128236 -1.12731184663 0.846104130592 -0.846104130592 -1.12731184663 
180.746948316 129.951417766 1.92602884769 129.233107802 29.2274246216 21757952 0.269571779034 0.0 0.269571779034 -1.21816893049 1.49186178279 -1.49186178279 -1.21816893049 
174.794289625 85.4776538279 1.56922030449 139.161268411 28.8926849365 8388608 0.406099226369 0.0 0.406099226369 -1.18719860283 1.02616365238 -1.02616365238 -1.18719860283 
87.5940030744 144.705992594 4.27437400818 132.808750764 28.5188407898 12583169 0.0547337191483 0.0 0.0547337191483 -2.90466521335 3.13579226992 -3.13579226992 -2.90466521335 
84.0746759411 38.168530332 1.30939495564 131.76465393 28.3521137238 8388608 0.583255271959 0.0 0.583255271959 -0.872151913128 0.976660734478 -0.976660734478 -0.872151913128 
199.526670984 89.6669816356 1.37564098835 128.845510418 28.3455696106 8388608 0.528432822404 0.0 0.528432822404 -0.862833181965 1.07140423227 -1.07140423227 -0.862833181965 
79.9843576894 42.3030722793 1.74751257896 134.955745212 28.3327198029 14745600 0.327460845518 0.0 0.327460845518 -1.23472319879 1.23663205361 -1.23663205361 -1.23472319879 
87.8425567492 90.1627254449 2.95599889755 134.267825395 27.8168334961 19333632 0.114443587811 0.0 0.114443587811 -2.06332647458 2.11674593224 -2.11674593224 -2.06332647458 
168.784550553 146.643695121 1.77091062069 134.691974788 27.7895145416 15728640 0.318864899479 0.0 0.318864899479 -1.24547282725 1.25893679867 -1.25893679867 -1.24547282725 
178.877905852 53.8233024994 1.51068770885 138.730043545 27.6268749237 8388608 0.438178040101 0.0 0.438178040101 -1.13544815182 0.996461162418 -0.996461162418 -1.13544815182 
165.200785875 120.199050402 1.30191874504 133.618654282 27.4701404572 8388608 0.589973140277 0.0 0.589973140277 -0.898135523091 0.942520557257 -0.942520557257 -0.898135523091 
165.621195775 135.685573069 1.30997669697 140.713708718 27.4545974731 8388608 0.582737356854 0.0 0.582737356854 -1.0139111322 0.829471616514 -0.829471616514 -1.0139111322 
157.860917613 76.4520870293 2.96183276176 137.277788254 27.4445724487 19464704 0.113993197207 0.0 0.113993197207 -2.17591529306 2.00943921183 -2.00943921183 -2.17591529306 
160.951593256 90.2577182851 1.34464836121 138.18373544 27.3584747314 8388608 0.553073112915 0.0 0.553073112915 -1.0021486218 0.896536309981 -0.896536309981 -1.0021486218 
161.819404703 76.5306523704 1.83905625343 134.258618632 27.1741409302 18415616 0.29567184583 0.0 0.29567184583 -1.28347405006 1.31712651865 -1.31712651865 -1.28347405006 
140.875735267 202.234094548 1.34665703773 130.046512011 26.7808856964 8388608 0.551424413349 0.0 0.551424413349 -0.866451612571 1.03089610551 -1.03089610551 -0.866451612571 
147.422461377 121.298108555 1.23755562305 140.23745427 26.6031188965 8388608 0.652935894845 0.0 0.652935894845 -0.95131123422 0.791549654665 -0.791549654665 -0.95131123422 
81.8449095884 151.829612235 1.60364770889 133.463461995 25.9195861816 8519680 0.388849964583 0.0 0.388849964583 -1.10313620263 1.16394866411 -1.16394866411 -1.10313620263 
89.0755691227 78.8757793778 3.03167366982 135.231657272 25.4134559631 21168640 0.108801553453 0.0 0.108801553453 -2.15236690297 2.13503207359 -2.13503207359 -2.15236690297 
180.704777051 38.5799285851 1.23400163651 143.400169361 24.853099823 8388608 0.656702286937 0.0 0.656702286937 -0.990680252981 0.73573954308 -0.73573954308 -0.990680252981 
161.26270235 88.9723419017 3.36181163788 134.527276125 24.5709190369 11927553 0.0884816570677 0.0 0.0884816570677 -2.35746615358 2.39669164127 -2.39669164127 -2.35746615358 
117.239010321 150.738310485 1.6185696125 144.685151582 24.4852256775 9175040 0.381713249534 0.0 0.381713249534 -1.32073307131 0.93564509557 -0.93564509557 -1.32073307131 
163.934085196 125.277465026 1.42932593822 140.030217501 24.3289699554 8388608 0.489482816145 0.0 0.489482816145 -1.09541158572 0.918175416552 -0.918175416552 -1.09541158572 
84.3252897358 102.219862591 1.59973859787 137.017448924 23.7878913879 8388608 0.390752669045 0.0 0.390752669045 -1.17030695116 1.0906627442 -1.0906627442 -1.17030695116 
168.475316303 53.8862723676 1.36077547073 148.024378231 23.4126243591 8388608 0.540041401656 0.0 0.540041401656 -1.15430975719 0.720610065297 -0.720610065297 -1.15430975719 
179.492245333 67.2828525229 1.7062548399 146.816512278 23.3418521881 12976128 0.34348850472 0.0 0.34348850472 -1.42800235463 0.933870897845 -0.933870897845 -1.42800235463 
171.538895286 48.1067615149 1.32789206505 162.933526042 22.7188339233 8388608 0.56711932772 0.0 0.56711932772 -1.26941821296 0.389711094297 -0.389711094297 -1.26941821296 
176.043746765 33.1800001169 1.26163041592 144.024415475 22.7134647369 8388608 0.628254631352 0.0 0.628254631352 -1.020996359 0.741132742008 -0.741132742008 -1.020996359 
154.893268745 149.491360647 1.28818774223 165.246038341 22.7027072906 8388608 0.602617411149 0.0 0.602617411149 -1.2457140442 0.328061243251 -0.328061243251 -1.2457140442 
171.014219437 27.9479846419 1.27199578285 147.204106446 22.4904823303 8388608 0.61805718151 0.0 0.61805718151 -1.06924655705 0.688973926809 -0.688973926809 -1.06924655705 
74.6601786289 68.1978947034 1.39928925037 145.027712626 21.9018936157 8388608 0.510722515482 0.0 0.510722515482 -1.1466187144 0.802044842887 -0.802044842887 -1.1466187144 
84.5625998824 91.7405065385 1.79408919811 136.824616046 21.6645336151 16646144 0.310679027619 0.0 0.310679027619 -1.30836226596 1.22757656861 -1.22757656861 -1.30836226596 
84.4777701541 85.9146038707 1.53597283363 138.464796057 21.4347438812 8388608 0.423870245112 0.0 0.423870245112 -1.14975008279 1.01847302016 -1.01847302016 -1.14975008279 
83.5788481814 117.385752333 2.98501706123 130.116649725 21.4245090485 20054528 0.112229328528 0.0 0.112229328528 -1.9233834541 2.28274460779 -2.28274460779 -1.9233834541 
138.10502571 112.974643838 1.3565993309 133.162070701 21.3270454407 8388608 0.543371433867 0.0 0.543371433867 -0.928001287248 0.989532897619 -0.989532897619 -0.928001287248 
84.3104300708 75.9932818884 1.33919537067 135.245927179 20.6210613251 8388608 0.55758633429 0.0 0.55758633429 -0.951009945889 0.942880863977 -0.942880863977 -0.951009945889 
158.95288044 101.815281636 1.28580212593 132.746414027 20.061164856 8388608 0.604855621106 0.0 0.604855621106 -0.872744345715 0.944248068078 -0.944248068078 -0.872744345715 
195.105743151 59.650929184 1.46608626842 135.615578072 19.066947937 8388608 0.465244178705 0.0 0.465244178705 -1.0477574404 1.02548198061 -1.02548198061 -1.0477574404 
191.46445833 85.3391930312 1.48173880577 136.637731896 18.9474029541 8388608 0.455466762666 0.0 0.455466762666 -1.07726410687 1.01737502061 -1.01737502061 -1.07726410687 
84.2740859634 139.45234938 2.31222009659 127.125991644 18.3750801086 18284800 0.187043085012 0.0 0.187043085012 -1.39558608589 1.84355668531 -1.84355668531 -1.39558608589 
189.378226942 64.8613964967 1.47602248192 142.36709607 17.9392032623 8388608 0.459001447456 0.0 0.459001447456 -1.16891994158 0.901259417312 -0.901259417312 -1.16891994158 
143.622465863 158.813212171 1.65297746658 149.182365599 17.6745796204 10682368 0.365987399478 0.0 0.365987399478 -1.41958078492 0.8468322739 -0.8468322739 -1.41958078492 
173.226206032 140.805933352 1.49034774303 134.345857174 17.5685443878 8388608 0.450219987469 0.0 0.450219987469 -1.04173499828 1.0657976302 -1.0657976302 -1.04173499828 
75.7874342462 61.2230194409 1.43099439144 149.965942104 17.5542583466 8388608 0.488342066629 0.0 0.488342066629 -1.23885196917 0.716233723596 -0.716233723596 -1.23885196917 
160.012728558 164.885656283 2.18077158928 123.751202949 17.357339859 14024960 0.210271125236 0.0 0.210271125236 -1.21160984959 1.81321987 -1.81321987 -1.21160984959 
123.503220215 151.954239609 1.48267817497 148.178832305 17.0666942596 8388608 0.454889812225 0.0 0.454889812225 -1.25982861067 0.781771349108 -0.781771349108 -1.25982861067 
105.83236358 83.5828565998 1.24976766109 129.647046633 16.6782054901 8388608 0.640237981388 0.0 0.640237981388 -0.797422326644 0.962308079405 -0.962308079405 -0.797422326644 
53.8248193747 74.70632488 3.01098704338 134.605618138 16.1571846008 20644352 0.110301705244 0.0 0.110301705244 -2.11438395513 2.14369388339 -2.14369388339 -2.11438395513 
135.992875552 92.7784550333 2.28306126595 125.920225478 16.0130519867 17367296 0.19185135379 0.0 0.19185135379 -1.33937676312 1.84890200673 -1.84890200673 -1.33937676312 
119.889702972 60.4236945239 1.50179815292 127.600222389 15.9845123291 8388608 0.443380785345 0.0 0.443380785345 -0.916319498508 1.18985556635 -1.18985556635 -0.916319498508 
58.0711665582 119.134257166 1.75915575027 124.591161668 15.877948761 15204352 0.32314051699 0.0 0.32314051699 -0.99870220805 1.44817915099 -1.44817915099 -0.99870220805 
66.3433610312 78.8220826968 1.5159163475 132.599472414 15.4760293961 8388608 0.435160560281 0.0 0.435160560281 -1.02607707264 1.115871056 -1.115871056 -1.02607707264 
83.3879664839 128.137221201 2.37110638618 124.907811691 15.2579259872 20119808 0.17786804005 0.0 0.17786804005 -1.35688385718 1.94448237141 -1.94448237141 -1.35688385718 
103.978323044 136.674934281 1.97387599945 133.497870753 14.9789676666 23527424 0.256661227576 0.0 0.256661227576 -1.35867336609 1.43184955407 -1.43184955407 -1.35867336609 
165.734306008 159.790051875 1.32072019577 135.895710808 14.2408237457 8388608 0.573295274728 0.0 0.573295274728 -0.948375097158 0.919177083377 -0.919177083377 -0.948375097158 
107.088679399 97.1419411532 1.08753228188 130.064083614 13.5587463379 8388608 0.845504036931 0.0 0.845504036931 -0.699983633715 0.832315671277 -0.832315671277 -0.699983633715 
142.567120382 185.202524707 1.82296800613 129.586984494 13.5441761017 17760256 0.300913662524 0.0 0.300913662524 -1.16168443115 1.40488491835 -1.40488491835 -1.16168443115 
114.759230865 73.464358009 1.4434928894 124.646360244 12.8625335693 8388608 0.479922047968 0.0 0.479922047968 -0.820639551799 1.18752787242 -1.18752787242 -0.820639551799 
110.416025163 90.5593358529 1.38643622398 128.695301479 12.8420858383 8388608 0.520235765828 0.0 0.520235765828 -0.866770334179 1.08208806987 -1.08208806987 -0.866770334179 
153.748595063 196.220766673 1.27671873569 135.323309091 12.802696228 8388608 0.613492893973 0.0 0.613492893973 -0.907856270349 0.89766793552 -0.89766793552 -0.907856270349 
166.981096543 84.241047574 1.67924559116 135.312182873 12.1900653839 11862016 0.354626810893 0.0 0.354626810893 -1.19385800989 1.18091862872 -1.18091862872 -1.19385800989 
151.871727896 180.086252521 1.76870441437 121.620780369 11.8077602386 15597568 0.319660872506 0.0 0.319660872506 -0.927322493267 1.50611696056 -1.50611696056 -0.927322493267 
118.147814661 191.731446409 1.43669819832 124.107202735 11.7236671448 8388608 0.484472249442 0.0 0.484472249442 -0.80561858252 1.18957152477 -1.18957152477 -0.80561858252 
125.819012988 72.179516987 3.44056940079 128.646848406 11.5712375641 13631489 0.0844771696869 0.0 0.0844771696869 -2.14869891544 2.68711941908 -2.68711941908 -2.14869891544 
136.073150304 73.7966758966 2.3372733593 131.965470027 11.1908683777 19071232 0.183054741355 0.0 0.183054741355 -1.56289407339 1.73787481467 -1.73787481467 -1.56289407339 
131.73353939 106.632900846 3.50911259651 127.201751609 11.1439933777 15007745 0.0812092300252 0.0 0.0812092300252 -2.1216918192 2.79504830716 -2.79504830716 -2.1216918192 
66.4835669503 201.150125587 1.47936499119 130.711027404 10.9071807861 8388608 0.456929635048 0.0 0.456929635048 -0.964907391563 1.12137170593 -1.12137170593 -0.964907391563 
135.565298267 64.1343379548 1.4197678566 134.787341672 10.8624343872 8388608 0.496095537956 0.0 0.496095537956 -1.00019440749 1.00764672076 -1.00764672076 -1.00019440749 
108.473734131 120.52511868 2.98662352562 131.829827244 10.2171878815 20054528 0.112108627724 0.0 0.112108627724 -1.99184034303 2.2254195406 -2.2254195406 -1.99184034303 
71.2356083489 48.5716138518 1.40939831734 130.679429996 9.14905357361 8388608 0.503422361642 0.0 0.503422361642 -0.918682722332 1.06884314687 -1.06884314687 -0.918682722332 
156.893543583 178.086987964 1.54212653637 120.280437983 8.99961280823 8388608 0.420494170319 0.0 0.420494170319 -0.777590800695 1.33173075389 -1.33173075389 -0.777590800695 
127.569238909 172.942886012 1.29229640961 134.802485346 8.71346473694 8388608 0.598791634787 0.0 0.598791634787 -0.91063603485 0.916936214965 -0.916936214965 -0.91063603485 
59.7571189605 190.953010238 1.22594881058 132.185109138 8.26435852051 8388608 0.665357913791 0.0 0.665357913791 -0.823258996453 0.908402504903 -0.908402504903 -0.823258996453 
61.1115165467 48.6860208308 2.03488445282 129.888404909 8.23830413818 9044224 0.241501867094 0.0 0.241501867094 -1.30495993361 1.56135656017 -1.56135656017 -1.30495993361 
99.1543427054 24.3505186124 1.35953390598 129.227558689 8.04360103607 8388608 0.541028214156 0.0 0.541028214156 -0.859771920394 1.05314988792 -1.05314988792 -0.859771920394 
25.7942001394 160.114831568 1.40104734898 130.856270213 7.72869873047 8388608 0.509441563517 0.0 0.509441563517 -0.916514365259 1.0596863179 -1.0596863179 -0.916514365259 
156.027626922 157.910738481 1.33640575409 145.624954508 7.3093662262 8388608 0.559916577942 0.0 0.559916577942 -1.10301516467 0.754544820455 -0.754544820455 -1.10301516467 
156.882297557 125.249350277 2.18966412544 147.316904512 7.20496177673 14352640 0.208566711565 0.0 0.208566711565 -1.84297490552 1.18240115015 -1.18240115015 -1.84297490552 
137.138760486 55.6683820927 1.47951090336 128.771359491 6.73586750031 8388608 0.456839512959 0.0 0.456839512959 -0.926490684232 1.1535022866 -1.1535022866 -0.926490684232 
144.923323043 23.8341562495 1.31551849842 142.236031931 6.63456678391 8388608 0.577837976786 0.0 0.577837976786 -1.03997038647 0.805636713999 -0.805636713999 -1.03997038647 
122.509262367 82.5631983471 2.54202079773 123.593342825 6.16434669495 8389120 0.15475397073 0.0 0.15475397073 -1.40648680931 2.11746655023 -2.11746655023 -1.40648680931 
37.6219017688 35.2923847698 1.30882656574 125.475882019 6.10547637939 8388608 0.583761967643 0.0 0.583761967643 -0.759590863134 1.06585585322 -1.06585585322 -0.759590863134 
116.39860278 145.020979705 1.61915814877 136.631362409 5.84295606613 9240576 0.381435807505 0.0 0.381435807505 -1.17704808198 1.11185921925 -1.11185921925 -1.17704808198 
122.601176507 134.862538147 1.3137742281 130.236209854 5.44143629074 8388608 0.57937336194 0.0 0.57937336194 -0.84861967109 1.0029194266 -1.0029194266 -0.84861967109 
111.573506977 107.658724178 2.99987792969 135.702380479 5.0417766571 20382208 0.111120153908 0.0 0.111120153908 -2.14707788246 2.09507139729 -2.09507139729 -2.14707788246 
42.9052298935 183.05073137 1.9565680027 134.703975424 4.96385955811 22937600 0.261222214126 0.0 0.261222214126 -1.37633606005 1.39063201423 -1.39063201423 -1.37633606005 
130.106001156 99.0303528981 1.32805037498 128.206236852 4.55409812927 8388608 0.566984129123 0.0 0.566984129123 -0.821391102357 1.04356813648 -1.04356813648 -0.821391102357 
184.861441828 174.455805729 1.66840529442 125.153028907 4.22187805176 11403264 0.359250086454 0.0 0.359250086454 -0.960604747803 1.36411683698 -1.36411683698 -0.960604747803 
123.785474221 140.934255498 1.48983716965 128.887885067 4.13936233521 8388608 0.450528624866 0.0 0.450528624866 -0.935317521917 1.15965336427 -1.15965336427 -0.935317521917 
191.908797961 160.23115481 1.4313454628 124.991920794 4.10209274292 8388608 0.488102541103 0.0 0.488102541103 -0.820820690297 1.17260531649 -1.17260531649 -0.820820690297 
124.097776029 146.220125561 1.41159081459 135.451705312 4.01786422729 8388608 0.501859734634 0.0 0.501859734634 -1.00598346086 0.990245375813 -0.990245375813 -1.00598346086 
58.9814505492 214.267404543 1.32227921486 124.888270111 3.86973953247 8388608 0.571944196428 0.0 0.571944196428 -0.7563145622 1.08462463786 -1.08462463786 -0.7563145622 
114.800561247 98.9794146543 1.34601509571 126.60823574 3.65526342392 8388608 0.551950509849 0.0 0.551950509849 -0.802683000775 1.08048907359 -1.08048907359 -0.802683000775 
30.2319361913 183.03219706 1.72545266151 124.949867864 3.63530349731 13828096 0.33588754684 0.0 0.33588754684 -0.988441919172 1.4142734741 -1.4142734741 -0.988441919172 
158.978169384 212.909984279 1.26669931412 124.951272543 3.61167526245 8388608 0.62323657067 0.0 0.62323657067 -0.725666167777 1.03823685416 -1.03823685416 -0.725666167777 
182.928777102 181.138893006 1.24602663517 124.951781514 3.6035118103 8388608 0.644088207973 0.0 0.644088207973 -0.713832284554 1.02128636781 -1.02128636781 -0.713832284554 
124.58816987 213.203346998 1.49556696415 125.059564732 3.57590055466 8388608 0.447083120226 0.0 0.447083120226 -0.859095117243 1.22420428189 -1.22420428189 -0.859095117243 
184.788558991 192.143030972 1.73842763901 124.951272543 3.56840133667 14352384 0.330892378195 0.0 0.330892378195 -0.995909691191 1.42488404548 -1.42488404548 -0.995909691191 
39.9105662234 200.548228162 1.97578513622 124.951272543 3.55247497559 23592960 0.256165460458 0.0 0.256165460458 -1.13188695389 1.61943163738 -1.61943163738 -1.13188695389 
199.32727267 165.115146956 1.27568030357 124.951272543 3.5479850769 8388608 0.614492094196 0.0 0.614492094196 -0.730811193221 1.0455980283 -1.0455980283 -0.730811193221 
167.198935823 204.80701173 1.26386380196 124.951272543 3.54663467407 8388608 0.626036203427 0.0 0.626036203427 -0.724041760768 1.03591275625 -1.03591275625 -0.724041760768 
169.664351054 207.494439093 1.66919755936 124.951272543 3.54553222656 11403264 0.358909139752 0.0 0.358909139752 -0.956249192417 1.36814033423 -1.36814033423 -0.956249192417 
121.753082676 124.070138433 1.51065289974 127.262371448 3.32364940643 8388608 0.438198233706 0.0 0.438198233706 -0.914648740001 1.20228526811 -1.20228526811 -0.914648740001 
114.345729616 110.967611848 1.76140892506 127.205004183 2.6540389061 15335424 0.322314330215 0.0 0.322314330215 -1.06506881152 1.40292188948 -1.40292188948 -1.06506881152 
123.014988443 92.1057858315 1.98296964169 125.656649984 2.19408988953 23855104 0.254312594846 0.0 0.254312594846 -1.15592579392 1.61121201547 -1.61121201547 -1.15592579392 
123.168934597 109.363819437 1.28550779819 127.373651255 1.36337900162 8388608 0.605132626296 0.0 0.605132626296 -0.780316662166 1.02158514377 -1.02158514377 -0.780316662166 
