13
114
152.62353952 82.8866899391 2.624822855 28.4476318359 112.533172607 10748416 0.145144305674 0.0 0.145144305674 2.307883021 1.25034834405 -1.25034834405 2.307883021 
113.607800689 64.597760214 3.93845200539 84.8549194336 100.446418762 23396353 0.0644686958826 0.0 0.0644686958826 0.353192336185 3.92258325245 -3.92258325245 0.353192336185 
119.525930007 67.0323583278 6.43663311005 96.8738708496 99.465637207 8781826 0.0241369555225 0.0 0.0241369555225 -0.770362573816 6.39036675772 -6.39036675772 -0.770362573816 
198.507106517 93.7906444225 1.87252008915 91.3260498047 98.1937408447 19726336 0.285198363157 0.0 0.285198363157 -0.0433336146959 1.87201861158 -1.87201861158 -0.0433336146959 
135.972904489 65.5418114488 4.44737386703 95.328704834 98.0186004639 15466753 0.0505583300141 0.0 0.0505583300141 -0.413025066234 4.42815363417 -4.42815363417 -0.413025066234 
19.7649469126 150.2657974 2.36848092079 100.607757568 89.9199981689 19988736 0.178262592699 0.0 0.178262592699 -0.436000468715 2.32800460984 -2.32800460984 -0.436000468715 
150.046513826 167.078660083 5.99833345413 64.7340393066 88.7876434326 20382209 0.0277932151895 0.0 0.0277932151895 2.56021273009 5.42451057734 -5.42451057734 2.56021273009 
205.754599665 94.9108826079 1.73923003674 93.2607421875 85.4361877441 14417920 0.330587132723 0.0 0.330587132723 -0.0989273550371 1.73641426483 -1.73641426483 -0.0989273550371 
144.845241853 66.4684329137 2.14684200287 83.4166259766 77.0148010254 12910848 0.216970071798 0.0 0.216970071798 0.246133054144 2.13268588989 -2.13268588989 0.246133054144 
171.116768882 156.970293647 4.72643756866 60.3905944824 76.6778106689 19857665 0.0447643361793 0.0 0.0447643361793 2.33525998635 4.10923020609 -4.10923020609 2.33525998635 
124.143249399 164.67465989 6.12227487564 99.8795776367 74.6600494385 21889537 0.0266792951133 0.0 0.0266792951133 -1.05044743053 6.03148487925 -6.03148487925 -1.05044743053 
106.860983976 160.650896213 6.87730693817 100.004760742 73.9811096191 13565954 0.021142833261 0.0 0.021142833261 -1.19479457123 6.77272593971 -6.77272593971 -1.19479457123 
108.499749196 58.5406067396 1.68886196613 181.76953125 73.8486557007 12255232 0.350599820468 0.0 0.350599820468 -1.68805658612 -0.0521507690083 0.0521507690083 -1.68805658612 
77.3449242727 158.925490799 3.68355917931 100.011871338 71.6863937378 18546689 0.0736995263801 0.0 0.0736995263801 -0.640394941301 3.62746503038 -3.62746503038 -0.640394941301 
202.816685556 121.778936611 1.54203724861 233.666000366 71.2299194336 8388608 0.420542867027 0.0 0.420542867027 -0.913643680073 -1.24222948845 1.24222948845 -0.913643680073 
142.13483017 75.7841909135 2.03264093399 197.049987793 58.5552825928 8978688 0.242035274632 0.0 0.242035274632 -1.94330496625 -0.595982361042 0.595982361042 -1.94330496625 
145.833318311 140.067942849 5.22202444077 337.015197754 55.6262931824 10355201 0.0366709532738 0.0 0.0366709532738 4.80743989328 -2.039132397 2.039132397 4.80743989328 
188.406297562 88.8582291938 2.00258040428 114.04107666 47.4221801758 24576000 0.249356145252 0.0 0.249356145252 -0.815834195142 1.82886381167 -1.82886381167 -0.815834195142 
201.422473026 84.1039266412 2.23697829247 194.867126465 46.5167160034 15859968 0.199837257295 0.0 0.199837257295 -2.16209197806 -0.573960067753 0.573960067753 -2.16209197806 
140.527377821 83.5688480555 1.48770534992 86.9366149902 44.0684509277 8388608 0.45182072743 0.0 0.45182072743 0.0795039929697 1.48557945708 -1.48557945708 0.0795039929697 
145.668429897 137.901074308 3.23191857338 351.349395752 41.3389396667 9043969 0.0957368599801 0.0 0.0957368599801 3.1951520227 -0.486108235677 0.486108235677 3.1951520227 
190.989135696 78.6489632618 1.87999391556 196.05581665 40.9414978027 19988480 0.282935285435 0.0 0.282935285435 -1.80666046321 -0.519956818594 0.519956818594 -1.80666046321 
209.453426679 61.8226624874 1.53166782856 269.842346191 39.6190032959 8388608 0.426256308097 0.0 0.426256308097 -0.00421449824086 -1.5316620303 1.5316620303 -0.00421449824086 
150.01974538 155.086284308 1.97671997547 330.409576416 36.8450012207 23658496 0.255923223922 0.0 0.255923223922 1.71891116465 -0.976097469239 0.976097469239 1.71891116465 
52.3391448285 128.144867755 3.93454575539 275.899536133 36.4139862061 23330817 0.0645967695505 0.0 0.0645967695505 0.404410253905 -3.9137070212 3.9137070212 0.404410253905 
75.9324371651 128.338124092 2.52964687347 279.303588867 35.7198562622 24772864 0.15627165084 0.0 0.15627165084 0.40895696815 -2.49637086641 2.49637086641 0.40895696815 
189.543430313 61.3114320494 1.78451323509 269.874908447 31.2899513245 16252928 0.314022273389 0.0 0.314022273389 -0.00389605230978 -1.78450898204 1.78450898204 -0.00389605230978 
148.622664057 148.240575318 1.78257513046 346.172149658 31.0890884399 16187392 0.314705485968 0.0 0.314705485968 1.73091292807 -0.426045221998 0.426045221998 1.73091292807 
108.321292594 50.9330620847 1.41502678394 269.100585938 31.0165977478 8388608 0.49942546113 0.0 0.49942546113 -0.0222118056582 -1.41485244282 1.41485244282 -0.0222118056582 
118.271336017 38.6746157834 5.81522512436 269.050292969 30.5698852539 18153985 0.0295710629374 0.0 0.0295710629374 -0.0963859353176 -5.81442628283 5.81442628283 -0.0963859353176 
55.3479993881 132.071645975 5.88756275177 271.310455322 30.5559978485 19005953 0.028848876329 0.0 0.028848876329 0.134647182581 -5.88602287561 5.88602287561 0.134647182581 
129.181051626 122.061034657 2.564453125 279.030029297 30.0794372559 9044480 0.152058418684 0.0 0.152058418684 0.402496305804 -2.53266984705 2.53266984705 0.402496305804 
175.262006649 145.302566103 1.54363560677 237.384674072 28.8733081818 8388608 0.419672415329 0.0 0.419672415329 -0.8320135897 -1.30021700998 1.30021700998 -0.8320135897 
155.965814828 42.3977400286 5.19265079498 270.011108398 27.5386810303 9961985 0.0370870052127 0.0 0.0370870052127 0.00100674140585 -5.19265069739 5.19265069739 0.00100674140585 
193.052579553 135.299460852 1.67635345459 239.532012939 27.2430152893 11730944 0.355851509542 0.0 0.355851509542 -0.850006526766 -1.44487017035 1.44487017035 -0.850006526766 
165.562808499 151.53050328 1.36657202244 238.122558594 27.0196208954 8388608 0.53546975986 0.0 0.53546975986 -0.721692199395 -1.160465192 1.160465192 -0.721692199395 
101.511224466 119.623768403 2.42289280891 280.136810303 26.4886245728 21627136 0.170345865852 0.0 0.170345865852 0.4264271833 -2.38507220453 2.38507220453 0.4264271833 
18.8334448418 112.099882384 1.69276320934 272.990844727 26.0599384308 12451840 0.348985656084 0.0 0.348985656084 0.0883222647489 -1.69045747076 1.69045747076 0.0883222647489 
117.223047472 121.437108723 2.54170227051 268.705627441 24.1366825104 8389120 0.154792760829 0.0 0.154792760829 -0.0574148718905 -2.54105371143 2.54105371143 -0.0574148718905 
92.4511849424 58.3316664188 4.29679059982 184.478973389 23.9118995667 12976385 0.0541641112573 0.0 0.0541641112573 -4.28366845829 -0.33555029156 0.33555029156 -4.28366845829 
178.209416813 134.826974395 1.36427938938 243.323791504 23.1829833984 8388608 0.537270955693 0.0 0.537270955693 -0.612490498236 -1.21906260785 1.21906260785 -0.612490498236 
27.6078280549 112.921102819 1.80362725258 279.290008545 22.7322063446 17039360 0.307401811444 0.0 0.307401811444 0.291162662264 -1.77997066559 1.77997066559 0.291162662264 
104.873270286 98.5783566568 5.33347082138 271.668884277 22.589597702 11862529 0.0351544374835 0.0 0.0351544374835 0.155328841215 -5.33120848904 5.33120848904 0.155328841215 
142.187664858 125.809032469 1.92589354515 283.747802734 22.3924560547 21757952 0.269609657585 0.0 0.269609657585 0.457685984967 -1.8707189758 1.8707189758 0.457685984967 
136.232702552 126.588530143 1.3553621769 277.950744629 22.3656196594 8388608 0.544363848973 0.0 0.544363848973 0.187476064766 -1.3423335486 1.3423335486 0.187476064766 
41.9316733554 114.677569849 1.80152857304 269.911254883 21.1745109558 16908288 0.308118440286 0.0 0.308118440286 -0.00279037656462 -1.80152641204 1.80152641204 -0.00279037656462 
165.70924808 143.145084318 1.41928625107 230.384765625 21.1505813599 8388608 0.496432274665 0.0 0.496432274665 -0.904977844453 -1.09333826583 1.09333826583 -0.904977844453 
87.4957949277 71.3789003853 5.59038543701 175.970230103 20.3586616516 15270401 0.0319975330318 0.0 0.0319975330318 -5.57656416692 0.392863114282 -0.392863114282 -5.57656416692 
77.1489355828 116.143536453 2.54631280899 280.138793945 20.2772598267 8520192 0.154232710344 0.0 0.154232710344 0.448235783705 -2.50655013982 2.50655013982 0.448235783705 
30.1030372596 110.315988026 2.83047294617 275.152618408 19.8802375793 16187904 0.124819369226 0.0 0.124819369226 0.254201910791 -2.81903502772 2.81903502772 0.254201910791 
192.16281692 124.243618529 2.17625999451 239.434570312 19.6313552856 13893888 0.211143853165 0.0 0.211143853165 -1.10667604323 -1.87386651046 1.87386651046 -1.10667604323 
182.771209947 88.6853717004 1.26403808594 120.360855103 19.6133270264 8388608 0.62586358116 0.0 0.62586358116 -0.638900934497 1.09068688385 -1.09068688385 -0.638900934497 
157.300420022 148.73401748 1.41638100147 230.985336304 18.890045166 8388608 0.498470905273 0.0 0.498470905273 -0.891639127337 -1.10050661422 1.10050661422 -0.891639127337 
107.601326244 87.9825558476 1.72625517845 279.155944824 18.4575767517 13828096 0.335575318622 0.0 0.335575318622 0.274685389977 -1.70426080095 1.70426080095 0.274685389977 
53.6294682908 108.29635432 4.35640573502 273.722106934 17.3478832245 13959425 0.0526918391981 0.0 0.0526918391981 0.282806263493 -4.34721652847 4.34721652847 0.282806263493 
188.329926126 129.212003817 1.37454342842 238.339324951 17.2864990234 8388608 0.529277056549 0.0 0.529277056549 -0.721480764471 -1.16997228305 1.16997228305 -0.721480764471 
209.617991187 114.664415461 1.82812535763 229.049346924 17.2774982452 18022400 0.299218233431 0.0 0.299218233431 -1.19816941 -1.38073617615 1.38073617615 -1.19816941 
181.547678157 95.3114378564 1.49839997292 276.119659424 16.9254074097 8388608 0.445394127892 0.0 0.445394127892 0.159737294685 -1.48986122693 1.48986122693 0.159737294685 
207.928363145 127.851909826 1.68811011314 237.651397705 16.3822193146 12255232 0.350912191352 0.0 0.350912191352 -0.903255672667 -1.42612935735 1.42612935735 -0.903255672667 
177.245874981 89.2170391735 2.96517539024 120.974273682 15.7332420349 19530240 0.113736334062 0.0 0.113736334062 -1.52603684661 2.54233684584 -2.54233684584 -1.52603684661 
146.571167462 175.778519065 1.46525430679 93.3847351074 14.8518791199 8388608 0.465772653784 0.0 0.465772653784 -0.0865092264395 1.46269830701 -1.46269830701 -0.0865092264395 
139.341884349 185.675776461 3.97248315811 98.0793457031 13.2912826538 23986177 0.063368856565 0.0 0.063368856565 -0.55830999832 3.93305382461 -3.93305382461 -0.55830999832 
183.687732905 111.186693762 1.85344016552 250.937164307 12.1032180786 19005440 0.291100438348 0.0 0.291100438348 -0.605342638029 -1.7517992858 1.7517992858 -0.605342638029 
80.3982558352 85.1587038547 1.98928105831 258.758148193 11.8378219604 24117248 0.252701433351 0.0 0.252701433351 -0.387812012957 -1.95111275214 1.95111275214 -0.387812012957 
171.417062881 84.7882230497 2.00634789467 108.881057739 11.7743415833 24707072 0.248420549941 0.0 0.248420549941 -0.649263448291 1.89839112123 -1.89839112123 -0.649263448291 
120.445884784 107.447875388 2.91343283653 270.548339844 11.414691925 18285056 0.11781212202 0.0 0.11781212202 0.0278821046345 -2.91329941496 2.91329941496 0.0278821046345 
135.8654236 90.4559015546 1.59892678261 89.619140625 11.1196098328 8388608 0.391149559652 0.0 0.391149559652 0.0106283879137 1.5988914577 -1.5988914577 0.0106283879137 
66.7520932258 102.100136593 3.01847243309 267.458709717 10.7362289429 20840960 0.109755317945 0.0 0.109755317945 -0.133837079919 -3.01550384934 3.01550384934 -0.133837079919 
148.456454451 121.43598238 1.24164891243 255.119400024 10.4180316925 8388608 0.648637980803 0.0 0.648637980803 -0.31886235544 -1.20000784165 1.20000784165 -0.31886235544 
161.65602597 123.546756172 2.59967112541 260.121490479 10.3865470886 10027520 0.147966424328 0.0 0.147966424328 -0.445998522223 -2.56112773568 2.56112773568 -0.445998522223 
107.692194027 101.051879448 1.41114556789 90.0847167969 9.93526077271 8388608 0.502176479619 0.0 0.502176479619 -0.00208650078405 1.41114402536 -1.41114402536 -0.00208650078405 
159.118037599 125.332283515 1.40210521221 87.3473510742 9.49958992004 8388608 0.508673124468 0.0 0.508673124468 0.0648907191727 1.40060280618 -1.40060280618 0.0648907191727 
94.3962439854 105.232053536 2.65549731255 270.196838379 9.32876205444 11600384 0.141810460573 0.0 0.141810460573 0.00912288413617 -2.6554816418 2.6554816418 0.00912288413617 
123.772536315 88.8759586886 1.7070492506 281.864318848 9.31468200684 13041664 0.343168880137 0.0 0.343168880137 0.350960407391 -1.67058191551 1.67058191551 0.350960407391 
102.313929464 106.466228668 2.79726696014 275.826263428 8.71808242798 15335936 0.127800386898 0.0 0.127800386898 0.283957067845 -2.78281706728 2.78281706728 0.283957067845 
26.3432194886 99.6962684904 1.31251633167 251.900100708 8.44285202026 8388608 0.58048441998 0.0 0.58048441998 -0.407765694923 -1.247568138 1.247568138 -0.407765694923 
199.404322526 150.839690655 1.4579488039 61.4205322266 8.26544189453 8388608 0.470452144049 0.0 0.470452144049 0.697449463142 1.28030424555 -1.28030424555 0.697449463142 
183.15565552 159.392040307 1.54172706604 60.3103637695 8.26370239258 8388608 0.420712103454 0.0 0.420712103454 0.763619791007 1.33933086313 -1.33933086313 0.763619791007 
166.854887916 75.8520446003 1.71615040302 277.11907959 8.05855560303 13434880 0.339538719682 0.0 0.339538719682 0.212685811137 -1.70292012483 1.70292012483 0.212685811137 
150.532103113 130.025434685 1.30300498009 335.518981934 7.82141304016 8388608 0.588989901698 0.0 0.588989901698 1.18586301816 -0.539954516884 0.539954516884 1.18586301816 
85.3912540478 107.632154749 1.76973235607 271.628387451 7.62047958374 15663104 0.319289632968 0.0 0.319289632968 0.0502903013637 -1.76901766461 1.76901766461 0.0502903013637 
45.1147433249 104.003132849 1.78334867954 267.3543396 7.42783355713 16187392 0.314432530551 0.0 0.314432530551 -0.0823177300634 -1.78144781123 1.78144781123 -0.0823177300634 
193.39291916 158.171527277 2.2551240921 61.532989502 7.14056777954 16449792 0.196634224919 0.0 0.196634224919 1.074910942 1.9824608792 -1.9824608792 1.074910942 
166.843930808 166.041166393 1.20621550083 59.6295166016 7.04177474976 8388608 0.687306086085 0.0 0.687306086085 0.609849726498 1.04069166689 -1.04069166689 0.609849726498 
135.667443646 156.791612239 2.1818716526 102.89541626 6.9821138382 14090496 0.210059148293 0.0 0.210059148293 -0.48693295081 2.12684277977 -2.12684277977 -0.48693295081 
175.432640192 162.984317056 1.43610143661 68.974822998 6.58562088013 8388608 0.484874971071 0.0 0.484874971071 0.515241817099 1.34048991274 -1.34048991274 0.515241817099 
91.7080598437 45.5220693114 2.32586669922 194.237823486 6.32469558716 18678016 0.184854641038 0.0 0.184854641038 -2.25442351787 -0.57204064942 0.57204064942 -2.25442351787 
37.1518869397 104.640203957 1.21524333954 259.287414551 6.26712417603 8388608 0.677132253818 0.0 0.677132253818 -0.225892408329 -1.19406406618 1.19406406618 -0.225892408329 
209.109747642 102.41929728 1.31379520893 188.222946167 6.06616020203 8388608 0.579354857321 0.0 0.579354857321 -1.30028812062 -0.187905972215 0.187905972215 -1.30028812062 
82.7032112306 166.630548213 1.26326286793 99.8760375977 5.4647064209 8388608 0.62663195582 0.0 0.62663195582 -0.216671171084 1.24454275825 -1.24454275825 -0.216671171084 
140.141153029 147.230148974 1.43776667118 269.6199646 5.44679927826 8388608 0.483752448215 0.0 0.483752448215 -0.00953644807197 -1.43773504406 1.43773504406 -0.00953644807197 
75.2022641597 105.843514327 1.26154232025 271.904724121 5.36260223389 8388608 0.628342378614 0.0 0.628342378614 0.0419306193594 -1.26084529144 1.26084529144 0.0419306193594 
106.191143248 152.233867358 2.18812847137 277.196807861 5.24491214752 14287104 0.208859563391 0.0 0.208859563391 0.274124269703 -2.17088970056 2.17088970056 0.274124269703 
78.5315535931 178.122253174 3.97280049324 100.068603516 5.21669006348 23986177 0.0633587335491 0.0 0.0633587335491 -0.694553664211 3.91161590224 -3.91161590224 -0.694553664211 
25.6974945197 159.579659205 1.51595592499 97.7236022949 5.19622421265 8388608 0.435137838861 0.0 0.435137838861 -0.203735983077 1.50220305409 -1.50220305409 -0.203735983077 
92.8408435181 105.70100758 1.26172471046 270.112945557 5.18156051636 8388608 0.628160730088 0.0 0.628160730088 0.00248720077931 -1.26172225899 1.26172225899 0.00248720077931 
92.7859707082 180.02124833 3.87970638275 99.2646179199 5.13587188721 22282241 0.0664358171883 0.0 0.0664358171883 -0.624610898743 3.82909687022 -3.82909687022 -0.624610898743 
114.283732654 180.970624757 3.27709770203 98.6803283691 4.95832443237 10092545 0.0931153373664 0.0 0.0931153373664 -0.494584261802 3.23956104382 -3.23956104382 -0.494584261802 
105.540368222 182.056833957 3.89162063599 98.7485351562 4.93754196167 22478849 0.0660296514395 0.0 0.0660296514395 -0.591908172164 3.84634318414 -3.84634318414 -0.591908172164 
128.341643404 175.128604388 1.67510712147 99.6208496094 4.90155029297 11665408 0.35638123628 0.0 0.35638123628 -0.279956522456 1.65154721819 -1.65154721819 -0.279956522456 
146.99912019 163.150165886 1.29100811481 98.2592163086 4.69234275818 8388608 0.599987297363 0.0 0.599987297363 -0.185455652984 1.27761815629 -1.27761815629 -0.185455652984 
51.6691537705 136.571640902 1.31906735897 265.542144775 4.57175970078 8388608 0.574732892277 0.0 0.574732892277 -0.102525535361 -1.31507688448 1.31507688448 -0.102525535361 
97.2038733535 171.406513199 1.84499633312 98.8051147461 4.55879211426 18677760 0.293771043088 0.0 0.293771043088 -0.282421068311 1.82325253583 -1.82325253583 -0.282421068311 
197.610003319 101.785737341 1.61549162865 315.782012939 4.51225471497 9043968 0.383169185881 0.0 0.383169185881 1.15780945604 -1.12662791805 1.12662791805 1.15780945604 
128.768573721 111.993657735 1.63906145096 277.510803223 4.46165084839 10092544 0.37222841883 0.0 0.37222841883 0.21424685025 -1.62499868528 1.62499868528 0.21424685025 
76.0377705763 139.984533753 1.31321525574 269.722167969 4.45649433136 8388608 0.57986668947 0.0 0.57986668947 -0.00636786575269 -1.31319981655 1.31319981655 -0.00636786575269 
90.5637711677 149.829486823 2.20472478867 279.261108398 4.45393133163 14811392 0.205726970045 0.0 0.205726970045 0.354815001855 -2.17598660571 2.17598660571 0.354815001855 
43.8984875535 145.690882195 1.49088585377 263.575683594 4.0619893074 8388608 0.449895047119 0.0 0.449895047119 -0.166816229897 -1.481523869 1.481523869 -0.166816229897 
121.278201527 181.208048071 1.26610934734 90.2705688477 3.61857223511 8388608 0.623817522916 0.0 0.623817522916 -0.00597894778283 1.26609523007 -1.26609523007 -0.00597894778283 
183.192021894 173.91059896 1.3245472908 22.6497802734 3.54697799683 8388608 0.569987147032 0.0 0.569987147032 1.22239288108 0.510079572092 -0.510079572092 1.22239288108 
103.660722896 143.823601146 1.4543684721 279.582672119 3.37639045715 8388608 0.472771292303 0.0 0.472771292303 0.242109513227 -1.43407483635 1.43407483635 0.242109513227 
35.8375100432 144.617950147 1.32350564003 266.261230469 3.04345750809 8388608 0.570884704514 0.0 0.570884704514 -0.0863025456236 -1.32068885428 1.32068885428 -0.0863025456236 
28.0727182389 133.364373834 1.31039726734 270.950256348 1.64760613441 8388608 0.582363359221 0.0 0.582363359221 0.0217320760223 -1.31021704886 1.31021704886 0.0217320760223 
128.202208323 140.94935206 1.25272345543 263.672607422 0.762691497803 8388608 0.637220269502 0.0 0.637220269502 -0.138062028166 -1.24509233881 1.24509233881 -0.138062028166 
