13
123
98.2300953939 98.7691919274 4.68936109543 99.9737243652 148.074996948 19267841 0.0454749937334 0.0 0.0454749937334 -0.812181070545 4.61849211236 -4.61849211236 -0.812181070545 
80.6266374855 97.1196437218 3.54570055008 101.589019775 139.594726562 15794177 0.0795418871498 0.0 0.0795418871498 -0.712296459329 3.47341707039 -3.47341707039 -0.712296459329 
65.4035027 125.622224343 3.70820689201 23.8421325684 121.915519714 19005441 0.0727230502737 0.0 0.0727230502737 3.39175842655 1.49892399069 -1.49892399069 3.39175842655 
263.268068786 103.08640685 3.3972260952 352.003265381 120.756271362 12713985 0.08664651451 0.0 0.08664651451 3.3641914647 -0.472610760286 0.472610760286 3.3641914647 
63.9385707561 58.1096288991 2.61894440651 341.316772461 116.923606873 10551808 0.14579661497 0.0 0.14579661497 2.48093675221 -0.838941378111 0.838941378111 2.48093675221 
207.901905023 91.7807284472 2.59248828888 3.13687133789 115.516738892 9830912 0.14878748183 0.0 0.14878748183 2.58860386628 0.141864553127 -0.141864553127 2.58860386628 
72.2299563327 85.5696611303 1.96955120564 352.243591309 108.974411011 23396352 0.257789632442 0.0 0.257789632442 1.95153140299 -0.265814098149 0.265814098149 1.95153140299 
60.6157763929 46.2027662695 2.78901362419 159.479522705 102.270706177 15139328 0.12855788782 0.0 0.12855788782 -2.61204224964 0.977666754067 -0.977666754067 -2.61204224964 
261.562881947 92.7419883022 2.88768529892 347.151306152 101.674621582 17629696 0.119922390274 0.0 0.119922390274 2.81537972429 -0.642155272235 0.642155272235 2.81537972429 
67.1983063503 107.71443085 2.54254508018 323.360931396 100.67149353 8454656 0.154690155597 0.0 0.154690155597 2.04016547239 -1.51732011456 1.51732011456 2.04016547239 
56.3845102764 35.0418657185 3.51132106781 152.550354004 99.7788925171 15073281 0.0811071078615 0.0 0.0811071078615 -3.11600353321 1.61860978072 -1.61860978072 -3.11600353321 
55.6372450317 145.473719066 1.46365475655 91.1099853516 97.9953765869 8388608 0.466791246263 0.0 0.466791246263 -0.0283534621884 1.46338010358 -1.46338010358 -0.0283534621884 
68.5854622295 74.357304696 5.25303888321 349.043426514 97.6820907593 10813953 0.036239213953 0.0 0.036239213953 5.15728398168 -0.998418469765 0.998418469765 5.15728398168 
209.69984351 83.0115522176 2.49158382416 17.1543579102 94.0048065186 23658752 0.161082734927 0.0 0.161082734927 2.38074228293 0.734885116935 -0.734885116935 2.38074228293 
119.590546466 100.472517866 7.92540311813 51.8583374023 90.3833618164 23789570 0.0159205210438 0.0 0.0159205210438 4.89479182509 6.23321967958 -6.23321967958 4.89479182509 
112.936158035 115.562386271 2.45542430878 27.4569091797 89.0939102173 22610176 0.165861999997 0.0 0.165861999997 2.178840042 1.13215043501 -1.13215043501 2.178840042 
180.348480344 55.3336637361 2.33146095276 71.5583496094 88.707359314 18874624 0.1839686017 0.0 0.1839686017 0.737531387623 2.21173181614 -2.21173181614 0.737531387623 
253.599163506 69.3086699766 1.76955652237 36.8139953613 87.2078857422 15663104 0.31935308917 0.0 0.31935308917 1.41668045532 1.06035219308 -1.06035219308 1.41668045532 
120.201518343 103.631501198 4.14223241806 50.436340332 86.4337310791 10289409 0.0582815473438 0.0 0.0582815473438 2.63833345568 3.19331896024 -3.19331896024 2.63833345568 
238.324773968 77.8152710755 4.55870056152 99.9275817871 86.2665863037 17236225 0.0481191411234 0.0 0.0481191411234 -0.785935043641 4.490440615 -4.490440615 -0.785935043641 
146.433395235 64.4061220202 2.33520364761 79.9421691895 85.5321960449 19005696 0.183379371232 0.0 0.183379371232 0.407824852566 2.29931619519 -2.29931619519 0.407824852566 
199.776231284 50.4248532381 2.32536196709 81.374786377 82.9307632446 18678016 0.184934897105 0.0 0.184934897105 0.348735561581 2.29906324099 -2.29906324099 0.348735561581 
149.225302205 65.123985808 1.53571736813 78.0224914551 82.6225509644 8388608 0.424011277878 0.0 0.424011277878 0.318703897898 1.50228348198 -1.50228348198 0.318703897898 
258.491032738 104.18201928 1.26934432983 95.9401245117 82.2681121826 8388608 0.620641919285 0.0 0.620641919285 -0.131363310817 1.26252869601 -1.26252869601 -0.131363310817 
247.614154213 63.0408806552 1.64037919044 78.9197998047 81.8566970825 10158080 0.371630626472 0.0 0.371630626472 0.315252744589 1.60980110432 -1.60980110432 0.315252744589 
209.011025228 41.4658061834 1.29874575138 349.960601807 78.2816009521 8388608 0.592859413853 0.0 0.592859413853 1.27885950555 -0.226404266288 0.226404266288 1.27885950555 
213.433912542 20.4536151721 2.02247643471 344.148101807 76.0810852051 8585472 0.244474214784 0.0 0.244474214784 1.94556361552 -0.552442890195 0.552442890195 1.94556361552 
222.645104436 49.8535165939 2.09740424156 338.076782227 76.0010681152 11206912 0.22731898914 0.0 0.22731898914 1.94573052337 -0.783094683247 0.783094683247 1.94573052337 
142.460387495 52.8333809506 2.35226416588 81.1234741211 73.8976669312 19529984 0.180728987161 0.0 0.180728987161 0.362967546355 2.32409149268 -2.32409149268 0.362967546355 
209.659303075 52.7070896086 1.22972822189 340.424224854 72.7826919556 8388608 0.661274414787 0.0 0.661274414787 1.15864894524 -0.412024418465 0.412024418465 1.15864894524 
260.383593879 61.6765031992 4.78141021729 30.035369873 72.387298584 20709633 0.0437409276773 0.0 0.0437409276773 4.13934609333 2.39326086869 -2.39326086869 4.13934609333 
201.245144621 18.3003347427 2.28972363472 81.7429504395 69.2511672974 17563904 0.190736525001 0.0 0.190736525001 0.328837253164 2.26598772819 -2.26598772819 0.328837253164 
176.049126057 82.5539450747 7.88229608536 71.6753540039 68.4457550049 23396354 0.0160951308303 0.0 0.0160951308303 2.47820039893 7.48258741078 -7.48258741078 2.47820039893 
219.808581104 39.1099547246 1.39451360703 346.855224609 68.3280487061 8388608 0.514226539987 0.0 0.514226539987 1.35797532413 -0.317129656827 0.317129656827 1.35797532413 
92.9407012157 78.4165840677 2.76188254356 77.4204101562 66.5214385986 14418432 0.131096045005 0.0 0.131096045005 0.60152581647 2.69558191798 -2.69558191798 0.60152581647 
210.040429887 49.0007946353 2.38396644592 345.479888916 64.8755645752 20513024 0.175954234534 0.0 0.175954234534 2.30782183339 -0.597707621352 0.597707621352 2.30782183339 
203.272654618 28.1096964796 2.07669830322 83.1760559082 60.0176849365 10486016 0.231874603261 0.0 0.231874603261 0.246751052579 2.06198684784 -2.06198684784 0.246751052579 
266.483655817 56.9803654246 2.37243843079 59.8926391602 59.8783760071 20119808 0.177668362245 0.0 0.177668362245 1.19006702535 2.05236560658 -2.05236560658 1.19006702535 
139.870662514 41.9174019238 2.1128680706 83.8583984375 59.2180862427 11731200 0.224003724652 0.0 0.224003724652 0.226047337993 2.10074131791 -2.10074131791 0.226047337993 
130.894840557 21.1014237893 2.66445636749 259.664489746 56.2965393066 11796992 0.140858407645 0.0 0.140858407645 -0.47803534989 -2.62122298527 2.62122298527 -0.47803534989 
216.864702389 29.7067904201 1.37722945213 348.619140625 56.0902786255 8388608 0.527214561599 0.0 0.527214561599 1.35014919697 -0.27176848558 0.27176848558 1.35014919697 
135.610684621 31.6409184305 2.29594230652 81.2180786133 54.0899085999 17760512 0.189704685914 0.0 0.189704685914 0.350530722481 2.26902606584 -2.26902606584 0.350530722481 
123.321090756 155.006102034 1.38414597511 351.172851562 53.1952133179 8388608 0.521958785101 0.0 0.521958785101 1.36775184746 -0.212402834701 0.212402834701 1.36775184746 
117.022901206 86.9476457375 3.35555100441 250.15057373 51.029499054 11796481 0.0888121351271 0.0 0.0888121351271 -1.13937548449 -3.15619170022 3.15619170022 -1.13937548449 
68.3868291104 73.213169846 1.49025273323 352.740936279 50.7419891357 8388608 0.450277396089 0.0 0.450277396089 1.47830831827 -0.188302217248 0.188302217248 1.47830831827 
98.520071335 88.3444542611 1.59261357784 261.083374023 48.5093650818 8388608 0.394256781302 0.0 0.394256781302 -0.246850428703 -1.57336673226 1.57336673226 -0.246850428703 
77.9244917268 30.8185415151 3.04809617996 258.518249512 47.8600883484 21561856 0.107632311362 0.0 0.107632311362 -0.606741237317 -2.98709815594 2.98709815594 -0.606741237317 
147.500750118 96.2304178278 2.89604663849 69.7350463867 47.4531097412 17826304 0.119230920516 0.0 0.119230920516 1.00308022675 2.71678416349 -2.71678416349 1.00308022675 
184.685051721 68.2858746897 3.07670688629 252.957138062 39.9688491821 22217216 0.105639844403 0.0 0.105639844403 -0.90174284402 -2.94159567368 2.94159567368 -0.90174284402 
56.801680307 112.639161892 2.64872503281 215.728271484 37.6121063232 11403776 0.142536551693 0.0 0.142536551693 -2.15022303858 -1.54670138804 1.54670138804 -2.15022303858 
91.4955853743 73.6638356332 1.39741826057 253.756103516 37.2318267822 8388608 0.512091033894 0.0 0.512091033894 -0.390895256888 -1.34163284587 1.34163284587 -0.390895256888 
149.827019022 74.2981136708 2.07922792435 254.437652588 36.4739189148 10617088 0.231310741953 0.0 0.231310741953 -0.557829425235 -2.00300152115 2.00300152115 -0.557829425235 
213.253457537 60.2142774538 3.13914203644 61.2926330566 36.3553924561 23659008 0.10147944112 0.0 0.10147944112 1.50784379142 2.75329254269 -2.75329254269 1.50784379142 
48.742893748 111.434740214 4.79817581177 207.244903564 35.9540138245 20971777 0.0434357861085 0.0 0.0434357861085 -4.26585594628 -2.19658010695 2.19658010695 -4.26585594628 
144.632655872 74.1956791172 1.30951082706 251.495300293 35.3514785767 8388608 0.583152058407 0.0 0.583152058407 -0.415615744025 -1.2418060072 1.2418060072 -0.415615744025 
104.645731778 108.506280177 1.76039505005 211.732315063 32.2205429077 15269888 0.322685702025 0.0 0.322685702025 -1.49724170217 -0.925882291398 0.925882291398 -1.49724170217 
48.9562438351 61.9777390602 3.70569205284 182.020401001 31.5298500061 18939905 0.0728217896348 0.0 0.0728217896348 -3.70338836191 -0.130645441468 0.130645441468 -3.70338836191 
173.932737529 66.0026134478 1.33453464508 252.537338257 31.2593021393 8388608 0.561487761434 0.0 0.561487761434 -0.400472790311 -1.27302956098 1.27302956098 -0.400472790311 
124.351619145 41.5289465648 1.22857177258 258.000701904 31.2175674438 8388608 0.662519910218 0.0 0.662519910218 -0.255419712732 -1.20172766079 1.20172766079 -0.255419712732 
42.0352467632 129.1556566 4.26596164703 199.833206177 30.4075927734 12452097 0.0549497988217 0.0 0.0549497988217 -4.01292311581 -1.44736893726 1.44736893726 -4.01292311581 
161.568508654 74.8076275088 3.50990009308 69.9352722168 29.3270320892 15073281 0.0811727931958 0.0 0.0811727931958 1.20418181601 3.29686894149 -3.29686894149 1.20418181601 
203.372307101 59.2216369796 1.73308253288 248.79486084 28.5504264832 14155776 0.332936576612 0.0 0.332936576612 -0.62687015243 -1.61573787409 1.61573787409 -0.62687015243 
81.7332447395 76.4010148246 1.51366686821 249.600952148 28.1455764771 8388608 0.436454916466 0.0 0.436454916466 -0.527598382465 -1.41874146156 1.41874146156 -0.527598382465 
123.32754699 80.7260227967 1.69576406479 250.997894287 25.6196155548 12582912 0.34775160601 0.0 0.34775160601 -0.552145703281 -1.60335613192 1.60335613192 -0.552145703281 
238.912063906 52.2013433619 1.38834691048 274.271484375 25.3626880646 8388608 0.518804821658 0.0 0.518804821658 0.103407447343 -1.38449053578 1.38449053578 0.103407447343 
196.791888998 59.8344158549 1.3221616745 249.563018799 25.2554416656 8388608 0.572045892787 0.0 0.572045892787 -0.461668364313 -1.23894060185 1.23894060185 -0.461668364313 
38.8907138769 35.2409297659 3.91902041435 156.880371094 24.7608642578 23003137 0.0651095881924 0.0 0.0651095881924 -3.60427225694 1.53881204374 -1.53881204374 -3.60427225694 
44.7561831068 86.481385231 4.08955526352 174.913513184 23.7845458984 9371905 0.0597926549057 0.0 0.0597926549057 -4.07345060875 0.362577428263 -0.362577428263 -4.07345060875 
40.2464762482 28.3847467515 2.73028564453 192.249237061 22.6901397705 13566464 0.134147884642 0.0 0.134147884642 -2.66812777505 -0.57927012416 0.57927012416 -2.66812777505 
231.356439584 53.147523832 1.72342038155 270.140991211 22.3487739563 13762560 0.336680179927 0.0 0.336680179927 0.00424092111819 -1.7234151636 1.7234151636 0.00424092111819 
250.985495662 40.8281648691 3.43226790428 269.955474854 22.2307243347 13434881 0.0848863073397 0.0 0.0848863073397 -0.00266725083643 -3.43226686791 3.43226686791 -0.00266725083643 
198.089951404 85.6933426497 1.37038135529 202.044372559 19.6536598206 8388608 0.532496941406 0.0 0.532496941406 -1.27019752072 -0.514337746298 0.514337746298 -1.27019752072 
97.7779300343 106.015821467 1.49970901012 293.3019104 19.3111190796 8388608 0.44461693308 0.0 0.44461693308 0.593249080196 -1.37738253361 1.37738253361 0.593249080196 
124.673527236 87.8260054413 1.72886490822 74.9370117188 18.5748767853 13959168 0.3345629782 0.0 0.3345629782 0.44929876405 1.66946233605 -1.66946233605 0.44929876405 
42.2745053835 141.18654337 1.76568853855 192.636871338 18.3837356567 15466496 0.320753795523 0.0 0.320753795523 -1.7229168154 -0.386281843195 0.386281843195 -1.7229168154 
258.586223767 46.9975468715 1.36244893074 276.128112793 17.2022132874 8388608 0.538715579236 0.0 0.538715579236 0.145444068109 -1.35466346815 1.35466346815 0.145444068109 
193.248665327 88.7152051522 1.51875841618 219.398193359 16.7201309204 8388608 0.433533443018 0.0 0.433533443018 -1.17362601438 -0.963965302836 0.963965302836 -1.17362601438 
258.611501533 111.869165627 1.71592986584 83.9017028809 15.101108551 13434880 0.33962600265 0.0 0.33962600265 0.182290983408 1.70621959367 -1.70621959367 0.182290983408 
186.237394996 69.8856594925 1.4132039547 82.2105712891 14.141664505 8388608 0.500714665643 0.0 0.500714665643 0.191535451337 1.40016412911 -1.40016412911 0.191535451337 
241.483863155 44.6879711652 2.01047253609 273.183532715 13.4598503113 24903680 0.247402287219 0.0 0.247402287219 0.111650672469 -2.00736990754 2.00736990754 0.111650672469 
190.039917927 103.673970934 4.57527971268 128.344024658 12.8219337463 17498369 0.0477710403988 0.0 0.0477710403988 -2.83842049931 3.58839149457 -3.58839149457 -2.83842049931 
233.195100737 45.2860798859 1.6440256834 271.025726318 12.8172492981 10289152 0.369983881414 0.0 0.369983881414 0.0294302713362 -1.64376224157 1.64376224157 0.0294302713362 
141.883910463 90.4461111045 1.27304518223 209.250518799 11.7151813507 8388608 0.617038645002 0.0 0.617038645002 -1.11072120588 -0.622046974748 0.622046974748 -1.11072120588 
88.6984712317 135.826454384 1.966553092 94.0465087891 10.9038887024 23265280 0.258576259321 0.0 0.258576259321 -0.138772188313 1.96165066804 -1.96165066804 -0.138772188313 
147.14109919 102.445534852 1.30905640125 69.3749084473 10.4641304016 8388608 0.583556999467 0.0 0.583556999467 0.461117137741 1.22515290758 -1.22515290758 0.461117137741 
71.3644530192 150.925571378 1.50275909901 107.237533569 10.265045166 8388608 0.442813922959 0.0 0.442813922959 -0.445318275926 1.43526183771 -1.43526183771 -0.445318275926 
146.012984523 118.95535059 4.39750480652 250.83895874 9.82814025879 14614785 0.0517115260515 0.0 0.0517115260515 -1.44336852711 -4.15388201786 4.15388201786 -1.44336852711 
226.653812974 85.8020208577 2.32514023781 100.878479004 9.79153442383 18678016 0.184970170191 0.0 0.184970170191 -0.438815797532 2.28335670041 -2.28335670041 -0.438815797532 
166.538258385 112.174939312 4.55912494659 250.111175537 9.12899398804 17236225 0.0481101832225 0.0 0.0481101832225 -1.55099671142 -4.28719366017 4.28719366017 -1.55099671142 
171.880505629 94.3872818877 1.32882845402 70.8126220703 8.84073638916 8388608 0.566320342456 0.0 0.566320342456 0.436730893725 1.25501043289 -1.25501043289 0.436730893725 
127.810777604 109.915473949 1.45094358921 254.59286499 8.41807174683 8388608 0.475005834469 0.0 0.475005834469 -0.385481140981 -1.39880005327 1.39880005327 -0.385481140981 
195.635783368 133.862803003 1.89842832088 68.78125 8.16094589233 20709376 0.277467161804 0.0 0.277467161804 0.687097503354 1.7697251511 -1.7697251511 0.687097503354 
74.1541245239 128.837477243 1.72822344303 119.603759766 8.10076141357 13959168 0.334811383964 0.0 0.334811383964 -0.853740517884 1.5026255013 -1.5026255013 -0.853740517884 
134.201269604 107.750819937 1.51390719414 245.215545654 8.0559425354 8388608 0.436316356972 0.0 0.436316356972 -0.634638625328 -1.37446309798 1.37446309798 -0.634638625328 
241.11607384 114.803084612 1.66075825691 66.4603881836 7.69750976562 11075584 0.362566070192 0.0 0.362566070192 0.66327859687 1.52255689248 -1.52255689248 0.66327859687 
226.521286017 121.50804743 1.57768368721 67.5068969727 7.64247512817 8388608 0.401753926367 0.0 0.401753926367 0.603577947051 1.45766233357 -1.45766233357 0.603577947051 
229.938353988 120.644584016 3.09378480911 64.5908203125 7.59508895874 22610432 0.104476783742 0.0 0.104476783742 1.32748074181 2.79451235911 -2.79451235911 1.32748074181 
187.697560292 137.695882373 1.50905704498 63.3262329102 7.46600723267 8388608 0.439125528669 0.0 0.439125528669 0.677430678637 1.34845869075 -1.34845869075 0.677430678637 
44.9932233854 124.170258159 1.51343894005 199.434188843 7.18765640259 8388608 0.436586389041 0.0 0.436586389041 -1.42720967717 -0.503557308213 0.503557308213 -1.42720967717 
169.29654763 145.641394892 1.80168926716 67.2480163574 7.17552947998 16973824 0.308063480072 0.0 0.308063480072 0.696790512282 1.66149547017 -1.66149547017 0.696790512282 
38.8221119229 116.448057975 2.64477181435 201.697982788 7.01807403564 11272704 0.142962977329 0.0 0.142962977329 -2.45737806423 -0.977809285806 0.977809285806 -2.45737806423 
48.6220320284 73.3984749642 1.27229392529 187.157150269 6.97243499756 8388608 0.617767551138 0.0 0.617767551138 -1.26238041037 -0.158516661073 0.158516661073 -1.26238041037 
44.070876119 128.6424684 1.55122435093 188.551422119 6.88093185425 8388608 0.415576300614 0.0 0.415576300614 -1.53397909244 -0.230662374219 0.230662374219 -1.53397909244 
207.129390563 129.211744788 1.30813992023 62.7347106934 6.6400680542 8388608 0.584374964352 0.0 0.584374964352 0.599273459565 1.16279893858 -1.16279893858 0.599273459565 
128.332883574 117.648072795 1.465711236 247.545013428 6.45009231567 8388608 0.465482293787 0.0 0.465482293787 -0.559839376755 -1.35458085752 1.35458085752 -0.559839376755 
49.2017117476 64.5414340717 1.25949597359 190.282104492 6.07833862305 8388608 0.630385816473 0.0 0.630385816473 -1.23926952148 -0.224813613073 0.224813613073 -1.23926952148 
174.752441377 102.105218506 1.68142354488 252.754653931 6.03371810913 11927552 0.353708707226 0.0 0.353708707226 -0.498481551749 -1.60583351561 1.60583351561 -0.498481551749 
243.920267499 93.8940371766 1.26267564297 275.968719482 6.01630020142 8388608 0.627214939254 0.0 0.627214939254 0.131299946018 -1.25583044378 1.25583044378 0.131299946018 
150.559708085 110.367230864 1.68735122681 254.357299805 5.92374801636 12189696 0.3512279079 0.0 0.3512279079 -0.454973253214 -1.62485491705 1.62485491705 -0.454973253214 
186.980879687 96.0766506432 1.15539467335 246.7315979 5.82946014404 8388608 0.749099104652 0.0 0.749099104652 -0.456425876449 -1.06141993127 1.06141993127 -0.456425876449 
140.744757348 113.452901796 1.71467077732 254.737457275 5.54347991943 13369344 0.340124962808 0.0 0.340124962808 -0.451374070391 -1.65419385901 1.65419385901 -0.451374070391 
75.5061240415 144.862200047 1.71811556816 108.578781128 5.00229644775 13500416 0.338762441217 0.0 0.338762441217 -0.54740586604 1.62857849776 -1.62857849776 -0.54740586604 
91.9889041897 149.981282345 1.62988579273 100.702270508 4.19987869263 9699328 0.376431234275 0.0 0.376431234275 -0.302678844193 1.60153464359 -1.60153464359 -0.302678844193 
211.656010115 133.319765907 1.29189670086 59.6865539551 4.13075637817 8388608 0.599162220578 0.0 0.599162220578 0.652059318508 1.11526487026 -1.11526487026 0.652059318508 
280.600933632 65.8044598001 2.27371954918 9.72332763672 4.08103561401 17039616 0.193431058494 0.0 0.193431058494 2.24105708569 0.384010061046 -0.384010061046 2.24105708569 
280.804945441 50.372829945 2.25106310844 350.672302246 3.82020187378 16318720 0.19734433265 0.0 0.19734433265 2.22129837937 -0.36485425586 0.36485425586 2.22129837937 
33.0946478919 128.281927443 1.32058858871 236.197952271 3.63444519043 8388608 0.573409547202 0.0 0.573409547202 -0.734676861566 -1.09736235115 1.09736235115 -0.734676861566 
160.194292137 140.062002667 1.3880058527 280.268676758 3.60947036743 8388608 0.519059812166 0.0 0.519059812166 0.2474318982 -1.36577366459 1.36577366459 0.2474318982 
35.6464773839 47.3992303568 1.7735272646 103.672088623 3.59476089478 15794176 0.317924693582 0.0 0.317924693582 -0.419199474425 1.72327326878 -1.72327326878 -0.419199474425 
280.260825875 51.0074417712 1.4559738636 355.136016846 3.57892608643 8388608 0.471729289286 0.0 0.471729289286 1.45073060103 -0.123452884595 0.123452884595 1.45073060103 
232.579811976 22.1535196898 1.37962770462 359.883270264 3.54145431519 8388608 0.525383205704 0.0 0.525383205704 1.37962484143 -0.00281073873422 0.00281073873422 1.37962484143 
190.643381036 104.290028761 1.64508998394 88.6260375977 3.5041885376 10354688 0.369505309821 0.0 0.369505309821 0.0394457529384 1.64461700339 -1.64461700339 0.0394457529384 
202.069387162 117.544748935 2.30118989944 68.3848571777 3.46621704102 17957120 0.188840473955 0.0 0.188840473955 0.847689950128 2.13936829502 -2.13936829502 0.847689950128 
