13
95
98.2300953939 98.7691919274 4.68936109543 143.77878297 148.074996948 19267841 0.0454749937334 0.0 0.0454749937334 -3.78310244514 2.77096433988 -2.77096433988 -3.78310244514 
80.6266374855 97.1196437218 3.54570055008 134.199334641 139.594726562 15794177 0.0795418871498 0.0 0.0795418871498 -2.47190916959 2.54197904164 -2.54197904164 -2.47190916959 
65.4035027 125.622224343 3.70820689201 134.387623373 121.915519714 19005441 0.0727230502737 0.0 0.0727230502737 -2.59392405361 2.64997289761 -2.64997289761 -2.59392405361 
63.9385707561 58.1096288991 2.61894440651 129.533864777 116.923606873 10551808 0.14579661497 0.0 0.14579661497 -1.66704762841 2.01985692786 -2.01985692786 -1.66704762841 
207.901905023 91.7807284472 2.59248828888 136.851476778 115.516738892 9830912 0.14878748183 0.0 0.14878748183 -1.89143630912 1.77298173046 -1.77298173046 -1.89143630912 
72.2299563327 85.5696611303 1.96955120564 128.24997513 108.974411011 23396352 0.257789632442 0.0 0.257789632442 -1.2193365629 1.54672243728 -1.54672243728 -1.2193365629 
67.1983063503 107.71443085 2.54254508018 130.18403018 100.67149353 8454656 0.154690155597 0.0 0.154690155597 -1.64056392282 1.94244317804 -1.94244317804 -1.64056392282 
55.6372450317 145.473719066 1.46365475655 136.474285673 97.9953765869 8388608 0.466791246263 0.0 0.466791246263 -1.0612453698 1.00798983697 -1.00798983697 -1.0612453698 
209.69984351 83.0115522176 2.49158382416 134.814396376 94.0048065186 23658752 0.161082734927 0.0 0.161082734927 -1.7560993678 1.76751378021 -1.76751378021 -1.7560993678 
112.936158035 115.562386271 2.45542430878 134.902596796 89.0939102173 22610176 0.165861999997 0.0 0.165861999997 -1.73329304026 1.7391963008 -1.7391963008 -1.73329304026 
180.348480344 55.3336637361 2.33146095276 125.93938381 88.707359314 18874624 0.1839686017 0.0 0.1839686017 -1.36840209748 1.88764029249 -1.88764029249 -1.36840209748 
253.599163506 69.3086699766 1.76955652237 129.941007881 87.2078857422 15663104 0.31935308917 0.0 0.31935308917 -1.13605271199 1.35672934716 -1.35672934716 -1.13605271199 
120.201518343 103.631501198 4.14223241806 135.939740693 86.4337310791 10289409 0.0582815473438 0.0 0.0582815473438 -2.97664472623 2.88056862078 -2.88056862078 -2.97664472623 
146.433395235 64.4061220202 2.33520364761 126.519460206 85.5321960449 19005696 0.183379371232 0.0 0.183379371232 -1.38966983178 1.87669758738 -1.87669758738 -1.38966983178 
199.776231284 50.4248532381 2.32536196709 129.048031032 82.9307632446 18678016 0.184934897105 0.0 0.184934897105 -1.46491211765 1.80591826103 -1.80591826103 -1.46491211765 
149.225302205 65.123985808 1.53571736813 128.229058518 82.6225509644 8388608 0.424011277878 0.0 0.424011277878 -0.950312467528 1.20637226793 -1.20637226793 -0.950312467528 
258.491032738 104.18201928 1.26934432983 135.7992955 82.2681121826 8388608 0.620641919285 0.0 0.620641919285 -0.909995533632 0.884953759499 -0.884953759499 -0.909995533632 
247.614154213 63.0408806552 1.64037919044 133.29698752 81.8566970825 10158080 0.371630626472 0.0 0.371630626472 -1.12493938453 1.19388243541 -1.19388243541 -1.12493938453 
209.011025228 41.4658061834 1.29874575138 139.844348031 78.2816009521 8388608 0.592859413853 0.0 0.592859413853 -0.992625398881 0.837517369508 -0.837517369508 -0.992625398881 
222.645104436 49.8535165939 2.09740424156 132.921066234 76.0010681152 11206912 0.22731898914 0.0 0.22731898914 -1.42831165164 1.53591353217 -1.53591353217 -1.42831165164 
142.460387495 52.8333809506 2.35226416588 128.348976948 73.8976669312 19529984 0.180728987161 0.0 0.180728987161 -1.45946145299 1.84475444797 -1.84475444797 -1.45946145299 
209.659303075 52.7070896086 1.22972822189 138.760152206 72.7826919556 8388608 0.661274414787 0.0 0.661274414787 -0.924702283132 0.810652322078 -0.810652322078 -0.924702283132 
219.808581104 39.1099547246 1.39451360703 129.421705719 68.3280487061 8388608 0.514226539987 0.0 0.514226539987 -0.885548503151 1.07725208226 -1.07725208226 -0.885548503151 
92.9407012157 78.4165840677 2.76188254356 124.825120677 66.5214385986 14418432 0.131096045005 0.0 0.131096045005 -1.5772380309 2.2672263624 -2.2672263624 -1.5772380309 
210.040429887 49.0007946353 2.38396644592 137.385044567 64.8755645752 20513024 0.175954234534 0.0 0.175954234534 -1.75440949955 1.61410759344 -1.61410759344 -1.75440949955 
139.870662514 41.9174019238 2.1128680706 130.090832738 59.2180862427 11731200 0.224003724652 0.0 0.224003724652 -1.36068964672 1.61639573406 -1.61639573406 -1.36068964672 
216.864702389 29.7067904201 1.37722945213 127.339010096 56.0902786255 8388608 0.527214561599 0.0 0.527214561599 -0.835330788934 1.09498102124 -1.09498102124 -0.835330788934 
123.321090756 155.006102034 1.38414597511 134.178690211 53.1952133179 8388608 0.521958785101 0.0 0.521958785101 -0.964609138895 0.992667763948 -0.992667763948 -0.964609138895 
117.022901206 86.9476457375 3.35555100441 131.910671413 51.029499054 11796481 0.0888121351271 0.0 0.0888121351271 -2.24141134004 2.49715793412 -2.49715793412 -2.24141134004 
68.3868291104 73.213169846 1.49025273323 131.889733516 50.7419891357 8388608 0.450277396089 0.0 0.450277396089 -0.995040522118 1.10939062924 -1.10939062924 -0.995040522118 
98.520071335 88.3444542611 1.59261357784 130.89282826 48.5093650818 8388608 0.394256781302 0.0 0.394256781302 -1.04259842369 1.20391300983 -1.20391300983 -1.04259842369 
147.500750118 96.2304178278 2.89604663849 130.052356033 47.4531097412 17826304 0.119230920516 0.0 0.119230920516 -1.8635693516 2.21679845815 -2.21679845815 -1.8635693516 
184.685051721 68.2858746897 3.07670688629 124.165996049 39.9688491821 22217216 0.105639844403 0.0 0.105639844403 -1.7278552732 2.54571039574 -2.54571039574 -1.7278552732 
56.801680307 112.639161892 2.64872503281 128.370284447 37.6121063232 11403776 0.142536551693 0.0 0.142536551693 -1.64417287849 2.07664148208 -2.07664148208 -1.64417287849 
91.4955853743 73.6638356332 1.39741826057 125.534318552 37.2318267822 8388608 0.512091033894 0.0 0.512091033894 -0.812166194774 1.13717363101 -1.13717363101 -0.812166194774 
149.827019022 74.2981136708 2.07922792435 125.7859294 36.4739189148 10617088 0.231310741953 0.0 0.231310741953 -1.2158461558 1.68668517715 -1.68668517715 -1.2158461558 
213.253457537 60.2142774538 3.13914203644 133.726632834 36.3553924561 23659008 0.10147944112 0.0 0.10147944112 -2.16983271603 2.26848819907 -2.26848819907 -2.16983271603 
144.632655872 74.1956791172 1.30951082706 126.966188925 35.3514785767 8388608 0.583152058407 0.0 0.583152058407 -0.787465996799 1.04628672461 -1.04628672461 -0.787465996799 
104.645731778 108.506280177 1.76039505005 141.272800907 32.2205429077 15269888 0.322685702025 0.0 0.322685702025 -1.3733431661 1.10132614622 -1.10132614622 -1.3733431661 
173.932737529 66.0026134478 1.33453464508 126.736817508 31.2593021393 8388608 0.561487761434 0.0 0.561487761434 -0.798238864829 1.06948465795 -1.06948465795 -0.798238864829 
124.351619145 41.5289465648 1.22857177258 128.556623914 31.2175674438 8388608 0.662519910218 0.0 0.662519910218 -0.765753752547 0.960733985465 -0.960733985465 -0.765753752547 
161.568508654 74.8076275088 3.50990009308 122.698218752 29.3270320892 15073281 0.0811727931958 0.0 0.0811727931958 -1.89609772622 2.95367772041 -2.95367772041 -1.89609772622 
203.372307101 59.2216369796 1.73308253288 129.559295652 28.5504264832 14155776 0.332936576612 0.0 0.332936576612 -1.10375942883 1.3361475177 -1.3361475177 -1.10375942883 
81.7332447395 76.4010148246 1.51366686821 124.097456541 28.1455764771 8388608 0.436454916466 0.0 0.436454916466 -0.848565029327 1.25344516391 -1.25344516391 -0.848565029327 
123.32754699 80.7260227967 1.69576406479 126.026517086 25.6196155548 12582912 0.34775160601 0.0 0.34775160601 -0.997379932446 1.3714404959 -1.3714404959 -0.997379932446 
238.912063906 52.2013433619 1.38834691048 133.121906435 25.3626880646 8388608 0.518804821658 0.0 0.518804821658 -0.949008547904 1.0133557716 -1.0133557716 -0.949008547904 
196.791888998 59.8344158549 1.3221616745 125.663870994 25.2554416656 8388608 0.572045892787 0.0 0.572045892787 -0.770858625078 1.07419200968 -1.07419200968 -0.770858625078 
231.356439584 53.147523832 1.72342038155 132.160431488 22.3487739563 13762560 0.336680179927 0.0 0.336680179927 -1.15677497604 1.2775169143 -1.2775169143 -1.15677497604 
198.089951404 85.6933426497 1.37038135529 130.968465287 19.6536598206 8388608 0.532496941406 0.0 0.532496941406 -0.898481695451 1.03473460455 -1.03473460455 -0.898481695451 
97.7779300343 106.015821467 1.49970901012 145.46732876 19.3111190796 8388608 0.44461693308 0.0 0.44461693308 -1.23546489877 0.850149162761 -0.850149162761 -1.23546489877 
124.673527236 87.8260054413 1.72886490822 126.765537914 18.5748767853 13959168 0.3345629782 0.0 0.3345629782 -1.03479803306 1.38497902571 -1.38497902571 -1.03479803306 
42.2745053835 141.18654337 1.76568853855 132.535921948 18.3837356567 15466496 0.320753795523 0.0 0.320753795523 -1.19369782486 1.30105400276 -1.30105400276 -1.19369782486 
258.586223767 46.9975468715 1.36244893074 136.612010677 17.2022132874 8388608 0.538715579236 0.0 0.538715579236 -0.990117097121 0.935914110836 -0.935914110836 -0.990117097121 
193.248665327 88.7152051522 1.51875841618 131.337484448 16.7201309204 8388608 0.433533443018 0.0 0.433533443018 -1.003129339 1.14033269529 -1.14033269529 -1.003129339 
258.611501533 111.869165627 1.71592986584 136.956050949 15.101108551 13434880 0.33962600265 0.0 0.33962600265 -1.25405363442 1.17122362787 -1.17122362787 -1.25405363442 
186.237394996 69.8856594925 1.4132039547 134.382753631 14.141664505 8388608 0.500714665643 0.0 0.500714665643 -0.988463030619 1.00999319536 -1.00999319536 -0.988463030619 
241.483863155 44.6879711652 2.01047253609 132.283257712 13.4598503113 24903680 0.247402287219 0.0 0.247402287219 -1.35263860137 1.48740331868 -1.48740331868 -1.35263860137 
190.039917927 103.673970934 4.57527971268 127.053877864 12.8219337463 17498369 0.0477710403988 0.0 0.0477710403988 -2.75690685507 3.65139001501 -3.65139001501 -2.75690685507 
233.195100737 45.2860798859 1.6440256834 132.207457846 12.8172492981 10289152 0.369983881414 0.0 0.369983881414 -1.10448441848 1.21775802893 -1.21775802893 -1.10448441848 
141.883910463 90.4461111045 1.27304518223 125.452796947 11.7151813507 8388608 0.617038645002 0.0 0.617038645002 -0.738407007695 1.03701452593 -1.03701452593 -0.738407007695 
88.6984712317 135.826454384 1.966553092 138.579528862 10.9038887024 23265280 0.258576259321 0.0 0.258576259321 -1.47466849341 1.30103185903 -1.30103185903 -1.47466849341 
147.14109919 102.445534852 1.30905640125 126.732086733 10.4641304016 8388608 0.583556999467 0.0 0.583556999467 -0.782912680523 1.04913125792 -1.04913125792 -0.782912680523 
71.3644530192 150.925571378 1.50275909901 126.457294395 10.265045166 8388608 0.442813922959 0.0 0.442813922959 -0.892974717562 1.20866912902 -1.20866912902 -0.892974717562 
146.012984523 118.95535059 4.39750480652 124.581544369 9.82814025879 14614785 0.0517115260515 0.0 0.0517115260515 -2.49592950673 3.62055029254 -3.62055029254 -2.49592950673 
226.653812974 85.8020208577 2.32514023781 142.225311434 9.79153442383 18678016 0.184970170191 0.0 0.184970170191 -1.8378505952 1.42428308815 -1.42428308815 -1.8378505952 
166.538258385 112.174939312 4.55912494659 124.057933336 9.12899398804 17236225 0.0481101832225 0.0 0.0481101832225 -2.55325075647 3.777106148 -3.777106148 -2.55325075647 
171.880505629 94.3872818877 1.32882845402 126.366901859 8.84073638916 8388608 0.566320342456 0.0 0.566320342456 -0.787933912421 1.0700211259 -1.0700211259 -0.787933912421 
127.810777604 109.915473949 1.45094358921 126.456494678 8.41807174683 8388608 0.475005834469 0.0 0.475005834469 -0.86216843719 1.16700594899 -1.16700594899 -0.86216843719 
195.635783368 133.862803003 1.89842832088 125.605329258 8.16094589233 20709376 0.277467161804 0.0 0.277467161804 -1.10526230427 1.54351071532 -1.54351071532 -1.10526230427 
74.1541245239 128.837477243 1.72822344303 143.781496053 8.10076141357 13959168 0.334811383964 0.0 0.334811383964 -1.39427801682 1.02114890239 -1.02114890239 -1.39427801682 
134.201269604 107.750819937 1.51390719414 126.247829393 8.0559425354 8388608 0.436316356972 0.0 0.436316356972 -0.895141677788 1.22091620071 -1.22091620071 -0.895141677788 
241.11607384 114.803084612 1.66075825691 125.426844153 7.69750976562 11075584 0.362566070192 0.0 0.362566070192 -0.962680132566 1.35327933194 -1.35327933194 -0.962680132566 
226.521286017 121.50804743 1.57768368721 126.075291544 7.64247512817 8388608 0.401753926367 0.0 0.401753926367 -0.929015665917 1.27515321016 -1.27515321016 -0.929015665917 
229.938353988 120.644584016 3.09378480911 125.651977978 7.59508895874 22610432 0.104476783742 0.0 0.104476783742 -1.80324454257 2.51392393776 -2.51392393776 -1.80324454257 
187.697560292 137.695882373 1.50905704498 126.00716187 7.46600723267 8388608 0.439125528669 0.0 0.439125528669 -0.887154073396 1.22074191174 -1.22074191174 -0.887154073396 
44.9932233854 124.170258159 1.51343894005 124.974516846 7.18765640259 8388608 0.436586389041 0.0 0.436586389041 -0.867521436657 1.24012256741 -1.24012256741 -0.867521436657 
169.29654763 145.641394892 1.80168926716 125.905632275 7.17552947998 16973824 0.308063480072 0.0 0.308063480072 -1.05660424242 1.45933947055 -1.45933947055 -1.05660424242 
48.6220320284 73.3984749642 1.27229392529 125.606429601 6.97243499756 8388608 0.617767551138 0.0 0.617767551138 -0.740747603604 1.03442004044 -1.03442004044 -0.740747603604 
44.070876119 128.6424684 1.55122435093 125.284645988 6.88093185425 8388608 0.415576300614 0.0 0.415576300614 -0.896047522558 1.26625266998 -1.26625266998 -0.896047522558 
207.129390563 129.211744788 1.30813992023 125.915059365 6.6400680542 8388608 0.584374964352 0.0 0.584374964352 -0.767335574525 1.05944616049 -1.05944616049 -0.767335574525 
128.332883574 117.648072795 1.465711236 123.596075345 6.45009231567 8388608 0.465482293787 0.0 0.465482293787 -0.811028585679 1.22087757803 -1.22087757803 -0.811028585679 
49.2017117476 64.5414340717 1.25949597359 125.09940074 6.07833862305 8388608 0.630385816473 0.0 0.630385816473 -0.724206022092 1.03046384946 -1.03046384946 -0.724206022092 
174.752441377 102.105218506 1.68142354488 123.91235484 6.03371810913 11927552 0.353708707226 0.0 0.353708707226 -0.938106673861 1.39539994473 -1.39539994473 -0.938106673861 
243.920267499 93.8940371766 1.26267564297 125.729694418 6.01630020142 8388608 0.627214939254 0.0 0.627214939254 -0.737354603587 1.02501608178 -1.02501608178 -0.737354603587 
150.559708085 110.367230864 1.68735122681 123.892222158 5.92374801636 12189696 0.3512279079 0.0 0.3512279079 -0.940921765785 1.40064998957 -1.40064998957 -0.940921765785 
186.980879687 96.0766506432 1.15539467335 123.583517318 5.82946014404 8388608 0.749099104652 0.0 0.749099104652 -0.639108774996 0.962536661599 -0.962536661599 -0.639108774996 
140.744757348 113.452901796 1.71467077732 123.773051499 5.54347991943 13369344 0.340124962808 0.0 0.340124962808 -0.953193558967 1.42531326863 -1.42531326863 -0.953193558967 
75.5061240415 144.862200047 1.71811556816 129.216524894 5.00229644775 13500416 0.338762441217 0.0 0.338762441217 -1.08628334617 1.33113094675 -1.33113094675 -1.08628334617 
91.9889041897 149.981282345 1.62988579273 125.0911972 4.19987869263 9699328 0.376431234275 0.0 0.376431234275 -0.93698800537 1.33363457332 -1.33363457332 -0.93698800537 
211.656010115 133.319765907 1.29189670086 125.681818023 4.13075637817 8388608 0.599162220578 0.0 0.599162220578 -0.753542002393 1.04936720757 -1.04936720757 -0.753542002393 
33.0946478919 128.281927443 1.32058858871 124.953493769 3.63444519043 8388608 0.573409547202 0.0 0.573409547202 -0.756580194498 1.0823773048 -1.0823773048 -0.756580194498 
160.194292137 140.062002667 1.3880058527 124.349330129 3.60947036743 8388608 0.519059812166 0.0 0.519059812166 -0.783164381079 1.14595540896 -1.14595540896 -0.783164381079 
35.6464773839 47.3992303568 1.7735272646 124.926796071 3.59476089478 15794176 0.317924693582 0.0 0.317924693582 -1.01539646382 1.45408699173 -1.45408699173 -1.01539646382 
190.643381036 104.290028761 1.64508998394 124.820457283 3.5041885376 10354688 0.369505309821 0.0 0.369505309821 -0.939357436036 1.35052903065 -1.35052903065 -0.939357436036 
202.069387162 117.544748935 2.30118989944 124.663271899 3.46621704102 17957120 0.188840473955 0.0 0.188840473955 -1.30880725643 1.8927489318 -1.8927489318 -1.30880725643 
