13
174
91.5634353617 51.0971062653 2.03965806961 90.5682067871 165.144058228 9175296 0.240372767727 0.0 0.240372767727 -0.0202271191996 2.03955777182 -2.03955777182 -0.0202271191996 
204.687972954 24.4035553387 2.26460933685 26.4250488281 159.749298096 16777472 0.194990482033 0.0 0.194990482033 2.02799680952 1.00781168338 -1.00781168338 2.02799680952 
83.9751201314 35.6154625087 3.26949524879 113.788421631 137.188369751 9895937 0.0935488770893 0.0 0.0935488770893 -1.31878488669 2.99172284888 -2.99172284888 -1.31878488669 
173.198091821 61.1320299443 1.92157697678 89.2053527832 132.391387939 21626880 0.270822302911 0.0 0.270822302911 0.0266499008537 1.92139216727 -1.92139216727 0.0266499008537 
67.4674179478 81.478358639 3.96263742447 104.409347534 129.87387085 23789569 0.0636841455586 0.0 0.0636841455586 -0.986094015786 3.83798305752 -3.83798305752 -0.986094015786 
120.814014415 137.078233922 2.0073735714 88.5215454102 128.715072632 24772608 0.24816675156 0.0 0.24816675156 0.0517923197462 2.00670531238 -2.00670531238 0.0517923197462 
101.884445374 57.2622585687 1.59027576447 341.13961792 128.03868103 8388608 0.395416801819 0.0 0.395416801819 1.50489244268 -0.514077565165 0.514077565165 1.50489244268 
105.029802701 115.398760233 2.8071846962 348.815795898 127.85987854 15598080 0.126898948888 0.0 0.126898948888 2.75387251578 -0.544492502608 0.544492502608 2.75387251578 
115.478508636 64.2255195303 1.67645680904 78.9888916016 123.617752075 11730944 0.355807634025 0.0 0.355807634025 0.320202090133 1.64559352638 -1.64559352638 0.320202090133 
218.469510182 128.475631957 4.13223409653 54.5549926758 123.231895447 10158337 0.0585639237076 0.0 0.0585639237076 2.39637055936 3.36641749799 -3.36641749799 2.39637055936 
165.483055864 60.6890504613 1.42423009872 91.4002990723 122.842605591 8388608 0.49299178309 0.0 0.49299178309 -0.0348044754729 1.42380476983 -1.42380476983 -0.0348044754729 
183.230243645 47.5847418099 2.50144982338 340.909057617 118.409484863 23986432 0.159814583915 0.0 0.159814583915 2.36387165568 -0.818145472609 0.818145472609 2.36387165568 
96.6571818413 36.7598094428 3.87987136841 278.520019531 115.615371704 22282241 0.0664301671433 0.0 0.0664301671433 0.574822229696 -3.83705371863 3.83705371863 0.574822229696 
105.686179024 64.3243023775 1.51692521572 76.5897827148 115.232978821 8388608 0.434581924414 0.0 0.434581924414 0.351807374713 1.47556554622 -1.47556554622 0.351807374713 
202.906405966 41.6860214649 1.94150686264 77.3696594238 114.090530396 22347776 0.265290769856 0.0 0.265290769856 0.424529891807 1.8945245495 -1.8945245495 0.424529891807 
101.633674856 124.465469006 1.28360891342 181.373931885 113.403396606 8388608 0.606924335673 0.0 0.606924335673 -1.28323987885 -0.0307775235106 0.0307775235106 -1.28323987885 
190.841524179 68.6592566639 1.7530632019 340.40612793 110.69316864 14942208 0.325390487553 0.0 0.325390487553 1.65154914047 -0.587891168922 0.587891168922 1.65154914047 
93.289566573 77.2791733966 3.05212068558 37.0683288574 110.061904907 21627392 0.107348652031 0.0 0.107348652031 2.43533971252 1.83971768593 -1.83971768593 2.43533971252 
100.884036693 34.021584247 2.01752972603 72.0620727539 109.501342773 8388864 0.245674519569 0.0 0.245674519569 0.62137184511 1.91945909712 -1.91945909712 0.62137184511 
120.179127692 123.460576092 2.26109433174 281.589538574 108.114257812 16646400 0.195597201773 0.0 0.195597201773 0.454251727516 -2.21499502146 2.21499502146 0.454251727516 
110.844633779 133.432337678 2.50343608856 43.6007385254 107.064239502 24051968 0.15956108576 0.0 0.15956108576 1.81289571908 1.72644182099 -1.72644182099 1.81289571908 
59.3950143262 126.599092993 3.67012143135 77.1831665039 104.908241272 18284545 0.0742401998798 0.0 0.0742401998798 0.814161339524 3.57867749792 -3.57867749792 0.814161339524 
150.167940983 138.426664541 1.48351168633 89.4521789551 104.807632446 8388608 0.454378795949 0.0 0.454378795949 0.0141840559035 1.48344387694 -1.48344387694 0.0141840559035 
127.719753978 135.495035673 1.3091609478 91.5925292969 104.66166687 8388608 0.583463800181 0.0 0.583463800181 -0.0363832859002 1.30865528072 -1.30865528072 -0.0363832859002 
98.3984615549 51.5716347897 3.83006477356 346.378509521 101.341918945 21364737 0.0681691317376 0.0 0.0681691317376 3.72233552747 -0.902005759741 0.902005759741 3.72233552747 
156.286411044 138.519984392 1.28444182873 75.5732727051 100.600715637 8388608 0.60613745276 0.0 0.60613745276 0.320008000315 1.243939585 -1.243939585 0.320008000315 
185.543782926 93.9580784466 3.4854195118 47.0253601074 98.1337432861 14548993 0.0823170662249 0.0 0.0823170662249 2.37592189372 2.55012633572 -2.55012633572 2.37592189372 
99.3306167583 49.5892815809 1.70300865173 349.739593506 97.1416931152 12845056 0.344799233261 0.0 0.344799233261 1.67577475379 -0.303343769388 0.303343769388 1.67577475379 
34.7877314428 170.893090248 1.34102499485 108.345794678 96.779876709 8388608 0.556065889099 0.0 0.556065889099 -0.422089227575 1.2728663405 -1.2728663405 -0.422089227575 
196.172928068 42.7277629383 2.6440308094 75.046661377 96.4169616699 11272704 0.143043120962 0.0 0.143043120962 0.682245389423 2.55449410837 -2.55449410837 0.682245389423 
80.7952395827 94.3168089256 2.37931251526 42.3805541992 94.2966842651 20316416 0.176643240005 0.0 0.176643240005 1.75756044713 1.60377969808 -1.60377969808 1.75756044713 
73.8643563484 127.737871623 1.61753880978 67.3589477539 93.145652771 9175040 0.382199910415 0.0 0.382199910415 0.622682404246 1.49288258901 -1.49288258901 0.622682404246 
173.173347251 117.740360748 3.24269986153 5.96997070312 91.4008483887 9306113 0.0951013088342 0.0 0.0951013088342 3.2251132189 0.337264165343 -0.337264165343 3.2251132189 
114.309476339 103.014418901 1.47582316399 348.300079346 88.2250213623 8388608 0.459125437104 0.0 0.459125437104 1.44516012107 -0.299276186529 0.299276186529 1.44516012107 
70.3774318225 106.763263137 2.30923318863 38.9861450195 88.1437301636 18153728 0.187527264608 0.0 0.187527264608 1.79496261122 1.45281352684 -1.45281352684 1.79496261122 
119.170556205 121.97476522 1.41755592823 283.854888916 87.6338195801 8388608 0.497644942669 0.0 0.497644942669 0.339453169314 -1.37631259367 1.37631259367 0.339453169314 
135.8282517 117.530708176 2.41040015221 37.9353637695 85.6162109375 21299456 0.172116183635 0.0 0.172116183635 1.90109414345 1.48184680433 -1.48184680433 1.90109414345 
99.2982514607 131.03798306 2.09878563881 148.146392822 84.9203109741 11272448 0.227019849982 0.0 0.227019849982 -1.78270703096 1.10763567992 -1.10763567992 -1.78270703096 
117.034182435 114.351929715 1.94898080826 338.847473145 83.7824478149 22609920 0.263259998675 0.0 0.263259998675 1.81766454229 -0.703293539467 0.703293539467 1.81766454229 
169.931892955 110.89934504 1.23255860806 198.585647583 83.5205307007 8388608 0.658240866613 0.0 0.658240866613 -1.16827855492 -0.392843404429 0.392843404429 -1.16827855492 
101.870163632 146.334346879 1.35804855824 29.7156066895 83.297088623 8388608 0.542212346352 0.0 0.542212346352 1.17946045383 0.67317822631 -0.67317822631 1.17946045383 
133.064522158 137.004424741 3.49849295616 45.7086791992 82.3141860962 14811137 0.081702997913 0.0 0.081702997913 2.44302164442 2.50421608676 -2.50421608676 2.44302164442 
217.966403299 82.3636852076 2.93659567833 93.106262207 81.1607818604 18874880 0.115960929905 0.0 0.115960929905 -0.159128096429 2.93228109616 -2.93228109616 -0.159128096429 
118.946584113 108.764017309 3.56369566917 343.290527344 81.1442565918 16121857 0.0787406111844 0.0 0.0787406111844 3.41321852231 -1.02462975822 1.02462975822 3.41321852231 
161.273856054 94.9341674764 3.79271888733 42.1354980469 79.1904144287 20643841 0.0695182276235 0.0 0.0695182276235 2.81252987181 2.54448271334 -2.54448271334 2.81252987181 
132.80201639 140.304432885 1.39246070385 31.1753845215 77.8281097412 8388608 0.515743904852 0.0 0.515743904852 1.19137090941 0.720820482486 -0.720820482486 1.19137090941 
99.8172315685 150.182604098 1.32315254211 34.6612243652 76.4560699463 8388608 0.571189438987 0.0 0.571189438987 1.08833149577 0.752507279045 -0.752507279045 1.08833149577 
226.850760264 83.6994229487 3.41855740547 111.588729858 76.2083129883 13107201 0.0855685643964 0.0 0.0855685643964 -1.25782967812 3.17874176921 -3.17874176921 -1.25782967812 
133.253227747 129.897744632 1.36573910713 336.761779785 75.1682281494 8388608 0.536123086629 0.0 0.536123086629 1.25493990081 -0.538859122685 0.538859122685 1.25493990081 
190.850943911 82.7659883549 1.27604389191 182.151306152 74.8580245972 8388608 0.614141964663 0.0 0.614141964663 -1.27514451078 -0.047900842266 0.047900842266 -1.27514451078 
95.5127306289 40.7410036782 1.92822420597 342.700805664 74.5680236816 21823488 0.268958292556 0.0 0.268958292556 1.84100094727 -0.573379543284 0.573379543284 1.84100094727 
161.199509448 91.7753843716 1.3803627491 42.4381713867 73.829498291 8388608 0.524823820565 0.0 0.524823820565 1.01871591576 0.931460789339 -0.931460789339 1.01871591576 
187.062733731 62.3116994817 3.73035693169 338.444580078 73.1985473633 19464193 0.0718619873057 0.0 0.0718619873057 3.46946558162 -1.37053690784 1.37053690784 3.46946558162 
63.9463343122 115.715352308 2.36875653267 28.1683044434 69.4717102051 20054272 0.178221112345 0.0 0.178221112345 2.08821220942 1.11820270054 -1.11820270054 2.08821220942 
211.413055234 128.524382982 1.52263975143 103.972747803 69.4467086792 8388608 0.431326034497 0.0 0.431326034497 -0.367657136804 1.47758588326 -1.47758588326 -0.367657136804 
90.3727128479 161.34936209 1.30042898655 50.1640319824 68.8224411011 8388608 0.591325649248 0.0 0.591325649248 0.833044237915 0.998575408637 -0.998575408637 0.833044237915 
157.374146124 96.0164136475 1.36731445789 42.0813293457 68.2835540771 8388608 0.534888410339 0.0 0.534888410339 1.01481295558 0.916353366312 -0.916353366312 1.01481295558 
159.165488324 66.2426411649 8.47187709808 163.298339844 66.4525146484 11927810 0.0139328738949 0.0 0.0139328738949 -8.11448391509 2.43471812676 -2.43471812676 -8.11448391509 
232.868344215 157.730588173 1.36002707481 239.398239136 62.7641334534 8388608 0.540635913325 0.0 0.540635913325 -0.692346084201 -1.17061118392 1.17061118392 -0.692346084201 
146.065772413 113.528648846 5.92530918121 36.1239624023 62.5364875793 19464705 0.0284824908601 0.0 0.0284824908601 4.78612937153 3.49317255971 -3.49317255971 4.78612937153 
110.340418819 139.383930031 1.32461476326 328.270751953 62.0459518433 8388608 0.569929081162 0.0 0.569929081162 1.12664149481 -0.696622719423 0.696622719423 1.12664149481 
229.699337614 150.578979977 3.56570982933 236.86857605 61.8663673401 16187393 0.0786516799947 0.0 0.0786516799947 -1.9488790955 -2.98599344575 2.98599344575 -1.9488790955 
90.890437711 94.9852675498 1.27220714092 139.964080811 61.3865623474 8388608 0.617851836771 0.0 0.617851836771 -0.974054359575 0.818369790503 -0.818369790503 -0.974054359575 
237.328151307 169.603827486 1.39133739471 60.9443054199 61.2830924988 8388608 0.516577022268 0.0 0.516577022268 0.67571631872 1.21623484679 -1.21623484679 0.67571631872 
183.254711471 35.5973794429 2.39153623581 230.292144775 60.0884780884 20709632 0.174842122065 0.0 0.174842122065 -1.52788863707 -1.83983746018 1.83983746018 -1.52788863707 
220.772842108 162.15949397 1.53213775158 258.328125 60.0680274963 8388608 0.425994873467 0.0 0.425994873467 -0.309961573234 -1.50045656816 1.50045656816 -0.309961573234 
227.295429022 160.660889448 1.36232614517 250.153152466 59.8651351929 8388608 0.538812691781 0.0 0.538812691781 -0.462519415394 -1.28140872332 1.28140872332 -0.462519415394 
94.3510524857 122.078038505 1.71302652359 177.485748291 58.983341217 13303808 0.340778216136 0.0 0.340778216136 -1.71137746289 0.0751468565593 -0.0751468565593 -1.71137746289 
250.407701315 159.561919457 1.53334534168 41.4344177246 55.3198699951 8388608 0.425324150949 0.0 0.425324150949 1.14956998273 1.01471020082 -1.01471020082 1.14956998273 
192.75102091 77.8671868693 2.68786525726 177.987670898 53.5789527893 12452352 0.138415591362 0.0 0.138415591362 -2.68620763487 0.0943831741985 -0.0943831741985 -2.68620763487 
80.0686800453 65.272914848 3.6411523819 245.154815674 53.3092193604 17694721 0.0754262108812 0.0 0.0754262108812 -1.52989512819 -3.30415065712 3.30415065712 -1.52989512819 
50.9768158817 161.840556383 1.66917169094 278.656738281 51.4783592224 11403264 0.35892026441 0.0 0.35892026441 0.251234384851 -1.65015617979 1.65015617979 0.251234384851 
212.998401882 162.737340593 1.63537466526 270.934692383 51.2245635986 9961472 0.373908612764 0.0 0.373908612764 0.0266774351793 -1.6351570598 1.6351570598 0.0266774351793 
206.0694315 161.764978855 1.54162085056 281.583984375 49.9765663147 8388608 0.420770078378 0.0 0.420770078378 0.309563783033 -1.51022021941 1.51022021941 0.309563783033 
214.747726001 116.539665747 1.95766866207 328.150238037 49.9417114258 22937600 0.26092856295 0.0 0.26092856295 1.66291170456 -1.03304949218 1.03304949218 1.66291170456 
167.576864546 46.5343747082 3.51513600349 182.354598999 49.6787605286 15138817 0.0809311542167 0.0 0.0809311542167 -3.51216816912 -0.144415632376 0.144415632376 -3.51216816912 
210.455952503 122.316922264 1.22668457031 183.421081543 49.2405738831 8388608 0.664559995954 0.0 0.664559995954 -1.22449854361 -0.0732007631865 0.0732007631865 -1.22449854361 
43.6036308936 118.441594488 2.36173224449 121.335754395 49.2071838379 19792128 0.179282822984 0.0 0.179282822984 -1.22822409742 2.01723691251 -2.01723691251 -1.22822409742 
59.3131545359 161.645207919 1.69393467903 268.140167236 48.564453125 12451840 0.348503128916 0.0 0.348503128916 -0.0549758118483 -1.69304233761 1.69304233761 -0.0549758118483 
98.3672585847 139.669078184 1.2924400568 195.690795898 48.5007476807 8388608 0.59865853777 0.0 0.59865853777 -1.24427754144 -0.349534977199 0.349534977199 -1.24427754144 
210.976723294 157.87600488 3.07941865921 273.152526855 47.5607337952 22282752 0.105453870902 0.0 0.105453870902 0.169350212352 -3.07475849202 3.07475849202 0.169350212352 
125.165094666 114.555433085 1.45057952404 224.397125244 46.9879760742 8388608 0.475244297481 0.0 0.475244297481 -1.03645036067 -1.01486531393 1.01486531393 -1.03645036067 
69.78220072 120.099460123 1.45268166065 282.776367188 44.4141197205 8388608 0.473869866137 0.0 0.473869866137 0.321255114118 -1.41671421213 1.41671421213 0.321255114118 
145.534740763 108.964816824 2.64843177795 39.7105407715 44.0741271973 11403776 0.14256811894 0.0 0.14256811894 2.03739096695 1.69210783647 -1.69210783647 2.03739096695 
72.7859019823 158.322477039 1.47420191765 245.328582764 42.5025939941 8388608 0.460135834289 0.0 0.460135834289 -0.615352225009 -1.33963164085 1.33963164085 -0.615352225009 
68.354845048 154.59128537 2.92072963715 252.796051025 41.6299591064 18481664 0.117224201982 0.0 0.117224201982 -0.863875565303 -2.79005029004 2.79005029004 -0.863875565303 
43.1711047228 160.204181925 1.4666069746 290.723510742 40.4676361084 8388608 0.464913875473 0.0 0.464913875473 0.518971584621 -1.37171590073 1.37171590073 0.518971584621 
65.0743881755 91.2788847398 2.8067111969 219.742858887 39.6320610046 15598080 0.126941768848 0.0 0.126941768848 -2.15814064865 -1.79445163865 1.79445163865 -2.15814064865 
211.33664122 140.312672746 2.61097979546 20.9674682617 39.0172538757 10355200 0.146687456357 0.0 0.146687456357 2.43809051055 0.934307312754 -0.934307312754 2.43809051055 
149.363208417 83.2400102567 2.74789452553 223.080276489 37.3252639771 14025216 0.132434117622 0.0 0.132434117622 -2.00705513688 -1.87687346429 1.87687346429 -2.00705513688 
194.588222595 19.7741871357 1.94346690178 208.006835938 37.3019104004 22413312 0.264755933802 0.0 0.264755933802 -1.71587055213 -0.912607169954 0.912607169954 -1.71587055213 
196.35592065 119.625141834 3.91355252266 163.898300171 35.4534225464 22937601 0.0652916534024 0.0 0.0652916534024 -3.76002748299 1.08539701253 -1.08539701253 -3.76002748299 
201.852127978 15.5086814408 1.32985448837 270.219207764 35.3835983276 8388608 0.56544680332 0.0 0.56544680332 0.00508787418043 -1.32984475552 1.32984475552 0.00508787418043 
199.51324703 159.686565241 1.46207213402 294.344207764 34.6557006836 8388608 0.467802351199 0.0 0.467802351199 0.602691644475 -1.33207271076 1.33207271076 0.602691644475 
139.060990288 97.6664837776 2.03415679932 222.958969116 34.3377685547 8978688 0.241674676889 0.0 0.241674676889 -1.48868119614 -1.38622587643 1.38622587643 -1.48868119614 
134.717339711 96.2439047345 3.05382823944 221.830596924 33.7698669434 21692928 0.107228637188 0.0 0.107228637188 -2.27546835636 -2.03669110943 2.03669110943 -2.27546835636 
202.595642993 133.04452119 1.96697187424 61.6885986328 33.7509002686 23265280 0.258466165611 0.0 0.258466165611 0.932862782702 1.73168859287 -1.73168859287 0.932862782702 
183.100564902 79.8746658008 1.58178675175 171.150741577 33.5219078064 8388608 0.399672376083 0.0 0.399672376083 -1.56295793894 0.243334767599 -0.243334767599 -1.56295793894 
69.102423097 133.053238494 1.44994211197 109.068634033 33.2455482483 8388608 0.475662235597 0.0 0.475662235597 -0.473696882133 1.37038074706 -1.37038074706 -0.473696882133 
220.581951016 156.49811025 1.24709665775 5.62182617188 32.4980545044 8388608 0.642983412674 0.0 0.642983412674 1.24109831573 0.122168099204 -0.122168099204 1.24109831573 
93.8594775991 114.341220741 1.53739404678 166.302032471 31.1836280823 8388608 0.423086930613 0.0 0.423086930613 -1.49366674861 0.364060570744 -0.364060570744 -1.49366674861 
175.565191661 87.3977623307 1.39162373543 222.661407471 30.9465045929 8388608 0.516364462203 0.0 0.516364462203 -1.023360036 -0.943054005733 0.943054005733 -1.023360036 
87.492057858 130.278425886 1.32192289829 140.404388428 30.2251243591 8388608 0.572252566391 0.0 0.572252566391 -1.01862363487 0.842547351497 -0.842547351497 -1.01862363487 
88.0804687866 139.947485995 2.34071230888 202.251419067 29.9807472229 19136768 0.182517252331 0.0 0.182517252331 -2.16640209793 -0.886361135794 0.886361135794 -2.16640209793 
248.351373667 114.280284475 1.52481758595 162.115249634 29.557144165 8388608 0.430094823748 0.0 0.430094823748 -1.45113256789 0.468276564465 -0.468276564465 -1.45113256789 
41.7447237131 130.194638942 1.96370279789 74.4731140137 29.1677513123 23199744 0.259327445578 0.0 0.259327445578 0.525664641258 1.89203735782 -1.89203735782 0.525664641258 
154.510047084 123.682882293 3.76740670204 180.4165802 26.6934757233 20185089 0.0704555140551 0.0 0.0704555140551 -3.76730712423 -0.0273914278518 0.0273914278518 -3.76730712423 
22.8625453111 126.864921814 1.29782152176 91.6049804688 26.2142219543 8388608 0.593704111413 0.0 0.593704111413 -0.0363500734226 1.29731236582 -1.29731236582 -0.0363500734226 
59.4082378289 152.269085145 1.34314835072 7.85659790039 26.0943069458 8388608 0.554309132336 0.0 0.554309132336 1.33054061283 0.18360057089 -0.18360057089 1.33054061283 
170.957329216 41.497597842 2.31977295876 195.994476318 25.2570571899 18481408 0.185827094595 0.0 0.185827094595 -2.22997052199 -0.639201103918 0.639201103918 -2.22997052199 
36.9903944447 158.673810628 1.31951236725 296.554626465 25.1869735718 8388608 0.574345297931 0.0 0.574345297931 0.589889126749 -1.18031508737 1.18031508737 0.589889126749 
26.6432287962 112.482677068 1.32108545303 111.409088135 24.8110389709 8388608 0.57297830611 0.0 0.57297830611 -0.48222850654 1.22992781971 -1.22992781971 -0.48222850654 
247.958011318 121.497534042 2.03202319145 170.9815979 24.5469589233 8913152 0.242182456231 0.0 0.242182456231 -2.00690341518 0.318523048996 -0.318523048996 -2.00690341518 
48.8158941055 91.8033904464 1.23822152615 352.608642578 24.4664916992 8388608 0.652233798963 0.0 0.652233798963 1.22793262196 -0.159292258838 0.159292258838 1.22793262196 
217.618921732 89.0633064586 1.28092825413 2.41821289062 24.4226989746 8388608 0.609467272425 0.0 0.609467272425 1.27978754704 0.0540465230939 -0.0540465230939 1.27978754704 
246.071448584 107.890598211 1.4931460619 151.517547607 24.0299720764 8388608 0.448534045874 0.0 0.448534045874 -1.31242045223 0.712065810668 -0.712065810668 -1.31242045223 
90.3065663199 115.289384975 1.28128731251 269.907836914 22.4264373779 8388608 0.60912573518 0.0 0.60912573518 -0.0020610129188 -1.28128565489 1.28128565489 -0.0020610129188 
64.1333895618 28.070639245 3.5854985714 180.428939819 22.0812301636 16580609 0.0777859020499 0.0 0.0777859020499 -3.58539809478 -0.0268422692971 0.0268422692971 -3.58539809478 
142.470105106 129.032062127 1.69550871849 274.315185547 21.7946300507 12517376 0.347856357782 0.0 0.347856357782 0.127575189524 -1.69070233498 1.69070233498 0.127575189524 
42.4389004655 89.5415958572 1.4361525774 150.678939819 21.5945243835 8388608 0.484840439301 0.0 0.484840439301 -1.25216611059 0.703288174976 -0.703288174976 -1.25216611059 
236.480253226 97.4638082492 1.28519189358 130.233612061 21.3776245117 8388608 0.605430150247 0.0 0.605430150247 -0.830112706415 0.981137654952 -0.981137654952 -0.830112706415 
52.4925382679 147.749019552 1.50208353996 8.54098510742 21.0419807434 8388608 0.443212321867 0.0 0.443212321867 1.48542525109 0.223084702414 -0.223084702414 1.48542525109 
249.161835381 136.561265686 1.31905996799 197.762161255 20.9783439636 8388608 0.574739332998 0.0 0.574739332998 -1.25618179011 -0.402400931114 0.402400931114 -1.25618179011 
231.790170851 133.190080177 2.53647851944 118.157363892 20.65234375 24969472 0.155430993306 0.0 0.155430993306 -1.1969510757 2.2362985941 -2.2362985941 -1.1969510757 
183.60413004 116.798670009 1.2805942297 109.145568848 20.40051651 8388608 0.609785255285 0.0 0.609785255285 -0.419995642085 1.20976247328 -1.20976247328 -0.419995642085 
248.742851429 129.1147752 2.18191814423 184.291854858 19.8253669739 14090496 0.21005019664 0.0 0.21005019664 -2.17579957094 -0.16328813548 0.16328813548 -2.17579957094 
236.338201124 108.148904651 1.27764093876 46.8302001953 19.5546073914 8388608 0.612607573498 0.0 0.612607573498 0.874114372296 0.931821030315 -0.931821030315 0.874114372296 
24.3870776141 119.190607242 1.76621222496 96.8016052246 19.4625968933 15532032 0.320563615092 0.0 0.320563615092 -0.209175671142 1.75378195971 -1.75378195971 -0.209175671142 
168.3337417 95.7436253484 1.50460660458 209.316833496 19.4225540161 8388608 0.441727128692 0.0 0.441727128692 -1.31190479719 -0.736713538395 0.736713538395 -1.31190479719 
30.6247762513 142.410506678 1.48829853535 49.554901123 18.6690330505 8388608 0.451460638304 0.0 0.451460638304 0.965487723919 1.13263674021 -1.13263674021 0.965487723919 
193.920595797 144.679643784 1.7266471386 40.4898681641 17.9417762756 13893632 0.33542298035 0.0 0.33542298035 1.31315105995 1.12113542223 -1.12113542223 1.31315105995 
68.9500626452 30.4280679889 1.61607599258 172.75428772 17.8834838867 9109504 0.382892132361 0.0 0.382892132361 -1.60317064156 0.203827151883 -0.203827151883 -1.60317064156 
250.507595311 129.535709215 1.36870145798 185.752105713 17.5921859741 8388608 0.533804880602 0.0 0.533804880602 -1.36180982099 -0.137177594814 0.137177594814 -1.36180982099 
92.3349477578 108.163630563 1.36860918999 155.194641113 17.4057159424 8388608 0.533876858438 0.0 0.533876858438 -1.24233890163 0.574182173534 -0.574182173534 -1.24233890163 
46.9728636302 92.1908877852 2.39211940765 340.865142822 14.7327575684 20709632 0.174756883365 0.0 0.174756883365 2.25995401362 -0.78411932562 0.78411932562 2.25995401362 
145.779055404 148.782338948 2.25057506561 94.1747436523 14.5980949402 16318720 0.197429931155 0.0 0.197429931155 -0.163838640599 2.24460353421 -2.24460353421 -0.163838640599 
35.695828893 103.477770026 2.95360136032 315.550811768 14.5503082275 19268096 0.114629458612 0.0 0.114629458612 2.10849259497 -2.06833749003 2.06833749003 2.10849259497 
56.0016344718 93.9288995096 1.69522333145 5.39074707031 14.1045570374 12517376 0.347973489314 0.0 0.347973489314 1.68772561219 0.15926205279 -0.15926205279 1.68772561219 
109.266325671 39.0206016118 1.25031876564 80.862701416 13.8630332947 8388608 0.639673708802 0.0 0.639673708802 0.19855164949 1.23445301984 -1.23445301984 0.19855164949 
150.82018426 145.741403883 1.55246436596 89.4866333008 13.7037353516 8388608 0.414912691108 0.0 0.414912691108 0.0139098001688 1.55240205006 -1.55240205006 0.0139098001688 
192.705800315 106.539626943 2.72183489799 150.378738403 13.6493835449 13369856 0.134982181864 0.0 0.134982181864 -2.36612258286 1.34530633494 -1.34530633494 -2.36612258286 
188.941310571 149.42619049 1.56014633179 39.8361816406 13.5879173279 8388608 0.41083679386 0.0 0.41083679386 1.19800383656 0.999421524771 -0.999421524771 1.19800383656 
36.3415230183 106.229059972 1.80564749241 319.523132324 13.4766464233 17104896 0.30671432624 0.0 0.30671432624 1.37349846298 -1.17211980576 1.17211980576 1.37349846298 
87.4448953081 101.279187182 1.86944329739 142.954956055 12.6660079956 19595264 0.286137913538 0.0 0.286137913538 -1.49211885779 1.12623246107 -1.12623246107 -1.49211885779 
31.1641656303 153.00180837 1.47603356838 310.078948975 12.6294269562 8388608 0.458994552377 0.0 0.458994552377 0.950333211751 -1.12939890279 1.12939890279 0.950333211751 
236.619589183 102.924639917 2.99297785759 139.974899292 12.2526397705 20251136 0.111633101839 0.0 0.111633101839 -2.29191101715 1.9248533309 -1.9248533309 -2.29191101715 
31.2829800495 101.766470387 1.33488762379 319.443603516 11.6079101562 8388608 0.561190857011 0.0 0.561190857011 1.01420268799 -0.867938866407 0.867938866407 1.01420268799 
159.137098304 68.0746589344 1.30877196789 90.0130004883 7.93539810181 8388608 0.58381067409 0.0 0.58381067409 -0.000296962090925 1.3087719342 -1.3087719342 -0.000296962090925 
212.972113813 51.2999603144 2.61220550537 43.0590209961 7.87208938599 10420736 0.146549830059 0.0 0.146549830059 1.90860998976 1.78348689631 -1.78348689631 1.90860998976 
155.771780193 68.9531665031 1.50350093842 90.0044250488 7.71756362915 8388608 0.442377054888 0.0 0.442377054888 -0.000116117890629 1.50350093393 -1.50350093393 -0.000116117890629 
155.512513565 111.399746391 1.70913207531 187.079193115 7.40437698364 13107200 0.342332987916 0.0 0.342332987916 -1.69610294816 -0.210635324866 0.210635324866 -1.69610294816 
222.87129214 47.843379185 3.50331616402 41.4957885742 6.50452804565 14876673 0.0814781827644 0.0 0.0814781827644 2.62399930373 2.32117465932 -2.32117465932 2.62399930373 
79.7246384124 62.8487176589 1.53848052025 94.537109375 5.896900177 8388608 0.422489574447 0.0 0.422489574447 -0.12170113758 1.53365939644 -1.53365939644 -0.12170113758 
225.0579559 29.644424665 2.66970586777 343.970336914 4.9814414978 11993600 0.140305006408 0.0 0.140305006408 2.56590467233 -0.737199181297 0.737199181297 2.56590467233 
213.720841227 23.8507121524 1.48713004589 3.31219482422 4.61644744873 8388608 0.452170373468 0.0 0.452170373468 1.48464585773 0.0859211877762 -0.0859211877762 1.48464585773 
150.884112105 175.857894823 1.29880738258 73.6747131348 4.1409034729 8388608 0.592803150281 0.0 0.592803150281 0.36508213231 1.24644119545 -1.24644119545 0.36508213231 
208.88256243 63.2958171096 1.63016712666 270.324584961 4.02671813965 9699328 0.376301316629 0.0 0.376301316629 0.00923497171004 -1.63014096818 1.63014096818 0.00923497171004 
119.190784744 80.4495187068 1.42187452316 356.001922607 3.93185043335 8388608 0.494626584622 0.0 0.494626584622 1.41841423572 -0.0991373568317 0.0991373568317 1.41841423572 
256.21630672 82.3105510374 1.40627598763 348.537139893 3.92011642456 8388608 0.505660322877 0.0 0.505660322877 1.37822602948 -0.279473013057 0.279473013057 1.37822602948 
125.339459975 17.9795401878 2.21995186806 308.99319458 3.84562683105 15335680 0.202914407013 0.0 0.202914407013 1.39685605065 -1.72539255541 1.72539255541 1.39685605065 
138.625509487 166.872180419 1.84390354156 269.648864746 3.78698348999 18612224 0.294119353765 0.0 0.294119353765 -0.0113002299797 -1.84386891492 1.84386891492 -0.0113002299797 
251.5548004 73.391319269 1.85767054558 273.58984375 3.71007537842 19136512 0.28977613107 0.0 0.28977613107 0.116315455935 -1.85402550431 1.85402550431 0.116315455935 
107.526685498 164.910388387 1.32318782806 43.067565918 3.61827850342 8388608 0.571158975144 0.0 0.571158975144 0.966653476153 0.9035524807 -0.9035524807 0.966653476153 
242.788955472 70.89478538 1.57542848587 320.072143555 3.60869216919 8388608 0.402904958597 0.0 0.402904958597 1.20812237085 -1.01114551432 1.01114551432 1.20812237085 
127.623084657 33.4401325788 1.41893911362 0.0942687988281 3.59715270996 8388608 0.496675204489 0.0 0.496675204489 1.41893719307 0.00233458077783 -0.00233458077783 1.41893719307 
65.9275439531 46.4300375158 1.47906708717 121.893997192 3.58401107788 8388608 0.457113717139 0.0 0.457113717139 -0.781464187529 1.25576796104 -1.25576796104 -0.781464187529 
128.099565983 24.7696856594 1.42651569843 353.469085693 3.56858444214 8388608 0.491413280733 0.0 0.491413280733 1.41725851244 -0.162250876086 0.162250876086 1.41725851244 
102.468816208 172.898977611 1.28502345085 356.607543945 3.56032180786 8388608 0.605588881963 0.0 0.605588881963 1.28277161167 -0.0760411832049 0.0760411832049 1.28277161167 
128.029314593 27.8239108717 1.41812503338 359.747344971 3.55490493774 8388608 0.497245604861 0.0 0.497245604861 1.4181112456 -0.00625343199298 0.00625343199298 1.4181112456 
152.768384277 163.031278198 1.6939432621 279.640930176 3.55360412598 12451840 0.348499597252 0.0 0.348499597252 0.283689872538 -1.6700191111 1.6700191111 0.283689872538 
159.724812385 175.926793903 1.54612243176 5.92666625977 3.54945373535 8388608 0.41832347619 0.0 0.41832347619 1.53785820373 0.159645604996 -0.159645604996 1.53785820373 
160.249239987 171.622338614 1.68911886215 353.901123047 3.54857254028 12255232 0.350493183983 0.0 0.350493183983 1.67955849468 -0.179459726497 0.179459726497 1.67955849468 
121.731922932 21.9575283357 1.60485303402 331.494781494 3.31704330444 8585216 0.388266092268 0.0 0.388266092268 1.41030255737 -0.765898137799 0.765898137799 1.41030255737 
201.197188167 57.9137106603 1.50351130962 347.227386475 2.93698120117 8388608 0.442370951883 0.0 0.442370951883 1.46630713212 -0.332399838227 0.332399838227 1.46630713212 
