13
115
141.916839415 88.7795349366 1.47316348553 128.837471249 95.8380279541 8388608 0.46078476191 0.0 0.46078476191 -0.923840505821 1.14748828965 -1.14748828965 -0.923840505821 
133.82429102 91.0340997242 1.46955430508 132.058326395 93.3371047974 8388608 0.463050887844 0.0 0.463050887844 -0.984434989362 1.09109010044 -1.09109010044 -0.984434989362 
134.290530958 88.9010502803 2.53576612473 126.622520029 93.136756897 24969472 0.155518338721 0.0 0.155518338721 -1.51268687556 2.03516295559 -2.03516295559 -1.51268687556 
59.0502461542 175.165345605 2.28770518303 127.045320629 91.0943450928 17498368 0.191073248723 0.0 0.191073248723 -1.37822009693 1.82595300292 -1.82595300292 -1.37822009693 
126.998416572 92.9022709788 1.29870939255 129.92010733 89.4312362671 8388608 0.592892609853 0.0 0.592892609853 -0.83340625933 0.996032174782 -0.996032174782 -0.83340625933 
123.701814439 91.2619838093 2.44844245911 128.452762822 88.6816711426 22413568 0.166809275376 0.0 0.166809275376 -1.52261097368 1.91742699949 -1.91742699949 -1.52261097368 
140.949483608 87.141917185 2.29976010323 124.207520348 87.476272583 17891584 0.189075357 0.0 0.189075357 -1.29290657403 1.90191722303 -1.90191722303 -1.29290657403 
107.080185307 93.4857618555 2.2661087513 138.619770333 85.5297241211 16843008 0.194732528995 0.0 0.194732528995 -1.70035026276 1.49801797607 -1.49801797607 -1.70035026276 
121.981441906 93.6686368027 1.52391922474 129.744797251 82.9464797974 8388608 0.43060206112 0.0 0.43060206112 -0.97434699209 1.17174132919 -1.17174132919 -0.97434699209 
94.4111142727 95.8595556036 1.77081680298 126.466565861 81.7615890503 15663104 0.31889868724 0.0 0.31889868724 -1.05249135284 1.42409764479 -1.42409764479 -1.05249135284 
74.6798521282 135.070462236 3.59924983978 120.418493131 80.2562179565 16842753 0.077192660955 0.0 0.077192660955 -1.82234384511 3.10381415671 -3.10381415671 -1.82234384511 
115.607114279 94.5507040893 1.58101987839 129.967923876 77.9822998047 8388608 0.400060192119 0.0 0.400060192119 -1.01558179673 1.21170023934 -1.21170023934 -1.01558179673 
145.603895948 74.7810512492 1.35322237015 126.620088589 77.9559173584 8388608 0.546086779985 0.0 0.546086779985 -0.807205690429 1.08610761732 -1.08610761732 -0.807205690429 
139.086439422 104.211653238 3.97936964035 127.600526452 76.6717605591 24117249 0.063149720898 0.0 0.063149720898 -2.42802211042 3.1527910438 -3.1527910438 -2.42802211042 
68.1417514314 167.274362995 3.81289052963 125.543054034 70.6781463623 21037057 0.0687846175352 0.0 0.0687846175352 -2.21648872839 3.10246867959 -3.10246867959 -2.21648872839 
122.350328754 80.3135207191 1.46207487583 132.322821157 69.9676055908 8388608 0.467800596671 0.0 0.467800596671 -0.984425333781 1.08100402624 -1.08100402624 -0.984425333781 
104.895246445 107.920925922 3.87685108185 132.03011688 68.9791030884 22216705 0.0665337131867 0.0 0.0665337131867 -2.59563375434 2.87969785293 -2.87969785293 -2.59563375434 
135.679611771 167.832882931 2.28701758385 132.181421662 62.7288131714 17498368 0.191188159566 0.0 0.191188159566 -1.53568735799 1.69473117849 -1.69473117849 -1.53568735799 
72.8900585085 138.537901585 1.50868666172 126.48639008 60.1529693604 8388608 0.43934116617 0.0 0.43934116617 -0.897113100728 1.21298125614 -1.21298125614 -0.897113100728 
48.4731353056 170.379115246 2.16573166847 115.805492596 59.3377075195 13566208 0.213201720906 0.0 0.213201720906 -0.942780690779 1.94975850528 -1.94975850528 -0.942780690779 
94.3137162494 91.9451747604 3.41025567055 126.188447066 58.3889274597 12976129 0.0859856780955 0.0 0.0859856780955 -2.0135613937 2.75234704431 -2.75234704431 -2.0135613937 
144.209916321 166.505837623 1.24094009399 138.55516123 56.2918319702 8388608 0.649379189616 0.0 0.649379189616 -0.930200389826 0.821376619858 -0.821376619858 -0.930200389826 
97.5312682125 111.92185904 1.64963746071 118.213804748 54.133769989 10551296 0.367470922475 0.0 0.367470922475 -0.779887704796 1.45364332616 -1.45364332616 -0.779887704796 
85.4818337793 101.609435699 3.42370724678 117.597992212 53.1575927734 13238273 0.0853113384839 0.0 0.0853113384839 -1.58608366934 3.03415719855 -3.03415719855 -1.58608366934 
156.084483002 174.754351724 2.22117781639 137.241920613 51.469543457 15401216 0.202690477234 0.0 0.202690477234 -1.63084824293 1.50796714174 -1.50796714174 -1.63084824293 
135.315123538 157.169491129 2.01535987854 146.416133522 51.3384475708 25034752 0.2462038178 0.0 0.2462038178 -1.67895002881 1.11481040577 -1.11481040577 -1.67895002881 
154.877587055 83.432713161 3.08455276489 125.100156556 45.6591072083 22413824 0.105103116169 0.0 0.105103116169 -1.77364093562 2.52362112666 -2.52362112666 -1.77364093562 
128.993167913 152.847574254 3.34117341042 140.587299882 43.169467926 11468801 0.0895781248106 0.0 0.0895781248106 -2.5813667238 2.12131694844 -2.12131694844 -2.5813667238 
122.175120666 104.49252641 2.67546248436 127.086679686 42.772857666 12124672 0.139701885853 0.0 0.139701885853 -1.6133642003 2.13428101767 -2.13428101767 -1.6133642003 
76.3142088732 160.736393408 1.78873598576 130.051504514 42.0520362854 16449536 0.312541370052 0.0 0.312541370052 -1.15100861478 1.36921714693 -1.36921714693 -1.15100861478 
146.382764511 165.393852018 3.02082300186 145.112781189 40.9038619995 20906496 0.109584578349 0.0 0.109584578349 -2.47791913999 1.72779869899 -1.72779869899 -2.47791913999 
101.971774863 139.629475966 1.30091786385 126.747055886 36.3351821899 8388608 0.59088129934 0.0 0.59088129934 -0.77831759883 1.04240539323 -1.04240539323 -0.77831759883 
135.368650297 98.25142436 1.4808293581 124.83567635 34.7123603821 8388608 0.456026382019 0.0 0.456026382019 -0.845886397363 1.21545538403 -1.21545538403 -0.845886397363 
123.915775461 37.0221229848 1.86773133278 130.708240037 34.6093063354 19529728 0.286662702595 0.0 0.286662702595 -1.21814825017 1.41581607988 -1.41581607988 -1.21814825017 
81.9362458369 127.127441664 1.62871074677 116.740673375 34.6011276245 9633792 0.37697458866 0.0 0.37697458866 -0.732843409898 1.45452371352 -1.45452371352 -0.732843409898 
110.650713285 131.671554914 1.45137548447 126.423899606 34.2924766541 8388608 0.474723175371 0.0 0.474723175371 -0.861760837932 1.16784376315 -1.16784376315 -0.861760837932 
74.9702573041 111.468340343 1.71931815147 124.815627266 32.4265975952 13565952 0.338288709717 0.0 0.338288709717 -0.981623228827 1.41154905781 -1.41154905781 -0.981623228827 
121.41431226 121.648895383 1.54317963123 126.741030474 29.3876342773 8388608 0.419920459848 0.0 0.419920459848 -0.923128757207 1.23662309208 -1.23662309208 -0.923128757207 
151.019113469 167.763641194 1.67791092396 145.483889121 28.9078216553 11796480 0.355191199635 0.0 0.355191199635 -1.38254304482 0.95076800428 -0.95076800428 -1.38254304482 
115.908272265 147.6215978 1.36588490009 139.071454388 27.2501411438 8388608 0.536008642431 0.0 0.536008642431 -1.03196315821 0.8948148414 -0.8948148414 -1.03196315821 
141.524129838 145.834326218 2.98709106445 135.778043367 26.8743286133 20120064 0.112073536035 0.0 0.112073536035 -2.14067906822 2.08331614361 -2.08331614361 -2.14067906822 
114.315434552 146.976984874 1.928861022 140.632303999 26.7407264709 21889024 0.268780727998 0.0 0.268780727998 -1.49118571128 1.22346639376 -1.22346639376 -1.49118571128 
127.484582525 28.1505463841 1.23884785175 118.538102524 25.8681697845 8388608 0.651574464624 0.0 0.651574464624 -0.591850989376 1.0883273433 -1.0883273433 -0.591850989376 
154.617978423 30.3662180449 1.32254159451 145.368140225 25.7961750031 8388608 0.571717282385 0.0 0.571717282385 -1.0882143192 0.751602198422 -0.751602198422 -1.0882143192 
132.261831977 146.277611275 1.48712003231 142.310947852 25.7747249603 8388608 0.452176462902 0.0 0.452176462902 -1.1768181117 0.909189266582 -0.909189266582 -1.1768181117 
142.749726243 179.253709118 2.95790839195 131.007255022 24.6167678833 19399168 0.114295876101 0.0 0.114295876101 -1.94084516254 2.2321160611 -2.2321160611 -1.94084516254 
110.118539034 66.7971479026 2.89860963821 113.236485089 23.5948982239 17891840 0.119020161737 0.0 0.119020161737 -1.1435801161 2.66348687867 -2.66348687867 -1.1435801161 
145.337551948 173.550670659 1.6701259613 136.376267111 23.1289787292 11468800 0.358510224535 0.0 0.358510224535 -1.20898104738 1.15225238281 -1.15225238281 -1.20898104738 
94.9448273997 137.287025299 1.29502153397 116.202984709 22.1210403442 8388608 0.596274202078 0.0 0.596274202078 -0.571820116403 1.16193912401 -1.16193912401 -0.571820116403 
141.596484621 142.963218596 1.71976459026 123.391767763 21.9148597717 13565952 0.338113097776 0.0 0.338113097776 -0.946490987783 1.4358777998 -1.4358777998 -0.946490987783 
125.127176924 160.123638731 2.09610056877 135.998486941 21.292137146 11206912 0.227601839823 0.0 0.227601839823 -1.50777011231 1.45611362291 -1.45611362291 -1.50777011231 
103.037400036 58.6698408514 1.26784336567 124.901144266 20.1187171936 8388608 0.622112310234 0.0 0.622112310234 -0.725412116252 1.03980962751 -1.03980962751 -0.725412116252 
158.774550927 206.965400938 1.70919072628 132.865313014 19.8586921692 13107200 0.34230949397 0.0 0.34230949397 -1.16272358618 1.25275967406 -1.25275967406 -1.16272358618 
107.609165543 65.0826131403 1.58423900604 108.316520296 19.6611976624 8388608 0.398436022544 0.0 0.398436022544 -0.497872763039 1.5039733841 -1.5039733841 -0.497872763039 
101.400181049 71.8117865611 1.6440628767 110.088858564 19.166727066 10289152 0.369967141464 0.0 0.369967141464 -0.564697910896 1.54403983497 -1.54403983497 -0.564697910896 
125.679564245 165.299594887 1.19897580147 127.87566691 15.3577079773 8388608 0.695631378766 0.0 0.695631378766 -0.736111225197 0.946405429319 -0.946405429319 -0.736111225197 
125.217481752 137.577217312 2.99382686615 136.331028814 15.0070343018 20251136 0.111569795559 0.0 0.111569795559 -2.16555829004 2.06720985799 -2.06720985799 -2.16555829004 
181.058676672 64.1720859051 1.29270219803 127.567467711 14.9204292297 8388608 0.598415763877 0.0 0.598415763877 -0.788154334261 1.02464223911 -1.02464223911 -0.788154334261 
159.000210474 63.8949834167 1.49809980392 131.236288533 14.5328712463 8388608 0.445572629884 0.0 0.445572629884 -0.987496265474 1.1265674184 -1.1265674184 -0.987496265474 
158.974888867 124.953920892 1.46922981739 123.879794015 14.4567565918 8388608 0.463255445227 0.0 0.463255445227 -0.819025631087 1.21976771228 -1.21976771228 -0.819025631087 
79.0259639456 84.2628543807 1.96213150024 127.134888836 13.6677742004 23134208 0.259742956732 0.0 0.259742956732 -1.18452612059 1.56424355325 -1.56424355325 -1.18452612059 
169.20015697 43.7420811541 1.26357328892 124.547003323 13.6233406067 8388608 0.626324105345 0.0 0.626324105345 -0.716549830422 1.04075635813 -1.04075635813 -0.716549830422 
149.717182628 133.49572647 1.33392679691 123.455806182 13.4040756226 8388608 0.56199959922 0.0 0.56199959922 -0.735385335371 1.11291019766 -1.11291019766 -0.735385335371 
171.941120807 98.033699491 1.21250355244 125.286579804 13.3706932068 8388608 0.680195822952 0.0 0.680195822952 -0.70042261959 0.989733812011 -0.989733812011 -0.70042261959 
144.529405611 64.9675996623 1.56065964699 122.822725517 12.8710107803 8388608 0.410566582363 0.0 0.410566582363 -0.845942398867 1.3115029514 -1.3115029514 -0.845942398867 
103.829496815 80.4551521965 1.71939361095 126.408703586 12.7364711761 13565952 0.338259017237 0.0 0.338259017237 -1.02053085796 1.38377424364 -1.38377424364 -1.02053085796 
150.167882384 188.276017152 1.45070779324 130.214923722 12.2159538269 8388608 0.475160260559 0.0 0.475160260559 -0.936659076346 1.10780091896 -1.10780091896 -0.936659076346 
153.604753837 130.541446575 1.63309800625 123.705297441 12.1940917969 9830400 0.374951851775 0.0 0.374951851775 -0.906240943312 1.35857883491 -1.35857883491 -0.906240943312 
143.046335689 40.966816815 1.32005536556 127.352611402 11.7922258377 8388608 0.573872886858 0.0 0.573872886858 -0.800902119555 1.04933405693 -1.04933405693 -0.800902119555 
171.356742918 86.9210348048 1.2920447588 125.904605477 10.3872337341 8388608 0.599024910102 0.0 0.599024910102 -0.757703455071 1.04654915456 -1.04654915456 -0.757703455071 
144.15225494 54.3202513802 1.81501221657 141.254450443 9.15385818481 17498112 0.30355744928 0.0 0.30355744928 -1.41558810329 1.13594879643 -1.13594879643 -1.41558810329 
147.869155853 121.463744143 2.01600909233 122.163911278 8.94675445557 8388864 0.246045273696 0.0 0.246045273696 -1.0732086936 1.70660943404 -1.70660943404 -1.0732086936 
131.423902188 183.531827569 2.53424191475 125.159557054 8.40844726562 24903936 0.155705466781 0.0 0.155705466781 -1.45935684241 2.07187347321 -2.07187347321 -1.45935684241 
140.108884563 200.986386735 2.04135894775 129.472147037 7.86731719971 9240832 0.239972373215 0.0 0.239972373215 -1.2976980856 1.57579377844 -1.57579377844 -1.2976980856 
166.362319496 99.5551906411 2.25747013092 126.225459658 7.84875106812 16515328 0.196225739497 0.0 0.196225739497 -1.33408399843 1.8210961746 -1.8210961746 -1.33408399843 
163.325939597 106.338770363 1.77654707432 124.723222653 7.84707260132 15925248 0.316844782873 0.0 0.316844782873 -1.01194377801 1.46016755799 -1.46016755799 -1.01194377801 
123.29301877 72.2657977655 1.28091239929 133.361801802 7.69366359711 8388608 0.609482360206 0.0 0.609482360206 -0.879478247681 0.93126504633 -0.93126504633 -0.879478247681 
62.2528323178 123.053535911 1.68290519714 129.868481645 7.32687759399 11993088 0.353086161636 0.0 0.353086161636 -1.07878854104 1.29165985704 -1.29165985704 -1.07878854104 
137.389021371 125.79561898 2.93617153168 123.392718557 7.2213973999 18874880 0.115994434754 0.0 0.115994434754 -1.61599434641 2.45146191809 -2.45146191809 -1.61599434641 
144.172213946 47.1365148814 1.27358078957 133.626120641 7.17699241638 8388608 0.616519760084 0.0 0.616519760084 -0.878706576235 0.921890872301 -0.921890872301 -0.878706576235 
155.594084602 42.4791115817 1.2698482275 128.832167463 7.08085823059 8388608 0.620149454189 0.0 0.620149454189 -0.796247226053 0.989194053708 -0.989194053708 -0.796247226053 
50.7427479587 184.590995026 1.2847648859 127.406748666 6.80768203735 8388608 0.605832661688 0.0 0.605832661688 -0.780455363098 1.02054408933 -1.02054408933 -0.780455363098 
156.635374047 52.7349511938 1.28669822216 135.499486967 6.78510475159 8388608 0.604013434342 0.0 0.604013434342 -0.917730009493 0.901866921772 -0.901866921772 -0.917730009493 
128.42775858 65.5353241006 1.5528523922 120.546499718 6.58478832245 8388608 0.414705360525 0.0 0.414705360525 -0.789217772413 1.3373428355 -1.3373428355 -0.789217772413 
78.9690880836 169.008003583 1.67273974419 124.405600737 5.96425247192 11599872 0.357390700985 0.0 0.357390700985 -0.945177672618 1.38010775629 -1.38010775629 -0.945177672618 
50.8358194606 131.155720247 1.69641029835 124.932774003 5.70680618286 12582912 0.347486710243 0.0 0.347486710243 -0.971389844528 1.39075866716 -1.39075866716 -0.971389844528 
99.7608662092 49.6670128136 1.47993505001 124.825112367 5.69459533691 8388608 0.456577691761 0.0 0.456577691761 -0.845151566262 1.21487718815 -1.21487718815 -0.845151566262 
82.9860382335 70.8708949025 1.30582642555 124.972390343 5.6266746521 8388608 0.58644743884 0.0 0.58644743884 -0.748475728566 1.07003118526 -1.07003118526 -0.748475728566 
54.1975327881 123.475029729 1.73921072483 124.960336077 5.40135955811 14417920 0.330594474332 0.0 0.330594474332 -0.996583794424 1.42536826331 -1.42536826331 -0.996583794424 
103.050322511 42.155945245 1.72894096375 125.133611722 5.34656524658 13959168 0.334533544224 0.0 0.334533544224 -0.994979778128 1.41394911409 -1.41394911409 -0.994979778128 
157.352366676 183.004366411 1.36130511761 127.189594359 5.20006942749 8388608 0.539621252502 0.0 0.539621252502 -0.822846929263 1.08446971107 -1.08446971107 -0.822846929263 
83.6134128938 57.1929499973 2.34172773361 125.025507956 5.14401245117 19202304 0.182358999647 0.0 0.182358999647 -1.34401370749 1.91763289825 -1.91763289825 -1.34401370749 
71.3455840778 61.7068816485 3.07874798775 124.97678999 5.04405975342 22282752 0.105499819843 0.0 0.105499819843 -1.76487552976 2.52267785033 -2.52267785033 -1.76487552976 
78.9730177401 76.0005205031 1.29793834686 125.177470637 4.90573883057 8388608 0.593597239737 0.0 0.593597239737 -0.747756508068 1.060897807 -1.060897807 -0.747756508068 
169.212982847 53.6701843789 2.22323942184 130.421872836 4.86175918579 15466752 0.202314742578 0.0 0.202314742578 -1.44157194826 1.69253178548 -1.69253178548 -1.44157194826 
165.546118103 144.460774157 2.87156462669 124.99124479 4.25399780273 17236480 0.121272633974 0.0 0.121272633974 -1.64670234556 2.35249968977 -2.35249968977 -1.64670234556 
167.648482382 138.845932768 1.33216774464 124.884224678 3.89488220215 8388608 0.563484756573 0.0 0.563484756573 -0.761893427489 1.09278968928 -1.09278968928 -0.761893427489 
172.710939715 168.37024052 2.51105952263 124.930031122 3.77381896973 24248576 0.158593719642 0.0 0.158593719642 -1.43777159071 2.05869686431 -2.05869686431 -1.43777159071 
166.956068291 176.9957524 1.2431448698 125.023887482 3.70473480225 8388608 0.647077823237 0.0 0.647077823237 -0.713463097347 1.01802729632 -1.01802729632 -0.713463097347 
176.535156102 205.005069505 1.54190146923 124.976731846 3.65608596802 8388608 0.420616936045 0.0 0.420616936045 -0.883885344252 1.26341079584 -1.26341079584 -0.883885344252 
76.7524730776 181.013982891 1.48764431477 124.930261753 3.61619949341 8388608 0.451857802844 0.0 0.451857802844 -0.851793850909 1.21964455593 -1.21964455593 -0.851793850909 
94.3696981056 165.676254227 1.49354815483 124.960019852 3.61508560181 8388608 0.448292569772 0.0 0.448292569772 -0.855810119213 1.22404049388 -1.22404049388 -0.855810119213 
45.3815016495 206.168298396 1.72322762012 124.936611353 3.60628128052 13697024 0.33675550669 0.0 0.33675550669 -0.98684045854 1.41267807379 -1.41267807379 -0.98684045854 
179.929831067 126.246912226 1.67792510986 124.948559437 3.59487533569 11796480 0.35518519378 0.0 0.35518519378 -0.961183903015 1.37533929592 -1.37533929592 -0.961183903015 
183.196440382 115.135480566 1.30039739609 124.979830751 3.59286499023 8388608 0.591354379661 0.0 0.591354379661 -0.745502278435 1.06548568296 -1.06548568296 -0.745502278435 
46.5504758218 196.821928634 1.27925097942 125.007625334 3.591796875 8388608 0.611066511678 0.0 0.611066511678 -0.733887673677 1.04780339319 -1.04780339319 -0.733887673677 
48.9544149384 202.502650525 1.89859545231 125.011110039 3.58134460449 20709376 0.277418313651 0.0 0.277418313651 -1.08929116436 1.55502715435 -1.55502715435 -1.08929116436 
119.969218832 191.996788502 1.83767139912 124.965445965 3.57000732422 18350080 0.29611764557 0.0 0.29611764557 -1.05313698233 1.50596768477 -1.50596768477 -1.05313698233 
69.9484983355 54.4329102852 1.74023807049 124.951272543 3.56953811646 14417920 0.330204258129 0.0 0.330204258129 -0.996946850414 1.42636794672 -1.42636794672 -0.996946850414 
176.508111423 130.988162195 1.48046934605 124.952692504 3.56880569458 8388608 0.456248196752 0.0 0.456248196752 -0.848160726029 1.21343020706 -1.21343020706 -0.848160726029 
86.204925233 168.114246732 1.2386868 125.056590091 3.56860351562 8388608 0.651743908635 0.0 0.651743908635 -0.711483389316 1.0139705988 -1.0139705988 -0.711483389316 
176.228365569 181.741792694 1.46024870872 124.947764873 3.56703186035 8388608 0.468971378379 0.0 0.468971378379 -0.836473388297 1.19692880407 -1.19692880407 -0.836473388297 
182.866151344 119.546551125 1.61191523075 124.952864544 3.55953216553 8912896 0.384871366835 0.0 0.384871366835 -0.923470026 1.32116381354 -1.32116381354 -0.923470026 
176.216419079 139.843792566 1.62941646576 124.962116202 3.54758834839 9699328 0.376648115323 0.0 0.376648115323 -0.933712159558 1.33535748846 -1.33535748846 -0.933712159558 
175.553093154 143.721333758 1.43032765388 124.965326023 3.54558181763 8388608 0.48879744744 0.0 0.48879744744 -0.819693031461 1.17215209407 -1.17215209407 -0.819693031461 
