13
155
38.398451724 154.937869244 3.99471020699 107.343383789 116.759147644 24379393 0.0626656345239 0.0 0.0626656345239 -1.19081402096 3.81309213176 -3.81309213176 -1.19081402096 
58.3368922304 167.516965877 1.69531297684 119.336120605 78.0347747803 12517376 0.347936689745 0.0 0.347936689745 -0.830588293386 1.4779070256 -1.4779070256 -0.830588293386 
16.5344440075 147.035475047 1.94411957264 119.345932007 76.8558578491 22413312 0.264578198358 0.0 0.264578198358 -0.952776845067 1.69464367825 -1.69464367825 -0.952776845067 
191.206443992 141.832700435 5.2429728508 49.9681396484 74.7509841919 10617345 0.0363784995415 0.0 0.0363784995415 3.37235082924 4.01447558204 -4.01447558204 3.37235082924 
123.432540665 179.390823171 2.12372159958 232.650680542 59.9557266235 12124416 0.22171998052 0.0 0.22171998052 -1.2884043604 -1.68825579715 1.68825579715 -1.2884043604 
14.7100143887 85.2469516191 1.50176584721 231.551803589 57.8632583618 8388608 0.443399861406 0.0 0.443399861406 -0.933808204467 -1.17613897865 1.17613897865 -0.933808204467 
231.288871161 89.1286979932 1.4775288105 228.006820679 57.7476272583 8388608 0.458066028054 0.0 0.458066028054 -0.988529030204 -1.09813557556 1.09813557556 -0.988529030204 
106.952515193 24.3811084408 2.85415649414 239.760894775 55.5364685059 16777728 0.122756482681 0.0 0.122756482681 -1.43738092395 -2.46579507918 2.46579507918 -1.43738092395 
76.0298825752 46.1608403719 2.8548283577 238.354202271 55.0307617188 16843264 0.12269870975 0.0 0.12269870975 -1.49783292208 -2.43033773156 2.43033773156 -1.49783292208 
26.7012890091 78.9046373464 2.26825666428 231.193527222 54.707321167 16908544 0.194363901851 0.0 0.194363901851 -1.42149796563 -1.7675779555 1.7675779555 -1.42149796563 
35.0415254146 78.6223713489 4.18777561188 230.746627808 54.4604263306 11075841 0.057020785171 0.0 0.057020785171 -2.6498188084 -3.24282667716 3.24282667716 -2.6498188084 
85.0789728616 40.7062122174 3.32989740372 237.773254395 54.3713417053 11206657 0.0901858274704 0.0 0.0901858274704 -1.77573845101 -2.81690782115 2.81690782115 -1.77573845101 
128.563246851 133.358608915 2.09315943718 75.2708740234 53.6274452209 11075840 0.228241903113 0.0 0.228241903113 0.532184984632 2.02437535343 -2.02437535343 0.532184984632 
64.8488597562 54.0875785419 2.94109559059 235.198867798 53.5217285156 18940416 0.115606358077 0.0 0.115606358077 -1.67857088061 -2.41504514901 2.41504514901 -1.67857088061 
62.2484328907 142.995378475 5.46399736404 23.0177307129 52.8993263245 13632001 0.0334949271595 0.0 0.0334949271595 5.02897517067 2.13651022162 -2.13651022162 5.02897517067 
163.265599327 119.219290632 7.55233287811 52.5877075195 52.5673904419 20316162 0.0175322539424 0.0 0.0175322539424 4.58839161581 5.99869938252 -5.99869938252 4.58839161581 
26.5840913108 75.6056002347 1.26720488071 232.450820923 51.2813606262 8388608 0.62273937445 0.0 0.62273937445 -0.772288091143 -1.00467871182 1.00467871182 -0.772288091143 
228.467501354 109.412462627 1.52610695362 48.5444335938 50.6109848022 8388608 0.429368379117 0.0 0.429368379117 1.01034235884 1.14377041045 -1.14377041045 1.01034235884 
73.6365534443 59.2767741851 6.58864974976 236.012313843 50.4252815247 10485762 0.0230360046516 0.0 0.0230360046516 -3.68315217005 -5.4630298935 5.4630298935 -3.68315217005 
138.315991981 148.870762536 5.68441820145 52.4323425293 49.5376472473 16515585 0.0309476699981 0.0 0.0309476699981 3.46577745466 4.50566276187 -4.50566276187 3.46577745466 
32.4778445718 71.3044897982 1.27906239033 233.070800781 49.0837173462 8388608 0.611246720208 0.0 0.611246720208 -0.768496094489 -1.02245506068 1.02245506068 -0.768496094489 
59.200622677 52.602407038 1.33966159821 233.087020874 48.5612030029 8388608 0.557198300678 0.0 0.557198300678 -0.804602579525 -1.07112458973 1.07112458973 -0.804602579525 
41.0535333674 65.3426096243 1.31414067745 236.131530762 46.9581642151 8388608 0.579050289384 0.0 0.579050289384 -0.732355166055 -1.09115609831 1.09115609831 -0.732355166055 
47.8709318648 60.6982338065 1.37290084362 231.78503418 46.9278717041 8388608 0.530544303971 0.0 0.530544303971 -0.849295191404 -1.07868179009 1.07868179009 -0.849295191404 
104.340944783 21.755231467 1.34862852097 238.765808105 46.6743507385 8388608 0.549813399842 0.0 0.549813399842 -0.699314279963 -1.15315151884 1.15315151884 -0.699314279963 
165.580760674 137.081234708 3.46850967407 230.011322021 44.189491272 14155777 0.0831216546254 0.0 0.0831216546254 -2.228989952 -2.65747307663 2.65747307663 -2.228989952 
108.263264559 18.7947873109 1.21754086018 239.46105957 43.8042488098 8388608 0.674579144451 0.0 0.674579144451 -0.618661539943 -1.04864848505 1.04864848505 -0.618661539943 
54.1824112581 107.340290753 5.10144996643 112.905288696 43.763469696 8651265 0.038424899197 0.0 0.038424899197 -1.98553013108 4.69919800164 -4.69919800164 -1.98553013108 
69.8857914596 44.8376444107 1.19350075722 236.575042725 43.6237030029 8388608 0.702028271837 0.0 0.702028271837 -0.657433132622 -0.996105282392 0.996105282392 -0.657433132622 
62.1724253179 151.806394322 2.96762728691 10.0157470703 42.3483200073 19595776 0.113548470488 0.0 0.113548470488 2.92240061935 0.516126277247 -0.516126277247 2.92240061935 
91.1917652963 30.400690045 1.23697960377 237.206359863 41.452796936 8388608 0.653544136463 0.0 0.653544136463 -0.669966588833 -1.0398381172 1.0398381172 -0.669966588833 
198.62864488 111.187483395 3.06142902374 229.976074219 40.6408729553 21889536 0.106696852858 0.0 0.106696852858 -1.96882778611 -2.34436874576 2.34436874576 -1.96882778611 
97.2849330699 125.956711871 7.78907489777 104.274734497 40.2502822876 22544386 0.0164826956734 0.0 0.0164826956734 -1.92056532622 7.54858374735 -7.54858374735 -1.92056532622 
101.212304142 129.661501209 1.36624610424 103.05859375 38.16929245 8388608 0.535725263102 0.0 0.535725263102 -0.30869972748 1.33091430814 -1.33091430814 -0.30869972748 
202.961281171 106.557514321 3.30709719658 229.921905518 38.0263175964 10747905 0.0914336552015 0.0 0.0914336552015 -2.12921214274 -2.53048365314 2.53048365314 -2.12921214274 
198.026398057 22.691990888 1.2952555418 290.108795166 37.953792572 8388608 0.596058769329 0.0 0.596058769329 0.445313836602 -1.21629869091 1.21629869091 0.445313836602 
226.541250054 34.1390798379 1.42320585251 313.908630371 36.5868492126 8388608 0.493701626527 0.0 0.493701626527 0.987007997241 -1.02534389938 1.02534389938 0.987007997241 
71.5221225613 116.997125582 1.48765218258 113.539520264 32.5686798096 8388608 0.451853023335 0.0 0.451853023335 -0.594140796165 1.36385693189 -1.36385693189 -0.594140796165 
137.927956268 128.140140602 2.29612803459 60.5814819336 32.4927749634 17760512 0.189673997677 0.0 0.189673997677 1.12782434978 2.00005404609 -2.00005404609 1.12782434978 
133.462170133 141.536279049 1.40896344185 53.079498291 32.3129005432 8388608 0.503733171454 0.0 0.503733171454 0.846373260941 1.12642366969 -1.12642366969 0.846373260941 
37.4449720244 84.5414826793 1.61091768742 55.7011108398 31.1916122437 8847360 0.38534816927 0.0 0.38534816927 0.90776827854 1.33079395404 -1.33079395404 0.90776827854 
233.885044134 41.9992251117 1.29679274559 291.396057129 30.4218463898 8388608 0.594646483923 0.0 0.594646483923 0.473086478239 -1.20741898657 1.20741898657 0.473086478239 
127.790461474 143.932744511 2.10841107368 56.9375915527 29.8291816711 11600128 0.224951774272 0.0 0.224951774272 1.15024834047 1.76701047277 -1.76701047277 1.15024834047 
47.1899207737 137.028375746 1.72658860683 171.551086426 28.378320694 13893632 0.335445722572 0.0 0.335445722572 -1.70785039128 0.253683381898 -0.253683381898 -1.70785039128 
114.268392117 142.025525485 3.41647911072 109.792419434 27.7981910706 13107201 0.0856727013064 0.0 0.0856727013064 -1.15686572133 3.21465258104 -3.21465258104 -1.15686572133 
38.4232095719 101.168592521 1.34985542297 113.047012329 26.4458961487 8388608 0.548814388258 0.0 0.548814388258 -0.528449890839 1.24211528282 -1.24211528282 -0.528449890839 
32.0442057817 99.6009653197 2.30214142799 111.251739502 26.0837783813 17957120 0.188684401904 0.0 0.188684401904 -0.834448763546 2.14558859419 -2.14558859419 -0.834448763546 
60.819750743 125.319701762 1.46198129654 112.327255249 25.4676551819 8388608 0.467860485056 0.0 0.467860485056 -0.555401187473 1.35237525576 -1.35237525576 -0.555401187473 
234.101745479 51.9613063589 1.95279490948 40.2207641602 23.647769928 22740992 0.262232630468 0.0 0.262232630468 1.49108010912 1.26098694151 -1.26098694151 1.49108010912 
37.1574480558 139.18105707 2.55189800262 299.111755371 23.4681758881 8716800 0.153558328467 0.0 0.153558328467 1.2415357431 -2.22952291184 2.22952291184 1.2415357431 
55.8964242336 157.922597006 1.32731163502 221.970367432 23.0977973938 8388608 0.567615435874 0.0 0.567615435874 -0.986843977392 -0.887634576127 0.887634576127 -0.986843977392 
156.565568123 124.183206025 3.18693232536 52.0393676758 22.8667373657 24773120 0.0984587499018 0.0 0.0984587499018 1.96034546572 2.51268448108 -2.51268448108 1.96034546572 
52.7084130125 158.030664424 2.03267216682 214.863113403 21.9937210083 8978688 0.242027836749 0.0 0.242027836749 -1.66784826621 -1.16191148487 1.16191148487 -1.66784826621 
53.5581938546 122.057747719 1.5454313755 111.813186646 20.0850276947 8388608 0.418697675513 0.0 0.418697675513 -0.574253735053 1.43477900186 -1.43477900186 -0.574253735053 
47.2888614269 162.408137918 2.02597546577 120.800506592 19.691362381 8716544 0.243630488695 0.0 0.243630488695 -1.03740166821 1.74022250494 -1.74022250494 -1.03740166821 
125.937762018 147.410891429 1.31824362278 56.255859375 18.683467865 8388608 0.575451387996 0.0 0.575451387996 0.73226482186 1.09615440503 -1.09615440503 0.73226482186 
124.127528716 161.156528445 2.40421724319 51.5499572754 16.220035553 21102848 0.173002581964 0.0 0.173002581964 1.49501928702 1.88286427655 -1.88286427655 1.49501928702 
184.195270193 10.7242134791 1.32350850105 289.859710693 15.4028263092 8388608 0.570882236359 0.0 0.570882236359 0.4496200227 -1.24479580155 1.24479580155 0.4496200227 
98.8396557495 135.89629172 1.27519750595 110.452041626 14.8460178375 8388608 0.614957483255 0.0 0.614957483255 -0.445583637173 1.19481542569 -1.19481542569 -0.445583637173 
233.395538757 76.5551700037 2.32834768295 34.0816650391 14.3381385803 18809088 0.184460905156 0.0 0.184460905156 1.92842998584 1.3047454627 -1.3047454627 1.92842998584 
76.7568487675 156.415840177 3.21809601784 296.630187988 14.0219650269 8781825 0.0965610554518 0.0 0.0965610554518 1.44244762045 -2.87671459173 2.87671459173 1.44244762045 
111.126528125 142.007025598 1.29050159454 112.588409424 13.5058364868 8388608 0.60045837833 0.0 0.60045837833 -0.495692702927 1.19150455718 -1.19150455718 -0.495692702927 
93.5732856954 132.98070371 1.25037884712 110.443603516 12.1447486877 8388608 0.639612236839 0.0 0.639612236839 -0.436738877281 1.17162554359 -1.17162554359 -0.436738877281 
38.6751851671 129.771541641 1.49741852283 178.538696289 11.6454467773 8388608 0.445978166823 0.0 0.445978166823 -1.49693152686 0.0381868619531 -0.0381868619531 -1.49693152686 
78.9326382698 112.430508439 1.84860813618 297.945373535 11.6384391785 18808832 0.292624227168 0.0 0.292624227168 0.866312374953 -1.6330507984 1.6330507984 0.866312374953 
47.8284859683 112.420893559 1.33556175232 113.068374634 11.4380273819 8388608 0.560624474677 0.0 0.560624474677 -0.523312287907 1.22876744894 -1.22876744894 -0.523312287907 
87.6513271857 113.252072603 1.24952828884 300.436798096 11.3371868134 8388608 0.640483305786 0.0 0.640483305786 0.632995546142 -1.07732891133 1.07732891133 0.632995546142 
120.699939324 173.127815048 1.50969099998 241.484191895 11.2868347168 8388608 0.438756807686 0.0 0.438756807686 -0.720728311331 -1.32654348466 1.32654348466 -0.720728311331 
224.498547171 82.9221036607 1.65969944 51.3536987305 11.0572166443 11010048 0.363028820892 0.0 0.363028820892 1.03650046922 1.29625190779 -1.29625190779 1.03650046922 
125.58882348 169.062701471 1.45557773113 230.457702637 10.819103241 8388608 0.471986084526 0.0 0.471986084526 -0.926690188452 -1.12247575742 1.12247575742 -0.926690188452 
239.105373244 80.9832858449 1.3381896019 289.428649902 10.1919784546 8388608 0.558424800933 0.0 0.558424800933 0.445125666959 -1.26198833245 1.26198833245 0.445125666959 
137.430777198 160.056021793 1.29875218868 232.699157715 9.63977050781 8388608 0.592853536819 0.0 0.592853536819 -0.787043948654 -1.03311135435 1.03311135435 -0.787043948654 
26.8863935368 136.757039 1.53704237938 300.058197021 9.59840965271 8388608 0.423280552995 0.0 0.423280552995 0.769872848763 -1.33033645096 1.33033645096 0.769872848763 
86.0522836824 147.776577427 2.60313034058 112.776168823 9.38235855103 10158592 0.147573430092 0.0 0.147573430092 -1.00775536764 2.40014930557 -2.40014930557 -1.00775536764 
95.8452238307 155.121507992 1.29757261276 113.83013916 9.17630767822 8388608 0.593931909791 0.0 0.593931909791 -0.524253766019 1.18695099908 -1.18695099908 -0.524253766019 
24.3291571348 122.041237811 1.52260684967 111.94367981 9.1240196228 8388608 0.431344675606 0.0 0.431344675606 -0.568990591221 1.41229647233 -1.41229647233 -0.568990591221 
31.2738773772 123.746720522 1.95946037769 112.614868164 8.53564071655 23003136 0.26045159894 0.0 0.26045159894 -0.753480863763 1.80879837453 -1.80879837453 -0.753480863763 
219.825868223 50.9719762279 3.3314781189 358.073028564 8.32790756226 11272193 0.0901002652779 0.0 0.0901002652779 3.32959416044 -0.112023138018 0.112023138018 3.32959416044 
101.148100928 157.115114325 1.24417388439 112.278106689 8.25357818604 8388608 0.646007913033 0.0 0.646007913033 -0.471669553957 1.15130208307 -1.15130208307 -0.471669553957 
172.502746019 122.944060884 1.93104112148 50.6336669922 8.22789382935 21954560 0.268174176487 0.0 0.268174176487 1.22481370556 1.49290026443 -1.49290026443 1.22481370556 
75.8190421207 143.164392779 2.1600382328 112.732254028 8.16704559326 13369600 0.214327117669 0.0 0.214327117669 -0.834693451956 1.99224797865 -1.99224797865 -0.834693451956 
194.033722456 105.463018549 1.94032990932 51.8164672852 8.11684417725 22282240 0.265612704334 0.0 0.265612704334 1.19947800967 1.52516643725 -1.52516643725 1.19947800967 
112.883966263 30.3709015257 1.27195191383 233.945068359 8.00724315643 8388608 0.618099815244 0.0 0.618099815244 -0.748620803662 -1.02831345582 1.02831345582 -0.748620803662 
144.062165116 154.156491359 1.32946789265 243.108978271 7.99432754517 8388608 0.565775703479 0.0 0.565775703479 -0.601311625637 -1.18571042268 1.18571042268 -0.601311625637 
104.90702023 146.928295447 1.57843410969 111.545806885 7.9185333252 8388608 0.401372011774 0.0 0.401372011774 -0.579671972495 1.4681398581 -1.4681398581 -0.579671972495 
132.680444485 164.299289046 1.32955598831 228.910552979 7.89367675781 8388608 0.565700729975 0.0 0.565700729975 -0.873832644749 -1.00206568399 1.00206568399 -0.873832644749 
111.341585058 149.339228691 1.55872952938 111.28944397 7.7153263092 8388608 0.411583990965 0.0 0.411583990965 -0.565942850175 1.45235892124 -1.45235892124 -0.565942850175 
95.6734160358 142.226655916 1.83577406406 109.884353638 7.48559570312 18284544 0.296730057236 0.0 0.296730057236 -0.624388547165 1.72632712904 -1.72632712904 -0.624388547165 
87.0700376902 138.652079311 1.56543087959 110.308898926 7.3662071228 8388608 0.408067687728 0.0 0.408067687728 -0.543331809997 1.4681159297 -1.4681159297 -0.543331809997 
202.038255884 98.9605935711 1.90942502022 51.8321838379 7.24502182007 21168128 0.274280404882 0.0 0.274280404882 1.17996140525 1.5011978517 -1.5011978517 1.17996140525 
180.229798702 116.611658426 1.91479146481 52.3029174805 6.96391296387 21364736 0.272745148418 0.0 0.272745148418 1.17086961084 1.5150876899 -1.5150876899 1.17086961084 
161.024566831 139.810217847 1.312099576 60.8274841309 6.73446273804 8388608 0.580853231313 0.0 0.580853231313 0.63957096184 1.14566761415 -1.14566761415 0.63957096184 
30.2149593309 116.138233349 1.68125081062 110.233734131 6.66642951965 11927552 0.353781392099 0.0 0.353781392099 -0.581461765033 1.57750008052 -1.57750008052 -0.581461765033 
35.5599547556 134.891658391 1.27430450916 177.840286255 6.66146469116 8388608 0.615819675093 0.0 0.615819675093 -1.27339932089 0.0480224077102 -0.0480224077102 -1.27339932089 
23.3177393401 110.270274572 1.46356904507 110.530426025 6.5279712677 8388608 0.466845921565 0.0 0.466845921565 -0.51328059694 1.37061204521 -1.37061204521 -0.51328059694 
81.7177992199 20.2619423886 1.30895709991 264.291931152 6.3002243042 8388608 0.583645543529 0.0 0.583645543529 -0.13018871661 -1.30246673181 1.30246673181 -0.13018871661 
35.5025141966 52.047040988 1.3009043932 267.424072266 6.08512496948 8388608 0.59089353636 0.0 0.59089353636 -0.0584669056476 -1.29958988192 1.29958988192 -0.0584669056476 
57.9626915874 36.3565546398 1.31202566624 267.740142822 5.98625946045 8388608 0.580918675051 0.0 0.580918675051 -0.0517354323078 -1.31100526082 1.31100526082 -0.0517354323078 
155.179049988 144.866669308 1.30954194069 49.5349731445 5.98251724243 8388608 0.583124348323 0.0 0.583124348323 0.8498714764 0.996302448068 -0.996302448068 0.8498714764 
25.1375004328 116.300835051 1.26303899288 111.389434814 5.94501113892 8388608 0.626854117909 0.0 0.626854117909 -0.460636754601 1.17604476014 -1.17604476014 -0.460636754601 
77.5329393493 20.9793022506 1.50314998627 250.913421631 5.94042205811 8388608 0.442583649444 0.0 0.442583649444 -0.491524835835 -1.42051512381 1.42051512381 -0.491524835835 
53.3759894419 35.4591777093 1.72706151009 255.72668457 5.83155822754 13893632 0.335262044511 0.0 0.335262044511 -0.425803013287 -1.67374826467 1.67374826467 -0.425803013287 
27.4291213287 55.7644128244 1.5027576685 185.194976807 5.81708145142 8388608 0.44281476601 0.0 0.44281476601 -1.49658485192 -0.136067597947 0.136067597947 -1.49658485192 
34.0896616273 35.6317482093 3.03132176399 225.806396484 5.79891204834 21168640 0.108826816441 0.0 0.108826816441 -2.11308912227 -2.17342264601 2.17342264601 -2.11308912227 
35.7565787232 44.9421046378 2.00977754593 268.576843262 5.78364562988 24838144 0.247573422461 0.0 0.247573422461 -0.0499152709046 -2.00915759707 2.00915759707 -0.0499152709046 
46.1254595899 37.7738256302 1.99720323086 260.921234131 5.74267578125 24379392 0.250700661634 0.0 0.250700661634 -0.315142922714 -1.97218297417 1.97218297417 -0.315142922714 
23.1753672079 43.352410036 3.03713822365 245.126113892 5.731590271 21299712 0.108410384511 0.0 0.108410384511 -1.27748825677 -2.75540057766 2.75540057766 -1.27748825677 
69.3847809826 18.8000792754 2.29907798767 202.520690918 5.56955718994 17891584 0.189187567526 0.0 0.189187567526 -2.12375323362 -0.880586052629 0.880586052629 -2.12375323362 
172.097669497 130.7952583 1.2920306921 50.5559997559 5.52186203003 8388608 0.599037953674 0.0 0.599037953674 0.820857779325 0.997765411032 -0.997765411032 0.820857779325 
238.897160648 111.068179847 1.41458809376 43.1116943359 5.40085983276 8388608 0.499735271486 0.0 0.499735271486 1.03268156395 0.966761740287 -0.966761740287 1.03268156395 
188.767553175 116.716572329 1.27467119694 33.4322509766 5.30037689209 8388608 0.615465417358 0.0 0.615465417358 1.06376138981 0.702280831183 -0.702280831183 1.06376138981 
165.209020184 136.552245526 1.26359033585 5.03741455078 5.2995262146 8388608 0.62630720615 0.0 0.62630720615 1.25870980963 0.110951124288 -0.110951124288 1.25870980963 
183.599272226 158.921901128 1.4419708252 48.5585327148 5.19888687134 8388608 0.480935740731 0.0 0.480935740731 0.954374991937 1.08094784124 -1.08094784124 0.954374991937 
91.1417634949 160.522919419 1.2655531168 98.456237793 5.01748657227 8388608 0.624365998692 0.0 0.624365998692 -0.186104601354 1.25179461925 -1.25179461925 -0.186104601354 
212.488552211 149.079267093 3.90182709694 49.8330078125 4.96181106567 22675457 0.0656846604364 0.0 0.0656846604364 2.5167469997 2.98165042114 -2.98165042114 2.5167469997 
231.988132086 119.341390615 1.95387613773 50.3028869629 4.81007385254 22806528 0.261942484257 0.0 0.261942484257 1.24799744725 1.50337431575 -1.50337431575 1.24799744725 
198.186306856 56.1896498903 5.99515676498 50.1842346191 4.66175222397 20316673 0.0278226769034 0.0 0.0278226769034 3.8388252213 4.60492405552 -4.60492405552 3.8388252213 
190.188945026 165.173537983 3.39727091789 49.8036499023 4.46573638916 12713985 0.0866442281427 0.0 0.0866442281427 2.19262932932 2.5949617172 -2.5949617172 2.19262932932 
225.915379924 126.861130437 2.21354937553 50.2382507324 4.33861160278 15139072 0.204089927954 0.0 0.204089927954 1.41577876489 1.70157906864 -1.70157906864 1.41577876489 
166.4036518 180.94527047 1.24965023994 79.133605957 3.86854934692 8388608 0.640358304675 0.0 0.640358304675 0.235583385595 1.22724332984 -1.22724332984 0.235583385595 
220.633183554 132.719110591 1.27031803131 89.1793518066 3.67534637451 8388608 0.619690837222 0.0 0.619690837222 0.0181941595448 1.27018773149 -1.27018773149 0.0181941595448 
241.426748051 24.6923407702 1.44405901432 276.566223145 3.67338180542 8388608 0.479545827095 0.0 0.479545827095 0.165130343381 -1.43458649322 1.43458649322 0.165130343381 
188.658463883 165.555398085 1.50740885735 62.3294677734 3.63333892822 8388608 0.440086325657 0.0 0.440086325657 0.700020500848 1.33501039756 -1.33501039756 0.700020500848 
193.009964922 166.308843483 1.7237341404 18.3987121582 3.62002944946 13762560 0.336557624169 0.0 0.336557624169 1.63562220553 0.544058257496 -0.544058257496 1.63562220553 
177.060294226 181.434858899 1.66379547119 20.8487548828 3.60453033447 11206656 0.361243568999 0.0 0.361243568999 1.55485541076 0.592148648206 -0.592148648206 1.55485541076 
239.279938756 16.8408823337 1.30926001072 330.672912598 3.58142089844 8388608 0.58337550994 0.0 0.58337550994 1.14146238361 -0.641268588396 0.641268588396 1.14146238361 
199.22596341 150.643378006 1.19560670853 83.5462036133 3.55368423462 8388608 0.699557333389 0.0 0.699557333389 0.134388532117 1.18802993393 -1.18802993393 0.134388532117 
219.933280065 14.2101123823 1.59707403183 274.06942749 3.54515075684 8388608 0.392057624021 0.0 0.392057624021 0.113336692136 -1.59304747492 1.59304747492 0.113336692136 
127.664216331 111.88565078 1.34006142616 40.0383911133 1.36820697784 8388608 0.556865852898 0.0 0.556865852898 1.02596921316 0.86206252646 -0.86206252646 1.02596921316 
148.373087027 94.0819219583 2.62941622734 50.5971984863 0.991498947144 10879488 0.144637638455 0.0 0.144637638455 1.66907005743 2.03175658975 -2.03175658975 1.66907005743 
160.613504111 87.9578108744 2.26307058334 70.8855895996 0.848128318787 16711936 0.195255736061 0.0 0.195255736061 0.74105502645 2.13829977154 -2.13829977154 0.74105502645 
175.622783447 76.1368293459 2.3426156044 38.4741210938 0.780776977539 19202304 0.182220794689 0.0 0.182220794689 1.83400857244 1.45748427991 -1.45748427991 1.83400857244 
124.26816661 103.697573251 2.61579418182 48.8414611816 0.736126899719 10486272 0.146147994802 0.0 0.146147994802 1.72157137682 1.96940884434 -1.96940884434 1.72157137682 
102.905040818 103.10855361 1.48133277893 79.6826477051 0.675597190857 8388608 0.455716479783 0.0 0.455716479783 0.265306968975 1.45738087477 -1.45738087477 0.265306968975 
182.033897786 67.4363617958 2.63394546509 49.3506469727 0.602691650391 11010560 0.144140638788 0.0 0.144140638788 1.71582580386 1.99840199256 -1.99840199256 1.71582580386 
191.591595926 57.4228108812 2.96761536598 52.197052002 0.581666946411 19595776 0.113549382739 0.0 0.113549382739 1.81899303714 2.34478256801 -2.34478256801 1.81899303714 
155.649275558 99.0534560882 1.31698775291 51.3052978516 0.536608695984 8388608 0.576549403726 0.0 0.576549403726 0.823341880397 1.02789342313 -1.02789342313 0.823341880397 
79.4011691916 79.5422873811 1.24410068989 46.8940429688 0.534015655518 8388608 0.646083928776 0.0 0.646083928776 0.850155814319 0.908307006446 -0.908307006446 0.850155814319 
87.7038791736 95.9954947326 1.47962129116 36.0350952148 0.489043235779 8388608 0.456771350073 0.0 0.456771350073 1.19650583075 0.870432629353 -0.870432629353 1.19650583075 
167.133838625 79.3888781537 1.65040588379 34.3847045898 0.454292297363 10616832 0.36712881584 0.0 0.36712881584 1.36202103956 0.932061301124 -0.932061301124 1.36202103956 
165.805328878 80.6364306193 2.67586183548 49.5125732422 0.440414428711 12124672 0.139660190171 0.0 0.139660190171 1.73738669208 2.03512261173 -2.03512261173 1.73738669208 
191.248074523 57.8411897927 1.45724272728 33.703338623 0.268878936768 8388608 0.470908150079 0.0 0.470908150079 1.21231197807 0.808613649419 -0.808613649419 1.21231197807 
111.86565282 47.9294512184 1.26481962204 43.0848999023 0.26239490509 8388608 0.625090373888 0.0 0.625090373888 0.923751304249 0.863974654833 -0.863974654833 0.923751304249 
128.074710799 104.086846115 1.69396817684 43.2958374023 0.217781066895 12451840 0.348489345922 0.0 0.348489345922 1.23290829085 1.16166489596 -1.16166489596 1.23290829085 
78.911892688 87.8350623402 1.94057321548 56.2955322266 0.193844795227 22282240 0.265546104264 0.0 0.265546104264 1.07684212333 1.61438392152 -1.61438392152 1.07684212333 
111.943921475 103.346243239 1.94829559326 56.252166748 0.171339035034 22609920 0.263445208169 0.0 0.263445208169 1.08235377455 1.61998951399 -1.61998951399 1.08235377455 
143.511886628 47.8046981458 1.27915775776 39.7398071289 0.0685224533081 8388608 0.611155580774 0.0 0.611155580774 0.983615489861 0.817768388568 -0.817768388568 0.983615489861 
111.692144365 103.808360905 1.26269745827 44.541809082 0.0507888793945 8388608 0.627193266978 0.0 0.627193266978 0.89997347308 0.88569329842 -0.88569329842 0.89997347308 
175.669314024 39.7303604192 1.37669897079 54.1115112305 0.04811668396 8388608 0.527620941463 0.0 0.527620941463 0.807034153472 1.11534565553 -1.11534565553 0.807034153472 
151.779360467 47.8015519913 1.27307498455 37.3552856445 0.0440969467163 8388608 0.617009755942 0.0 0.617009755942 1.01195251515 0.772445482458 -0.772445482458 1.01195251515 
175.787543121 47.8333938624 1.36293148994 51.4813537598 0.0435333251953 8388608 0.538334171745 0.0 0.538334171745 0.848791882205 1.06636512836 -1.06636512836 0.848791882205 
111.774093143 95.7779569877 1.33513152599 51.2244873047 0.0372772216797 8388608 0.560985838729 0.0 0.560985838729 0.836153725335 1.04087614023 -1.04087614023 0.836153725335 
111.559609315 71.7644159407 1.25049233437 39.9316711426 0.0363779067993 8388608 0.639496147306 0.0 0.639496147306 0.958890606224 0.80265801161 -0.80265801161 0.958890606224 
94.841189907 95.1491528217 1.93168413639 16.3546447754 0.0248527526855 21954560 0.267995667704 0.0 0.267995667704 1.853522739 0.543927438904 -0.543927438904 1.853522739 
144.331320692 80.1225912051 2.18429493904 46.531036377 -0.0994958877563 14156032 0.209593321896 0.0 0.209593321896 1.50271092948 1.58524579897 -1.58524579897 1.50271092948 
