13
111
58.3368922304 167.516965877 1.69531297684 145.275009189 78.0347747803 12517376 0.347936689745 0.0 0.347936689745 -1.39337037644 0.965714804426 -0.965714804426 -1.39337037644 
123.432540665 179.390823171 2.12372159958 135.731382426 59.9557266235 12124416 0.22171998052 0.0 0.22171998052 -1.52074429908 1.48240689736 -1.48240689736 -1.52074429908 
128.563246851 133.358608915 2.09315943718 135.484666276 53.6274452209 11075840 0.228241903113 0.0 0.228241903113 -1.49255422017 1.467514337 -1.467514337 -1.49255422017 
64.8488597562 54.0875785419 2.94109559059 112.487951095 53.5217285156 18940416 0.115606358077 0.0 0.115606358077 -1.12493711856 2.71745464586 -2.71745464586 -1.12493711856 
26.5840913108 75.6056002347 1.26720488071 114.014663073 51.2813606262 8388608 0.62273937445 0.0 0.62273937445 -0.515714906724 1.15751731939 -1.15751731939 -0.515714906724 
138.315991981 148.870762536 5.68441820145 123.301641315 49.5376472473 16515585 0.0309476699981 0.0 0.0309476699981 -3.12101139941 4.75098917424 -4.75098917424 -3.12101139941 
32.4778445718 71.3044897982 1.27906239033 110.007789798 49.0837173462 8388608 0.611246720208 0.0 0.611246720208 -0.437628508948 1.20186600189 -1.20186600189 -0.437628508948 
59.200622677 52.602407038 1.33966159821 112.063237973 48.5612030029 8388608 0.557198300678 0.0 0.557198300678 -0.503216694837 1.24155795505 -1.24155795505 -0.503216694837 
41.0535333674 65.3426096243 1.31414067745 109.307652599 46.9581642151 8388608 0.579050289384 0.0 0.579050289384 -0.434508060608 1.24022919874 -1.24022919874 -0.434508060608 
47.8709318648 60.6982338065 1.37290084362 110.603609393 46.9278717041 8388608 0.530544303971 0.0 0.530544303971 -0.483124651922 1.28508649402 -1.28508649402 -0.483124651922 
165.580760674 137.081234708 3.46850967407 122.310284973 44.189491272 14155777 0.0831216546254 0.0 0.0831216546254 -1.85393254073 2.93146609968 -2.93146609968 -1.85393254073 
69.8857914596 44.8376444107 1.19350075722 114.408620868 43.6237030029 8388608 0.702028271837 0.0 0.702028271837 -0.493203982203 1.08682744234 -1.08682744234 -0.493203982203 
62.1724253179 151.806394322 2.96762728691 141.331421179 42.3483200073 19595776 0.113548470488 0.0 0.113548470488 -2.31704377883 1.85421677293 -1.85421677293 -2.31704377883 
91.1917652963 30.400690045 1.23697960377 112.761815425 41.452796936 8388608 0.653544136463 0.0 0.653544136463 -0.478588803901 1.14064512313 -1.14064512313 -0.478588803901 
198.62864488 111.187483395 3.06142902374 122.728170312 40.6408729553 21889536 0.106696852858 0.0 0.106696852858 -1.65517383608 2.57541205242 -2.57541205242 -1.65517383608 
101.212304142 129.661501209 1.36624610424 146.782280802 38.16929245 8388608 0.535725263102 0.0 0.535725263102 -1.14299457071 0.748459637309 -0.748459637309 -1.14299457071 
198.026398057 22.691990888 1.2952555418 158.820390815 37.953792572 8388608 0.596058769329 0.0 0.596058769329 -1.20776418986 0.467966430687 -0.467966430687 -1.20776418986 
226.541250054 34.1390798379 1.42320585251 155.843825691 36.5868492126 8388608 0.493701626527 0.0 0.493701626527 -1.29858055563 0.582411743661 -0.582411743661 -1.29858055563 
71.5221225613 116.997125582 1.48765218258 155.61484793 32.5686798096 8388608 0.451853023335 0.0 0.451853023335 -1.35493974935 0.614204601065 -0.614204601065 -1.35493974935 
137.927956268 128.140140602 2.29612803459 128.672377248 32.4927749634 17760512 0.189673997677 0.0 0.189673997677 -1.4347731027 1.7926600612 -1.7926600612 -1.4347731027 
133.462170133 141.536279049 1.40896344185 125.502043152 32.3129005432 8388608 0.503733171454 0.0 0.503733171454 -0.818230138472 1.14702982566 -1.14702982566 -0.818230138472 
37.4449720244 84.5414826793 1.61091768742 146.98090978 31.1916122437 8847360 0.38534816927 0.0 0.38534816927 -1.35073684883 0.877818751704 -0.877818751704 -1.35073684883 
127.790461474 143.932744511 2.10841107368 137.135417094 29.8291816711 11600128 0.224951774272 0.0 0.224951774272 -1.54538845054 1.4342844183 -1.4342844183 -1.54538845054 
47.1899207737 137.028375746 1.72658860683 129.568676723 28.378320694 13893632 0.335445722572 0.0 0.335445722572 -1.09984153407 1.33096086238 -1.33096086238 -1.09984153407 
114.268392117 142.025525485 3.41647911072 155.563432962 27.7981910706 13107201 0.0856727013064 0.0 0.0856727013064 -3.11043031691 1.41334806668 -1.41334806668 -3.11043031691 
38.4232095719 101.168592521 1.34985542297 155.612428849 26.4458961487 8388608 0.548814388258 0.0 0.548814388258 -1.22941221302 0.557364578537 -0.557364578537 -1.22941221302 
60.819750743 125.319701762 1.46198129654 147.893823608 25.4676551819 8388608 0.467860485056 0.0 0.467860485056 -1.23839264976 0.777028285494 -0.777028285494 -1.23839264976 
55.8964242336 157.922597006 1.32731163502 129.765748388 23.0977973938 8388608 0.567615435874 0.0 0.567615435874 -0.849015289021 1.02025938636 -1.02025938636 -0.849015289021 
156.565568123 124.183206025 3.18693232536 127.194601799 22.8667373657 24773120 0.0984587499018 0.0 0.0984587499018 -1.92657728742 2.53866847029 -2.53866847029 -1.92657728742 
52.7084130125 158.030664424 2.03267216682 133.135061029 21.9937210083 8978688 0.242027836749 0.0 0.242027836749 -1.38977953718 1.48333036637 -1.48333036637 -1.38977953718 
53.5581938546 122.057747719 1.5454313755 154.956165584 20.0850276947 8388608 0.418697675513 0.0 0.418697675513 -1.4001364017 0.654198894098 -0.654198894098 -1.4001364017 
47.2888614269 162.408137918 2.02597546577 131.846974433 19.691362381 8716544 0.243630488695 0.0 0.243630488695 -1.35161622341 1.50920845894 -1.50920845894 -1.35161622341 
125.937762018 147.410891429 1.31824362278 126.869242147 18.683467865 8388608 0.575451387996 0.0 0.575451387996 -0.7909341084 1.05460394707 -1.05460394707 -0.7909341084 
124.127528716 161.156528445 2.40421724319 129.975141068 16.220035553 21102848 0.173002581964 0.0 0.173002581964 -1.54460183455 1.84240758932 -1.84240758932 -1.54460183455 
98.8396557495 135.89629172 1.27519750595 144.859888818 14.8460178375 8388608 0.614957483255 0.0 0.614957483255 -1.04278889892 0.733975470625 -0.733975470625 -1.04278889892 
76.7568487675 156.415840177 3.21809601784 150.668464117 14.0219650269 8781825 0.0965610554518 0.0 0.0965610554518 -2.80553540618 1.57642413858 -1.57642413858 -2.80553540618 
111.126528125 142.007025598 1.29050159454 138.814982357 13.5058364868 8388608 0.60045837833 0.0 0.60045837833 -0.971214884643 0.849785863243 -0.849785863243 -0.971214884643 
93.5732856954 132.98070371 1.25037884712 146.799035412 12.1447486877 8388608 0.639612236839 0.0 0.639612236839 -1.04626087099 0.684679086269 -0.684679086269 -1.04626087099 
38.6751851671 129.771541641 1.49741852283 127.922451204 11.6454467773 8388608 0.445978166823 0.0 0.445978166823 -0.920304968964 1.18122859626 -1.18122859626 -0.920304968964 
78.9326382698 112.430508439 1.84860813618 168.00857312 11.6384391785 18808832 0.292624227168 0.0 0.292624227168 -1.80826910241 0.384076677753 -0.384076677753 -1.80826910241 
47.8284859683 112.420893559 1.33556175232 155.901750169 11.4380273819 8388608 0.560624474677 0.0 0.560624474677 -1.21916307115 0.545313304627 -0.545313304627 -1.21916307115 
87.6513271857 113.252072603 1.24952828884 162.588852077 11.3371868134 8388608 0.640483305786 0.0 0.640483305786 -1.19227756002 0.37389191553 -0.37389191553 -1.19227756002 
120.699939324 173.127815048 1.50969099998 130.06215011 11.2868347168 8388608 0.438756807686 0.0 0.438756807686 -0.971664571047 1.1554370934 -1.1554370934 -0.971664571047 
125.58882348 169.062701471 1.45557773113 125.338582182 10.819103241 8388608 0.471986084526 0.0 0.471986084526 -0.841916449223 1.18738503608 -1.18738503608 -0.841916449223 
137.430777198 160.056021793 1.29875218868 123.968707439 9.63977050781 8388608 0.592853536819 0.0 0.592853536819 -0.725664842591 1.0771108503 -1.0771108503 -0.725664842591 
26.8863935368 136.757039 1.53704237938 151.484707509 9.59840965271 8388608 0.423280552995 0.0 0.423280552995 -1.35058334661 0.733773738883 -0.733773738883 -1.35058334661 
86.0522836824 147.776577427 2.60313034058 135.547159768 9.38235855103 10158592 0.147573430092 0.0 0.147573430092 -1.858185037 1.82302933008 -1.82302933008 -1.858185037 
95.8452238307 155.121507992 1.29757261276 131.914343317 9.17630767822 8388608 0.593931909791 0.0 0.593931909791 -0.866802982849 0.965581314192 -0.965581314192 -0.866802982849 
101.148100928 157.115114325 1.24417388439 133.507630262 8.25357818604 8388608 0.646007913033 0.0 0.646007913033 -0.856552966404 0.902377786931 -0.902377786931 -0.856552966404 
172.502746019 122.944060884 1.93104112148 126.256040043 8.22789382935 21954560 0.268174176487 0.0 0.268174176487 -1.14200740627 1.55715731283 -1.55715731283 -1.14200740627 
75.8190421207 143.164392779 2.1600382328 132.453314421 8.16704559326 13369600 0.214327117669 0.0 0.214327117669 -1.45800255921 1.59373576998 -1.59373576998 -1.45800255921 
194.033722456 105.463018549 1.94032990932 127.32897996 8.11684417725 22282240 0.265612704334 0.0 0.265612704334 -1.17659795339 1.54288606614 -1.54288606614 -1.17659795339 
112.883966263 30.3709015257 1.27195191383 115.528248667 8.00724315643 8388608 0.618099815244 0.0 0.618099815244 -0.548155370182 1.14777496106 -1.14777496106 -0.548155370182 
144.062165116 154.156491359 1.32946789265 124.416014261 7.99432754517 8388608 0.565775703479 0.0 0.565775703479 -0.751412064711 1.09675192573 -1.09675192573 -0.751412064711 
104.90702023 146.928295447 1.57843410969 141.005025234 7.9185333252 8388608 0.401372011774 0.0 0.401372011774 -1.22676081187 0.993233179611 -0.993233179611 -1.22676081187 
132.680444485 164.299289046 1.32955598831 123.654438313 7.89367675781 8388608 0.565700729975 0.0 0.565700729975 -0.736816902087 1.10671585281 -1.10671585281 -0.736816902087 
111.341585058 149.339228691 1.55872952938 141.5862575 7.7153263092 8388608 0.411583990965 0.0 0.411583990965 -1.22133387387 0.96849435429 -0.96849435429 -1.22133387387 
95.6734160358 142.226655916 1.83577406406 139.673237708 7.48559570312 18284544 0.296730057236 0.0 0.296730057236 -1.39953198235 1.18801373926 -1.18801373926 -1.39953198235 
87.0700376902 138.652079311 1.56543087959 134.9164683 7.3662071228 8388608 0.408067687728 0.0 0.408067687728 -1.10531182253 1.1085394056 -1.1085394056 -1.10531182253 
202.038255884 98.9605935711 1.90942502022 126.569329237 7.24502182007 21168128 0.274280404882 0.0 0.274280404882 -1.13762595002 1.53352897125 -1.53352897125 -1.13762595002 
180.229798702 116.611658426 1.91479146481 127.036828504 6.96391296387 21364736 0.272745148418 0.0 0.272745148418 -1.15333298186 1.52847943612 -1.52847943612 -1.15333298186 
161.024566831 139.810217847 1.312099576 124.955204443 6.73446273804 8388608 0.580853231313 0.0 0.580853231313 -0.751748851088 1.07539711838 -1.07539711838 -0.751748851088 
30.2149593309 116.138233349 1.68125081062 131.927955223 6.66642951965 11927552 0.353781392099 0.0 0.353781392099 -1.1234044505 1.25082641834 -1.25082641834 -1.1234044505 
35.5599547556 134.891658391 1.27430450916 127.209557708 6.66146469116 8388608 0.615819675093 0.0 0.615819675093 -0.770612686875 1.01489313176 -1.01489313176 -0.770612686875 
35.5025141966 52.047040988 1.3009043932 124.872719124 6.08512496948 8388608 0.59089353636 0.0 0.59089353636 -0.743798982355 1.06729345266 -1.06729345266 -0.743798982355 
57.9626915874 36.3565546398 1.31202566624 124.763781959 5.98625946045 8388608 0.580918675051 0.0 0.580918675051 -0.748109668547 1.07784195163 -1.07784195163 -0.748109668547 
155.179049988 144.866669308 1.30954194069 125.030502183 5.98251724243 8388608 0.583124348323 0.0 0.583124348323 -0.751693366911 1.07231393564 -1.07231393564 -0.751693366911 
25.1375004328 116.300835051 1.26303899288 127.973914832 5.94501113892 8388608 0.626854117909 0.0 0.626854117909 -0.77715124221 0.995642227044 -0.995642227044 -0.77715124221 
53.3759894419 35.4591777093 1.72706151009 125.007328483 5.83155822754 13893632 0.335262044511 0.0 0.335262044511 -0.99078273037 1.41459925096 -1.41459925096 -0.99078273037 
27.4291213287 55.7644128244 1.5027576685 125.231854464 5.81708145142 8388608 0.44281476601 0.0 0.44281476601 -0.866920658678 1.2274889742 -1.2274889742 -0.866920658678 
35.7565787232 44.9421046378 2.00977754593 125.096871005 5.78364562988 24838144 0.247573422461 0.0 0.247573422461 -1.15554284538 1.6443620394 -1.6443620394 -1.15554284538 
46.1254595899 37.7738256302 1.99720323086 125.168287231 5.74267578125 24379392 0.250700661634 0.0 0.250700661634 -1.15034900615 1.63264139033 -1.63264139033 -1.15034900615 
172.097669497 130.7952583 1.2920306921 125.076004735 5.52186203003 8388608 0.599037953674 0.0 0.599037953674 -0.742481669633 1.057385587 -1.057385587 -0.742481669633 
188.767553175 116.716572329 1.27467119694 125.447233128 5.30037689209 8388608 0.615465417358 0.0 0.615465417358 -0.739249314916 1.03841085833 -1.03841085833 -0.739249314916 
165.209020184 136.552245526 1.26359033585 125.069198553 5.2995262146 8388608 0.62630720615 0.0 0.62630720615 -0.726015214211 1.03419652174 -1.03419652174 -0.726015214211 
183.599272226 158.921901128 1.4419708252 124.678383238 5.19888687134 8388608 0.480935740731 0.0 0.480935740731 -0.820437133056 1.18581734319 -1.18581734319 -0.820437133056 
91.1417634949 160.522919419 1.2655531168 125.419445696 5.01748657227 8388608 0.624365998692 0.0 0.624365998692 -0.733461162886 1.03133865145 -1.03133865145 -0.733461162886 
190.188945026 165.173537983 3.39727091789 125.171388689 4.46573638916 12713985 0.0866442281427 0.0 0.0866442281427 -1.95691024077 2.7770401508 -2.7770401508 -1.95691024077 
166.4036518 180.94527047 1.24965023994 125.12204333 3.86854934692 8388608 0.640358304675 0.0 0.640358304675 -0.718948744978 1.02212446614 -1.02212446614 -0.718948744978 
220.633183554 132.719110591 1.27031803131 124.931111519 3.67534637451 8388608 0.619690837222 0.0 0.619690837222 -0.727372837349 1.04145890757 -1.04145890757 -0.727372837349 
188.658463883 165.555398085 1.50740885735 124.892718073 3.63333892822 8388608 0.440086325657 0.0 0.440086325657 -0.862300623996 1.23641380495 -1.23641380495 -0.862300623996 
193.009964922 166.308843483 1.7237341404 124.984194774 3.62002944946 13762560 0.336557624169 0.0 0.336557624169 -0.988303743005 1.41227302542 -1.41227302542 -0.988303743005 
177.060294226 181.434858899 1.66379547119 124.974584443 3.60453033447 11206656 0.361243568999 0.0 0.361243568999 -0.953709220472 1.36332464686 -1.36332464686 -0.953709220472 
199.22596341 150.643378006 1.19560670853 124.956154369 3.55368423462 8388608 0.699557333389 0.0 0.699557333389 -0.685022160451 0.979908179966 -0.979908179966 -0.685022160451 
127.664216331 111.88565078 1.34006142616 132.044132641 1.36820697784 8388608 0.556865852898 0.0 0.556865852898 -0.897442919364 0.995168745677 -0.995168745677 -0.897442919364 
148.373087027 94.0819219583 2.62941622734 126.022332586 0.991498947144 10879488 0.144637638455 0.0 0.144637638455 -1.54636111366 2.12663983852 -2.12663983852 -1.54636111366 
160.613504111 87.9578108744 2.26307058334 124.006879864 0.848128318787 16711936 0.195255736061 0.0 0.195255736061 -1.26571828472 1.87601857371 -1.87601857371 -1.26571828472 
175.622783447 76.1368293459 2.3426156044 122.088005873 0.780776977539 19202304 0.182220794689 0.0 0.182220794689 -1.24444715194 1.98474158419 -1.98474158419 -1.24444715194 
124.26816661 103.697573251 2.61579418182 132.736220423 0.736126899719 10486272 0.146147994802 0.0 0.146147994802 -1.77514103019 1.92126352295 -1.92126352295 -1.77514103019 
102.905040818 103.10855361 1.48133277893 132.799253084 0.675597190857 8388608 0.455716479783 0.0 0.455716479783 -1.00646450632 1.08691121968 -1.08691121968 -1.00646450632 
182.033897786 67.4363617958 2.63394546509 126.583337876 0.602691650391 11010560 0.144140638788 0.0 0.144140638788 -1.56980880121 2.1150340519 -2.1150340519 -1.56980880121 
191.591595926 57.4228108812 2.96761536598 127.63928781 0.581666946411 19595776 0.113549382739 0.0 0.113549382739 -1.81228796725 2.34996878366 -2.34996878366 -1.81228796725 
155.649275558 99.0534560882 1.31698775291 121.024057967 0.536608695984 8388608 0.576549403726 0.0 0.576549403726 -0.678772782903 1.12859392632 -1.12859392632 -0.678772782903 
79.4011691916 79.5422873811 1.24410068989 133.018192661 0.534015655518 8388608 0.646083928776 0.0 0.646083928776 -0.848763493499 0.909608189653 -0.909608189653 -0.848763493499 
87.7038791736 95.9954947326 1.47962129116 132.519403652 0.489043235779 8388608 0.456771350073 0.0 0.456771350073 -0.99998703658 1.09055265436 -1.09055265436 -0.99998703658 
167.133838625 79.3888781537 1.65040588379 133.410463942 0.454292297363 10616832 0.36712881584 0.0 0.36712881584 -1.13419225139 1.19893599418 -1.19893599418 -1.13419225139 
165.805328878 80.6364306193 2.67586183548 126.576692971 0.440414428711 12124672 0.139660190171 0.0 0.139660190171 -1.59454139041 2.14887745505 -2.14887745505 -1.59454139041 
191.248074523 57.8411897927 1.45724272728 133.849269628 0.268878936768 8388608 0.470908150079 0.0 0.470908150079 -1.00952467694 1.05091212423 -1.05091212423 -1.00952467694 
111.86565282 47.9294512184 1.26481962204 132.590765483 0.26239490509 8388608 0.625090373888 0.0 0.625090373888 -0.855975940373 0.931168011585 -0.931168011585 -0.855975940373 
128.074710799 104.086846115 1.69396817684 132.510994675 0.217781066895 12451840 0.348489345922 0.0 0.348489345922 -1.14466795141 1.24870471496 -1.24870471496 -1.14466795141 
78.911892688 87.8350623402 1.94057321548 132.821633827 0.193844795227 22282240 0.265546104264 0.0 0.265546104264 -1.31904312444 1.42335857764 -1.42335857764 -1.31904312444 
111.943921475 103.346243239 1.94829559326 131.870852929 0.171339035034 22609920 0.263445208169 0.0 0.263445208169 -1.30039735295 1.45080062144 -1.45080062144 -1.30039735295 
143.511886628 47.8046981458 1.27915775776 132.422108024 0.0685224533081 8388608 0.611155580774 0.0 0.611155580774 -0.862903547561 0.94426798995 -0.94426798995 -0.862903547561 
111.692144365 103.808360905 1.26269745827 132.089626733 0.0507888793945 8388608 0.627193266978 0.0 0.627193266978 -0.84637635192 0.937044258307 -0.937044258307 -0.84637635192 
175.669314024 39.7303604192 1.37669897079 132.251510007 0.04811668396 8388608 0.527620941463 0.0 0.527620941463 -0.925673548324 1.01903313887 -1.01903313887 -0.925673548324 
151.779360467 47.8015519913 1.27307498455 132.338181215 0.0440969467163 8388608 0.617009755942 0.0 0.617009755942 -0.857422679711 0.941034677685 -0.941034677685 -0.857422679711 
175.787543121 47.8333938624 1.36293148994 132.166229401 0.0435333251953 8388608 0.538334171745 0.0 0.538334171745 -0.914913879331 1.01020534531 -1.01020534531 -0.914913879331 
111.774093143 95.7779569877 1.33513152599 132.165722956 0.0372772216797 8388608 0.560985838729 0.0 0.560985838729 -0.896243465632 0.989607923378 -0.989607923378 -0.896243465632 
111.559609315 71.7644159407 1.25049233437 132.424152025 0.0363779067993 8388608 0.639496147306 0.0 0.639496147306 -0.84359914858 0.9230772204 -0.9230772204 -0.84359914858 
94.841189907 95.1491528217 1.93168413639 132.715246551 0.0248527526855 21954560 0.267995667704 0.0 0.267995667704 -1.31036799505 1.41927422309 -1.41927422309 -1.31036799505 
144.331320692 80.1225912051 2.18429493904 132.781154005 -0.0994958877563 14156032 0.209593321896 0.0 0.209593321896 -1.48357296022 1.60317050011 -1.60317050011 -1.48357296022 
