13
70
250.221418335 121.506508704 1.51055252552 133.7234417 170.788208008 8388608 0.43825647103 0.0 0.43825647103 -1.04406089146 1.0916527778 -1.0916527778 -1.04406089146 
221.124296861 72.3199699346 1.2857401371 142.204968074 141.599411011 8388608 0.604913945794 0.0 0.604913945794 -1.01600234041 0.787951105358 -0.787951105358 -1.01600234041 
65.4834294426 101.184485832 3.52459669113 132.452166658 108.756500244 15335425 0.0804972681056 0.0 0.0804972681056 -2.37901273696 2.60059228494 -2.60059228494 -2.37901273696 
85.8212424959 123.953351915 4.63396406174 139.96530404 105.391136169 18415873 0.0465687603564 0.0 0.0465687603564 -3.54801801797 2.98080376235 -2.98080376235 -3.54801801797 
79.366104339 73.5989627382 2.03442001343 124.017249213 105.336242676 9044224 0.241612144993 0.0 0.241612144993 -1.13814094612 1.68626806226 -1.68626806226 -1.13814094612 
154.731679992 61.8736150145 2.85581946373 140.774154018 103.459915161 16843264 0.122613559878 0.0 0.122613559878 -2.21228711539 1.80595972505 -1.80595972505 -2.21228711539 
67.4770930122 85.9265063493 3.72554016113 123.922143509 102.145652771 19333121 0.0720479289164 0.0 0.0720479289164 -2.07909672962 3.0914408099 -3.0914408099 -2.07909672962 
59.5691368941 94.4420875883 1.64944946766 133.096944703 96.9903259277 10551296 0.36755469093 0.0 0.36755469093 -1.12696133786 1.2044258754 -1.2044258754 -1.12696133786 
61.3054628727 89.0253170348 2.08060908318 132.367526392 91.9485549927 10617088 0.231003744509 0.0 0.231003744509 -1.40208863867 1.5372317998 -1.5372317998 -1.40208863867 
257.837741793 126.627739932 1.36138999462 129.241131664 81.1716918945 8388608 0.53955396831 0.0 0.53955396831 -0.861195514909 1.05438370746 -1.05438370746 -0.861195514909 
260.853130178 125.392809924 1.97324955463 130.621595464 80.3984832764 23527424 0.256824217217 0.0 0.256824217217 -1.28470454461 1.49774765495 -1.49774765495 -1.28470454461 
268.288370192 124.221450925 1.68279361725 134.412593603 74.0167312622 11993088 0.353132986894 0.0 0.353132986894 -1.17765324275 1.20205124604 -1.20205124604 -1.17765324275 
251.227069323 109.084788672 2.05049109459 132.824126146 69.9779663086 9568512 0.237839632466 0.0 0.237839632466 -1.3938217388 1.50391977494 -1.50391977494 -1.3938217388 
64.5657648244 80.2336646661 1.36319279671 120.371131995 64.1830749512 8388608 0.538127807865 0.0 0.538127807865 -0.689229091392 1.17611983257 -1.17611983257 -0.689229091392 
270.105125528 102.961387942 1.5664293766 130.042789646 52.2728309631 8388608 0.407547620231 0.0 0.407547620231 -1.00777726413 1.19920222556 -1.19920222556 -1.00777726413 
64.4609014721 72.1444488153 1.47597122192 120.72541663 49.9826965332 8388608 0.459033329947 0.0 0.459033329947 -0.754109565547 1.26878280691 -1.26878280691 -0.754109565547 
234.94012349 79.1670023268 1.52036333084 142.662504701 49.9768600464 8388608 0.432618639396 0.0 0.432618639396 -1.20880552342 0.922113802262 -0.922113802262 -1.20880552342 
212.847503644 98.782337035 3.03234910965 149.815391824 49.9307518005 21168640 0.108753088903 0.0 0.108753088903 -2.62119259379 1.52462799037 -1.52462799037 -2.62119259379 
219.624448345 98.8659075879 1.34940326214 156.556003502 48.5911636353 8388608 0.549182245599 0.0 0.549182245599 -1.23800920204 0.536863464508 -0.536863464508 -1.23800920204 
202.869017853 98.7228403551 1.78154957294 145.019100952 46.8882293701 16121856 0.315067913686 0.0 0.315067913686 -1.45970055393 1.02136828506 -1.02136828506 -1.45970055393 
241.692848423 103.827386386 1.52821576595 139.410434904 45.7747535706 8388608 0.428184210462 0.0 0.428184210462 -1.16051148928 0.994312079058 -0.994312079058 -1.16051148928 
255.884520502 96.9412838393 2.26392459869 140.812795118 44.6422157288 16777472 0.195108452053 0.0 0.195108452053 -1.75473538361 1.43047485895 -1.43047485895 -1.75473538361 
230.257705435 89.2277226752 2.01203107834 144.517662826 43.2190628052 24903680 0.247019154392 0.0 0.247019154392 -1.638385832 1.16788737714 -1.16788737714 -1.638385832 
169.14557016 96.2024163141 3.46977162361 150.052654328 40.8258361816 14221313 0.0830612032355 0.0 0.0830612032355 -3.00650344738 1.73212359284 -1.73212359284 -3.00650344738 
142.813222313 78.2506729399 2.35673594475 144.289515523 40.0990753174 19661056 0.180043790901 0.0 0.180043790901 -1.91361475031 1.37560274086 -1.37560274086 -1.91361475031 
217.946005231 119.476141654 4.32181835175 144.151112302 38.8241577148 13369601 0.053538596413 0.0 0.053538596413 -3.5031121334 2.5310707707 -2.5310707707 -3.5031121334 
154.31296258 99.0200514219 2.95188856125 131.534059854 37.6649436951 19202560 0.114762522031 0.0 0.114762522031 -1.95729443987 2.20967068897 -2.20967068897 -1.95729443987 
135.257416035 76.4000065654 1.25259041786 136.369045826 37.6136322021 8388608 0.637355634958 0.0 0.637355634958 -0.906623926418 0.864300764182 -0.864300764182 -0.906623926418 
190.121759974 105.076766061 2.38383221626 145.057588582 35.7546348572 20513024 0.175974050477 0.0 0.175974050477 -1.95409434405 1.36534659697 -1.36534659697 -1.95409434405 
222.72709748 79.0690856265 1.37445294857 144.499538025 34.3801879883 8388608 0.529346743162 0.0 0.529346743162 -1.11895703919 0.798157911874 -0.798157911874 -1.11895703919 
232.935767848 109.163991547 2.15266823769 136.050491056 30.1022224426 13107456 0.21579719445 0.0 0.21579719445 -1.54981711062 1.49400383707 -1.49400383707 -1.54981711062 
228.89959545 108.177042227 1.53060281277 140.319381983 29.3417930603 8388608 0.426849705202 0.0 0.426849705202 -1.17797579144 0.977301389146 -0.977301389146 -1.17797579144 
163.087310952 124.417879019 1.29434013367 131.297067614 25.6174430847 8388608 0.596902179774 0.0 0.596902179774 -0.854216879228 0.97243503889 -0.97243503889 -0.854216879228 
154.130820158 74.3499527434 1.93740510941 148.117244898 23.3701896667 22216704 0.266415273098 0.0 0.266415273098 -1.64511015416 1.0233040304 -1.0233040304 -1.64511015416 
80.7985648606 109.249706494 2.27053022385 135.395687706 22.0710887909 16974080 0.193974850289 0.0 0.193974850289 -1.61655666307 1.59438140119 -1.59438140119 -1.61655666307 
134.037423273 100.302190808 4.48036384583 134.872349441 21.0251464844 15991041 0.0498165252618 0.0 0.0498165252618 -3.16102952899 3.17514606086 -3.17514606086 -3.16102952899 
168.011490397 120.68895217 2.85334062576 133.654782957 19.8608207703 16777728 0.122826693332 0.0 0.122826693332 -1.96969424755 2.06442662689 -2.06442662689 -1.96969424755 
136.471528161 101.218362503 2.58990502357 132.373169626 19.6614112854 9765376 0.149084441929 0.0 0.149084441929 -1.74548335352 1.91334677822 -1.91334677822 -1.74548335352 
79.4202368536 90.8312321274 1.31817483902 135.473433864 18.6867752075 8388608 0.57551144489 0.0 0.57551144489 -0.939760303716 0.924356791387 -0.924356791387 -0.939760303716 
183.487060949 106.132942472 1.50588488579 141.112613616 18.5796718597 8388608 0.440977520484 0.0 0.440977520484 -1.17215274828 0.945382051847 -0.945382051847 -1.17215274828 
76.8980233929 103.683637313 1.28087317944 136.912620414 18.2355098724 8388608 0.60951968502 0.0 0.60951968502 -0.935438029574 0.874981025294 -0.874981025294 -0.935438029574 
181.645995839 95.5928980407 1.33809578419 130.828947622 16.7564868927 8388608 0.558503109188 0.0 0.558503109188 -0.8748510088 1.01249001973 -1.01249001973 -0.8748510088 
89.1626014692 86.253979534 1.3086117506 129.607010258 15.5615558624 8388608 0.583953638246 0.0 0.583953638246 -0.834263884797 1.00820061711 -1.00820061711 -0.834263884797 
256.893661083 73.7900792081 1.92859327793 148.178714787 10.4418029785 21889024 0.268855362127 0.0 0.268855362127 -1.63871967527 1.01689225465 -1.01689225465 -1.63871967527 
98.3678556125 79.3933588437 1.33307361603 129.085602376 9.74183654785 8388608 0.562719200521 0.0 0.562719200521 -0.840477290521 1.03473822287 -1.03473822287 -0.840477290521 
111.073849129 140.653212621 1.57373416424 128.781585459 7.02690505981 8388608 0.403772980759 0.0 0.403772980759 -0.98571359366 1.22678764706 -1.22678764706 -0.98571359366 
125.204663447 117.163714428 2.73826694489 149.160534848 6.94910240173 13828608 0.133367015414 0.0 0.133367015414 -2.35109516589 1.40372981103 -1.40372981103 -2.35109516589 
47.1177360976 112.021041803 1.45318365097 125.787439532 6.68457794189 8388608 0.473542533802 0.0 0.473542533802 -0.849792529478 1.17881100279 -1.17881100279 -0.849792529478 
66.493964797 131.996812821 1.27267205715 128.148644619 6.34598922729 8388608 0.617400507809 0.0 0.617400507809 -0.786134324377 1.0008431391 -1.0008431391 -0.786134324377 
100.874889345 140.542167904 1.70015597343 127.745741646 6.1065826416 12779520 0.345957275811 0.0 0.345957275811 -1.04076495168 1.34437295768 -1.34437295768 -1.04076495168 
161.962679036 71.5335646066 1.32035410404 131.503599734 5.91691589355 8388608 0.573613231484 0.0 0.573613231484 -0.874955227359 0.988831790639 -0.988831790639 -0.874955227359 
67.494375338 62.0254184786 1.30171573162 125.089367672 5.33258056641 8388608 0.590157177086 0.0 0.590157177086 -0.748295738648 1.06513723692 -1.06513723692 -0.748295738648 
73.5151198015 59.9461282251 1.28794622421 125.067852516 5.06230926514 8388608 0.602843440167 0.0 0.602843440167 -0.7399844989 1.05414819539 -1.05414819539 -0.7399844989 
174.589560282 88.3572399927 1.51281988621 148.869543091 5.02643966675 8388608 0.436943769033 0.0 0.436943769033 -1.29496230744 0.782110369713 -0.782110369713 -1.29496230744 
235.748859665 152.136450114 1.38433218002 125.004878054 4.97584915161 8388608 0.521818378407 0.0 0.521818378407 -0.79411686044 1.13391092975 -1.13391092975 -0.79411686044 
147.5681873 152.268618337 1.34826827049 125.114439127 4.9376373291 8388608 0.550107253823 0.0 0.550107253823 -0.775539300933 1.10288989565 -1.10288989565 -0.775539300933 
140.198225716 148.46539837 1.42295694351 126.54062559 4.74655914307 8388608 0.493874361935 0.0 0.493874361935 -0.847218051555 1.14325326862 -1.14325326862 -0.847218051555 
158.683295372 152.410150489 1.37195587158 125.195860712 4.45226287842 8388608 0.531275409398 0.0 0.531275409398 -0.790758706646 1.12114387187 -1.12114387187 -0.790758706646 
123.416755732 150.828316486 2.08144068718 126.562972249 4.4439125061 10682624 0.230819194198 0.0 0.230819194198 -1.23992654938 1.67181861648 -1.67181861648 -1.23992654938 
75.2947502291 139.795893913 1.27681112289 125.446860028 4.41565704346 8388608 0.613404115235 0.0 0.613404115235 -0.740483597957 1.04015897088 -1.04015897088 -0.740483597957 
171.296078367 152.492260168 1.33383023739 125.227341174 4.23306274414 8388608 0.562080971462 0.0 0.562080971462 -0.769382874298 1.08956555329 -1.08956555329 -0.769382874298 
223.232645872 152.762608743 1.39605081081 125.213819453 4.09770965576 8388608 0.513094724752 0.0 0.513094724752 -0.805003928319 1.14058166817 -1.14058166817 -0.805003928319 
267.877478262 76.5317620678 1.24425721169 124.871362654 4.06462478638 8388608 0.645921390266 0.0 0.645921390266 -0.711386488121 1.02083557606 -1.02083557606 -0.711386488121 
107.723601884 148.473499782 1.48377132416 125.270219032 3.88381958008 8388608 0.454219790849 0.0 0.454219790849 -0.856779028022 1.21140704948 -1.21140704948 -0.856779028022 
97.056168669 114.6644977 2.14364862442 145.343910491 3.55031204224 12779776 0.217616990909 0.0 0.217616990909 -1.76332266874 1.21898424554 -1.21898424554 -1.76332266874 
126.281621226 107.423565696 1.4400728941 134.857735316 3.54980659485 8388608 0.482204265956 0.0 0.482204265956 -1.01575378312 1.02081055657 -1.02081055657 -1.01575378312 
262.511395693 59.6527618152 1.21998548508 124.951272543 3.54234695435 8388608 0.671878389801 0.0 0.671878389801 -0.698904769137 0.999948352405 -0.999948352405 -0.698904769137 
259.876253837 57.255429433 1.22431218624 124.951272543 3.54191589355 8388608 0.667137964334 0.0 0.667137964334 -0.701383447872 1.00349468779 -1.00349468779 -0.701383447872 
111.473378175 96.1927215232 1.29546165466 135.286320999 3.47972297668 8388608 0.595869113996 0.0 0.595869113996 -0.920595888162 0.91144067794 -0.91144067794 -0.920595888162 
121.528179846 94.283971614 2.05749797821 135.259426521 2.90670204163 9830656 0.236222447948 0.0 0.236222447948 -1.46144326895 1.44826844956 -1.44826844956 -1.46144326895 
